step,system_total_stopped,system_total_waiting_time,system_mean_waiting_time,system_mean_speed,J0_stopped,J0_accumulated_waiting_time,J0_average_speed,agents_total_stopped,agents_total_accumulated_waiting_time,reward
5.0,0,0.0,0.0,3.2,0,0.0,0.18344428893386075,0,0.0,0.0
10.0,0,0.0,0.0,6.3999999999999995,0,0.0,0.3585139146847639,0,0.0,0.0
15.0,0,0.0,0.0,9.200000000000001,0,0.0,0.5133045466622964,0,0.0,0.0
20.0,0,0.0,0.0,11.771428571428574,0,0.0,0.6546527785508767,0,0.0,0.0
25.0,0,0.0,0.0,13.364548469977297,0,0.0,0.7344745222792702,0,0.0,0.0
30.0,0,0.0,0.0,11.310048957675265,0,0.0,0.6091748418788466,0,0.0,0.0
35.0,0,0.0,0.0,12.853999983172631,0,0.0,0.6816002957500598,0,0.0,0.0
40.0,1,1.0,0.07142857142857142,9.923954921625683,1,1.0,0.5192312990154481,1,1.0,-0.01
45.0,4,16.0,1.0666666666666667,9.592285763663629,4,16.0,0.5019508452921527,4,16.0,-0.15
50.0,3,27.0,1.6875,10.246126589160587,3,27.0,0.547116037628745,3,27.0,-0.11000000000000001
55.0,5,49.0,2.45,8.765163911418991,5,51.0,0.4563872453069882,5,51.0,-0.24
60.0,6,77.0,3.6666666666666665,8.179593578185626,6,77.0,0.4357882668082004,6,77.0,-0.26
65.0,9,114.0,5.181818181818182,6.554508842671265,9,114.0,0.3364539851198597,9,114.0,-0.3699999999999999
70.0,10,162.0,7.043478260869565,6.784948881604464,10,162.0,0.34318698653802826,10,162.0,-0.4800000000000002
75.0,10,204.0,8.5,7.242810827037071,10,204.0,0.37465087775225714,10,204.0,-0.41999999999999993
80.0,11,256.0,9.142857142857142,6.849894520966236,11,258.0,0.33569520921306983,11,258.0,-0.54
85.0,12,314.0,10.827586206896552,6.255094350294333,12,314.0,0.30527611384013503,12,314.0,-0.56
90.0,12,247.0,8.517241379310345,5.439343142841455,12,331.0,0.26594105199325563,12,331.0,-0.16999999999999993
95.0,10,150.0,5.0,6.00015764235467,10,302.0,0.29647759722051864,10,302.0,0.29000000000000004
100.0,6,129.0,4.161290322580645,7.362536457504497,6,265.0,0.3812784942069165,6,265.0,0.3700000000000001
105.0,5,33.0,0.9428571428571428,7.163905559939865,5,227.0,0.3612005621609632,5,227.0,0.3799999999999999
110.0,10,73.0,2.0277777777777777,6.91864445885403,10,212.0,0.33482341156357726,10,212.0,0.1499999999999999
115.0,15,138.0,3.942857142857143,5.731717389038015,15,275.0,0.2651503818106426,15,275.0,-0.6299999999999999
120.0,16,185.0,5.138888888888889,5.929016529712515,16,326.0,0.2642628984938585,16,326.0,-0.5099999999999998
125.0,16,260.0,7.027027027027027,6.444729649650764,16,400.0,0.2811879675568246,16,400.0,-0.7400000000000002
130.0,17,341.0,8.525,6.114317506984956,17,478.0,0.27383100850682024,17,478.0,-0.7800000000000002
135.0,18,427.0,10.414634146341463,5.869519259730878,18,564.0,0.24741841693446107,18,564.0,-0.8599999999999994
140.0,21,523.0,12.452380952380953,5.314649177251662,21,660.0,0.2088430127254101,21,660.0,-0.96
145.0,22,630.0,14.651162790697674,5.310664949100866,22,767.0,0.20886063953135467,22,767.0,-1.0700000000000003
150.0,20,602.0,13.681818181818182,5.487779663687771,20,798.0,0.21414648489164886,20,798.0,-0.3100000000000005
155.0,16,465.0,10.108695652173912,5.730952399624224,16,750.0,0.2508622240179699,16,750.0,0.4800000000000004
160.0,12,315.0,7.159090909090909,6.067635612392602,12,695.0,0.28867618315199856,12,695.0,0.5499999999999998
165.0,13,233.0,5.5476190476190474,5.532616405943857,13,754.0,0.26679523643895175,13,754.0,-0.5899999999999999
170.0,14,250.0,6.097560975609756,5.308030944874157,14,822.0,0.23457198779969313,14,822.0,-0.6800000000000006
175.0,19,335.0,7.976190476190476,5.246230493025425,19,907.0,0.21289886530743118,19,907.0,-0.8499999999999996
180.0,22,394.0,8.382978723404255,4.68442281973685,22,939.0,0.17921249678323012,22,939.0,-0.3200000000000003
185.0,19,420.0,9.130434782608695,4.644788755739673,19,908.0,0.18945136282632938,19,908.0,0.3100000000000005
190.0,18,435.0,9.25531914893617,4.9292339806137395,18,875.0,0.20376810913197235,18,875.0,0.33000000000000007
195.0,13,345.0,7.1875,5.6796312238352895,13,896.0,0.24187797394283572,13,896.0,-0.21000000000000085
200.0,14,355.0,7.395833333333333,6.144786047921673,14,929.0,0.26081726874183786,14,929.0,-0.3299999999999983
205.0,19,440.0,8.627450980392156,5.907471845140506,19,1012.0,0.24393104477144548,19,1012.0,-0.8300000000000001
210.0,24,550.0,10.784313725490197,5.5754265460107995,24,1122.0,0.2091630704656548,24,1122.0,-1.1000000000000014
215.0,28,659.0,12.92156862745098,4.562602137513616,28,1231.0,0.13651381131087478,28,1231.0,-1.0899999999999999
220.0,29,801.0,16.02,4.612545888938461,29,1375.0,0.15733289514433685,29,1375.0,-1.4399999999999995
225.0,30,949.0,18.98,4.674546147507558,30,1521.0,0.16391951579348313,30,1521.0,-1.4600000000000009
230.0,28,756.0,14.0,4.751666174096914,28,1535.0,0.1537193190694697,28,1535.0,-0.1399999999999988
235.0,27,760.0,14.339622641509434,4.58497753085742,27,1464.0,0.1697378066144635,27,1464.0,0.7099999999999991
240.0,30,900.0,16.9811320754717,4.307071842534444,30,1491.0,0.1625034426872553,30,1491.0,-0.2699999999999996
245.0,32,1049.0,19.79245283018868,4.148059537474123,32,1640.0,0.14931203578520405,32,1640.0,-1.4899999999999984
250.0,33,1211.0,23.745098039215687,3.940875532301391,33,1805.0,0.14063210228024656,33,1805.0,-1.6500000000000021
255.0,34,1378.0,25.51851851851852,3.766425680934347,34,1969.0,0.1348058300185895,34,1969.0,-1.6400000000000006
260.0,32,1350.0,25.0,3.7808120566545846,32,2011.0,0.1463885965098373,32,2011.0,-0.41999999999999815
265.0,31,1178.0,21.418181818181818,3.414691999758775,31,1923.0,0.1287509204384553,31,1923.0,0.879999999999999
270.0,27,996.0,17.785714285714285,4.223617780263831,27,1836.0,0.17803140346679366,27,1836.0,0.870000000000001
275.0,25,790.0,14.363636363636363,4.1754744729008895,25,1955.0,0.17779603505598432,25,1955.0,-1.1900000000000013
280.0,26,599.0,10.152542372881356,4.239219112589192,26,2086.0,0.16360890035319167,26,2086.0,-1.3099999999999987
285.0,27,473.0,7.883333333333334,4.279007723092373,27,2218.0,0.16190655441149207,27,2218.0,-1.3200000000000003
290.0,27,394.0,6.459016393442623,3.803033041254782,27,2232.0,0.12197464746781132,27,2232.0,-0.14000000000000057
295.0,24,369.0,6.049180327868853,4.352522443152883,24,2129.0,0.1673855420428764,24,2129.0,1.0300000000000011
300.0,23,404.0,6.8474576271186445,4.7381252599535815,23,2020.0,0.20433968651501916,23,2020.0,1.0899999999999999
305.0,25,435.0,7.131147540983607,4.225139709385601,25,2126.0,0.17208142797017062,25,2126.0,-1.0600000000000023
310.0,29,499.0,8.048387096774194,4.060723129590975,29,2267.0,0.15222505041137466,29,2267.0,-1.4100000000000001
315.0,32,579.0,9.19047619047619,3.836336466143402,32,2420.0,0.131002144255646,32,2420.0,-1.5299999999999976
320.0,31,458.0,7.387096774193548,3.829466618071364,31,2486.0,0.13824458441126064,31,2486.0,-0.6600000000000001
325.0,30,491.0,8.049180327868852,4.005162134525046,30,2504.0,0.1515583832742218,30,2504.0,-0.17999999999999972
330.0,32,624.0,9.904761904761905,3.9519158065569866,32,2615.0,0.16237768322032078,32,2615.0,-1.1099999999999994
335.0,37,799.0,12.484375,3.607410246410649,37,2790.0,0.12725060512550126,37,2790.0,-1.75
340.0,44,1004.0,15.446153846153846,3.063578559629915,44,2995.0,0.08068780374030442,44,2995.0,-2.0500000000000007
345.0,46,1230.0,18.636363636363637,3.1593047320447356,46,3221.0,0.08108796747722574,46,3221.0,-2.2600000000000016
350.0,44,1320.0,20.0,3.259189730467303,44,3296.0,0.09242664135635299,44,3296.0,-0.75
355.0,40,1302.0,19.147058823529413,3.393543269209347,40,3216.0,0.12069406227396696,40,3216.0,0.8000000000000043
360.0,36,1264.0,18.865671641791046,3.715066453053429,36,3121.0,0.14943117873623757,36,3121.0,0.9499999999999957
365.0,34,1211.0,17.808823529411764,3.725701248942535,34,2891.0,0.1324629446140228,34,2891.0,2.3000000000000007
370.0,33,1150.0,16.91176470588235,3.8720080403478194,33,3055.0,0.14206950170861488,33,3055.0,-1.6400000000000006
375.0,34,1094.0,15.855072463768115,4.041861158180913,34,3227.0,0.14892121230142893,34,3227.0,-1.7200000000000024
380.0,35,1043.0,14.690140845070422,3.9639607652952673,35,3398.0,0.14088315271296872,35,3398.0,-1.7099999999999937
385.0,33,947.0,13.72463768115942,3.6395129924075578,33,3432.0,0.12732311130228302,33,3432.0,-0.3400000000000034
390.0,33,845.0,12.426470588235293,3.3022593984974757,33,3318.0,0.12389165075975711,33,3318.0,1.1400000000000006
395.0,28,816.0,11.826086956521738,4.02243542056446,28,3191.0,0.16410365196486196,28,3191.0,1.2699999999999996
400.0,26,855.0,12.214285714285714,4.606506793418777,26,2933.0,0.18989782695965163,26,2933.0,2.580000000000002
405.0,26,910.0,12.297297297297296,5.085270062569056,26,2703.0,0.21384141587732022,26,2703.0,2.299999999999997
410.0,27,830.0,11.066666666666666,4.529797095503516,27,2833.0,0.17037779864037544,27,2833.0,-1.2999999999999972
415.0,34,915.0,12.364864864864865,3.990500389914955,34,2993.0,0.13275766818766804,34,2993.0,-1.6000000000000014
420.0,31,973.0,13.32876712328767,4.320452361471717,31,3081.0,0.14862005379900403,31,3081.0,-0.879999999999999
425.0,32,581.0,8.069444444444445,4.461084277122735,32,3059.0,0.14660769523426168,32,3059.0,0.21999999999999886
430.0,29,340.0,4.657534246575342,4.432091726470082,29,2916.0,0.16772090408096113,29,2916.0,1.4299999999999997
435.0,32,484.0,6.54054054054054,4.657371521689603,32,2864.0,0.18176409203456156,32,2864.0,0.5199999999999996
440.0,39,663.0,8.95945945945946,4.111303075884524,39,2918.0,0.1389898047034515,39,2918.0,-0.5399999999999991
445.0,43,769.0,10.534246575342467,3.6558276064579847,43,2979.0,0.11090018879758497,43,2979.0,-0.6099999999999994
450.0,44,810.0,11.408450704225352,3.2173875294785272,44,3197.0,0.09311825052073838,44,3197.0,-2.1799999999999997
455.0,40,837.0,11.16,3.636462625567572,40,3120.0,0.11202248274771127,40,3120.0,0.7699999999999996
460.0,36,845.0,11.266666666666667,3.984283244057423,36,3032.0,0.13243286106450924,36,3032.0,0.879999999999999
465.0,34,715.0,9.794520547945206,3.6173924604578804,34,3112.0,0.11564599100394027,34,3112.0,-0.8000000000000007
470.0,34,669.0,9.164383561643836,3.572754580940397,34,3209.0,0.1097334792662837,34,3209.0,-0.9700000000000024
475.0,35,663.0,9.082191780821917,3.624226525473172,35,3337.0,0.11080972986990802,35,3337.0,-1.279999999999994
480.0,36,663.0,8.723684210526315,3.706499714663143,36,3488.0,0.12268384296284882,36,3488.0,-1.5100000000000051
485.0,38,672.0,8.96,3.5826904030891797,38,3667.0,0.119040277894552,38,3667.0,-1.7899999999999991
490.0,42,755.0,10.202702702702704,3.01590819140292,42,3864.0,0.09640352371943067,42,3864.0,-1.9699999999999989
495.0,43,932.0,12.767123287671232,2.9789531578443444,43,4071.0,0.09325949801518352,43,4071.0,-2.0700000000000003
500.0,44,1045.0,14.315068493150685,3.0985182939651423,44,4235.0,0.09244582085271705,44,4235.0,-1.6400000000000006
505.0,48,1274.0,16.545454545454547,3.254586684533755,48,4422.0,0.1066466935348112,48,4422.0,-1.8699999999999974
510.0,53,1529.0,19.857142857142858,2.960879670051789,53,4675.0,0.09363948274199198,53,4675.0,-2.530000000000001
515.0,55,1654.0,21.48051948051948,2.4117720395485764,55,4769.0,0.048652431989395534,55,4769.0,-0.9399999999999977
520.0,52,1671.0,21.986842105263158,2.700084167218725,52,4688.0,0.0790119214642953,52,4688.0,0.8099999999999952
525.0,48,1668.0,21.94736842105263,3.1457751425912015,48,4597.0,0.11031518007298706,48,4597.0,0.9100000000000037
530.0,44,1646.0,21.376623376623378,3.2786195296939384,44,4342.0,0.12519078841890444,44,4342.0,2.549999999999997
535.0,40,1605.0,20.844155844155843,3.6240470901309236,40,4082.0,0.14567207774886048,40,4082.0,2.6000000000000014
540.0,38,1549.0,19.858974358974358,3.5998433979194315,38,3836.0,0.14220159528383014,38,3836.0,2.460000000000001
545.0,36,1484.0,19.025641025641026,3.8789483877920614,36,3733.0,0.1547266611838251,36,3733.0,1.0300000000000011
550.0,33,1402.0,17.974358974358974,4.314838752484715,33,3496.0,0.1829248171613684,33,3496.0,2.3699999999999974
555.0,32,1252.0,15.45679012345679,4.396550611589267,32,3649.0,0.18527964452064138,32,3649.0,-1.5300000000000011
560.0,32,1158.0,14.296296296296296,4.300199253795696,32,3802.0,0.17720104386467714,32,3802.0,-1.5300000000000011
565.0,37,1097.0,13.54320987654321,3.8414322058198462,37,3979.0,0.14545640731181084,37,3979.0,-1.769999999999996
570.0,36,1077.0,13.134146341463415,4.136271122219302,35,4017.0,0.15588640187463992,35,4017.0,-0.38000000000000256
575.0,31,1087.0,13.096385542168674,4.696319087291432,31,3896.0,0.18539446238204435,31,3896.0,1.2100000000000009
580.0,30,1149.0,13.51764705882353,4.951167052321959,30,3782.0,0.20315515227072084,30,3782.0,1.1400000000000006
585.0,29,1218.0,14.674698795180722,4.759299420046631,29,3557.0,0.19624783590370198,29,3557.0,2.25
590.0,37,1304.0,16.098765432098766,3.934663152343655,35,3717.0,0.15099692814681634,35,3717.0,-1.6000000000000014
595.0,41,1417.0,17.28048780487805,3.7701111121645527,40,3908.0,0.12668157362226748,40,3908.0,-1.9099999999999966
600.0,41,1403.0,17.5375,3.6009220474808914,41,4018.0,0.12493876783561614,41,4018.0,-1.1000000000000014
605.0,41,961.0,11.44047619047619,3.6589263567611425,41,4016.0,0.12252581150724785,41,4016.0,0.020000000000003126
610.0,38,612.0,7.373493975903615,3.7583484597474786,38,3855.0,0.12952936093871187,38,3855.0,1.6099999999999994
615.0,40,704.0,8.585365853658537,3.668226341598977,40,3904.0,0.1315496130189249,40,3904.0,-0.490000000000002
620.0,43,638.0,7.8765432098765435,3.370037906932281,43,4013.0,0.10575327132106323,43,4013.0,-1.0900000000000034
625.0,47,823.0,10.2875,3.4954354456974586,47,4106.0,0.1150654173498414,47,4106.0,-0.9299999999999997
630.0,52,1073.0,12.927710843373495,3.3526652914781327,52,4313.0,0.1131242978561925,52,4313.0,-2.0700000000000003
635.0,57,1348.0,16.047619047619047,2.850628558862572,57,4588.0,0.06788608116888739,57,4588.0,-2.75
640.0,58,1492.0,17.97590361445783,2.54038916646385,57,4713.0,0.054074598385168385,57,4713.0,-1.25
645.0,55,1523.0,18.349397590361445,2.7507337415591406,55,4831.0,0.06478895643059142,55,4831.0,-1.1799999999999997
650.0,51,1534.0,18.261904761904763,3.175619788200597,51,4761.0,0.09976220240499187,51,4761.0,0.7000000000000028
655.0,47,1526.0,17.34090909090909,3.47358506374874,47,4686.0,0.11663136693377625,47,4686.0,0.75
660.0,44,1376.0,16.0,3.539653665343749,44,4751.0,0.11801641188980838,44,4751.0,-0.6499999999999986
665.0,43,1186.0,14.289156626506024,3.0190532263253074,43,4716.0,0.09737137199096546,43,4716.0,0.3500000000000014
670.0,44,1155.0,13.91566265060241,3.3486506071348505,44,4777.0,0.11917871474804874,44,4777.0,-0.6100000000000065
675.0,45,1081.0,12.869047619047619,3.3101492683132197,45,4832.0,0.10511278609516383,45,4832.0,-0.5499999999999972
680.0,41,965.0,11.091954022988507,3.5498336297186373,41,4714.0,0.1188922990269248,41,4714.0,1.1799999999999997
685.0,38,832.0,9.904761904761905,3.7762243531416297,38,4577.0,0.13959865675122832,38,4577.0,1.3699999999999974
690.0,36,737.0,8.879518072289157,3.6346498636178,36,4286.0,0.12392226645387155,36,4286.0,2.9100000000000037
695.0,33,720.0,8.571428571428571,4.298917493202133,33,4019.0,0.15843999591540414,33,4019.0,2.6700000000000017
700.0,31,765.0,9.0,4.714347545320562,31,3766.0,0.17609062130385164,31,3766.0,2.530000000000001
705.0,32,833.0,9.465909090909092,4.773772897783057,31,3525.0,0.1832555755604308,31,3525.0,2.4099999999999966
710.0,30,894.0,10.275862068965518,4.868765156094981,29,3418.0,0.19370296641373283,29,3418.0,1.0700000000000003
715.0,36,647.0,7.523255813953488,4.195325422137365,34,3571.0,0.1521929017886552,34,3571.0,-1.5300000000000011
720.0,36,460.0,5.476190476190476,4.302659674756898,36,3753.0,0.15994933275559453,36,3753.0,-1.8200000000000003
725.0,38,562.0,6.690476190476191,4.4362978036761715,37,3921.0,0.16389477202550976,37,3921.0,-1.6799999999999997
730.0,38,670.0,7.790697674418604,4.346097612364793,38,4118.0,0.1580684456742596,38,4118.0,-1.9699999999999989
735.0,37,631.0,7.423529411764706,4.1419471222288236,37,4206.0,0.14399806097802664,37,4206.0,-0.8800000000000026
740.0,41,755.0,9.096385542168674,3.9927035531636395,41,4243.0,0.1462849478359504,41,4243.0,-0.36999999999999744
745.0,46,975.0,11.74698795180723,4.107944891957059,46,4393.0,0.15477114368741693,46,4393.0,-1.5
750.0,49,1115.0,13.765432098765432,3.4772160493001363,49,4436.0,0.11769035876996196,49,4436.0,-0.4299999999999997
755.0,49,1190.0,14.0,3.312164357627677,49,4348.0,0.10217387434502878,49,4348.0,0.8800000000000026
760.0,52,1425.0,16.764705882352942,3.3391557476128515,52,4350.0,0.10959273257698264,52,4350.0,-0.020000000000003126
765.0,55,1544.0,18.16470588235294,2.7092635810661023,55,4447.0,0.061905669553507285,55,4447.0,-0.9699999999999989
770.0,54,1569.0,18.678571428571427,2.897168377101418,54,4389.0,0.07665208373137422,54,4389.0,0.5799999999999983
775.0,50,1575.0,18.97590361445783,3.397576060953654,50,4322.0,0.10691559246439061,50,4322.0,0.6700000000000017
780.0,46,1562.0,17.95402298850575,3.859437543208127,46,4102.0,0.12569522850701698,46,4102.0,2.1999999999999957
785.0,42,1469.0,17.08139534883721,3.7363288612997123,42,4211.0,0.11670986425438518,42,4211.0,-1.0899999999999963
790.0,43,1387.0,16.31764705882353,3.3848443116099443,43,4337.0,0.0977886770809133,43,4337.0,-1.259999999999998
795.0,44,1356.0,16.142857142857142,3.5330004944572035,44,4453.0,0.10759573951162583,44,4453.0,-1.1600000000000037
800.0,44,1284.0,15.285714285714286,3.4441850122166526,44,4515.0,0.10683357080729815,44,4515.0,-0.6199999999999974
805.0,40,1169.0,13.593023255813954,3.683440314999162,40,4415.0,0.13304599466446776,40,4415.0,1.0
810.0,37,1036.0,11.908045977011493,3.988638447045446,37,4301.0,0.14981501005508596,37,4301.0,1.1400000000000006
815.0,36,950.0,11.046511627906977,4.078801931619277,36,4042.0,0.14228067045221068,36,4042.0,2.5899999999999963
820.0,32,783.0,9.548780487804878,4.013241280324225,32,4139.0,0.15164197098721757,32,4139.0,-0.9699999999999989
825.0,33,834.0,10.048192771084338,4.1712662368383535,33,4217.0,0.15502673193097172,33,4217.0,-0.7800000000000011
830.0,38,939.0,10.918604651162791,4.1480484516538105,38,4387.0,0.15634188321241171,38,4387.0,-1.6999999999999957
835.0,43,1069.0,12.726190476190476,3.8167954870587146,43,4592.0,0.13248662627247076,43,4592.0,-2.0500000000000043
840.0,45,770.0,9.058823529411764,3.5088556014539596,45,4643.0,0.09772937228552511,45,4643.0,-0.509999999999998
845.0,43,641.0,7.453488372093023,3.6982459939485235,43,4589.0,0.1104155301352462,43,4589.0,0.5399999999999991
850.0,44,782.0,9.093023255813954,4.016927154267063,44,4621.0,0.13484966477376129,44,4621.0,-0.3200000000000003
855.0,45,831.0,9.551724137931034,3.612633015377122,45,4665.0,0.11534193655340592,45,4665.0,-0.4399999999999977
860.0,44,864.0,10.046511627906977,3.6332587792001307,44,4713.0,0.11488736919372033,44,4713.0,-0.480000000000004
865.0,47,910.0,10.581395348837209,3.252880951021052,47,4765.0,0.09107116992129673,47,4765.0,-0.519999999999996
870.0,47,965.0,11.488095238095237,3.262185354758242,47,4497.0,0.0986769986625814,47,4497.0,2.6799999999999997
875.0,44,802.0,9.901234567901234,3.1120705806255313,44,4630.0,0.10664838793695931,44,4630.0,-1.3299999999999983
880.0,44,787.0,9.481927710843374,3.01657503371822,44,4775.0,0.0974331324929899,44,4775.0,-1.4500000000000028
885.0,44,826.0,9.951807228915662,3.265677085592314,44,4931.0,0.10847332486153659,44,4931.0,-1.5600000000000023
890.0,47,831.0,10.012048192771084,2.7226854095452175,47,4979.0,0.07044591695824162,47,4979.0,-0.4799999999999969
895.0,44,803.0,9.55952380952381,3.155630966229166,44,4855.0,0.09463939019103172,44,4855.0,1.240000000000002
900.0,40,756.0,9.0,3.7011032689674828,40,4722.0,0.12461789954633995,40,4722.0,1.3299999999999983
905.0,36,643.0,7.654761904761905,3.4988505044188347,36,4857.0,0.11444726352975147,36,4857.0,-1.3500000000000014
910.0,40,601.0,7.070588235294117,3.3233777231558963,39,5015.0,0.11399410963920739,39,5015.0,-1.5799999999999983
915.0,41,642.0,7.552941176470588,2.968394215391469,41,5197.0,0.09043228519574797,41,5197.0,-1.8200000000000003
920.0,42,716.0,8.325581395348838,3.2227044248850154,42,5226.0,0.09728797457477488,42,5226.0,-0.28999999999999915
925.0,41,770.0,9.166666666666666,3.3164245580510308,41,5089.0,0.11500650995411202,41,5089.0,1.3699999999999974
930.0,41,825.0,9.482758620689655,3.6136431062536496,41,4957.0,0.1293129723278655,41,4957.0,1.3200000000000003
935.0,43,867.0,9.96551724137931,3.3400783110231016,42,5148.0,0.10966804161376137,42,5148.0,-1.9099999999999966
940.0,46,937.0,11.023529411764706,2.890730051514234,46,5373.0,0.0911731570096611,46,5373.0,-2.25
945.0,47,1020.0,11.86046511627907,2.971926899582279,47,5602.0,0.08978232258988043,47,5602.0,-2.2900000000000063
950.0,46,1062.0,12.206896551724139,3.093979480755289,46,5660.0,0.0959139264836095,46,5660.0,-0.5799999999999983
955.0,42,1097.0,12.188888888888888,3.4285363036484133,42,5533.0,0.1128295006118028,42,5533.0,1.2700000000000031
960.0,42,1157.0,13.147727272727273,3.390815490534311,42,5409.0,0.11749639029218115,42,5409.0,1.2399999999999949
965.0,45,1224.0,14.068965517241379,3.1107115487108254,45,5139.0,0.1059689771025896,45,5139.0,2.700000000000003
970.0,41,1284.0,14.758620689655173,3.6072041993433532,41,4882.0,0.1306550752221401,41,4882.0,2.5700000000000003
975.0,40,1323.0,15.206896551724139,3.692045054917893,40,5079.0,0.13401052357214963,40,5079.0,-1.9699999999999989
980.0,40,1373.0,15.255555555555556,3.6998060807717783,40,5272.0,0.1297751390555716,40,5272.0,-1.9299999999999997
985.0,41,1462.0,16.426966292134832,3.58343478530872,41,5476.0,0.12341000035103676,41,5476.0,-2.039999999999999
990.0,46,1568.0,18.022988505747126,3.2340274143521226,46,5530.0,0.1031147832989411,46,5530.0,-0.5399999999999991
995.0,46,1652.0,18.988505747126435,3.3887120095587,46,5440.0,0.11580892800907856,46,5440.0,0.8999999999999986
1000.0,42,1722.0,19.79310344827586,3.8026105299811124,42,5334.0,0.14029978582883856,42,5334.0,1.0599999999999952
1005.0,39,1777.0,19.96629213483146,3.982495078998667,39,5079.0,0.15128206133531039,39,5079.0,2.5500000000000043
1010.0,35,1354.0,15.386363636363637,3.997517798881223,35,5054.0,0.14477437584307462,35,5054.0,0.25
1015.0,34,919.0,10.563218390804598,3.988854537991576,34,4881.0,0.1463520026674746,34,4881.0,1.7299999999999969
1020.0,37,991.0,11.523255813953488,4.2821079956464985,37,4785.0,0.1639900580329189,37,4785.0,0.9600000000000009
1025.0,43,1121.0,12.885057471264368,4.165690527637902,43,4757.0,0.14509226525531882,43,4757.0,0.28000000000000114
1030.0,46,1275.0,14.010989010989011,3.968365414926504,46,4947.0,0.12887574953793346,46,4947.0,-1.8999999999999986
1035.0,47,1362.0,15.303370786516854,3.4953045697153295,47,5180.0,0.10413711583045811,47,5180.0,-2.3299999999999983
1040.0,47,1390.0,15.795454545454545,3.181360582015097,47,5244.0,0.08175978364224591,47,5244.0,-0.6400000000000006
1045.0,45,1411.0,15.677777777777777,3.543803232267301,45,5298.0,0.10172412332327475,45,5298.0,-0.5399999999999991
1050.0,41,1464.0,16.636363636363637,3.8494885564021075,41,5018.0,0.13807458191275948,41,5018.0,2.799999999999997
1055.0,41,1529.0,17.179775280898877,3.9014633034676836,41,4915.0,0.13713534254908982,41,4915.0,1.0300000000000011
1060.0,42,1461.0,16.233333333333334,3.3994513308836316,41,5052.0,0.1057974156312999,41,5052.0,-1.3700000000000045
1065.0,49,1546.0,17.370786516853933,2.7391567602753155,49,5284.0,0.07787393750020821,49,5284.0,-2.3200000000000003
1070.0,48,1643.0,18.46067415730337,2.964803093121179,48,5456.0,0.08716948980495363,48,5456.0,-1.7199999999999989
1075.0,48,1702.0,18.91111111111111,3.230069726070392,48,5531.0,0.0940273245571677,48,5531.0,-0.75
1080.0,45,1717.0,18.462365591397848,3.3637082893518238,45,5444.0,0.10628921309591093,45,5444.0,0.8700000000000045
1085.0,41,1715.0,18.846153846153847,3.714774432389632,41,5347.0,0.12799365203236654,41,5347.0,0.9699999999999989
1090.0,39,1703.0,19.134831460674157,3.590947307001981,39,5096.0,0.12366260846339983,39,5096.0,2.509999999999998
1095.0,40,1708.0,19.191011235955056,3.6224837134883443,39,5269.0,0.12145858506792091,39,5269.0,-1.7299999999999969
1100.0,40,1783.0,20.261363636363637,3.748600695212158,40,5471.0,0.12247605166623103,40,5471.0,-2.020000000000003
1105.0,42,1902.0,21.370786516853933,3.697248334653284,42,5667.0,0.1256447852446621,42,5667.0,-1.9600000000000009
1110.0,44,2001.0,22.738636363636363,3.321921917292728,44,5727.0,0.11221455329887217,44,5727.0,-0.6000000000000014
1115.0,48,2080.0,23.636363636363637,2.919967357055612,48,5649.0,0.09772405461216582,48,5649.0,0.7800000000000011
1120.0,45,2161.0,24.280898876404493,3.4740493658122698,45,5573.0,0.1227241138799298,45,5573.0,0.7600000000000051
1125.0,42,2046.0,23.517241379310345,3.2974014937890885,42,5704.0,0.11664341153414104,42,5704.0,-1.3100000000000023
1130.0,43,2093.0,23.255555555555556,3.4384551461632964,43,5819.0,0.12463027291949265,43,5819.0,-1.1499999999999986
1135.0,45,2172.0,24.133333333333333,3.4193983684716986,45,6025.0,0.12528020762904185,45,6025.0,-2.0600000000000023
1140.0,45,1478.0,16.42222222222222,3.21578702481052,45,5956.0,0.09854235782179989,45,5956.0,0.6899999999999977
1145.0,46,732.0,8.043956043956044,3.523479180961628,46,5664.0,0.10950370735832696,46,5664.0,2.9200000000000017
1150.0,47,585.0,6.428571428571429,3.57358342473423,47,5460.0,0.11766853656463286,47,5460.0,2.039999999999999
1155.0,48,746.0,8.197802197802197,3.5934726783927875,48,5227.0,0.12238462729652211,48,5227.0,2.3299999999999983
1160.0,49,809.0,8.89010989010989,3.3059667676132505,49,5286.0,0.10838314767694181,49,5286.0,-0.5899999999999963
1165.0,50,809.0,8.89010989010989,2.937695882977397,50,5181.0,0.08043242242622578,50,5181.0,1.0499999999999972
1170.0,49,829.0,9.01086956521739,3.343083185548138,49,5081.0,0.10442586040617696,49,5081.0,1.0
1175.0,46,878.0,10.091954022988507,3.4218625893601193,46,4819.0,0.1272140120660663,46,4819.0,2.6200000000000045
1180.0,46,933.0,10.252747252747254,3.57747630326972,46,4580.0,0.12942845730570285,46,4580.0,2.3900000000000006
1185.0,47,988.0,10.857142857142858,3.5631567387681145,47,4504.0,0.13563430536393473,47,4504.0,0.759999999999998
1190.0,46,961.0,10.56043956043956,3.228995454762575,46,4527.0,0.11066411122513997,46,4527.0,-0.23000000000000398
1195.0,49,1015.0,11.032608695652174,3.49891803699572,47,4737.0,0.13084442872058005,47,4737.0,-2.0999999999999943
1200.0,48,1070.0,11.630434782608695,3.8107813280163056,47,4963.0,0.1394038737149021,47,4963.0,-2.260000000000005
1205.0,44,1081.0,11.378947368421052,3.8661966313935614,44,5036.0,0.13165372064169953,44,5036.0,-0.7299999999999969
1210.0,39,1041.0,11.315217391304348,4.257930782336881,39,4916.0,0.14448741459775163,39,4916.0,1.2000000000000028
1215.0,36,982.0,11.03370786516854,4.593305258354536,36,4794.0,0.15834997948209537,36,4794.0,1.2199999999999989
1220.0,32,907.0,10.546511627906977,4.9321666452941635,32,4525.0,0.18499992395008236,32,4525.0,2.6899999999999977
1225.0,30,864.0,10.409638554216867,5.077468712345149,30,4669.0,0.19277596137808997,30,4669.0,-1.4399999999999977
1230.0,35,959.0,11.151162790697674,4.739490664234413,35,4838.0,0.1680801645681881,35,4838.0,-1.6900000000000048
1235.0,41,1079.0,12.546511627906977,4.34111850140161,41,5025.0,0.14700624791504305,41,5025.0,-1.8699999999999974
1240.0,45,984.0,11.714285714285714,3.4388740636709705,45,5051.0,0.08704592098376111,45,5051.0,-0.259999999999998
1245.0,42,804.0,9.571428571428571,3.7628454868060977,42,4968.0,0.11646202524734418,42,4968.0,0.8299999999999983
1250.0,42,936.0,11.142857142857142,4.0537083574771815,42,4964.0,0.1422456950909508,42,4964.0,0.03999999999999915
1255.0,45,993.0,11.413793103448276,3.6199592799503604,45,5007.0,0.11553483792542765,45,5007.0,-0.4299999999999997
1260.0,41,1020.0,12.0,3.591599213559127,41,4896.0,0.11731488071098058,41,4896.0,1.1099999999999994
1265.0,44,1083.0,12.892857142857142,3.509753021001055,44,4787.0,0.1185342389374179,44,4787.0,1.0900000000000034
1270.0,44,1153.0,13.891566265060241,3.70416196498945,44,4551.0,0.12968339475808394,44,4551.0,2.3599999999999994
1275.0,45,1223.0,14.914634146341463,3.6847230987599833,45,4345.0,0.1369334944302574,45,4345.0,2.059999999999995
1280.0,41,1285.0,15.117647058823529,4.000510887635726,41,4145.0,0.15379801531738743,41,4145.0,2.0
1285.0,38,1330.0,15.465116279069768,4.000780753204496,38,4070.0,0.15481454511484402,38,4070.0,0.75
1290.0,39,1294.0,15.046511627906977,3.7203947573522047,39,4211.0,0.1354108749439286,39,4211.0,-1.4099999999999966
1295.0,41,1338.0,15.379310344827585,3.9443153972233187,40,4381.0,0.15386034742240076,40,4381.0,-1.7000000000000028
1300.0,42,1388.0,16.13953488372093,4.109110626313236,42,4581.0,0.159719896150583,42,4581.0,-2.0
1305.0,41,947.0,10.761363636363637,4.058939432374411,41,4595.0,0.14386095530841467,41,4595.0,-0.14000000000000057
1310.0,36,659.0,7.404494382022472,4.389305003405877,36,4474.0,0.15088937933595292,36,4474.0,1.2100000000000009
1315.0,39,777.0,8.730337078651685,4.389808189156701,39,4450.0,0.15011383520116892,39,4450.0,0.240000000000002
1320.0,42,871.0,10.011494252873563,4.154224089229643,42,4492.0,0.1326980104861221,42,4492.0,-0.4200000000000017
1325.0,43,931.0,10.952941176470588,4.282104536158481,43,4390.0,0.13526164002892926,43,4390.0,1.0200000000000031
1330.0,44,991.0,11.011111111111111,4.3328816950301725,44,4291.0,0.14190431000990272,44,4291.0,0.990000000000002
1335.0,43,1051.0,11.677777777777777,4.040449047165774,43,4052.0,0.1183452986493393,43,4052.0,2.3899999999999935
1340.0,44,860.0,9.772727272727273,3.6872892574060825,44,4107.0,0.10443408464246588,44,4107.0,-0.5499999999999972
1345.0,40,654.0,7.604651162790698,3.8393338189652866,40,4059.0,0.12769104802709763,40,4059.0,0.4799999999999969
1350.0,43,704.0,8.186046511627907,4.075117935989863,43,4090.0,0.13867438452483713,43,4090.0,-0.30999999999999517
1355.0,43,716.0,8.044943820224718,3.8921554525532014,43,4139.0,0.11536479971817515,43,4139.0,-0.490000000000002
1360.0,40,691.0,7.8522727272727275,3.9425101383257157,40,4040.0,0.12385412634162411,40,4040.0,0.990000000000002
1365.0,39,655.0,7.705882352941177,3.761553122133347,39,3934.0,0.12706788054722895,39,3934.0,1.0599999999999952
1370.0,37,531.0,6.103448275862069,3.8586693708774353,37,4068.0,0.12063599565598755,37,4068.0,-1.3399999999999963
1375.0,37,542.0,6.3023255813953485,3.9625800065659633,37,4218.0,0.13209323805442028,37,4218.0,-1.5
1380.0,39,619.0,6.877777777777778,4.0409960243066045,39,4408.0,0.13597378796799994,39,4408.0,-1.8999999999999986
1385.0,40,696.0,7.909090909090909,3.894301740195384,40,4446.0,0.12269008866570308,40,4446.0,-0.38000000000000256
1390.0,42,751.0,8.632183908045977,3.454040510980474,42,4334.0,0.10347697641036128,42,4334.0,1.1199999999999974
1395.0,43,816.0,9.488372093023257,3.472852605013488,43,4244.0,0.11366813992715402,43,4244.0,0.9000000000000057
1400.0,40,872.0,10.258823529411766,3.787856713710455,40,4012.0,0.13362778237532638,40,4012.0,2.3200000000000003
1405.0,36,909.0,10.448275862068966,4.085976101649996,36,3774.0,0.15307963033588814,36,3774.0,2.3799999999999955
1410.0,32,928.0,10.545454545454545,4.270864235008447,32,3668.0,0.1619325693091066,32,3668.0,1.0600000000000023
1415.0,34,951.0,11.05813953488372,3.809247398503476,34,3812.0,0.13461219863173268,34,3812.0,-1.4399999999999977
1420.0,40,1055.0,12.55952380952381,3.697095013342173,40,4001.0,0.13776393365832992,40,4001.0,-1.8900000000000006
1425.0,43,1183.0,14.083333333333334,3.703572000893628,43,4199.0,0.1359924952757316,43,4199.0,-1.980000000000004
1430.0,43,1103.0,12.534090909090908,3.857522641424445,43,4287.0,0.13221742828453995,43,4287.0,-0.8799999999999955
1435.0,41,1105.0,12.848837209302326,3.7806465646364984,41,4303.0,0.13680490017529476,41,4303.0,-0.1600000000000037
1440.0,45,1247.0,14.333333333333334,3.7206132310254705,45,4408.0,0.13151987610108448,45,4408.0,-1.0499999999999972
1445.0,45,1316.0,15.30232558139535,3.591707938983966,45,4469.0,0.11722658478704485,45,4469.0,-0.6099999999999994
1450.0,43,1367.0,15.895348837209303,3.881142252487606,43,4360.0,0.1339846791255596,43,4360.0,1.0899999999999963
1455.0,44,1427.0,16.402298850574713,3.8749266688127917,44,4307.0,0.1454848584220734,44,4307.0,0.5300000000000011
1460.0,43,1487.0,17.091954022988507,3.8048009401705967,43,4141.0,0.13511103056755594,43,4141.0,1.6600000000000037
1465.0,46,1554.0,17.65909090909091,3.6689303203928905,46,3997.0,0.1125089794485992,46,3997.0,1.4399999999999977
1470.0,43,1583.0,17.786516853932586,3.7196256302100963,43,4185.0,0.10539958606692307,43,4185.0,-1.8800000000000026
1475.0,43,1641.0,18.43820224719101,3.888150593594057,43,4399.0,0.12366468575395244,43,4399.0,-2.1400000000000006
1480.0,45,1707.0,19.179775280898877,3.903821344605894,45,4616.0,0.13323610404925176,45,4616.0,-2.1699999999999946
1485.0,43,1730.0,19.885057471264368,3.838730442970466,43,4699.0,0.11460445953325762,43,4699.0,-0.8300000000000054
1490.0,40,1712.0,19.67816091954023,3.948478034323194,40,4643.0,0.12218830328180033,40,4643.0,0.5600000000000023
1495.0,38,1683.0,19.8,4.080773275035149,38,4581.0,0.13949908426641344,38,4581.0,0.6199999999999974
1500.0,34,1663.0,19.564705882352943,4.5491244086119345,34,4394.0,0.16211592605192401,34,4394.0,1.8700000000000045
1505.0,31,1704.0,19.146067415730336,4.807579698217988,31,4207.0,0.17966842201722902,31,4207.0,1.8699999999999974
1510.0,32,1768.0,20.32183908045977,4.566164557515055,32,4342.0,0.165191979057819,32,4342.0,-1.3500000000000014
1515.0,39,1878.0,22.094117647058823,4.074061342998078,39,4527.0,0.14654620696042206,39,4527.0,-1.8500000000000014
1520.0,43,2010.0,24.216867469879517,3.7588942079558,43,4725.0,0.13249728106116096,43,4725.0,-1.9799999999999969
1525.0,43,1546.0,18.853658536585368,3.7300656215846613,43,4670.0,0.11765469758107117,43,4670.0,0.5499999999999972
1530.0,39,861.0,10.25,3.807454072478447,39,4398.0,0.13648909895714473,39,4398.0,2.720000000000006
1535.0,37,743.0,8.741176470588234,4.1029802163133775,37,4189.0,0.15576048399818912,37,4189.0,2.0899999999999963
1540.0,40,616.0,7.162790697674419,3.745688394992014,40,4264.0,0.125517097349383,40,4264.0,-0.75
1545.0,47,746.0,8.674418604651162,3.5809653351915927,47,4388.0,0.10482402670249098,47,4388.0,-1.240000000000002
1550.0,51,990.0,11.785714285714286,3.4797255198704535,51,4556.0,0.11051240555123158,51,4556.0,-1.6799999999999997
1555.0,56,1131.0,13.464285714285714,2.845212656610564,56,4673.0,0.08276695132885133,56,4673.0,-1.1699999999999946
1560.0,55,1189.0,13.988235294117647,2.8623260056525957,55,4647.0,0.08624868016159028,55,4647.0,0.259999999999998
1565.0,52,1234.0,14.867469879518072,2.7462917580181605,52,4616.0,0.08987096097917642,52,4616.0,0.3100000000000023
1570.0,50,1180.0,14.047619047619047,2.9109657330813756,50,4676.0,0.09255754437341052,50,4676.0,-0.6000000000000014
1575.0,47,1049.0,12.63855421686747,3.03389690490607,47,4749.0,0.09061510390579029,47,4749.0,-0.730000000000004
1580.0,46,1044.0,12.0,3.302037420383517,46,4831.0,0.10621487880266767,46,4831.0,-0.8200000000000003
1585.0,47,1058.0,12.30232558139535,3.4334897995478246,47,4759.0,0.12019254074062768,47,4759.0,0.7199999999999989
1590.0,50,1021.0,12.154761904761905,2.7372961166788548,50,4839.0,0.084915928608546,50,4839.0,-0.7999999999999972
1595.0,48,944.0,11.105882352941176,3.0566957927807774,48,4765.0,0.08673665873602775,48,4765.0,0.740000000000002
1600.0,44,851.0,10.011764705882353,3.6396511833121936,44,4680.0,0.11758399103633457,44,4680.0,0.8500000000000014
1605.0,40,752.0,8.545454545454545,4.059109367790359,40,4441.0,0.13511176824388285,40,4441.0,2.3900000000000006
1610.0,36,709.0,8.149425287356323,3.9983209515565803,36,4201.0,0.13668184944547063,36,4201.0,2.3999999999999986
1615.0,36,740.0,8.705882352941176,3.968624301979836,36,3964.0,0.1454152617212918,36,3964.0,2.3699999999999974
1620.0,36,816.0,9.488372093023257,4.168032895098785,36,3873.0,0.15770269771973205,36,3873.0,0.9100000000000037
1625.0,36,890.0,10.470588235294118,4.225641874813934,36,3668.0,0.1666703340593957,36,3668.0,2.049999999999997
1630.0,34,963.0,10.820224719101123,4.535434122194594,33,3593.0,0.18582218788425234,33,3593.0,0.75
1635.0,33,885.0,9.833333333333334,4.395432592053846,33,3756.0,0.15943852539181788,33,3756.0,-1.6300000000000026
1640.0,38,887.0,10.079545454545455,4.154441316158479,37,3924.0,0.15338591935043713,37,3924.0,-1.6799999999999997
1645.0,40,978.0,11.241379310344827,4.161419342429446,39,4112.0,0.1586374497347083,39,4112.0,-1.8799999999999955
1650.0,37,1028.0,11.816091954022989,4.386345657510903,37,4173.0,0.16861855573547752,37,4173.0,-0.6099999999999994
1655.0,33,1093.0,12.420454545454545,4.694800695391297,33,4073.0,0.1883155122878409,33,4073.0,1.0
1660.0,33,1183.0,13.755813953488373,4.880139078729744,33,3980.0,0.19640320437523992,33,3980.0,0.9299999999999997
1665.0,36,1278.0,14.522727272727273,4.658014414231266,36,3784.0,0.17140747554260627,36,3784.0,1.9599999999999937
1670.0,38,1316.0,15.30232558139535,4.197649489838993,37,3832.0,0.14319880937210178,37,3832.0,-0.4799999999999969
1675.0,39,1280.0,15.058823529411764,4.013591481248163,39,4031.0,0.12856703587781726,39,4031.0,-1.990000000000002
1680.0,41,1401.0,15.920454545454545,4.10720735698163,41,4019.0,0.14535749320098557,41,4019.0,0.12000000000000455
1685.0,44,1185.0,13.620689655172415,3.5598172272940323,44,4091.0,0.12113593322170299,44,4091.0,-0.7199999999999989
1690.0,44,1182.0,13.586206896551724,3.5716786877684883,44,4100.0,0.11050345996437778,44,4100.0,-0.09000000000000341
1695.0,46,1333.0,15.68235294117647,3.7095040021601804,46,4201.0,0.12585487003212095,46,4201.0,-1.009999999999998
1700.0,46,1485.0,17.678571428571427,3.551990912827919,46,4334.0,0.11770689324288718,46,4334.0,-1.3300000000000054
1705.0,49,1691.0,19.436781609195403,3.6104732906780246,49,4442.0,0.12269823395415556,49,4442.0,-1.0799999999999983
1710.0,54,1951.0,22.170454545454547,3.4923651598817047,54,4660.0,0.11045950887936516,54,4660.0,-2.1799999999999997
1715.0,60,2240.0,26.046511627906977,2.7063869824333624,60,4949.0,0.05859248817088143,60,4949.0,-2.8900000000000006
1720.0,58,2389.0,28.44047619047619,2.580025008061681,58,5082.0,0.054225500216745354,58,5082.0,-1.3299999999999983
1725.0,55,2420.0,29.156626506024097,2.8300459332186843,55,5043.0,0.07849210315981935,55,5043.0,0.39000000000000057
1730.0,51,2431.0,27.942528735632184,3.339874080736669,51,4993.0,0.10743124903326279,51,4993.0,0.5
1735.0,50,2429.0,27.919540229885058,3.19692617131834,50,5241.0,0.09707922799111046,50,5241.0,-2.479999999999997
1740.0,53,2438.0,27.704545454545453,2.921534719243854,53,5500.0,0.07363724664432816,53,5500.0,-2.5900000000000034
1745.0,54,2456.0,28.558139534883722,2.8768993838114905,54,5768.0,0.08178928075636735,54,5768.0,-2.6799999999999997
1750.0,52,2429.0,28.24418604651163,2.962597494026029,52,5871.0,0.0881716579097756,52,5871.0,-1.0300000000000011
1755.0,48,2353.0,27.04597701149425,2.97372054789785,48,5802.0,0.0993867054362788,48,5802.0,0.6899999999999977
1760.0,45,2259.0,25.96551724137931,3.2282816328145536,45,5715.0,0.11801464623806787,45,5715.0,0.8700000000000045
1765.0,43,1519.0,17.662790697674417,2.835264251337943,43,5671.0,0.09376684413257039,43,5671.0,0.4399999999999977
1770.0,40,693.0,7.9655172413793105,3.378456968480007,40,5422.0,0.10871385794252074,40,5422.0,2.490000000000002
1775.0,37,507.0,5.895348837209302,3.767097671246203,37,5236.0,0.13996326658859848,37,5236.0,1.8599999999999994
1780.0,41,586.0,6.659090909090909,3.504501961822062,41,5416.0,0.12370427886386932,41,5416.0,-1.7999999999999972
1785.0,50,745.0,8.662790697674419,2.942426852567531,50,5652.0,0.09665505021989626,50,5652.0,-2.3600000000000065
1790.0,57,942.0,10.953488372093023,2.5944356768441743,57,5922.0,0.06412271992640275,57,5922.0,-2.6999999999999957
1795.0,56,1063.0,12.36046511627907,2.5982835699265996,56,6023.0,0.06776875010585862,56,6023.0,-1.009999999999998
1800.0,52,1106.0,12.71264367816092,2.9656592469517284,52,5932.0,0.09006087664405592,52,5932.0,0.9099999999999966
1805.0,48,1130.0,12.555555555555555,3.2445724812660033,48,5830.0,0.11153772606963222,48,5830.0,1.0200000000000031
1810.0,45,1162.0,13.0561797752809,3.3748056384825262,45,5544.0,0.11645011131687322,45,5544.0,2.8599999999999994
1815.0,46,1238.0,14.068181818181818,3.5382396783342616,46,5282.0,0.13051249000735307,46,5282.0,2.6199999999999974
1820.0,46,973.0,11.183908045977011,3.2820035449011984,46,5368.0,0.10539610386468194,46,5368.0,-0.8599999999999994
1825.0,45,866.0,9.954022988505747,3.5401160658029327,45,5372.0,0.1248981788244819,45,5372.0,-0.03999999999999915
1830.0,46,945.0,10.5,3.7704346111916935,46,5460.0,0.1375954738330139,46,5460.0,-0.8800000000000026
1835.0,48,1031.0,11.584269662921349,3.4741838448951787,48,5649.0,0.11688655198544441,48,5649.0,-1.8900000000000006
1840.0,49,1069.0,11.877777777777778,3.339677509800463,49,5719.0,0.09171778026692173,49,5719.0,-0.6999999999999957
1845.0,49,1061.0,11.78888888888889,3.3740453546080613,49,5964.0,0.1031324170050327,49,5964.0,-2.450000000000003
1850.0,44,1026.0,11.659090909090908,3.6205954353968455,44,6024.0,0.11826019493461612,44,6024.0,-0.6000000000000014
1855.0,41,929.0,10.438202247191011,3.6453687882659884,41,6193.0,0.1296037543385864,41,6193.0,-1.6899999999999977
1860.0,42,950.0,10.674157303370787,3.6908218230366985,42,6385.0,0.12674339350288127,42,6385.0,-1.9200000000000017
1865.0,48,1063.0,11.811111111111112,3.3078130428028056,48,6612.0,0.0988748401611745,48,6612.0,-2.270000000000003
1870.0,52,1153.0,12.532608695652174,3.0643886334663266,52,6676.0,0.0728524559892921,52,6676.0,-0.6400000000000006
1875.0,50,1212.0,13.466666666666667,3.066747516775754,50,6565.0,0.08489143767359678,50,6565.0,1.1099999999999994
1880.0,47,1257.0,14.123595505617978,3.0719835768992074,47,6448.0,0.1071723537985388,47,6448.0,1.1700000000000017
1885.0,43,969.0,11.137931034482758,2.9193792506427725,43,6409.0,0.10520564883436276,43,6409.0,0.39000000000000057
1890.0,44,463.0,5.202247191011236,2.7593641565978615,44,6175.0,0.07995339593819577,44,6175.0,2.3400000000000034
1895.0,40,307.0,3.4886363636363638,3.195615815115523,40,6023.0,0.10792825699982554,40,6023.0,1.5200000000000031
1900.0,42,374.0,4.2988505747126435,3.4311560326178094,42,5868.0,0.11815361372189424,42,5868.0,1.5499999999999972
1905.0,45,491.0,5.455555555555556,3.5671761323537376,45,5923.0,0.12456577450191891,45,5923.0,-0.5499999999999972
1910.0,48,568.0,6.382022471910112,3.1118256989708524,48,6157.0,0.08334192788004395,48,6157.0,-2.3400000000000034
1915.0,55,748.0,8.311111111111112,2.748154420046759,55,6419.0,0.05831992793652383,55,6419.0,-2.6199999999999974
1920.0,56,926.0,10.175824175824175,2.9493003480441837,56,6651.0,0.06293283608021502,56,6651.0,-2.3200000000000074
1925.0,56,1126.0,12.795454545454545,3.16561544533822,56,6895.0,0.07746781784949489,56,6895.0,-2.4399999999999977
1930.0,53,1185.0,13.314606741573034,3.186147567246553,53,6949.0,0.08840781482571143,53,6949.0,-0.539999999999992
1935.0,50,1150.0,13.372093023255815,3.0879227591928617,50,6990.0,0.09220681842761459,50,6990.0,-0.4100000000000108
1940.0,53,1173.0,13.63953488372093,2.6313294684957085,53,7027.0,0.06484615907250085,53,7027.0,-0.36999999999999034
1945.0,52,1207.0,14.2,2.848388385371181,52,6654.0,0.08998535543514369,52,6654.0,3.7299999999999898
1950.0,48,1226.0,14.595238095238095,3.01823427732278,48,6493.0,0.10785606095715165,48,6493.0,1.6099999999999994
1955.0,46,1134.0,13.341176470588236,2.795604188668176,46,6678.0,0.09684401081350977,46,6678.0,-1.8499999999999943
1960.0,46,1134.0,13.186046511627907,3.1070876385719193,46,6858.0,0.11009009471239704,46,6858.0,-1.7999999999999972
1965.0,50,1147.0,13.654761904761905,2.8509007583753623,50,7098.0,0.0953606472130694,50,7098.0,-2.4000000000000057
1970.0,47,1113.0,13.25,3.1228863706048693,47,7125.0,0.08523270300169734,47,7125.0,-0.269999999999996
1975.0,42,1023.0,12.178571428571429,3.594287670464211,42,6919.0,0.1055383962449735,42,6919.0,2.0600000000000023
1980.0,37,908.0,10.55813953488372,4.024234460040721,37,6695.0,0.13759783794386288,37,6695.0,2.239999999999995
1985.0,33,707.0,8.518072289156626,3.887453322671108,33,6823.0,0.12965924923815414,33,6823.0,-1.2800000000000011
1990.0,35,569.0,6.855421686746988,3.754007625989239,35,6976.0,0.11397009213172167,35,6976.0,-1.5300000000000011
1995.0,36,520.0,6.419753086419753,3.856480255540161,36,7150.0,0.12870348346848515,36,7150.0,-1.7399999999999949
2000.0,39,617.0,7.810126582278481,3.659600229057344,39,7332.0,0.11711550710109775,39,7332.0,-1.8199999999999932
2005.0,44,747.0,9.109756097560975,3.5207229084621647,44,7544.0,0.10913884324835921,44,7544.0,-2.1200000000000045
2010.0,50,902.0,10.867469879518072,3.0145663714588538,50,7777.0,0.08624333829283379,50,7777.0,-2.3299999999999983
2015.0,49,982.0,11.831325301204819,2.7386876057371463,49,7792.0,0.07382396308728348,49,7792.0,-0.15000000000000568
2020.0,47,991.0,12.085365853658537,2.915037457909257,47,7571.0,0.08451915064906476,47,7571.0,2.210000000000008
2025.0,44,985.0,12.468354430379748,3.101053326558966,44,7340.0,0.11382765321693561,44,7340.0,2.309999999999988
2030.0,41,975.0,11.74698795180723,3.57410474295215,41,6876.0,0.13010912489423387,41,6876.0,4.640000000000001
2035.0,37,993.0,11.963855421686747,3.9601139305321,37,6424.0,0.14693495891882577,37,6424.0,4.52000000000001
2040.0,39,1034.0,12.765432098765432,3.7535570834750356,39,6004.0,0.13879228679553163,39,6004.0,4.199999999999996
2045.0,42,696.0,8.592592592592593,3.3864937031533957,42,6206.0,0.12308947029904656,42,6206.0,-2.020000000000003
2050.0,44,561.0,7.0125,3.2835808445817563,44,6412.0,0.1231400660606498,44,6412.0,-2.0600000000000023
2055.0,43,607.0,7.226190476190476,3.493823732605869,43,6467.0,0.13233020176762533,43,6467.0,-0.5499999999999972
2060.0,37,565.0,6.807228915662651,3.6740485486200254,37,6458.0,0.13731586783516533,37,6458.0,0.09000000000000341
2065.0,37,526.0,6.337349397590361,3.7027171098100036,37,6228.0,0.12800334178626244,37,6228.0,2.299999999999997
2070.0,35,490.0,5.903614457831325,4.314088554282263,35,6011.0,0.16123587883291027,35,6011.0,2.1700000000000017
2075.0,31,397.0,4.783132530120482,4.578120625594653,31,6019.0,0.16694826438182417,31,6019.0,-0.0799999999999983
2080.0,28,319.0,3.7976190476190474,4.694291339010631,28,6035.0,0.16686915366542895,28,6035.0,-0.1600000000000037
2085.0,32,398.0,4.853658536585366,4.574394330026503,32,5993.0,0.17873898721020057,32,5993.0,0.4200000000000017
2090.0,40,507.0,6.182926829268292,3.8170814507079296,40,6062.0,0.13425355537638278,40,6062.0,-0.6899999999999977
2095.0,42,584.0,7.121951219512195,3.3424766775533747,42,6054.0,0.1003123453137161,42,6054.0,0.0799999999999983
2100.0,39,616.0,7.604938271604938,3.5908906526476563,39,5838.0,0.11471112536340054,39,5838.0,2.1599999999999966
2105.0,36,630.0,7.682926829268292,3.8484340753474022,36,5602.0,0.13842167685325188,36,5602.0,2.3599999999999994
2110.0,33,420.0,5.0602409638554215,3.9592018244583893,33,5676.0,0.13160743360110594,33,5676.0,-0.7399999999999949
2115.0,33,424.0,5.108433734939759,3.9265442272718674,33,5724.0,0.12880087086864808,33,5724.0,-0.480000000000004
2120.0,39,508.0,6.271604938271605,3.8245757696443863,39,5885.0,0.12321385844690401,39,5885.0,-1.6099999999999994
2125.0,42,568.0,6.926829268292683,3.7795343112958695,41,5869.0,0.10600320630151881,41,5869.0,0.1600000000000037
2130.0,43,599.0,6.965116279069767,3.649656228509465,43,6086.0,0.09963092050921107,43,6086.0,-2.1700000000000017
2135.0,38,613.0,7.045977011494253,3.882495867528574,38,5846.0,0.11522291158141644,38,5846.0,2.3999999999999986
2140.0,36,613.0,7.385542168674699,3.540457086204645,36,5394.0,0.11757115868869407,36,5394.0,4.520000000000003
2145.0,35,606.0,7.390243902439025,3.8755023290437762,35,5157.0,0.14613771146636234,35,5157.0,2.3699999999999974
2150.0,32,586.0,6.976190476190476,4.171382334637981,32,4720.0,0.15444770240788108,32,4720.0,4.369999999999997
2155.0,28,594.0,6.988235294117647,4.30367641764181,28,4314.0,0.16883941676216652,28,4314.0,4.060000000000002
2160.0,26,631.0,7.695121951219512,4.32406158587132,26,4102.0,0.18447409313226668,26,4102.0,2.1199999999999974
2165.0,34,397.0,4.783132530120482,3.840692089137805,32,4124.0,0.14625788993927294,32,4124.0,-0.21999999999999886
2170.0,34,383.0,4.5058823529411764,4.105709898229996,32,4108.0,0.16414116962937536,32,4108.0,0.1600000000000037
2175.0,33,455.0,5.481927710843373,4.368993904758737,33,4199.0,0.17838410257242993,33,4199.0,-0.9100000000000037
2180.0,36,542.0,6.376470588235295,4.222403018147824,35,4350.0,0.1584498382461951,35,4350.0,-1.509999999999998
2185.0,33,568.0,6.682352941176471,4.710810399182637,33,4339.0,0.16582570416105377,33,4339.0,0.10999999999999943
2190.0,31,570.0,6.951219512195122,4.632412618780387,31,4108.0,0.15349875960571888,31,4108.0,2.3100000000000023
2195.0,31,612.0,7.463414634146342,4.972108562437591,31,3888.0,0.1793195411840477,31,3888.0,2.1999999999999957
2200.0,30,656.0,8.098765432098766,5.149751048269127,30,3492.0,0.19370213451472773,30,3492.0,3.960000000000001
2205.0,30,701.0,8.44578313253012,5.052404360433087,30,3141.0,0.18986214625242442,30,3141.0,3.5100000000000016
2210.0,32,748.0,9.012048192771084,5.040290079251118,31,2836.0,0.19148314625049975,31,2836.0,3.0500000000000007
2215.0,36,776.0,9.129411764705882,4.374493364887053,34,2965.0,0.1410591630098965,34,2965.0,-1.2899999999999991
2220.0,35,826.0,9.951807228915662,4.461459495771789,35,3132.0,0.1575146088374323,35,3132.0,-1.6700000000000017
2225.0,35,888.0,10.698795180722891,4.608969712415013,34,3300.0,0.16729797475767655,34,3300.0,-1.6799999999999997
2230.0,36,610.0,7.261904761904762,4.509904374915607,35,3342.0,0.14875988077140076,35,3342.0,-0.4200000000000017
2235.0,32,535.0,6.6875,4.3448812089264965,32,3380.0,0.15235719539847928,32,3380.0,-0.37999999999999545
2240.0,33,639.0,7.9875,4.466152779722632,33,3438.0,0.15724942589217755,33,3438.0,-0.5800000000000054
2245.0,38,812.0,10.278481012658228,4.3397867409536115,38,3482.0,0.15111240180638555,38,3482.0,-0.4399999999999977
2250.0,41,912.0,11.692307692307692,4.069213901769247,41,3531.0,0.13906182770312797,41,3531.0,-0.490000000000002
2255.0,42,947.0,11.548780487804878,3.9288553207581765,42,3440.0,0.13052296912815925,42,3440.0,0.9100000000000037
2260.0,41,982.0,12.123456790123457,4.031742501215658,41,3353.0,0.12921513704395368,41,3353.0,0.8699999999999974
2265.0,42,998.0,12.475,3.519014529621079,42,3539.0,0.09064048848706206,42,3539.0,-1.8599999999999994
2270.0,44,1044.0,13.215189873417721,3.69187725609862,44,3757.0,0.10447783923046251,44,3757.0,-2.1799999999999997
2275.0,45,1097.0,13.886075949367088,3.7626279273441856,45,3978.0,0.11155746617380585,45,3978.0,-2.210000000000001
2280.0,44,1106.0,13.654320987654321,3.5960104863196722,44,4044.0,0.0993567487558452,44,4044.0,-0.6599999999999966
2285.0,40,1069.0,13.3625,3.5632219050237737,40,3944.0,0.11207210055908566,40,3944.0,1.0
2290.0,39,1019.0,12.7375,3.484622556882532,39,3840.0,0.11680570642899814,39,3840.0,1.0399999999999991
2295.0,35,957.0,11.9625,3.8851020792977096,35,3589.0,0.13511932404206556,35,3589.0,2.509999999999998
2300.0,32,907.0,11.481012658227849,4.311949883614333,32,3404.0,0.16066949049338414,32,3404.0,1.8500000000000014
2305.0,29,793.0,10.037974683544304,3.9358168564455163,29,3552.0,0.15536200963174598,29,3552.0,-1.480000000000004
2310.0,32,848.0,10.469135802469136,3.6398147366227356,32,3645.0,0.13997596252777822,32,3645.0,-0.9299999999999997
2315.0,36,940.0,11.463414634146341,3.4738147261927335,36,3773.0,0.12183906566812851,36,3773.0,-1.279999999999994
2320.0,40,1017.0,12.555555555555555,3.451136414180355,40,3840.0,0.11837716618721636,40,3840.0,-0.6700000000000017
2325.0,38,1070.0,13.209876543209877,3.812852556630941,38,3793.0,0.1456086973617911,38,3793.0,0.46999999999999886
2330.0,36,1107.0,13.023529411764706,4.178064870678939,36,3731.0,0.1590962272039677,36,3731.0,0.6199999999999974
2335.0,32,1127.0,13.104651162790697,4.5192091420416745,32,3540.0,0.16753076738459938,32,3540.0,1.9100000000000037
2340.0,31,1153.0,13.564705882352941,4.346971608921163,31,3359.0,0.15856830248086037,31,3359.0,1.8099999999999952
2345.0,30,1217.0,14.488095238095237,4.887750890230973,30,3296.0,0.18886391164820074,30,3296.0,0.6300000000000026
2350.0,30,1294.0,15.404761904761905,5.027083387604174,30,3136.0,0.19843856067449372,30,3136.0,1.6000000000000014
2355.0,31,1367.0,16.08235294117647,4.895593006110636,30,3083.0,0.19745762685218027,30,3083.0,0.5300000000000011
2360.0,33,1450.0,16.86046511627907,4.390089052472464,31,3040.0,0.1630499321041947,31,3040.0,0.4299999999999997
2365.0,32,1412.0,16.611764705882354,4.29187695857729,32,3196.0,0.15816615511449467,32,3196.0,-1.5600000000000023
2370.0,35,1508.0,17.741176470588236,4.4427798341790625,34,3359.0,0.1662441534655345,34,3359.0,-1.6300000000000026
2375.0,38,1617.0,19.023529411764706,4.416660200158415,37,3534.0,0.1615889055747512,37,3534.0,-1.75
2380.0,36,1729.0,19.647727272727273,4.430782098733798,36,3601.0,0.1652346763455741,36,3601.0,-0.6699999999999946
2385.0,35,1817.0,21.127906976744185,4.43942560097386,35,3579.0,0.17478601377023462,35,3579.0,0.21999999999999886
2390.0,37,1913.0,22.773809523809526,4.206359176092984,37,3560.0,0.16503048653958025,37,3560.0,0.18999999999999773
2395.0,39,2017.0,23.729411764705883,4.125862977161276,39,3482.0,0.15874528239632701,39,3482.0,0.7800000000000011
2400.0,39,1877.0,22.345238095238095,3.6987952214341697,38,3569.0,0.14495001840792843,38,3569.0,-0.8699999999999974
2405.0,41,1938.0,22.022727272727273,3.7624506561398037,41,3630.0,0.1471922981959666,41,3630.0,-0.6099999999999994
2410.0,43,2066.0,24.023255813953487,3.5897243613592984,43,3789.0,0.1369203335188264,43,3789.0,-1.5900000000000034
2415.0,45,1457.0,16.74712643678161,3.5882031141867277,45,3737.0,0.10735614087397774,45,3737.0,0.5200000000000031
2420.0,41,809.0,9.193181818181818,3.7818730924264723,41,3700.0,0.1113758256488211,41,3700.0,0.36999999999999744
2425.0,39,729.0,8.284090909090908,4.16987355771349,39,3468.0,0.13791667313098746,39,3468.0,2.3200000000000003
2430.0,40,895.0,10.0561797752809,4.170747229544905,40,3200.0,0.14953826392557767,40,3200.0,2.6799999999999997
2435.0,45,900.0,10.0,3.678230283653281,45,3281.0,0.11801466583869563,45,3281.0,-0.8100000000000023
2440.0,51,998.0,11.340909090909092,3.2107313345136275,51,3317.0,0.09403893291143735,51,3317.0,-0.35999999999999943
2445.0,56,1268.0,14.247191011235955,3.3282844397660876,56,3467.0,0.09803217906063842,56,3467.0,-1.5
2450.0,57,1402.0,15.931818181818182,3.2246341515467054,57,3616.0,0.08159271404019675,57,3616.0,-1.4899999999999949
2455.0,54,1424.0,15.478260869565217,3.447295903643122,54,3630.0,0.09498685636378784,54,3630.0,-0.14000000000000057
2460.0,49,1428.0,16.04494382022472,3.5016192549094347,49,3623.0,0.10516113576318523,49,3623.0,0.07000000000000028
2465.0,49,1422.0,15.8,3.5845136880691024,49,3494.0,0.09903946382249196,49,3494.0,1.2899999999999991
2470.0,45,1406.0,15.977272727272727,3.9829012595767805,45,3377.0,0.12383563317083135,45,3377.0,1.1699999999999946
2475.0,42,1373.0,15.602272727272727,4.347157505371703,42,3271.0,0.15163580823924147,42,3271.0,1.0600000000000023
2480.0,37,1243.0,13.811111111111112,4.191802576775634,37,3468.0,0.14037803790173112,37,3468.0,-1.9699999999999989
2485.0,42,1193.0,13.255555555555556,4.017187736274607,42,3670.0,0.1373325131746083,42,3670.0,-2.020000000000003
2490.0,43,1136.0,12.909090909090908,3.6384535974104466,43,3822.0,0.11587176446682089,43,3822.0,-1.519999999999996
2495.0,42,916.0,10.528735632183908,3.6702673714912066,42,3867.0,0.12356517268754606,42,3867.0,-0.45000000000000284
2500.0,41,673.0,7.91764705882353,3.8532833546503324,41,3816.0,0.14683314928991345,41,3816.0,0.5100000000000051
2505.0,43,721.0,8.101123595505618,4.166169636751413,43,3849.0,0.15942071998858914,43,3849.0,-0.3300000000000054
2510.0,43,635.0,7.383720930232558,3.8268829462622973,43,3974.0,0.14031660805880652,43,3974.0,-1.25
2515.0,44,784.0,9.116279069767442,3.9057954956828502,44,4074.0,0.12373090629795197,44,4074.0,-1.0
2520.0,50,1024.0,12.19047619047619,3.8234245992495746,50,4293.0,0.12473372952379448,50,4293.0,-2.1899999999999977
2525.0,53,1151.0,13.702380952380953,3.3895349689500542,53,4406.0,0.09562870105316072,53,4406.0,-1.1300000000000026
2530.0,52,1191.0,13.534090909090908,3.363767056278086,52,4382.0,0.08719515557339029,52,4382.0,0.240000000000002
2535.0,49,1223.0,14.057471264367816,3.5772849901558534,49,4352.0,0.10974947262994052,49,4352.0,0.29999999999999716
2540.0,48,1244.0,14.465116279069768,3.418955579099735,48,4177.0,0.10006794755230994,48,4177.0,1.75
2545.0,47,1116.0,12.827586206896552,3.373327665623367,46,4321.0,0.1004624448695657,46,4321.0,-1.4399999999999977
2550.0,48,1090.0,12.823529411764707,3.2470422075132532,48,4556.0,0.10096400096497278,48,4556.0,-2.3500000000000014
2555.0,47,1083.0,12.593023255813954,3.2836126554364666,47,4718.0,0.10646093700287186,47,4718.0,-1.6199999999999974
2560.0,48,1053.0,12.244186046511627,3.091394945824682,48,4796.0,0.09274852263282002,48,4796.0,-0.7800000000000011
2565.0,48,995.0,11.306818181818182,2.9711730291696834,48,4741.0,0.0929529643730042,48,4741.0,0.5500000000000043
2570.0,44,928.0,10.426966292134832,3.550201574931372,44,4679.0,0.11918558701325445,44,4679.0,0.6199999999999974
2575.0,41,847.0,9.625,4.024233357794514,41,4475.0,0.13876464179292666,41,4475.0,2.039999999999999
2580.0,36,775.0,8.806818181818182,4.45403833233804,36,4272.0,0.17178328957029457,36,4272.0,2.030000000000001
2585.0,31,735.0,8.546511627906977,4.520036853360522,31,4058.0,0.17940621111470484,31,4058.0,2.1400000000000006
2590.0,31,706.0,8.404761904761905,4.232815339514691,31,4209.0,0.16655482425898224,31,4209.0,-1.5100000000000051
2595.0,34,692.0,8.439024390243903,4.033435486520051,34,4368.0,0.1517183150401301,34,4368.0,-1.5899999999999963
2600.0,43,814.0,9.69047619047619,3.844921778588239,43,4565.0,0.13551670494164508,43,4565.0,-1.9699999999999989
2605.0,41,907.0,10.670588235294117,3.7512571534611325,41,4636.0,0.13984326913407966,41,4636.0,-0.7100000000000009
2610.0,37,955.0,11.235294117647058,3.871876104906629,37,4549.0,0.14721765925952232,37,4549.0,0.8699999999999974
2615.0,37,995.0,11.569767441860465,4.016431139109591,37,4461.0,0.152264816901798,37,4461.0,0.8800000000000026
2620.0,35,720.0,8.470588235294118,3.9111870482033937,35,4468.0,0.1568233036052856,35,4468.0,-0.07000000000000028
2625.0,32,503.0,5.91764705882353,4.318202108643188,32,4364.0,0.16385871049663348,32,4364.0,1.0399999999999991
2630.0,37,608.0,6.988505747126437,4.331534073778502,37,4347.0,0.16705109056795495,37,4347.0,0.1700000000000017
2635.0,43,693.0,7.875,3.7695769508945847,43,4400.0,0.13585197657367193,43,4400.0,-0.5300000000000011
2640.0,44,762.0,8.758620689655173,3.099265114762828,44,4475.0,0.08451499580375085,44,4475.0,-0.75
2645.0,43,834.0,9.811764705882354,3.204663563308695,43,4552.0,0.10498225442582598,43,4552.0,-0.7700000000000031
2650.0,40,730.0,8.588235294117647,3.2006362406432434,40,4617.0,0.10049363127864105,40,4617.0,-0.6499999999999986
2655.0,40,609.0,6.766666666666667,3.3093060355500863,40,4694.0,0.10432554140627341,40,4694.0,-0.769999999999996
2660.0,39,685.0,7.696629213483146,3.3064306864209505,39,4788.0,0.11049471891230857,39,4788.0,-0.9400000000000048
2665.0,47,776.0,8.719101123595506,2.839757254470666,47,4850.0,0.08450116859575527,47,4850.0,-0.6199999999999974
2670.0,48,856.0,9.727272727272727,2.9422212534222925,48,4782.0,0.08727747209991032,48,4782.0,0.6799999999999997
2675.0,48,935.0,10.74712643678161,3.0947194639486257,48,4710.0,0.11487714324303173,48,4710.0,0.7199999999999989
2680.0,43,999.0,11.224719101123595,3.3215881098902273,43,4486.0,0.1216028751318528,43,4486.0,2.240000000000002
2685.0,41,897.0,10.07865168539326,3.0536685511041703,41,4583.0,0.10312482953035944,41,4583.0,-0.9699999999999989
2690.0,42,870.0,9.775280898876405,3.116560966515613,42,4640.0,0.10716708679573539,42,4640.0,-0.5700000000000003
2695.0,44,968.0,10.755555555555556,3.345096917700824,44,4779.0,0.11406987593682977,44,4779.0,-1.3900000000000006
2700.0,48,1113.0,12.50561797752809,3.2427694666774474,48,5008.0,0.10539367701170471,48,5008.0,-2.289999999999999
2705.0,49,1216.0,13.075268817204302,3.3344513537963816,49,5088.0,0.09791257582976154,49,5088.0,-0.8000000000000043
2710.0,49,1281.0,13.774193548387096,3.241583457936088,49,5013.0,0.0954359276114726,49,5013.0,0.75
2715.0,50,1349.0,14.351063829787234,3.3760046451103225,50,4947.0,0.10323204443246899,50,4947.0,0.6600000000000037
2720.0,45,1404.0,15.26086956521739,3.782709483574183,45,4735.0,0.12369164955020695,45,4735.0,2.1199999999999974
2725.0,40,1434.0,15.933333333333334,4.2137649458415645,40,4519.0,0.15531219298282842,40,4519.0,2.1600000000000037
2730.0,37,1460.0,16.043956043956044,4.408598188935742,37,4296.0,0.17315173933851868,37,4296.0,2.229999999999997
2735.0,40,1544.0,16.602150537634408,4.284834003651135,39,4102.0,0.16737518440012417,39,4102.0,1.9399999999999977
2740.0,40,1628.0,17.89010989010989,3.9446052020117963,39,4059.0,0.15033704733054565,39,4059.0,0.4299999999999997
2745.0,41,1478.0,16.60674157303371,3.9624429724762873,39,4131.0,0.15157478796821844,39,4131.0,-0.7199999999999989
2750.0,41,1292.0,14.51685393258427,4.0430591978528,40,4329.0,0.15506565792115884,40,4329.0,-1.9799999999999969
2755.0,42,1392.0,14.96774193548387,4.028063275576403,42,4526.0,0.15603934609696368,42,4526.0,-1.9699999999999989
2760.0,40,913.0,9.923913043478262,3.857213315719545,40,4513.0,0.15039824005173097,40,4513.0,0.12999999999999545
2765.0,40,543.0,5.9021739130434785,4.060294021456417,39,4352.0,0.1563937284946338,39,4352.0,1.6099999999999994
2770.0,39,667.0,7.411111111111111,4.597095085508491,39,4271.0,0.18772830177879934,39,4271.0,0.8100000000000023
2775.0,44,790.0,8.977272727272727,4.337699888024577,44,4278.0,0.1550049519487151,44,4278.0,-0.07000000000000028
2780.0,47,874.0,9.71111111111111,4.089950328623956,47,4191.0,0.13969224641487268,47,4191.0,0.8700000000000045
2785.0,50,1096.0,12.177777777777777,3.7285728187667604,50,4192.0,0.12420419769044247,50,4192.0,-0.010000000000005116
2790.0,57,1234.0,13.71111111111111,2.9782138466193873,57,4307.0,0.07124670373487872,57,4307.0,-1.1499999999999986
2795.0,55,1297.0,14.411111111111111,3.205876266447758,55,4288.0,0.08835562078071019,55,4288.0,0.18999999999999773
2800.0,53,1344.0,15.101123595505618,3.543425668170312,53,4257.0,0.11019104800697574,53,4257.0,0.3100000000000023
2805.0,48,1372.0,14.91304347826087,3.7727217500758026,48,4074.0,0.11864249187966212,48,4074.0,1.8299999999999983
2810.0,45,1383.0,14.870967741935484,4.177178827728529,45,3920.0,0.14234795277910506,45,3920.0,1.5399999999999991
2815.0,42,1379.0,15.322222222222223,4.077361602335249,42,3788.0,0.1474931002949641,42,3788.0,1.3200000000000003
2820.0,45,1281.0,14.233333333333333,3.669247919369984,44,4001.0,0.12838957771518808,44,4001.0,-2.1299999999999955
2825.0,45,1209.0,13.584269662921349,3.5725292509009927,45,4218.0,0.12852907861090695,45,4218.0,-2.1700000000000017
2830.0,45,1202.0,13.355555555555556,3.525757746795974,45,4316.0,0.13900285146761213,45,4316.0,-0.9799999999999969
2835.0,39,956.0,10.622222222222222,3.8099719153812153,39,4361.0,0.14838829749112195,39,4361.0,-0.45000000000000284
2840.0,42,788.0,8.853932584269662,3.574514978927297,42,4313.0,0.1271769029016122,42,4313.0,0.4799999999999969
2845.0,45,889.0,9.76923076923077,3.664461645816172,45,4441.0,0.13684056377367584,45,4441.0,-1.279999999999994
2850.0,47,1024.0,11.252747252747254,3.6860100976354464,47,4553.0,0.12285271552774726,47,4553.0,-1.1200000000000045
2855.0,47,1206.0,12.829787234042554,3.8982961674744057,47,4620.0,0.1376413962626484,47,4620.0,-0.6700000000000017
2860.0,52,1456.0,15.655913978494624,3.7147079943202486,52,4786.0,0.1279545219828023,52,4786.0,-1.6599999999999966
2865.0,58,1602.0,17.41304347826087,2.972491994726755,58,4907.0,0.08541936471319808,58,4907.0,-1.2100000000000009
2870.0,58,1671.0,18.566666666666666,2.8790116199944813,58,4888.0,0.06828864995196506,58,4888.0,0.18999999999999773
2875.0,55,1733.0,19.693181818181817,3.151083966380718,55,4865.0,0.09748936007873112,55,4865.0,0.23000000000000398
2880.0,51,1777.0,19.744444444444444,3.3758589518230617,51,4694.0,0.11673606353185545,51,4694.0,1.7100000000000009
2885.0,48,1804.0,20.044444444444444,3.5135112247588003,48,4521.0,0.12453844693938236,48,4521.0,1.7299999999999969
2890.0,47,1696.0,18.844444444444445,3.147468649353427,47,4651.0,0.0963565879082255,47,4651.0,-1.2999999999999972
2895.0,47,1627.0,17.87912087912088,3.5524677216344913,47,4724.0,0.1190680541660878,47,4724.0,-0.730000000000004
2900.0,46,1633.0,18.144444444444446,3.830407895372217,46,4884.0,0.13783993920271384,46,4884.0,-1.6000000000000014
2905.0,45,1602.0,17.604395604395606,3.694004824147127,45,4954.0,0.12525588972588547,45,4954.0,-0.6999999999999957
2910.0,41,1525.0,16.75824175824176,3.996053607571681,41,4868.0,0.12740557719203988,41,4868.0,0.8599999999999994
2915.0,40,1438.0,15.630434782608695,4.138006596533217,40,4777.0,0.12548105914083463,40,4777.0,0.9099999999999966
2920.0,39,1241.0,13.9438202247191,3.9716896659188112,38,4906.0,0.12538121894491278,38,4906.0,-1.2899999999999991
2925.0,37,1228.0,13.797752808988765,4.239769948488889,37,5101.0,0.13387641269704773,37,5101.0,-1.9499999999999957
2930.0,38,1294.0,14.219780219780219,4.411488776374967,38,5197.0,0.14809714433392038,38,5197.0,-0.9600000000000009
2935.0,41,1382.0,15.355555555555556,3.9501706594631845,41,5243.0,0.12127385985754227,41,5243.0,-0.46000000000000085
2940.0,44,1450.0,16.292134831460675,3.565860280215275,44,5148.0,0.0946066606008929,44,5148.0,0.9500000000000028
2945.0,44,1524.0,17.72093023255814,3.4760098992239477,44,5058.0,0.1169789463240256,44,5058.0,0.8999999999999986
2950.0,43,1561.0,18.36470588235294,3.3893542357195745,42,5241.0,0.11099615419525857,42,5241.0,-1.8299999999999983
2955.0,42,1621.0,18.420454545454547,3.489803217937622,42,5453.0,0.11430885280618286,42,5453.0,-2.1200000000000045
2960.0,44,1695.0,19.709302325581394,3.101540062121668,44,5651.0,0.10273634055535785,44,5651.0,-1.9799999999999969
2965.0,45,1788.0,21.03529411764706,2.710544172316122,45,5707.0,0.08489760885044774,45,5707.0,-0.5600000000000023
2970.0,45,1863.0,21.91764705882353,2.9552511757143107,45,5599.0,0.10512934779846389,45,5599.0,1.0799999999999983
2975.0,45,1938.0,22.53488372093023,3.367668605605779,45,5506.0,0.119825336279744,45,5506.0,0.9299999999999997
2980.0,42,2001.0,22.233333333333334,3.613873710908304,42,5281.0,0.1321326344895407,42,5281.0,2.25
2985.0,39,1317.0,14.633333333333333,3.513844200777952,39,5210.0,0.12974474414757106,39,5210.0,0.7100000000000009
2990.0,37,606.0,6.733333333333333,3.5404919655845144,37,4936.0,0.12385493715526026,37,4936.0,2.740000000000002
2995.0,36,490.0,5.50561797752809,3.961847097229335,36,4742.0,0.14672797722825526,36,4742.0,1.9399999999999977
3000.0,39,355.0,4.034090909090909,3.8112937078731024,39,4827.0,0.1337750370628491,39,4827.0,-0.8500000000000014
3005.0,46,447.0,4.858695652173913,3.7176263763128454,46,4899.0,0.11792273523520856,46,4899.0,-0.7199999999999989
3010.0,50,616.0,6.769230769230769,3.675335473164956,50,5093.0,0.11779196643644486,50,5093.0,-1.9399999999999977
3015.0,54,799.0,8.684782608695652,3.319392134788959,54,5351.0,0.0850758531516434,54,5351.0,-2.5799999999999983
3020.0,52,886.0,9.844444444444445,3.362462544488493,52,5441.0,0.08696480084806289,52,5441.0,-0.8999999999999986
3025.0,49,889.0,10.102272727272727,3.503092252847732,49,5344.0,0.10081595561851932,49,5344.0,0.9699999999999989
3030.0,45,914.0,10.155555555555555,3.8520194812164106,45,5232.0,0.13036688561908416,45,5232.0,1.1199999999999974
3035.0,45,964.0,10.954545454545455,3.7938239273422103,45,4976.0,0.1300591447379775,45,4976.0,2.5600000000000023
3040.0,50,949.0,10.662921348314606,3.140576339278419,50,5161.0,0.0921564830803418,50,5161.0,-1.8500000000000014
3045.0,50,1019.0,11.44943820224719,3.2019279985871236,50,5413.0,0.08808439349315357,50,5413.0,-2.520000000000003
3050.0,51,1097.0,12.325842696629213,3.3926878183746374,51,5638.0,0.10034423362019888,51,5638.0,-2.25
3055.0,50,1133.0,12.730337078651685,3.237069235719342,50,5719.0,0.10573795855934544,50,5719.0,-0.8099999999999952
3060.0,47,1123.0,12.908045977011493,3.08713497701624,47,5627.0,0.10841556585890741,47,5627.0,0.9199999999999946
3065.0,46,1103.0,12.534090909090908,3.256202725298276,46,5530.0,0.10704731022835896,46,5530.0,0.970000000000006
3070.0,42,1073.0,12.193181818181818,3.854164550662773,42,5280.0,0.12570490292962003,42,5280.0,2.5
3075.0,37,1018.0,11.701149425287356,4.460471390854508,37,5026.0,0.15762005643229204,37,5026.0,2.539999999999999
3080.0,32,962.0,11.186046511627907,4.555959025211119,32,4766.0,0.1775314716166881,32,4766.0,2.6000000000000014
3085.0,29,950.0,11.176470588235293,4.587515448516628,29,4633.0,0.18776930217719318,29,4633.0,1.3299999999999983
3090.0,30,1022.0,12.023529411764706,4.546911270497746,30,4381.0,0.17761276655493327,30,4381.0,2.519999999999996
3095.0,32,1101.0,12.80232558139535,4.448124208225993,32,4406.0,0.17282663906985526,32,4406.0,-0.25
3100.0,29,1072.0,12.611764705882353,4.5376046507837575,29,4498.0,0.18316850670740584,29,4498.0,-0.9199999999999946
3105.0,32,1148.0,13.195402298850574,4.49441157611809,30,4600.0,0.1849803176216756,30,4600.0,-1.0200000000000031
3110.0,33,1229.0,14.290697674418604,4.535799591863752,32,4761.0,0.18776337002152196,32,4761.0,-1.6099999999999994
3115.0,35,998.0,11.340909090909092,4.357797962419935,35,4671.0,0.14740709610321992,35,4671.0,0.8999999999999986
3120.0,32,587.0,6.825581395348837,4.854721989054121,32,4365.0,0.18222301304695834,32,4365.0,3.0600000000000023
3125.0,33,553.0,6.583333333333333,5.081945279102239,33,4161.0,0.19957642265611675,33,4161.0,2.039999999999999
3130.0,39,733.0,8.425287356321839,4.687845085550743,39,3965.0,0.17147779376203146,39,3965.0,1.9600000000000009
3135.0,44,831.0,9.551724137931034,3.910863931306586,44,4008.0,0.12348098244008376,44,4008.0,-0.4299999999999997
3140.0,48,876.0,10.305882352941177,3.214967388874454,48,4240.0,0.0818673098846534,48,4240.0,-2.3200000000000003
3145.0,48,927.0,10.779069767441861,3.435433530915346,48,4162.0,0.08056766692615126,48,4162.0,0.7800000000000011
3150.0,47,932.0,10.837209302325581,3.6084884997324687,47,4358.0,0.09954486853656908,47,4358.0,-1.9600000000000009
3155.0,48,975.0,11.337209302325581,3.2275071569549287,48,4588.0,0.10051132740539477,48,4588.0,-2.3000000000000043
3160.0,49,1026.0,11.793103448275861,3.222419269911972,49,4827.0,0.09661756441853268,49,4827.0,-2.3900000000000006
3165.0,49,1038.0,12.506024096385541,2.4756222175098745,49,4902.0,0.06058815970738259,49,4902.0,-0.75
3170.0,47,1013.0,12.05952380952381,2.7869165366924245,47,4811.0,0.08231737786998584,47,4811.0,0.9100000000000037
3175.0,44,971.0,11.290697674418604,3.252535801034588,44,4709.0,0.11358571206789897,44,4709.0,1.019999999999996
3180.0,39,910.0,10.340909090909092,3.4244567872384626,39,4452.0,0.12296236945195692,39,4452.0,2.5700000000000003
3185.0,36,711.0,8.267441860465116,3.5073478874725024,36,4505.0,0.12575646486662087,36,4505.0,-0.529999999999994
3190.0,36,587.0,6.905882352941177,3.3824326664929547,36,4485.0,0.12282681900444439,36,4485.0,0.19999999999999574
3195.0,38,657.0,7.6395348837209305,3.551662883926652,38,4557.0,0.12412757963088134,38,4557.0,-0.7199999999999989
3200.0,41,730.0,8.39080459770115,3.5583213970710297,41,4600.0,0.11669947278395272,41,4600.0,-0.4299999999999997
3205.0,41,780.0,8.863636363636363,3.5837168799197214,41,4655.0,0.11314327959377395,41,4655.0,-0.5499999999999972
3210.0,41,830.0,9.540229885057471,3.624697585709251,41,4705.0,0.12347452537731157,41,4705.0,-0.5
3215.0,41,851.0,9.670454545454545,3.197206596855861,41,4870.0,0.09037493846794362,41,4870.0,-1.6500000000000057
3220.0,44,912.0,10.604651162790697,3.1667992869211803,44,5072.0,0.1006598433231411,44,5072.0,-2.019999999999996
3225.0,44,977.0,11.36046511627907,3.4517006354148734,44,5290.0,0.11079399001010069,44,5290.0,-2.1799999999999997
3230.0,42,646.0,7.258426966292135,3.5766876404550425,42,5341.0,0.10647899387119375,42,5341.0,-0.509999999999998
3235.0,43,555.0,6.235955056179775,3.480459800220111,43,5303.0,0.1050441781160327,43,5303.0,0.37999999999999545
3240.0,51,710.0,8.068181818181818,2.946033090142875,51,5376.0,0.08644886518940036,51,5376.0,-0.7299999999999969
3245.0,52,793.0,9.329411764705883,2.569839699648544,52,5451.0,0.07426172240875677,52,5451.0,-0.75
3250.0,48,806.0,9.710843373493976,2.731367221599688,48,5341.0,0.08377126882117572,48,5341.0,1.1000000000000014
3255.0,45,803.0,9.229885057471265,3.2302731610517776,45,5217.0,0.11377087702037952,45,5217.0,1.2399999999999949
3260.0,44,764.0,8.681818181818182,3.0425975628445654,44,5375.0,0.09778736511696128,44,5375.0,-1.5799999999999983
3265.0,47,815.0,9.261363636363637,2.8368226443502826,47,5566.0,0.07353931441343639,47,5566.0,-1.9099999999999966
3270.0,51,904.0,10.511627906976743,2.9228517109627123,51,5796.0,0.08987926340061739,51,5796.0,-2.3000000000000043
3275.0,53,968.0,11.255813953488373,2.7825912812094065,53,5871.0,0.07492841231172206,53,5871.0,-0.75
3280.0,51,997.0,11.202247191011235,2.971838393677471,51,5760.0,0.09115781970743454,51,5760.0,1.1099999999999994
3285.0,46,1007.0,11.443181818181818,3.276738143637333,46,5633.0,0.10782130169745813,46,5633.0,1.2700000000000031
3290.0,46,1004.0,11.409090909090908,2.993892266169396,46,5860.0,0.09201401210391283,46,5860.0,-2.270000000000003
3295.0,46,1004.0,11.811764705882354,3.036286884366151,46,6090.0,0.09116809070196187,46,6090.0,-2.299999999999997
3300.0,46,1004.0,11.952380952380953,3.248903252131118,46,6320.0,0.10156117760050147,46,6320.0,-2.3000000000000043
3305.0,43,953.0,11.081395348837209,3.25306035486023,43,6349.0,0.10422947608470251,43,6349.0,-0.28999999999999915
3310.0,39,883.0,10.267441860465116,3.551116159509951,39,6163.0,0.11789671882223003,39,6163.0,1.8599999999999994
3315.0,42,933.0,10.976470588235294,3.284283451986523,42,5981.0,0.11078847449476507,42,5981.0,1.8200000000000003
3320.0,41,992.0,11.670588235294117,3.499320996442616,41,5641.0,0.1278692864671783,41,5641.0,3.4000000000000057
3325.0,38,1039.0,12.518072289156626,3.7052479957457294,38,5319.0,0.1450997022434813,38,5319.0,3.219999999999999
3330.0,36,1072.0,12.761904761904763,3.7733365727777772,36,5167.0,0.16687404017973914,36,5167.0,1.519999999999996
3335.0,35,1096.0,13.047619047619047,3.7582183753105367,34,4867.0,0.15822244775293198,34,4867.0,3.0
3340.0,34,1105.0,13.475609756097562,3.4087313525640552,34,5028.0,0.14461699117999843,34,5028.0,-1.6099999999999994
3345.0,38,1209.0,14.74390243902439,3.3769714696481805,38,5212.0,0.13327476443600245,38,5212.0,-1.8399999999999963
3350.0,44,1341.0,16.156626506024097,3.490838908613095,43,5415.0,0.1370619705812805,43,5415.0,-2.030000000000001
3355.0,42,1428.0,16.413793103448278,3.654730217788239,41,5461.0,0.13821106397832683,41,5461.0,-0.46000000000000085
3360.0,38,1472.0,16.727272727272727,3.9222530636030344,38,5354.0,0.15029103141240283,38,5354.0,1.0700000000000003
3365.0,38,1513.0,17.593023255813954,3.8965996281346738,38,5240.0,0.1504967954770103,38,5240.0,1.1400000000000006
3370.0,35,1573.0,18.50588235294118,4.307386651333655,34,4975.0,0.1758444847829585,34,4975.0,2.6499999999999986
3375.0,35,1666.0,19.833333333333332,4.3880458679746726,34,4853.0,0.19051922570530594,34,4853.0,1.2199999999999989
3380.0,36,1412.0,16.045454545454547,4.050126182612049,35,4884.0,0.15850637371485626,35,4884.0,-0.3100000000000023
3385.0,36,1379.0,15.49438202247191,3.745132186831142,36,4855.0,0.1391458518519573,36,4855.0,0.29000000000000625
3390.0,43,1505.0,16.72222222222222,3.786179645499282,43,4942.0,0.13128940597071115,43,4942.0,-0.8700000000000045
3395.0,42,1501.0,16.865168539325843,3.817672523809241,42,5078.0,0.13142031648369193,42,5078.0,-1.3599999999999994
3400.0,44,1629.0,18.1,4.107710014729079,44,5197.0,0.13111773938789043,44,5197.0,-1.1899999999999977
3405.0,44,1776.0,19.304347826086957,4.082234359703917,44,5405.0,0.13657081354730038,44,5405.0,-2.0799999999999983
3410.0,46,1979.0,21.988888888888887,3.676456822486481,46,5630.0,0.11372651534559776,46,5630.0,-2.25
3415.0,50,2117.0,23.786516853932586,3.3240204208692936,50,5701.0,0.08527711974564452,50,5701.0,-0.7100000000000009
3420.0,52,2192.0,24.087912087912088,3.4855166278390106,52,5615.0,0.09730364706641821,52,5615.0,0.8599999999999994
3425.0,51,2267.0,25.471910112359552,3.483905722832509,51,5534.0,0.10852699378193094,51,5534.0,0.8099999999999952
3430.0,49,2337.0,25.129032258064516,3.8044474273649977,49,5302.0,0.11571197420368098,49,5302.0,2.3200000000000003
3435.0,45,1661.0,17.86021505376344,3.7576499957393494,45,5268.0,0.11309028044920744,45,5268.0,0.3400000000000034
3440.0,46,953.0,10.24731182795699,3.4466958239728216,46,5031.0,0.10245165656328258,46,5031.0,2.3699999999999974
3445.0,42,812.0,9.022222222222222,3.802836283329115,42,4871.0,0.1296705586251833,42,4871.0,1.6000000000000014
3450.0,44,847.0,9.625,4.039963339400599,44,4706.0,0.13490252255858917,44,4706.0,1.6499999999999986
3455.0,48,731.0,8.306818181818182,3.537870393621922,48,4931.0,0.11742512378600338,48,4931.0,-2.25
3460.0,48,761.0,8.647727272727273,3.2110551177561293,48,5085.0,0.09132837440269256,48,5085.0,-1.5399999999999991
3465.0,50,832.0,9.348314606741573,3.021245583393629,50,5224.0,0.078396971715037,50,5224.0,-1.3900000000000006
3470.0,51,861.0,9.674157303370787,3.115776548128418,51,5290.0,0.08907502898260938,51,5290.0,-0.6599999999999966
3475.0,50,870.0,9.666666666666666,3.2314048691654085,50,5355.0,0.09130750906162373,50,5355.0,-0.6499999999999986
3480.0,46,905.0,9.731182795698924,3.6448743441738336,46,5402.0,0.10573061859385124,46,5402.0,-0.47000000000000597
3485.0,46,955.0,10.380434782608695,3.8648056839593607,46,5083.0,0.1257770893817413,46,5083.0,3.190000000000005
3490.0,49,1008.0,11.2,3.185214538174751,49,4956.0,0.0954420296506739,49,4956.0,1.269999999999996
3495.0,47,1064.0,12.229885057471265,3.397959088342307,47,4660.0,0.10990004998130552,47,4660.0,2.960000000000001
3500.0,43,1103.0,12.976470588235294,3.5832671052026828,43,4545.0,0.13679409252369404,43,4545.0,1.1499999999999986
3505.0,39,1122.0,12.89655172413793,3.7943085207412555,39,4274.0,0.15307042250319247,39,4274.0,2.710000000000001
3510.0,37,1123.0,12.761363636363637,3.820892011571833,36,4152.0,0.15003500496790245,36,4152.0,1.2199999999999989
3515.0,39,901.0,10.238636363636363,3.528115121735053,38,4337.0,0.12579571242016152,38,4337.0,-1.8499999999999943
3520.0,41,885.0,10.172413793103448,3.726914933789895,41,4530.0,0.13666651746702774,41,4530.0,-1.9299999999999997
3525.0,40,904.0,10.511627906976743,3.9488723515217417,40,4730.0,0.14375005357492568,40,4730.0,-2.0
3530.0,38,899.0,10.333333333333334,3.944495901210257,38,4756.0,0.144452365503253,38,4756.0,-0.2600000000000051
3535.0,33,908.0,10.436781609195402,4.308589371335021,33,4596.0,0.16111460906682895,33,4596.0,1.6000000000000014
3540.0,35,994.0,11.55813953488372,4.2374458346260155,35,4436.0,0.1608168488319078,35,4436.0,1.6000000000000014
3545.0,35,886.0,10.30232558139535,4.278638596901293,35,4517.0,0.15119816071975556,35,4517.0,-0.8100000000000023
3550.0,39,947.0,11.011627906976743,4.16356692654399,39,4572.0,0.14731931835740927,39,4572.0,-0.5499999999999972
3555.0,44,1072.0,12.181818181818182,3.8735347744540287,44,4735.0,0.13409149765634445,44,4735.0,-1.6300000000000026
3560.0,45,1084.0,12.318181818181818,3.3355726298072117,45,4818.0,0.09962384582752427,45,4818.0,-0.8299999999999983
3565.0,47,1122.0,13.046511627906977,3.0960018137342504,47,4837.0,0.08569003520544549,47,4837.0,-0.18999999999999773
3570.0,49,1280.0,14.545454545454545,3.356232502357473,49,4954.0,0.10198774318174285,49,4954.0,-1.1700000000000017
3575.0,49,1355.0,15.224719101123595,3.3686847382809395,49,5037.0,0.09098249388237326,49,5037.0,-0.8299999999999983
3580.0,45,1363.0,14.978021978021978,3.567779797572142,45,4953.0,0.10810685160193768,45,4953.0,0.8399999999999963
3585.0,42,1404.0,15.775280898876405,3.8880732923641537,42,4854.0,0.1282652244056164,42,4854.0,0.990000000000002
3590.0,46,1470.0,16.51685393258427,3.5611380797907035,46,4636.0,0.10603219553795717,46,4636.0,2.1799999999999997
3595.0,45,1545.0,17.556818181818183,3.792575157969591,45,4446.0,0.12680622383787027,45,4446.0,1.8999999999999986
3600.0,43,1617.0,18.168539325842698,4.062450722522664,43,4412.0,0.14062667435260445,43,4412.0,0.3400000000000034
3605.0,40,1674.0,18.808988764044944,4.090386288274041,40,4253.0,0.16054947388805033,40,4253.0,1.5899999999999963
3610.0,40,1652.0,18.355555555555554,3.7915563006479234,39,4402.0,0.14429517782501655,39,4402.0,-1.490000000000002
3615.0,41,1697.0,18.855555555555554,3.738951367613792,40,4577.0,0.133869085299755,40,4577.0,-1.75
3620.0,43,1756.0,19.730337078651687,3.910227779895843,43,4792.0,0.14056334422534011,43,4792.0,-2.1499999999999986
3625.0,42,1774.0,20.39080459770115,3.9052064150684487,42,4868.0,0.13160214219526337,42,4868.0,-0.759999999999998
3630.0,39,1755.0,19.285714285714285,4.279993164959381,39,4800.0,0.1483497806686111,39,4800.0,0.6799999999999997
3635.0,34,1765.0,19.61111111111111,4.7827413523175135,34,4714.0,0.18134076671435662,34,4714.0,0.8599999999999994
3640.0,32,1250.0,14.044943820224718,4.609992585899705,32,4610.0,0.16729384691236687,32,4610.0,1.0399999999999991
3645.0,33,579.0,6.433333333333334,4.6744712552703165,33,4316.0,0.15881705519869094,33,4316.0,2.940000000000005
3650.0,35,481.0,5.404494382022472,4.720962881114239,35,4109.0,0.1657309560001327,35,4109.0,2.069999999999993
3655.0,39,546.0,6.066666666666666,4.14962050925763,39,4151.0,0.12915211115589603,39,4151.0,-0.4199999999999946
3660.0,42,603.0,6.8522727272727275,3.7874899432792266,42,4080.0,0.10907467527474013,42,4080.0,0.7100000000000009
3665.0,41,659.0,7.662790697674419,3.739078056639154,41,4014.0,0.1165091720034022,41,4014.0,0.6599999999999966
3670.0,40,672.0,8.0,3.5045357860325366,40,4182.0,0.11177131383904762,40,4182.0,-1.6799999999999997
3675.0,40,724.0,8.51764705882353,3.756888659361066,40,4376.0,0.12235884503434816,40,4376.0,-1.9399999999999977
3680.0,42,832.0,9.454545454545455,3.682627299443368,42,4579.0,0.12353958766166157,42,4579.0,-2.030000000000001
3685.0,44,886.0,10.183908045977011,3.48404782331952,44,4615.0,0.10810991056007495,44,4615.0,-0.35999999999999943
3690.0,47,888.0,10.206896551724139,3.0829186387487613,47,4542.0,0.09284504121631476,47,4542.0,0.7299999999999969
3695.0,50,1054.0,12.4,3.104737843373898,50,4580.0,0.10938227693649363,50,4580.0,-0.37999999999999545
3700.0,51,1139.0,13.55952380952381,2.755543912519634,51,4668.0,0.08372064803733374,51,4668.0,-0.8800000000000026
3705.0,48,1161.0,13.344827586206897,3.1152021662613607,48,4601.0,0.10310428152122879,48,4601.0,0.6700000000000017
3710.0,44,1173.0,13.482758620689655,3.2556268661800742,44,4519.0,0.1123807162050464,44,4519.0,0.8200000000000003
3715.0,46,1232.0,13.842696629213483,3.346809012051546,46,4293.0,0.10621373823654331,46,4293.0,2.259999999999998
3720.0,46,1275.0,14.488636363636363,3.354143927406676,46,4491.0,0.10601717007627756,46,4491.0,-1.9799999999999969
3725.0,51,1370.0,15.568181818181818,3.3287177778828125,51,4733.0,0.10510034271637188,51,4733.0,-2.4200000000000017
3730.0,53,1483.0,16.662921348314608,3.102464452702648,53,4994.0,0.10188046591222949,53,4994.0,-2.6099999999999994
3735.0,53,1494.0,16.417582417582416,3.063499807306672,53,5158.0,0.08721353661389629,53,5158.0,-1.6400000000000006
3740.0,53,1544.0,16.967032967032967,2.9402837365119336,53,5281.0,0.08727741884204225,53,5281.0,-1.230000000000004
3745.0,56,1669.0,18.544444444444444,2.9979018432099136,56,5494.0,0.10256611673085082,56,5494.0,-2.1299999999999955
3750.0,55,1711.0,19.443181818181817,2.9254825957385746,55,5600.0,0.09328856933888525,55,5600.0,-1.0600000000000023
3755.0,50,1671.0,18.36263736263736,3.260870069824418,50,5516.0,0.10681596657585773,50,5516.0,0.8400000000000034
3760.0,45,1622.0,18.022222222222222,3.7501553405506884,45,5417.0,0.13292729174602824,45,5417.0,0.9899999999999949
3765.0,44,1610.0,18.50574712643678,3.503253348281462,44,5157.0,0.11456542969678471,44,5157.0,2.6000000000000014
3770.0,45,1657.0,19.49411764705882,3.415964649248869,45,5359.0,0.11573673381462589,45,5359.0,-2.020000000000003
3775.0,51,1747.0,20.080459770114942,3.3230748470932028,51,5597.0,0.10598215644713242,51,5597.0,-2.3799999999999955
3780.0,52,1853.0,21.056818181818183,3.1341364592158523,52,5851.0,0.10796598176378029,52,5851.0,-2.539999999999999
3785.0,51,1899.0,21.337078651685392,3.0259680963931177,51,6067.0,0.08410654641445447,51,6067.0,-2.1600000000000037
3790.0,55,2018.0,22.674157303370787,2.8733668847045637,55,6318.0,0.08106752165327402,55,6318.0,-2.509999999999998
3795.0,57,2148.0,23.866666666666667,2.9950714205434035,57,6596.0,0.08656101501578646,57,6596.0,-2.779999999999994
3800.0,59,2288.0,25.142857142857142,3.091293446656075,59,6886.0,0.07881334290721669,59,6886.0,-2.9000000000000057
3805.0,56,2322.0,25.8,2.9318040919683135,56,6986.0,0.08388350489544158,56,6986.0,-1.0
3810.0,51,2286.0,26.275862068965516,2.848411182131487,51,6892.0,0.0937301187088891,51,6892.0,0.9399999999999977
3815.0,49,2293.0,26.662790697674417,2.982248420118108,49,6797.0,0.1023066392791007,49,6797.0,0.9500000000000028
3820.0,50,1645.0,19.583333333333332,2.7209012720962735,50,6778.0,0.09474583267211543,50,6778.0,0.18999999999999773
3825.0,51,930.0,10.941176470588236,2.6861330214578314,51,6787.0,0.08017450523150879,51,6787.0,-0.09000000000000341
3830.0,49,786.0,9.03448275862069,2.8787435870040783,49,6799.0,0.09912791073902417,49,6799.0,-0.11999999999999034
3835.0,49,853.0,9.804597701149426,2.8500874850837836,49,6498.0,0.10097682046660343,49,6498.0,3.009999999999991
3840.0,53,871.0,9.786516853932584,2.608675750929628,53,6564.0,0.08831530692733947,53,6564.0,-0.6599999999999966
3845.0,53,860.0,9.662921348314606,2.7459995742502104,53,6463.0,0.08426946203494477,53,6463.0,1.0100000000000051
3850.0,50,840.0,9.545454545454545,3.154904518661617,50,6358.0,0.10435091247733341,50,6358.0,1.0499999999999972
3855.0,46,805.0,8.846153846153847,3.551736728703722,46,6072.0,0.12116794489610762,46,6072.0,2.8599999999999994
3860.0,41,745.0,8.277777777777779,3.9379660813430593,41,5768.0,0.1425324377031516,41,5768.0,3.039999999999999
3865.0,38,696.0,8.0,3.900371412016599,38,5466.0,0.1450970320094947,38,5466.0,3.020000000000003
3870.0,38,612.0,7.116279069767442,3.8283115700564876,37,5650.0,0.14112389146531493,37,5650.0,-1.8400000000000034
3875.0,42,573.0,6.586206896551724,3.8474880558440514,42,5847.0,0.1355035560935914,42,5847.0,-1.9699999999999989
3880.0,45,673.0,7.315217391304348,3.932837458647435,45,5892.0,0.13683397050924515,45,5892.0,-0.45000000000000284
3885.0,39,595.0,6.538461538461538,3.855661007290942,39,6028.0,0.12144798285193804,39,6028.0,-1.3599999999999994
3890.0,46,693.0,7.615384615384615,3.7070108690209604,46,6178.0,0.11404746899390454,46,6178.0,-1.5
3895.0,49,834.0,9.370786516853933,3.8453334948128286,49,6414.0,0.13159094434894172,49,6414.0,-2.3599999999999994
3900.0,46,888.0,10.447058823529412,3.766254584293584,46,6462.0,0.12438219573869898,46,6462.0,-0.480000000000004
3905.0,42,902.0,10.488372093023257,3.9772556795782164,42,6304.0,0.14160612829581865,42,6304.0,1.5800000000000054
3910.0,42,967.0,11.244186046511627,4.075885259161075,42,6143.0,0.153688223214894,42,6143.0,1.6099999999999994
3915.0,46,741.0,8.517241379310345,3.3742013787531135,46,6236.0,0.09788533867264113,46,6236.0,-0.9299999999999997
3920.0,47,739.0,8.593023255813954,3.248771294879785,47,6292.0,0.09715855117257945,47,6292.0,-0.5600000000000023
3925.0,49,836.0,9.83529411764706,3.4378461165213228,49,6450.0,0.11022813135680398,49,6450.0,-1.5799999999999983
3930.0,48,811.0,9.215909090909092,3.2583704100854445,48,6500.0,0.09451160374556644,48,6500.0,-0.5
3935.0,46,688.0,7.818181818181818,3.497991044698779,46,6415.0,0.11227766869688421,46,6415.0,0.8499999999999943
3940.0,47,745.0,8.662790697674419,3.0634217252005405,47,6411.0,0.10028228794704058,47,6411.0,0.04000000000000625
3945.0,50,824.0,9.471264367816092,3.051760722637097,50,6636.0,0.09191224021863859,50,6636.0,-2.25
3950.0,54,943.0,10.715909090909092,3.0702415613952954,54,6899.0,0.07829774353513215,54,6899.0,-2.6299999999999955
3955.0,56,1104.0,12.266666666666667,2.8185239322317868,56,7170.0,0.07651334063738657,56,7170.0,-2.710000000000008
3960.0,54,1191.0,13.087912087912088,2.960364185989918,54,7217.0,0.0851312558300352,54,7217.0,-0.46999999999999886
3965.0,55,1223.0,13.43956043956044,2.7745003724691717,55,7055.0,0.06762629312795855,55,7055.0,1.6200000000000045
3970.0,55,1273.0,14.303370786516854,2.9712964187529605,55,6904.0,0.09170129244026995,55,6904.0,1.509999999999991
3975.0,54,1322.0,15.372093023255815,2.971839922086998,54,6560.0,0.09908324737680457,54,6560.0,3.440000000000012
3980.0,52,1346.0,15.295454545454545,2.930238115782713,52,6809.0,0.10254631270181744,52,6809.0,-2.490000000000009
3985.0,54,1385.0,15.561797752808989,2.8790619032481044,54,7077.0,0.09254791973499027,54,7077.0,-2.6799999999999926
3990.0,57,1439.0,16.168539325842698,2.6509511534467824,57,7353.0,0.08326735926925535,57,7353.0,-2.760000000000005
3995.0,58,1503.0,17.275862068965516,2.664106391349238,58,7641.0,0.07527951258370766,58,7641.0,-2.8799999999999955
4000.0,55,1502.0,17.67058823529412,2.772267245789797,55,7701.0,0.08232744405407198,55,7701.0,-0.6000000000000085
4005.0,50,1437.0,16.329545454545453,3.1243255911145855,50,7516.0,0.10802749604469618,50,7516.0,1.8500000000000085
4010.0,45,1347.0,15.306818181818182,3.4919319894104035,45,7309.0,0.1280552538331958,45,7309.0,2.069999999999993
4015.0,43,1240.0,14.588235294117647,3.3521920910792953,43,6887.0,0.1172549130736076,43,6887.0,4.219999999999999
4020.0,38,1117.0,13.141176470588235,4.024868074045799,38,6460.0,0.14770768130632753,38,6460.0,4.27000000000001
4025.0,35,808.0,9.619047619047619,4.005892070378632,35,6636.0,0.14886469650611275,35,6636.0,-1.7600000000000051
4030.0,40,615.0,7.151162790697675,3.7923047636708827,40,6827.0,0.13984369842555577,40,6827.0,-1.9099999999999966
4035.0,42,693.0,8.25,3.4184452337459112,42,6867.0,0.12345497047807133,42,6867.0,-0.4000000000000057
4040.0,43,473.0,5.7682926829268295,2.989228290768924,43,6955.0,0.09639714469620589,43,6955.0,-0.8799999999999955
4045.0,45,510.0,6.144578313253012,3.262797655900862,45,7002.0,0.11291711892591816,45,7002.0,-0.46999999999999886
4050.0,47,637.0,7.4941176470588236,3.557048377366305,47,7149.0,0.1304584845274608,47,7149.0,-1.4699999999999989
4055.0,46,682.0,7.662921348314606,3.5047574923609863,46,7144.0,0.11907732363584425,46,7144.0,0.04999999999999716
4060.0,44,688.0,7.730337078651686,3.332607948719091,44,7135.0,0.1001445630045563,44,7135.0,0.09000000000000341
4065.0,44,742.0,8.337078651685394,3.3237745579486484,44,7120.0,0.10433645262671604,44,7120.0,0.14999999999999147
4070.0,44,812.0,9.123595505617978,3.6003877656486236,44,6649.0,0.12509607576640328,44,6649.0,4.710000000000008
4075.0,46,853.0,9.693181818181818,3.24612522702572,46,6845.0,0.10637730637444955,46,6845.0,-1.960000000000008
4080.0,49,942.0,10.584269662921349,3.184617827364703,49,7076.0,0.10892490898292834,49,7076.0,-2.3100000000000023
4085.0,51,1042.0,11.977011494252874,2.977470764462712,51,7324.0,0.09990248638619784,51,7324.0,-2.4799999999999898
4090.0,51,1104.0,12.689655172413794,2.6119927889031143,51,7339.0,0.06792312101179454,51,7339.0,-0.15000000000000568
4095.0,52,1130.0,12.840909090909092,2.7284703632625242,52,7592.0,0.08494969736416624,52,7592.0,-2.530000000000001
4100.0,47,1133.0,12.875,2.7915931042191358,47,7363.0,0.09040515076510931,47,7363.0,2.2900000000000063
4105.0,43,921.0,10.12087912087912,2.9960187799015316,43,7499.0,0.09788355353493941,43,7499.0,-1.3599999999999994
4110.0,45,889.0,9.66304347826087,3.16123361873863,45,7611.0,0.11192551165624717,45,7611.0,-1.1200000000000045
4115.0,46,932.0,10.590909090909092,2.8115522719575043,46,7821.0,0.09978553308895817,46,7821.0,-2.0999999999999943
4120.0,46,985.0,11.32183908045977,2.729849243894481,46,7816.0,0.08520818912457286,46,7816.0,0.04999999999999716
4125.0,45,1049.0,11.920454545454545,3.180746869747692,45,7581.0,0.09831587071265199,45,7581.0,2.3499999999999943
4130.0,45,1114.0,12.377777777777778,3.2762478757072775,45,7346.0,0.11567764165225525,45,7346.0,2.3500000000000085
4135.0,46,891.0,10.01123595505618,2.7648739427039577,45,7321.0,0.08977277265580175,45,7321.0,0.25
4140.0,45,470.0,5.280898876404494,2.583892092374353,45,7551.0,0.07341599137824441,45,7551.0,-2.3000000000000114
4145.0,44,347.0,3.898876404494382,2.8819251894082583,44,7329.0,0.09327722249404602,44,7329.0,2.219999999999999
4150.0,45,364.0,4.089887640449438,2.974931945997186,45,7520.0,0.09206116975250093,45,7520.0,-1.9099999999999966
4155.0,51,483.0,5.25,3.0604298886715164,51,7753.0,0.08991936269769614,51,7753.0,-2.3299999999999983
4160.0,54,665.0,7.3076923076923075,2.7270403470453024,54,8019.0,0.08407246298149276,54,8019.0,-2.6599999999999966
4165.0,56,781.0,8.775280898876405,2.263608685249203,56,8043.0,0.05927020581425473,56,8043.0,-0.2400000000000091
4170.0,57,848.0,9.52808988764045,2.41007490116062,57,7837.0,0.0721292674577544,57,7837.0,2.0600000000000023
4175.0,53,903.0,10.261363636363637,2.8512314368718275,53,7643.0,0.10088543785811352,53,7643.0,1.9399999999999977
4180.0,49,841.0,9.344444444444445,2.901976132505035,48,7676.0,0.09865087832427838,48,7676.0,-0.3299999999999983
4185.0,46,710.0,7.977528089887641,2.7930391052513865,46,7915.0,0.08617971199040975,46,7915.0,-2.3900000000000006
4190.0,51,733.0,8.329545454545455,2.6105481190358826,51,7770.0,0.07981262706020609,51,7770.0,1.4500000000000028
4195.0,54,839.0,9.322222222222223,2.826284729338263,54,7626.0,0.08862602499649051,54,7626.0,1.4399999999999977
4200.0,56,919.0,10.21111111111111,2.766656070286904,56,7866.0,0.07780555111932456,56,7866.0,-2.3999999999999915
4205.0,60,1063.0,11.554347826086957,2.714732318081929,60,8152.0,0.08640851840178945,60,8152.0,-2.8599999999999994
4210.0,61,1218.0,13.533333333333333,2.4981459506705153,61,8455.0,0.07604322877232277,61,8455.0,-3.030000000000001
4215.0,60,1269.0,14.258426966292134,2.205147193601368,60,8497.0,0.04960147595147261,60,8497.0,-0.4200000000000017
4220.0,55,1229.0,13.808988764044944,2.5834359515644727,55,8261.0,0.07892740223656633,55,8261.0,2.3599999999999994
4225.0,50,1166.0,13.25,2.773533996647357,50,8260.0,0.0999093026842043,50,8260.0,0.010000000000005116
4230.0,46,1130.0,12.696629213483146,2.959166052149997,46,8237.0,0.10110470961827747,46,8237.0,0.22999999999998977
4235.0,48,1188.0,13.348314606741573,2.8823936309612628,48,8231.0,0.0948771405893326,48,8231.0,0.060000000000002274
4240.0,55,1274.0,14.0,2.573189377487923,55,8492.0,0.06879288187944031,55,8492.0,-2.6099999999999994
4245.0,56,1374.0,14.934782608695652,2.7266186093124665,56,8767.0,0.06817457816664196,56,8767.0,-2.75
4250.0,55,1436.0,15.955555555555556,2.5994952830673332,55,8795.0,0.06599705030710207,55,8795.0,-0.28000000000000114
4255.0,51,1456.0,16.0,2.738641018879837,51,8564.0,0.09115506214826885,51,8564.0,2.3100000000000023
4260.0,46,1451.0,16.122222222222224,2.9452737220919114,46,8320.0,0.1088583895966526,46,8320.0,2.4399999999999977
4265.0,43,1427.0,16.21590909090909,2.997757928021832,43,7856.0,0.10743440801061117,43,7856.0,4.640000000000001
4270.0,39,1006.0,11.69767441860465,3.1129680446050285,39,7912.0,0.11066086591655158,39,7912.0,-0.5600000000000023
4275.0,35,758.0,8.813953488372093,3.4885452627469165,35,7863.0,0.13225959566601742,35,7863.0,0.4900000000000091
4280.0,36,747.0,8.393258426966293,3.8375674136137734,36,7896.0,0.15096171314258366,36,7896.0,-0.3299999999999983
4285.0,41,872.0,9.688888888888888,3.7236300192356704,41,8047.0,0.1260450050491289,41,8047.0,-1.5100000000000051
4290.0,46,961.0,10.797752808988765,3.359115768274844,46,8022.0,0.09372831591719935,46,8022.0,0.25
4295.0,45,1016.0,11.67816091954023,3.294812609838584,45,7769.0,0.09897904812704938,45,7769.0,2.530000000000001
4300.0,42,1063.0,12.079545454545455,3.8954765246587573,42,7512.0,0.12791267048487448,42,7512.0,2.569999999999993
4305.0,40,1096.0,12.043956043956044,4.096444455007907,40,7021.0,0.13967527874090704,40,7021.0,4.910000000000011
4310.0,35,1111.0,12.48314606741573,4.312325809295829,35,6526.0,0.14945828013199977,35,6526.0,4.949999999999989
4315.0,35,1141.0,12.820224719101123,4.236827216314813,35,6697.0,0.14371945470518577,35,6697.0,-1.7099999999999937
4320.0,40,1231.0,13.677777777777777,4.0935787776448676,40,6890.0,0.1327958339532147,40,6890.0,-1.9300000000000068
4325.0,46,1346.0,15.123595505617978,3.8463838838265163,46,7105.0,0.10908450059623141,46,7105.0,-2.1499999999999915
4330.0,44,1429.0,15.703296703296703,3.9500253026517673,44,7095.0,0.11635975066695184,44,7095.0,0.09999999999999432
4335.0,40,1467.0,15.945652173913043,3.9986092254577934,40,6843.0,0.1144988857847459,40,6843.0,2.519999999999996
4340.0,40,1499.0,16.84269662921348,3.9762896028071224,40,6620.0,0.1291329417989509,40,6620.0,2.230000000000004
4345.0,38,1086.0,12.776470588235295,3.887206143480376,37,6575.0,0.12688887598272103,37,6575.0,0.45000000000000284
4350.0,34,486.0,5.855421686746988,3.9817067964355854,34,6758.0,0.13233017783026024,34,6758.0,-1.8299999999999983
4355.0,34,431.0,4.954022988505747,4.299493167815189,34,6516.0,0.15335808389017905,34,6516.0,2.4200000000000017
4360.0,37,533.0,6.270588235294118,4.04040299589985,37,6229.0,0.14719367009002787,37,6229.0,2.8699999999999974
4365.0,44,666.0,8.024096385542169,3.1922760295321986,44,6228.0,0.10654051779170792,44,6228.0,0.00999999999999801
4370.0,48,755.0,9.096385542168674,2.8157642754929504,48,6247.0,0.08475039261386312,48,6247.0,-0.18999999999999773
4375.0,46,795.0,9.578313253012048,3.1897951403030373,46,6066.0,0.10928167211275566,46,6066.0,1.8100000000000023
4380.0,42,817.0,9.5,3.580565785325854,42,5870.0,0.12837543980500093,42,5870.0,1.9599999999999937
4385.0,40,547.0,6.287356321839081,3.3713234381423858,40,5954.0,0.10869674764781363,40,5954.0,-0.8399999999999963
4390.0,41,528.0,6.068965517241379,3.2068039728069633,41,5985.0,0.09879410320804703,41,5985.0,-0.3100000000000023
4395.0,46,623.0,7.160919540229885,3.3670116033964312,46,6131.0,0.10915328890263072,46,6131.0,-1.4600000000000009
4400.0,49,695.0,7.988505747126437,3.161099122539794,49,6155.0,0.093532136263506,49,6155.0,-0.23999999999999488
4405.0,49,736.0,8.087912087912088,3.0796618917201255,49,6183.0,0.08801412905011444,49,6183.0,-0.28000000000000114
4410.0,44,759.0,8.25,3.2419579590887855,44,6194.0,0.09811425995925292,44,6194.0,-0.10999999999999943
4415.0,45,631.0,6.78494623655914,2.9911552144044644,45,6343.0,0.07776852643714102,45,6343.0,-1.490000000000002
4420.0,47,651.0,7.153846153846154,3.0669329880587926,47,6500.0,0.08884798593833157,47,6500.0,-1.5700000000000003
4425.0,47,681.0,7.738636363636363,3.145011783404341,47,6730.0,0.10021188795365105,47,6730.0,-2.299999999999997
4430.0,44,669.0,7.433333333333334,3.127249402416598,44,6731.0,0.09543645436492616,44,6731.0,-0.010000000000005116
4435.0,40,654.0,7.431818181818182,3.3855705565728287,40,6491.0,0.10874048251999714,40,6491.0,2.4000000000000057
4440.0,42,699.0,8.127906976744185,3.129689525136882,42,6255.0,0.10836667352933095,42,6255.0,2.3599999999999994
4445.0,43,752.0,8.545454545454545,3.41568882777897,43,5822.0,0.11121844967601444,43,5822.0,4.329999999999998
4450.0,42,790.0,9.080459770114942,3.407434778071353,42,6020.0,0.1042155487820905,42,6020.0,-1.980000000000004
4455.0,43,839.0,9.534090909090908,3.3885785493924363,43,6233.0,0.11516509156016252,43,6233.0,-2.1299999999999955
4460.0,44,901.0,10.35632183908046,3.299238321501505,44,6449.0,0.10208597743074883,44,6449.0,-2.1599999999999966
4465.0,47,1007.0,11.574712643678161,3.1418883908264843,47,6677.0,0.08404406792310133,47,6677.0,-2.280000000000001
4470.0,48,1010.0,12.023809523809524,2.9145219553105863,48,6848.0,0.09582279188399595,48,6848.0,-1.710000000000008
4475.0,52,1172.0,13.788235294117648,3.106247212265344,52,7015.0,0.09967018786033391,52,7015.0,-1.6700000000000017
4480.0,55,1358.0,15.60919540229885,2.9573993552689286,55,7271.0,0.10324305587218537,55,7271.0,-2.559999999999988
4485.0,52,1199.0,13.781609195402298,3.071338567771312,52,7356.0,0.09806659322726415,52,7356.0,-0.8500000000000085
4490.0,50,1000.0,11.904761904761905,2.7852884435382816,50,7316.0,0.08693779878248555,50,7316.0,0.4000000000000057
4495.0,50,1188.0,14.313253012048193,3.191206925139102,50,7346.0,0.11559626007337007,50,7346.0,-0.29999999999999716
4500.0,56,1453.0,17.50602409638554,2.9740167037654808,56,7456.0,0.1029778512315666,56,7456.0,-1.1000000000000085
4505.0,58,1575.0,18.529411764705884,2.4382150333646813,58,7476.0,0.07296461507796896,58,7476.0,-0.20000000000000284
4510.0,55,1582.0,18.3953488372093,2.8279318692677617,55,7235.0,0.09153958882043667,55,7235.0,2.410000000000011
4515.0,54,1574.0,18.51764705882353,2.778877011350975,54,6991.0,0.07899088986935932,54,6991.0,2.4399999999999977
4520.0,53,1532.0,17.60919540229885,2.9451788394088982,53,7226.0,0.07446753920843953,53,7226.0,-2.3500000000000085
4525.0,54,1525.0,17.732558139534884,3.0122945926869313,54,7494.0,0.07882977092614642,54,7494.0,-2.6799999999999926
4530.0,56,1529.0,17.179775280898877,3.1249914161095322,56,7771.0,0.08847445116501834,56,7771.0,-2.769999999999996
4535.0,53,1483.0,17.04597701149425,3.0095606004213953,53,7778.0,0.07462264619335565,53,7778.0,-0.07000000000000739
4540.0,51,1390.0,15.977011494252874,2.9333307055402007,51,7507.0,0.07096838551816992,51,7507.0,2.710000000000008
4545.0,46,1280.0,15.058823529411764,3.341021066663537,46,7236.0,0.10307266529854266,46,7236.0,2.7099999999999937
4550.0,41,1042.0,12.55421686746988,3.3608509687010657,41,7393.0,0.10258993910224629,41,7393.0,-1.5700000000000074
4555.0,41,897.0,10.678571428571429,3.5092906268666644,41,7555.0,0.11553754914542469,41,7555.0,-1.6199999999999903
4560.0,41,752.0,9.170731707317072,3.488592429360984,41,7758.0,0.12325697921845555,41,7758.0,-2.030000000000001
4565.0,39,579.0,7.148148148148148,3.2107600995337813,39,7692.0,0.09180833107810267,39,7692.0,0.6599999999999966
4570.0,37,446.0,5.792207792207792,3.273146636694486,37,7379.0,0.11201968286100489,37,7379.0,3.1299999999999955
4575.0,37,481.0,6.166666666666667,3.630898300314114,37,7065.0,0.13240936128469585,37,7065.0,3.1400000000000006
4580.0,38,335.0,4.085365853658536,3.4266620599919713,37,7171.0,0.12005784900890472,37,7171.0,-1.059999999999988
4585.0,37,346.0,4.219512195121951,3.3631469006484944,37,7361.0,0.11610302568734647,37,7361.0,-1.9000000000000057
4590.0,40,389.0,4.802469135802469,3.1677829663399932,40,7440.0,0.11032286566094572,40,7440.0,-0.7900000000000063
4595.0,41,362.0,4.469135802469136,3.1188700629533117,41,7595.0,0.10093585968761856,41,7595.0,-1.5499999999999972
4600.0,42,456.0,5.772151898734177,3.1428697427332724,42,7776.0,0.10217917241771664,42,7776.0,-1.8100000000000023
4605.0,47,606.0,7.390243902439025,3.0323343262155316,47,7993.0,0.10033532366052382,47,7993.0,-2.1700000000000017
4610.0,49,684.0,8.341463414634147,2.85594422321564,49,7958.0,0.09931575820007395,49,7958.0,0.3500000000000085
4615.0,46,691.0,8.426829268292684,2.7017901741669887,46,7687.0,0.0833547533767647,46,7687.0,2.7099999999999937
4620.0,45,695.0,8.475609756097562,3.0587813156237824,45,7416.0,0.10338206426009115,45,7416.0,2.710000000000008
4625.0,43,681.0,8.407407407407407,3.137270372029993,43,7625.0,0.10414907858713461,43,7625.0,-2.0900000000000034
4630.0,44,710.0,8.55421686746988,3.2606765812977936,44,7843.0,0.10628577978998739,44,7843.0,-2.180000000000007
4635.0,49,795.0,9.695121951219512,3.01936333735899,49,8077.0,0.09658331926035743,49,8077.0,-2.339999999999989
4640.0,53,857.0,10.202380952380953,2.613995542694787,53,8071.0,0.06428228255130031,53,8071.0,0.060000000000002274
4645.0,50,886.0,10.674698795180722,2.7006886295399077,50,7856.0,0.08134825911621535,50,7856.0,2.1499999999999915
4650.0,47,901.0,10.855421686746988,3.1390746925020054,47,7629.0,0.10919682590387296,47,7629.0,2.269999999999996
4655.0,43,901.0,10.6,3.4721341681614404,43,7175.0,0.12735539585424382,43,7175.0,4.540000000000006
4660.0,38,876.0,10.305882352941177,3.9867079761228412,38,6733.0,0.14648599258443992,38,6733.0,4.420000000000002
4665.0,36,833.0,10.283950617283951,3.6548962862648877,36,6496.0,0.14073951976857546,36,6496.0,2.3700000000000045
4670.0,31,775.0,9.810126582278482,4.091588424479671,31,6062.0,0.17008347983869468,31,6062.0,4.339999999999996
4675.0,31,754.0,9.666666666666666,4.2853700503226975,29,5822.0,0.1905234901301886,29,5822.0,2.3999999999999986
4680.0,30,574.0,7.08641975308642,4.142838931116399,29,5768.0,0.18236403294988737,29,5768.0,0.5399999999999991
4685.0,36,590.0,7.108433734939759,4.163812782212779,35,5928.0,0.17591518847536045,35,5928.0,-1.6000000000000014
4690.0,40,691.0,8.226190476190476,3.8229648821608486,38,6090.0,0.1379074106045213,38,6090.0,-1.6199999999999974
4695.0,37,496.0,5.904761904761905,4.0680457400627095,37,6158.0,0.1423096559655753,37,6158.0,-0.6799999999999997
4700.0,35,503.0,6.209876543209877,4.380472955740678,35,6151.0,0.16899428986166562,35,6151.0,0.07000000000000028
4705.0,36,642.0,7.642857142857143,4.768852014487225,36,6233.0,0.1852046730071328,36,6233.0,-0.8200000000000003
4710.0,39,747.0,8.788235294117648,4.414709991733872,39,6207.0,0.15147832570117276,39,6207.0,0.259999999999998
4715.0,44,807.0,9.383720930232558,3.7724067876562692,44,6200.0,0.10568627345385573,44,6200.0,0.07000000000000028
4720.0,43,872.0,10.380952380952381,3.6459460498902674,43,6196.0,0.10895266004988799,43,6196.0,0.03999999999999915
4725.0,44,809.0,9.74698795180723,3.35413544782259,44,6264.0,0.09771197112116202,44,6264.0,-0.6799999999999997
4730.0,44,732.0,8.511627906976743,3.302690587891859,44,6354.0,0.10126956697376,44,6354.0,-0.8999999999999986
4735.0,45,798.0,9.388235294117647,3.0920449269737484,45,6464.0,0.09349339395052067,45,6464.0,-1.1000000000000014
4740.0,48,832.0,9.904761904761905,2.5733712708339067,48,6462.0,0.07066907942652877,48,6462.0,0.01999999999999602
4745.0,46,839.0,9.988095238095237,2.823357092116005,46,6237.0,0.08735331017900971,46,6237.0,2.250000000000007
4750.0,42,828.0,9.857142857142858,3.339641990373575,42,5998.0,0.11995609028238821,42,5998.0,2.3900000000000006
4755.0,40,699.0,8.03448275862069,3.2976374175745296,40,6146.0,0.11432083337577739,40,6146.0,-1.480000000000004
4760.0,40,692.0,7.863636363636363,3.264656609355834,40,6291.0,0.1033079853951861,40,6291.0,-1.4499999999999957
4765.0,44,760.0,8.837209302325581,3.0787987656225138,44,6504.0,0.10139065109541745,44,6504.0,-2.1300000000000097
4770.0,45,843.0,9.91764705882353,2.9865305206799895,45,6486.0,0.08676896526962193,45,6486.0,0.18000000000000682
4775.0,45,902.0,10.611764705882353,3.0456142091873497,45,6471.0,0.0946894711087082,45,6471.0,0.15000000000000568
4780.0,44,962.0,10.808988764044944,3.3184773503640925,44,6212.0,0.11855277811089411,44,6212.0,2.5899999999999963
4785.0,44,668.0,7.50561797752809,3.129322756407742,44,6293.0,0.1013504418378057,44,6293.0,-0.8100000000000023
4790.0,44,578.0,6.4222222222222225,3.0440215643335913,44,6297.0,0.08700149474492266,44,6297.0,-0.03999999999999915
4795.0,47,647.0,7.188888888888889,3.363254202117149,47,6403.0,0.10291893907666383,47,6403.0,-1.0600000000000023
4800.0,46,674.0,7.837209302325581,3.1063868578990053,46,6398.0,0.09164011335492571,46,6398.0,0.05000000000000426
4805.0,42,687.0,7.806818181818182,3.4227340490372082,42,6145.0,0.11200469738463525,42,6145.0,2.529999999999994
4810.0,43,737.0,8.280898876404494,3.4277480023835114,43,5887.0,0.11235406234477942,43,5887.0,2.5800000000000054
4815.0,44,795.0,8.932584269662922,3.3058384579295006,44,5442.0,0.0979364566378758,44,5442.0,4.449999999999996
4820.0,41,847.0,9.625,3.7466026911176327,41,5042.0,0.12026037000041051,41,5042.0,4.0
4825.0,38,820.0,9.318181818181818,3.8671010013385216,38,5186.0,0.1258862472585175,38,5186.0,-1.4399999999999977
4830.0,39,853.0,9.373626373626374,3.9865543476276253,39,5345.0,0.1360004781460351,39,5345.0,-1.5900000000000034
4835.0,39,916.0,10.409090909090908,3.8408918632926956,39,5532.0,0.13382075376411012,39,5532.0,-1.8699999999999974
4840.0,42,1000.0,11.363636363636363,3.7255820926383505,42,5523.0,0.11027699707544221,42,5523.0,0.09000000000000341
4845.0,42,1059.0,12.172413793103448,3.9378102198984153,42,5311.0,0.11623665408810488,42,5311.0,2.1199999999999974
4850.0,37,1103.0,12.976470588235294,4.370906802998503,37,5085.0,0.14841772582990723,37,5085.0,2.259999999999998
4855.0,35,780.0,8.764044943820224,4.237378976237388,34,5055.0,0.1453122504940255,34,5055.0,0.30000000000000426
4860.0,32,341.0,3.9195402298850577,4.070604647119055,32,5225.0,0.13469934953097545,32,5225.0,-1.7000000000000028
4865.0,33,359.0,4.174418604651163,4.098833036294866,33,5041.0,0.13371315282975815,33,5041.0,1.8400000000000034
4870.0,37,462.0,5.372093023255814,4.185084519391943,37,4865.0,0.13976040029166498,37,4865.0,1.759999999999998
4875.0,43,532.0,6.186046511627907,3.6813863762395105,43,4879.0,0.10647514912202924,43,4879.0,-0.14000000000000057
4880.0,42,576.0,6.6976744186046515,3.550292988750961,42,4730.0,0.11515995815268959,42,4730.0,1.490000000000002
4885.0,39,606.0,7.046511627906977,3.9053580288356984,39,4568.0,0.12802716054722177,39,4568.0,1.6199999999999974
4890.0,38,624.0,7.341176470588235,3.839307405962279,38,4250.0,0.11241167379919981,38,4250.0,3.1799999999999997
4895.0,35,399.0,4.75,3.9083427327199134,35,4326.0,0.11736745119797214,35,4326.0,-0.759999999999998
4900.0,35,412.0,5.024390243902439,4.0085848137710345,35,4361.0,0.13291423408128802,35,4361.0,-0.3500000000000014
4905.0,41,502.0,5.7701149425287355,4.16166377982404,41,4508.0,0.1345606452081799,41,4508.0,-1.4699999999999989
4910.0,45,617.0,7.174418604651163,3.7363354554227586,45,4723.0,0.10853162947284183,45,4723.0,-2.1499999999999986
4915.0,47,690.0,8.117647058823529,3.4099096688803603,46,4770.0,0.0893894443750177,46,4770.0,-0.47000000000000597
4920.0,44,710.0,8.255813953488373,3.687007793968492,44,4812.0,0.09313109113569121,44,4812.0,-0.4199999999999946
4925.0,41,713.0,8.290697674418604,3.9243970548657505,41,4667.0,0.1196008774377838,41,4667.0,1.4499999999999957
4930.0,37,583.0,6.625,3.8185336417196662,37,4796.0,0.12005463861261537,37,4796.0,-1.2899999999999991
4935.0,39,592.0,6.804597701149425,3.9146066499129337,39,4937.0,0.12280497880095638,39,4937.0,-1.4099999999999966
4940.0,42,655.0,7.7976190476190474,3.606522801960107,42,5136.0,0.10720014143098658,42,5136.0,-1.990000000000002
4945.0,47,775.0,9.337349397590362,3.4057290792382537,47,5362.0,0.09142240221237287,47,5362.0,-2.259999999999998
4950.0,50,854.0,10.54320987654321,2.9158399649838755,50,5413.0,0.07359330213999626,50,5413.0,-0.5100000000000051
4955.0,46,885.0,10.662650602409638,3.0197801444360257,46,5269.0,0.09632127963912958,46,5269.0,1.4400000000000048
4960.0,42,898.0,10.69047619047619,3.233961262661914,42,5154.0,0.10942527891803966,42,5154.0,1.1499999999999986
4965.0,42,902.0,10.867469879518072,3.1236574354848146,42,4878.0,0.10222151265427301,42,4878.0,2.759999999999998
4970.0,40,613.0,7.211764705882353,3.3543939080395444,40,4910.0,0.10561610997929334,40,4910.0,-0.3200000000000003
4975.0,36,329.0,3.963855421686747,3.410263151600404,36,4954.0,0.11722763438032169,36,4954.0,-0.4399999999999977
4980.0,37,376.0,4.423529411764706,3.6095046970539704,37,4913.0,0.1331869438560786,37,4913.0,0.4099999999999966
4985.0,41,425.0,5.0,3.448182447863864,41,4941.0,0.12475799517199711,41,4941.0,-0.27999999999999403
4990.0,45,465.0,5.602409638554217,2.848041960219338,45,4830.0,0.09953055594244659,45,4830.0,1.1099999999999994
4995.0,42,504.0,6.072289156626506,3.3643426551167144,42,4722.0,0.12475223393036158,42,4722.0,1.0799999999999983
5000.0,39,529.0,6.2976190476190474,3.957269497536177,39,4461.0,0.13990723576000322,39,4461.0,2.6099999999999994
5005.0,34,534.0,6.137931034482759,4.56798152926182,34,4201.0,0.1694678049415961,34,4201.0,2.6000000000000014
5010.0,30,439.0,5.1647058823529415,4.420069890945288,30,4356.0,0.166316077783837,30,4356.0,-1.5500000000000043
5015.0,33,408.0,4.857142857142857,4.244452880991797,33,4512.0,0.1463911269537704,33,4512.0,-1.5599999999999952
5020.0,36,479.0,5.841463414634147,4.167977859312238,36,4575.0,0.13568343760474608,36,4575.0,-0.6300000000000026
5025.0,40,574.0,6.833333333333333,4.325469398778329,40,4596.0,0.13066431314963922,40,4596.0,-0.21000000000000085
5030.0,41,646.0,7.511627906976744,4.060861798028135,41,4639.0,0.12833472680271024,41,4639.0,-0.4299999999999997
5035.0,37,669.0,7.870588235294117,3.9827425167936554,37,4517.0,0.13147507318726348,37,4517.0,1.2199999999999989
5040.0,37,684.0,7.953488372093023,4.174628975241056,37,4386.0,0.14207890161874492,37,4386.0,1.3100000000000023
5045.0,35,553.0,6.662650602409639,3.8868566600790166,35,4483.0,0.13577961662786903,35,4483.0,-0.9699999999999989
5050.0,36,614.0,7.397590361445783,4.234894956550331,36,4576.0,0.14477554110874394,36,4576.0,-0.9299999999999997
5055.0,41,714.0,8.5,4.000531850568742,41,4762.0,0.14145429168429688,41,4762.0,-1.8599999999999994
5060.0,44,788.0,9.493975903614459,3.384413378223782,44,4804.0,0.10534676489448824,44,4804.0,-0.4200000000000017
5065.0,44,836.0,10.195121951219512,3.100381119085612,44,4684.0,0.09267897870476835,44,4684.0,1.1999999999999957
5070.0,42,880.0,10.602409638554217,3.505230924404533,42,4563.0,0.1179604591375951,42,4563.0,1.2100000000000009
5075.0,38,907.0,11.060975609756097,3.8317797290756577,38,4287.0,0.13257642289742214,38,4287.0,2.760000000000005
5080.0,36,917.0,10.662790697674419,4.088418178778145,36,4015.0,0.14899669668477974,36,4015.0,2.719999999999999
5085.0,31,916.0,10.651162790697674,4.193783274575412,31,3906.0,0.1583531259065195,31,3906.0,1.0899999999999963
5090.0,32,588.0,6.758620689655173,3.9701594429848175,32,3920.0,0.13346581697279464,32,3920.0,-0.14000000000000057
5095.0,34,502.0,5.905882352941177,3.8670771461247346,34,3860.0,0.15091359869284834,34,3860.0,0.6000000000000014
5100.0,37,600.0,7.142857142857143,4.114127716144547,37,3900.0,0.16698574416561074,37,3900.0,-0.3999999999999986
5105.0,40,675.0,7.670454545454546,4.074580222827274,40,3950.0,0.15117341301129542,40,3950.0,-0.5
5110.0,38,711.0,8.172413793103448,4.036781460398172,38,3996.0,0.12867318961958008,38,3996.0,-0.46000000000000085
5115.0,38,736.0,8.363636363636363,3.9354279950044786,38,4039.0,0.11867755265414359,38,4039.0,-0.4299999999999997
5120.0,34,755.0,8.579545454545455,4.421520314416434,34,3812.0,0.1460305878525329,34,3812.0,2.270000000000003
5125.0,30,744.0,8.551724137931034,4.52220403083949,30,3918.0,0.16001822079917147,30,3918.0,-1.0600000000000023
5130.0,35,824.0,9.363636363636363,4.441310755588626,35,4050.0,0.15970177803839847,35,4050.0,-1.3200000000000003
5135.0,41,929.0,10.556818181818182,3.895368704390213,41,4238.0,0.12693548622446418,41,4238.0,-1.8800000000000026
5140.0,44,1015.0,11.404494382022472,3.464467843834926,44,4309.0,0.07467498471342748,44,4309.0,-0.7100000000000009
5145.0,41,1068.0,12.275862068965518,3.718259145359155,41,4239.0,0.09838809782129851,41,4239.0,0.7000000000000028
5150.0,38,1103.0,13.451219512195122,3.8228352578759432,38,4150.0,0.12792837106404323,38,4150.0,0.8900000000000006
5155.0,36,744.0,8.651162790697674,3.754863866807976,35,4156.0,0.1269727367062661,35,4156.0,-0.060000000000002274
5160.0,33,420.0,4.827586206896552,3.7140632633752624,33,4329.0,0.11233772116299547,33,4329.0,-1.7299999999999969
5165.0,36,496.0,5.904761904761905,3.4598762778846504,36,4203.0,0.11115393755547762,36,4203.0,1.259999999999998
5170.0,40,610.0,7.261904761904762,3.5968709966836605,40,4109.0,0.12223904232357004,40,4109.0,0.9399999999999977
5175.0,46,690.0,8.117647058823529,3.365118577511471,46,4166.0,0.10257793022492481,46,4166.0,-0.5699999999999932
5180.0,45,740.0,8.604651162790697,3.2841689708840245,45,4083.0,0.11077153586527864,45,4083.0,0.8299999999999983
5185.0,42,782.0,9.093023255813954,3.587701223965026,42,3995.0,0.12418642295464867,42,3995.0,0.8799999999999955
5190.0,42,814.0,9.465116279069768,3.534683183577498,42,3764.0,0.11371190047744627,42,3764.0,2.3100000000000023
5195.0,39,526.0,6.188235294117647,3.479817810622736,39,3836.0,0.11635712629593546,39,3836.0,-0.7199999999999989
5200.0,37,455.0,5.290697674418604,3.874711762008199,37,3839.0,0.1372237674363578,37,3839.0,-0.030000000000001137
5205.0,40,537.0,6.172413793103448,3.940184735305634,40,3941.0,0.14191671991987106,40,3941.0,-1.019999999999996
5210.0,43,604.0,6.863636363636363,3.733415014407444,43,4002.0,0.1099190612236784,43,4002.0,-0.6100000000000065
5215.0,46,650.0,7.303370786516854,3.5207197517644415,46,3927.0,0.09295621046359451,46,3927.0,0.75
5220.0,42,690.0,7.840909090909091,3.8894924941642586,42,3849.0,0.12445660225847048,42,3849.0,0.7800000000000011
5225.0,39,715.0,8.125,4.239563196375172,39,3628.0,0.14159454577531586,39,3628.0,2.210000000000001
5230.0,36,691.0,7.677777777777778,4.345070713871255,36,3783.0,0.14797455871219165,36,3783.0,-1.5499999999999972
5235.0,36,698.0,8.116279069767442,4.149948570110342,36,3950.0,0.15044220176265688,36,3950.0,-1.6700000000000017
5240.0,39,752.0,8.847058823529412,3.9353010354816456,39,4134.0,0.14013487278992476,39,4134.0,-1.8400000000000034
5245.0,41,836.0,9.83529411764706,3.8972742029571883,41,4191.0,0.12463168132835846,41,4191.0,-0.5699999999999932
5250.0,42,891.0,10.48235294117647,3.825115321625037,42,4106.0,0.12149823102860306,42,4106.0,0.8499999999999943
5255.0,38,937.0,10.895348837209303,3.9832179785713846,38,4045.0,0.14770111573745573,38,4045.0,0.6099999999999994
5260.0,34,965.0,11.488095238095237,4.092277316384197,34,3857.0,0.16052176071267335,34,3857.0,1.8800000000000026
5265.0,36,988.0,11.761904761904763,3.8058499509497405,36,4030.0,0.13924795609751364,36,4030.0,-1.7299999999999969
5270.0,38,1046.0,12.452380952380953,3.773806491152792,38,4214.0,0.13360878329004724,38,4214.0,-1.8400000000000034
5275.0,41,1162.0,13.670588235294117,3.874974995303213,41,4410.0,0.13051380550776584,41,4410.0,-1.9600000000000009
5280.0,43,958.0,10.764044943820224,3.846631211235531,43,4488.0,0.12334932177841869,43,4488.0,-0.7800000000000011
5285.0,46,968.0,11.0,3.502049206549437,46,4502.0,0.12070362408397423,46,4502.0,-0.14000000000000057
5290.0,49,1128.0,13.116279069767442,3.210508098773772,49,4622.0,0.10789314707585307,49,4622.0,-1.1999999999999957
5295.0,51,1299.0,15.282352941176471,3.0109402644965284,51,4868.0,0.08956488066766308,51,4868.0,-2.460000000000001
5300.0,53,1486.0,17.48235294117647,3.1589564585028023,53,5132.0,0.0929604444785706,53,5132.0,-2.6400000000000006
5305.0,55,1705.0,19.825581395348838,2.8615800590313247,55,5400.0,0.0907445508411031,55,5400.0,-2.6799999999999997
5310.0,55,1839.0,21.137931034482758,2.802734702671949,55,5511.0,0.07663676242661001,55,5511.0,-1.1099999999999994
5315.0,58,1897.0,22.058139534883722,2.3979804888029017,58,5473.0,0.07009707253804198,58,5473.0,0.38000000000000256
5320.0,59,1962.0,23.08235294117647,2.341362861320432,59,5444.0,0.08001122324609396,59,5444.0,0.28999999999999915
5325.0,55,2018.0,23.741176470588236,2.744625040013611,55,5269.0,0.09579898491440325,55,5269.0,1.75
5330.0,53,2046.0,22.98876404494382,2.8996831375199412,53,5522.0,0.10179419786419905,53,5522.0,-2.530000000000001
5335.0,55,2093.0,23.255555555555556,2.8634264265259706,55,5797.0,0.09525349961473803,55,5797.0,-2.75
5340.0,60,2155.0,23.944444444444443,2.5954660473547264,60,6081.0,0.0806235375516543,60,6081.0,-2.8400000000000034
5345.0,58,1716.0,19.724137931034484,2.534473122704477,58,6159.0,0.08088329018886242,58,6159.0,-0.7800000000000011
5350.0,53,1223.0,14.220930232558139,2.84027819344245,53,6069.0,0.0985096685476242,53,6069.0,0.9000000000000057
5355.0,51,1199.0,13.47191011235955,3.29487897310764,51,6034.0,0.12266358736601116,51,6034.0,0.3499999999999943
5360.0,51,1229.0,13.808988764044944,3.3753973416651153,51,6035.0,0.11667123477578377,51,6035.0,-0.00999999999999801
5365.0,52,1157.0,13.0,2.9568115659044674,52,6110.0,0.0806131937147197,52,6110.0,-0.75
5370.0,48,1031.0,11.850574712643677,3.2291608464911365,48,6003.0,0.10027143468617546,48,6003.0,1.0700000000000003
5375.0,44,953.0,11.345238095238095,3.686468429247246,44,5871.0,0.12956341537235846,44,5871.0,1.3200000000000003
5380.0,44,998.0,11.604651162790697,3.7791913383927422,44,5567.0,0.13440522381570114,44,5567.0,3.039999999999999
5385.0,45,1043.0,11.988505747126437,3.805485399066567,45,5280.0,0.13319553721952052,45,5280.0,2.8700000000000045
5390.0,42,814.0,9.35632183908046,3.4279993830705764,42,5380.0,0.10819509739479805,42,5380.0,-1.0
5395.0,41,761.0,8.74712643678161,3.702816419669067,41,5418.0,0.13044044115145834,41,5418.0,-0.38000000000000256
5400.0,43,798.0,9.068181818181818,4.043751409937485,43,5549.0,0.13877905707334062,43,5549.0,-1.3100000000000023
5405.0,44,722.0,8.022222222222222,3.805496905171044,44,5686.0,0.12708196642509612,44,5686.0,-1.3699999999999974
5410.0,44,747.0,8.3,4.1327199364556115,44,5808.0,0.12166674687662497,44,5808.0,-1.2199999999999989
5415.0,46,795.0,9.034090909090908,3.9583249352444296,46,6012.0,0.10340456189812197,46,6012.0,-2.039999999999999
5420.0,43,757.0,8.80232558139535,3.980074675218323,43,6046.0,0.1025764833312919,43,6046.0,-0.3400000000000034
5425.0,38,661.0,7.963855421686747,4.2669589774898835,38,5878.0,0.12899623712337704,38,5878.0,1.6799999999999997
5430.0,34,603.0,7.265060240963855,4.632786860562507,34,5691.0,0.16214654656287925,34,5691.0,1.8700000000000045
5435.0,34,628.0,7.566265060240964,4.802427963287393,34,5335.0,0.17469939636125134,34,5335.0,3.559999999999995
5440.0,37,656.0,7.7176470588235295,4.422342802320197,37,4986.0,0.13845495454251866,37,4986.0,3.490000000000002
5445.0,35,618.0,7.445783132530121,4.271026429176388,35,5122.0,0.1267726305415685,35,5122.0,-1.3599999999999994
5450.0,38,655.0,7.891566265060241,4.286817889193863,38,5274.0,0.13446063457232255,38,5274.0,-1.5200000000000031
5455.0,38,695.0,8.273809523809524,4.350562831067235,38,5457.0,0.14508069303551974,38,5457.0,-1.8299999999999983
5460.0,38,697.0,8.5,4.119564400513706,38,5458.0,0.12020901981968762,38,5458.0,-0.00999999999999801
5465.0,36,662.0,8.17283950617284,3.9176194067597816,36,5274.0,0.11804022583121368,36,5274.0,1.8399999999999963
5470.0,33,619.0,7.7375,4.288584722354431,33,5086.0,0.1565681319169529,33,5086.0,1.8800000000000026
5475.0,31,568.0,7.012345679012346,4.776367459643242,31,4717.0,0.17496207043789694,31,4717.0,3.6899999999999977
5480.0,26,281.0,3.4691358024691357,4.567317051805211,26,4743.0,0.1758156527916877,26,4743.0,-0.259999999999998
5485.0,25,233.0,2.9125,4.985444326110313,25,4714.0,0.19581166086077015,25,4714.0,0.28999999999999915
5490.0,32,305.0,3.8125,4.585017602695718,32,4796.0,0.16314106694643568,32,4796.0,-0.8200000000000003
5495.0,36,362.0,4.525,4.1414502588998285,36,4781.0,0.12795837046145803,36,4781.0,0.14999999999999858
5500.0,34,391.0,5.077922077922078,4.060260459583685,34,4590.0,0.13781992450925248,34,4590.0,1.9100000000000037
5505.0,31,406.0,5.139240506329114,4.227856983844254,31,4386.0,0.16540919821821082,31,4386.0,2.039999999999999
5510.0,27,403.0,5.0375,4.721479579977909,27,4038.0,0.1846991240488892,27,4038.0,3.479999999999997
5515.0,27,392.0,4.780487804878049,4.823826674380515,27,3696.0,0.17698998783643938,27,3696.0,3.4200000000000017
5520.0,24,423.0,5.222222222222222,4.879852933557127,24,3513.0,0.18167937443577675,24,3513.0,1.8299999999999983
5525.0,24,468.0,5.777777777777778,5.157629114007215,24,3333.0,0.20209484399460764,24,3333.0,1.8000000000000043
5530.0,25,515.0,6.130952380952381,5.217473244086904,24,3023.0,0.20796398574826533,24,3023.0,3.099999999999998
5535.0,24,561.0,6.925925925925926,5.004872305516925,23,2873.0,0.2044103895742675,23,2873.0,1.5
5540.0,25,450.0,5.555555555555555,4.499845728712064,25,2910.0,0.16553306757903283,25,2910.0,-0.370000000000001
5545.0,25,490.0,6.125,4.953571960070897,25,2961.0,0.1970109049517476,25,2961.0,-0.509999999999998
5550.0,25,537.0,6.884615384615385,5.058367739458183,25,3071.0,0.21042226335483655,25,3071.0,-1.1000000000000014
5555.0,24,589.0,7.3625,4.932411534480382,24,3038.0,0.1950878278951905,24,3038.0,0.33000000000000185
5560.0,25,629.0,7.670731707317073,5.131938600998469,25,3009.0,0.19877217274498096,25,3009.0,0.28999999999999915
5565.0,27,676.0,8.345679012345679,5.055179848711096,27,2691.0,0.18767338564042066,27,2691.0,3.1799999999999997
5570.0,27,731.0,9.1375,5.009962775831627,27,2541.0,0.18263521547412423,27,2541.0,1.5
5575.0,27,786.0,9.949367088607595,4.988636912478204,27,2290.0,0.1920869554220775,27,2290.0,2.5100000000000016
5580.0,31,850.0,10.119047619047619,4.943754719193301,29,2223.0,0.19001353482906594,29,2223.0,0.6699999999999982
5585.0,33,918.0,11.060240963855422,4.581754824073801,30,2071.0,0.16426824853735744,30,2071.0,1.5199999999999996
5590.0,28,947.0,11.691358024691358,4.384445974350408,28,2224.0,0.15716589963436972,28,2224.0,-1.5299999999999976
5595.0,26,984.0,12.455696202531646,4.529295016729753,26,2138.0,0.17070750671433077,26,2138.0,0.8599999999999994
5600.0,25,1006.0,12.734177215189874,4.657535200783456,24,2112.0,0.1876501001678005,24,2112.0,0.259999999999998
5605.0,19,1042.0,12.707317073170731,4.8008843960490655,18,2129.0,0.20187568062550157,18,2129.0,-0.16999999999999815
5610.0,18,1111.0,14.063291139240507,4.527783444495007,17,2136.0,0.18548167888227596,17,2136.0,-0.07000000000000028
5615.0,21,739.0,9.2375,4.233123494750323,21,2233.0,0.16037182631625055,21,2233.0,-0.9699999999999989
5620.0,26,556.0,6.95,4.0075452185541725,26,2172.0,0.15003109746452944,26,2172.0,0.6099999999999994
5625.0,27,643.0,8.0375,4.001312333252095,26,2136.0,0.1436229926532019,26,2136.0,0.35999999999999943
5630.0,30,427.0,5.2073170731707314,3.71690181867661,29,2147.0,0.12804403047036228,29,2147.0,-0.10999999999999943
5635.0,29,417.0,5.085365853658536,3.758809875703868,29,2084.0,0.13136916013096053,29,2084.0,0.629999999999999
5640.0,35,544.0,6.476190476190476,3.5402154974238367,35,2137.0,0.11758923790779556,35,2137.0,-0.5300000000000011
5645.0,40,571.0,6.7176470588235295,3.441558070792184,40,2243.0,0.09387504881862464,40,2243.0,-1.0599999999999987
5650.0,46,782.0,9.421686746987952,3.448775185920282,46,2378.0,0.0964487946447273,46,2378.0,-1.3500000000000014
5655.0,52,1027.0,12.226190476190476,3.2681204242840645,52,2612.0,0.09348752065011619,52,2612.0,-2.34
5660.0,53,1157.0,13.611764705882353,3.2395681896586512,53,2764.0,0.09098887151292893,53,2764.0,-1.5199999999999996
5665.0,52,1188.0,13.813953488372093,3.108624073082395,52,2914.0,0.0674786089496245,52,2914.0,-1.5
5670.0,48,1211.0,14.24705882352941,3.412191474368631,48,2947.0,0.09080463335392869,48,2947.0,-0.3299999999999983
5675.0,43,1106.0,13.166666666666666,3.5603813377938884,43,3000.0,0.09875579310258167,43,3000.0,-0.5300000000000011
5680.0,40,926.0,10.64367816091954,3.738057424353456,40,2931.0,0.11072482569138782,40,2931.0,0.6900000000000013
5685.0,40,900.0,10.588235294117647,3.4571789921001335,40,3128.0,0.10846409317110998,40,3128.0,-1.9700000000000024
5690.0,45,866.0,10.433734939759036,2.940503807359584,45,3319.0,0.07985932349488373,45,3319.0,-1.9099999999999966
5695.0,49,882.0,10.88888888888889,2.6685606262892976,49,3562.0,0.08276763086518356,49,3562.0,-2.4299999999999997
5700.0,50,907.0,11.060975609756097,2.9298450441010613,50,3810.0,0.08696148007504664,50,3810.0,-2.480000000000004
5705.0,48,861.0,10.25,2.9559952623304926,48,3927.0,0.083650874160864,48,3927.0,-1.1700000000000017
5710.0,44,799.0,9.626506024096386,2.9422239937670422,44,3898.0,0.09348020781857415,44,3898.0,0.29000000000000625
5715.0,45,792.0,9.428571428571429,2.8513419806440914,45,3877.0,0.09233729678392681,45,3877.0,0.20999999999999375
5720.0,43,849.0,10.228915662650602,2.856475208107603,43,4087.0,0.09038466745037838,43,4087.0,-2.0999999999999943
5725.0,48,939.0,11.178571428571429,2.9766319750658257,48,4319.0,0.09007770481874698,48,4319.0,-2.3200000000000003
5730.0,53,1054.0,12.255813953488373,2.7492779868488904,53,4572.0,0.08462935626936137,53,4572.0,-2.530000000000001
5735.0,56,944.0,10.850574712643677,2.394158128970953,56,4739.0,0.06443544071180042,56,4739.0,-1.6700000000000017
5740.0,56,1013.0,11.64367816091954,2.239200158848045,56,4860.0,0.06656699519242815,56,4860.0,-1.2100000000000009
5745.0,58,1160.0,13.333333333333334,2.4446455615158658,58,5079.0,0.08170999693701901,58,5079.0,-2.1899999999999977
5750.0,59,1225.0,14.244186046511627,2.267616705972459,59,5230.0,0.06906662965315408,59,5230.0,-1.509999999999998
5755.0,54,1215.0,13.651685393258427,2.726691505507114,54,5230.0,0.08845586677449847,54,5230.0,0.0
5760.0,49,1180.0,13.258426966292134,3.1623074170797243,49,5208.0,0.10934690444429584,49,5208.0,0.21999999999999886
5765.0,47,1132.0,13.011494252873563,3.0689312050289446,47,5035.0,0.09832662619609343,47,5035.0,1.7299999999999969
5770.0,43,1122.0,13.046511627906977,3.647163711190627,43,4868.0,0.12817580465413664,43,4868.0,1.6700000000000017
5775.0,44,929.0,11.05952380952381,3.474196635341745,44,5084.0,0.12023069977722566,44,5084.0,-2.1600000000000037
5780.0,45,622.0,6.98876404494382,3.328854726212965,45,5116.0,0.11074333117906694,45,5116.0,-0.3199999999999932
5785.0,43,654.0,7.266666666666667,3.221126693683558,43,5161.0,0.10221851338936944,43,5161.0,-0.45000000000000284
5790.0,47,723.0,8.033333333333333,3.1626229894073274,47,5240.0,0.09400605558686267,47,5240.0,-0.7899999999999991
5795.0,47,806.0,9.159090909090908,3.576942585678698,47,5240.0,0.1264948775143947,47,5240.0,0.0
5800.0,48,791.0,9.091954022988507,3.525735463854842,48,5421.0,0.12128861136784111,48,5421.0,-1.8100000000000023
5805.0,49,886.0,10.068181818181818,3.4979985763422756,49,5622.0,0.12148179065639626,49,5622.0,-2.009999999999998
5810.0,49,983.0,11.298850574712644,3.616297560981166,49,5865.0,0.12199346128991628,49,5865.0,-2.4299999999999997
5815.0,49,1014.0,11.790697674418604,3.2923275866433146,49,5945.0,0.08858095329340682,49,5945.0,-0.8000000000000043
5820.0,50,1069.0,12.726190476190476,3.3394456293569297,50,5875.0,0.1071173512334002,50,5875.0,0.7000000000000028
5825.0,51,1124.0,13.223529411764705,3.398258311096029,51,5801.0,0.11435058883229943,51,5801.0,0.740000000000002
5830.0,49,1178.0,13.540229885057471,3.427751672601361,49,5571.0,0.11831656671265692,49,5571.0,2.299999999999997
5835.0,48,1204.0,14.0,3.1757218060378425,48,5792.0,0.10679910692223399,48,5792.0,-2.210000000000001
5840.0,51,1255.0,14.764705882352942,2.8584022309899613,51,6041.0,0.09513312099186358,51,6041.0,-2.489999999999995
5845.0,54,1320.0,15.348837209302326,2.879994245733384,54,6298.0,0.08907448958945836,54,6298.0,-2.5700000000000003
5850.0,51,1342.0,15.604651162790697,3.0137919626862075,51,6389.0,0.08560374836684811,51,6389.0,-0.9100000000000037
5855.0,48,1319.0,14.988636363636363,3.17601469018756,48,6304.0,0.11001312366074006,48,6304.0,0.8500000000000014
5860.0,46,1282.0,14.568181818181818,3.343139191448077,46,6211.0,0.12166476686285019,46,6211.0,0.9299999999999997
5865.0,43,1233.0,14.172413793103448,3.396648910650844,43,5952.0,0.11812425869021302,43,5952.0,2.5899999999999963
5870.0,39,1174.0,13.494252873563218,4.0411073708147995,39,5681.0,0.14971429425908248,39,5681.0,2.710000000000001
5875.0,33,817.0,9.39080459770115,4.163745111533051,33,5732.0,0.15266667514596144,33,5732.0,-0.509999999999998
5880.0,31,702.0,7.9772727272727275,4.411421263658756,31,5694.0,0.17383560048674213,31,5694.0,0.38000000000000256
5885.0,36,797.0,9.267441860465116,4.418867144044031,36,5764.0,0.16965697394955867,36,5764.0,-0.7000000000000028
5890.0,44,923.0,10.732558139534884,3.778025551958558,44,5951.0,0.11842910269144742,44,5951.0,-1.8699999999999974
5895.0,42,1006.0,11.83529411764706,3.8774897855681507,42,5990.0,0.11764787394903026,42,5990.0,-0.39000000000000057
5900.0,38,1034.0,12.16470588235294,4.205972704757691,38,5838.0,0.13293212176619526,38,5838.0,1.519999999999996
5905.0,35,1046.0,11.752808988764045,4.605738297238175,35,5666.0,0.1636593090804945,35,5666.0,1.720000000000006
5910.0,34,734.0,8.155555555555555,4.305518135556897,33,5632.0,0.14097847439654834,33,5632.0,0.3399999999999963
5915.0,34,342.0,3.9310344827586206,4.047884688553694,34,5805.0,0.12475991605107281,34,5805.0,-1.7299999999999969
5920.0,37,382.0,4.390804597701149,4.220299489206583,37,5640.0,0.13580553448605112,37,5640.0,1.6499999999999986
5925.0,42,480.0,5.647058823529412,3.851004372623006,42,5484.0,0.12769916362041636,42,5484.0,1.5599999999999952
5930.0,45,544.0,6.252873563218391,3.3805334131683695,45,5507.0,0.10322173373404253,45,5507.0,-0.22999999999999687
5935.0,43,569.0,6.616279069767442,3.5830443605066047,43,5344.0,0.11814915458248333,43,5344.0,1.6300000000000026
5940.0,42,582.0,6.847058823529411,3.499949064586561,42,5175.0,0.10821206547582328,42,5175.0,1.6899999999999977
5945.0,41,543.0,6.542168674698795,3.367143534741293,40,5283.0,0.10455677081425632,40,5283.0,-1.0799999999999983
5950.0,39,520.0,6.265060240963855,3.511229664008281,39,5483.0,0.10641967386798523,39,5483.0,-2.0
5955.0,39,574.0,6.597701149425287,3.8359438912778607,39,5550.0,0.12276979829321412,39,5550.0,-0.6700000000000017
5960.0,43,640.0,7.529411764705882,3.385048953605617,43,5562.0,0.10727032320598326,43,5562.0,-0.11999999999999744
5965.0,46,686.0,7.976744186046512,3.063186893345373,46,5395.0,0.08517600701457666,46,5395.0,1.6699999999999946
5970.0,44,737.0,8.569767441860465,3.4792652044641654,44,5239.0,0.11488079093755303,44,5239.0,1.5600000000000023
5975.0,41,772.0,9.08235294117647,3.7500370264194305,41,4898.0,0.1309448862580366,41,4898.0,3.4100000000000037
5980.0,38,791.0,9.091954022988507,3.950841234660504,38,4575.0,0.14719267635573663,38,4575.0,3.229999999999997
5985.0,34,512.0,5.953488372093023,3.877468951061996,34,4635.0,0.14779731111305333,34,4635.0,-0.6000000000000014
5990.0,34,440.0,5.176470588235294,3.641280106364492,34,4641.0,0.1340343767923395,34,4641.0,-0.05999999999999517
5995.0,35,491.0,5.9156626506024095,3.981440016733669,35,4742.0,0.15271883155758595,35,4742.0,-1.0100000000000051
6000.0,38,561.0,6.759036144578313,4.00509432753308,38,4743.0,0.1396194967981725,38,4743.0,-0.00999999999999801
6005.0,39,606.0,6.886363636363637,4.0543301356489145,39,4758.0,0.12811007232801636,39,4758.0,-0.14999999999999858
6010.0,35,636.0,7.310344827586207,4.086973117967371,35,4755.0,0.13575592990247387,35,4755.0,0.030000000000001137
6015.0,37,649.0,7.459770114942529,3.727464051359431,37,4917.0,0.11318263264982854,37,4917.0,-1.6200000000000045
6020.0,38,691.0,8.129411764705882,3.7683032380187336,38,5109.0,0.12985404881776932,38,5109.0,-1.9200000000000017
6025.0,39,770.0,9.27710843373494,3.843510597222051,39,5298.0,0.13288242495365213,39,5298.0,-1.8899999999999935
6030.0,41,851.0,9.895348837209303,3.6750709190220388,41,5306.0,0.11566639079259297,41,5306.0,-0.0800000000000054
6035.0,42,901.0,10.476744186046512,3.2833868789483525,42,5121.0,0.10169390536928408,42,5121.0,1.8500000000000014
6040.0,42,958.0,11.011494252873563,3.282632111327039,42,4947.0,0.10578999129351435,42,4947.0,1.740000000000002
6045.0,40,1008.0,11.858823529411765,3.5192413005448615,40,4586.0,0.12296336053574257,40,4586.0,3.6099999999999994
6050.0,37,710.0,8.55421686746988,3.4862170060160653,37,4640.0,0.1191812466180686,37,4640.0,-0.5399999999999991
6055.0,36,616.0,7.247058823529412,3.6150426899581434,36,4619.0,0.13475126908124607,36,4619.0,0.21000000000000085
6060.0,37,694.0,8.16470588235294,3.6310017682103637,37,4693.0,0.13004357642749817,37,4693.0,-0.740000000000002
6065.0,42,766.0,9.119047619047619,3.1219977484378667,42,4711.0,0.09396723523076346,42,4711.0,-0.17999999999999972
6070.0,42,821.0,9.658823529411764,3.597078758518478,42,4564.0,0.11125055514762704,42,4564.0,1.4699999999999989
6075.0,42,875.0,10.294117647058824,3.843959279192601,42,4418.0,0.13579277442979695,42,4418.0,1.4600000000000009
6080.0,39,866.0,9.730337078651685,3.886488464866936,39,4579.0,0.12836525042794852,39,4579.0,-1.6099999999999994
6085.0,41,914.0,10.386363636363637,3.842054795844738,41,4769.0,0.12315411084307538,41,4769.0,-1.8999999999999986
6090.0,43,971.0,11.290697674418604,3.5447918378699703,43,4979.0,0.11801423051699224,43,4979.0,-2.1000000000000014
6095.0,41,1010.0,11.744186046511627,3.7377438723426626,41,5021.0,0.11779331616787747,41,5021.0,-0.4200000000000017
6100.0,41,1065.0,12.529411764705882,3.7985804473345994,41,4901.0,0.12361489211493207,41,4901.0,1.2000000000000028
6105.0,41,1120.0,13.176470588235293,3.5556646809038055,41,4786.0,0.1296571802106467,41,4786.0,1.1499999999999986
6110.0,38,1167.0,13.892857142857142,3.6203718031716985,38,4521.0,0.13449556239992425,38,4521.0,2.6499999999999986
6115.0,37,741.0,8.821428571428571,3.432342240420363,37,4525.0,0.12144174074163516,37,4525.0,-0.03999999999999915
6120.0,33,361.0,4.2976190476190474,3.528544605356297,33,4532.0,0.12605696496785945,33,4532.0,-0.07000000000000028
6125.0,34,396.0,4.658823529411765,3.9816245653657067,34,4421.0,0.14866324047533017,34,4421.0,1.1099999999999994
6130.0,39,458.0,5.264367816091954,3.6542722528810065,39,4440.0,0.13514992214307725,39,4440.0,-0.18999999999999773
6135.0,40,508.0,5.7727272727272725,3.7084220170738535,40,4315.0,0.12532782053752403,40,4315.0,1.25
6140.0,43,566.0,6.288888888888889,3.719649469835624,43,4238.0,0.11418320742618734,43,4238.0,0.769999999999996
6145.0,39,616.0,7.162790697674419,3.8546153922896345,39,4030.0,0.13304832082558166,39,4030.0,2.0800000000000054
6150.0,37,589.0,6.7701149425287355,4.098358361203642,36,4090.0,0.13937965047445533,36,4090.0,-0.6000000000000014
6155.0,36,558.0,6.413793103448276,3.9631546061386937,36,4276.0,0.14020965779541836,36,4276.0,-1.8599999999999994
6160.0,35,614.0,7.057471264367816,4.124368050975167,35,4261.0,0.1457102840434521,35,4261.0,0.14999999999999858
6165.0,43,693.0,8.152941176470588,3.376974039039094,43,4313.0,0.1088630494326848,43,4313.0,-0.5200000000000031
6170.0,44,758.0,8.813953488372093,3.3042578283251767,44,4238.0,0.11134251591606177,44,4238.0,0.75
6175.0,40,814.0,9.35632183908046,3.935850192152807,40,4157.0,0.1401417403741717,40,4157.0,0.8100000000000023
6180.0,36,852.0,9.681818181818182,4.170803499425085,36,3937.0,0.15317827632889383,36,3937.0,2.200000000000003
6185.0,33,742.0,8.431818181818182,4.346944321867567,33,4044.0,0.1555055466225329,33,4044.0,-1.0700000000000003
6190.0,38,791.0,9.091954022988507,3.810984867735305,38,4155.0,0.13138394000523157,38,4155.0,-1.1099999999999994
6195.0,40,900.0,10.465116279069768,4.0249628396094606,40,4345.0,0.13927220104845475,40,4345.0,-1.9000000000000057
6200.0,42,989.0,11.5,4.04620161548073,42,4409.0,0.1268483680348594,42,4409.0,-0.6400000000000006
6205.0,43,1049.0,11.920454545454545,3.7971082497649125,43,4339.0,0.1242437008771129,43,4339.0,0.7000000000000028
6210.0,39,1100.0,12.5,3.970431777860608,39,4257.0,0.14306606501625715,39,4257.0,0.8200000000000003
6215.0,38,1141.0,13.114942528735632,3.829813214272292,38,4040.0,0.13181442283162195,38,4040.0,2.1700000000000017
6220.0,35,1173.0,13.482758620689655,4.34156061472873,35,3827.0,0.16227881688018256,35,3827.0,2.1299999999999955
6225.0,32,754.0,8.767441860465116,4.067639200417148,32,3814.0,0.15328636913842628,32,3814.0,0.13000000000000256
6230.0,29,496.0,5.573033707865169,4.399729162733625,29,3668.0,0.17695792966136514,29,3668.0,1.4600000000000009
6235.0,34,581.0,6.67816091954023,4.506284692844683,34,3625.0,0.17995513956488352,34,3625.0,0.4299999999999997
6240.0,42,467.0,5.367816091954023,3.5681018372170636,42,3682.0,0.10459912804424905,42,3682.0,-0.5700000000000003
6245.0,40,428.0,4.863636363636363,4.040681055074164,40,3684.0,0.1248083381141209,40,3684.0,-0.020000000000003126
6250.0,41,556.0,6.318181818181818,4.332291092959993,41,3755.0,0.13963566592418164,41,3755.0,-0.7099999999999937
6255.0,42,647.0,7.269662921348314,4.0309436553177,42,3887.0,0.1275764398020171,42,3887.0,-1.3200000000000003
6260.0,44,792.0,8.703296703296703,3.9409304802334058,44,4049.0,0.1132620382408811,44,4049.0,-1.6200000000000045
6265.0,48,1010.0,11.098901098901099,3.8060938793920496,48,4241.0,0.09683475437890564,48,4241.0,-1.9199999999999946
6270.0,53,1265.0,14.213483146067416,3.6696649256954172,53,4480.0,0.09877923124789321,53,4480.0,-2.3900000000000006
6275.0,56,1392.0,15.818181818181818,3.313486325811296,56,4585.0,0.08013557280860199,56,4585.0,-1.0500000000000043
6280.0,54,1421.0,16.333333333333332,3.1982128760841806,54,4530.0,0.08369428391905223,54,4530.0,0.5500000000000043
6285.0,51,1436.0,17.301204819277107,3.266875680743463,51,4462.0,0.10975873256913547,51,4462.0,0.6799999999999997
6290.0,50,1436.0,17.095238095238095,3.167765797916352,50,4254.0,0.09200758341494736,50,4254.0,2.0799999999999983
6295.0,46,1425.0,16.964285714285715,3.5571753196145863,46,4056.0,0.12029570662282922,46,4056.0,1.9799999999999969
6300.0,42,1398.0,17.048780487804876,3.7321278959641946,42,3854.0,0.14563271890732415,42,3854.0,2.020000000000003
6305.0,39,1355.0,15.941176470588236,3.940201099640471,39,3778.0,0.15741569223205457,39,3778.0,0.759999999999998
6310.0,41,1148.0,13.195402298850574,3.754729065525278,41,3975.0,0.13803554962654693,41,3975.0,-1.9699999999999989
6315.0,43,1081.0,12.569767441860465,3.475733930266918,43,4094.0,0.12068993454153396,43,4094.0,-1.1899999999999977
6320.0,45,1033.0,12.297619047619047,3.50430683057275,44,4302.0,0.12823372324502716,44,4302.0,-2.0800000000000054
6325.0,41,935.0,11.265060240963855,3.726833727225474,41,4361.0,0.14157155972081134,41,4361.0,-0.5899999999999963
6330.0,36,805.0,9.470588235294118,4.061657022003151,36,4241.0,0.16219381078761239,36,4241.0,1.2000000000000028
6335.0,32,713.0,8.388235294117647,4.568656102693548,32,4131.0,0.1820945292090303,32,4131.0,1.0999999999999943
6340.0,30,670.0,7.882352941176471,4.630942920275908,30,3888.0,0.17549474273385837,30,3888.0,2.4299999999999997
6345.0,31,741.0,8.821428571428571,4.714504252057396,31,3792.0,0.19154787491585812,31,3792.0,0.9600000000000009
6350.0,34,742.0,8.939759036144578,4.420072735008697,34,3947.0,0.17140100674031805,34,3947.0,-1.5499999999999972
6355.0,40,808.0,9.619047619047619,3.640173005044355,39,4133.0,0.13413952863065154,39,4133.0,-1.8599999999999994
6360.0,42,932.0,11.228915662650602,3.6977154661257137,42,4337.0,0.13699541101800713,42,4337.0,-2.039999999999999
6365.0,40,993.0,11.963855421686747,3.4033916933136,40,4341.0,0.10894886345066988,40,4341.0,-0.03999999999999915
6370.0,42,1051.0,12.511904761904763,3.5953565054608987,42,4394.0,0.11625479266012156,42,4394.0,-0.5300000000000011
6375.0,39,1074.0,13.097560975609756,3.7316051809854387,39,4309.0,0.13746994079969926,39,4309.0,0.8499999999999943
6380.0,36,1132.0,13.31764705882353,4.063202877510575,36,4213.0,0.16086587662406326,36,4213.0,0.9600000000000009
6385.0,36,1207.0,14.2,4.348829745995569,36,3998.0,0.16595741817615808,36,3998.0,2.1500000000000057
6390.0,39,840.0,9.882352941176471,3.856695123538716,39,4010.0,0.13399584738989487,39,4010.0,-0.12000000000000455
6395.0,39,655.0,7.705882352941177,3.770330683503945,39,3933.0,0.12478336904655206,39,3933.0,0.7700000000000031
6400.0,42,755.0,8.882352941176471,4.1018969998122525,42,3954.0,0.1416279449863831,42,3954.0,-0.21000000000000085
6405.0,44,760.0,8.837209302325581,3.7382232950194023,44,4070.0,0.12136389156859258,44,4070.0,-1.1600000000000037
6410.0,44,814.0,9.25,3.7979397427121997,44,4146.0,0.11590193506910701,44,4146.0,-0.759999999999998
6415.0,46,933.0,10.602272727272727,3.691315102948148,46,4315.0,0.11068142487240994,46,4315.0,-1.6899999999999977
6420.0,46,977.0,11.229885057471265,3.5713534277206707,46,4393.0,0.10491255235810766,46,4393.0,-0.7800000000000011
6425.0,42,997.0,11.329545454545455,3.984161658645458,42,4310.0,0.11769778947081504,42,4310.0,0.8299999999999983
6430.0,42,1050.0,11.538461538461538,4.115816655263055,42,4217.0,0.14045921481899182,42,4217.0,0.9299999999999997
6435.0,41,1105.0,12.277777777777779,4.277471496081663,41,3990.0,0.1471872147192676,41,3990.0,2.270000000000003
6440.0,43,1164.0,13.227272727272727,3.969929049124528,43,3788.0,0.12292118017631663,43,3788.0,2.019999999999996
6445.0,41,1226.0,14.423529411764706,4.04899394554172,41,3602.0,0.13680252790750935,41,3602.0,1.8599999999999994
6450.0,40,1275.0,14.825581395348838,4.190771842391518,40,3548.0,0.1509576132816685,40,3548.0,0.5400000000000063
6455.0,35,1303.0,14.806818181818182,4.219352693166049,35,3481.0,0.16210155865759823,35,3481.0,0.6699999999999946
6460.0,33,1317.0,14.965909090909092,4.536663057920162,32,3407.0,0.17880232081255185,32,3407.0,0.740000000000002
6465.0,33,1320.0,15.0,4.3360039281291725,31,3213.0,0.15708227265706742,31,3213.0,1.9399999999999977
6470.0,29,1311.0,14.897727272727273,4.635035377927333,28,3242.0,0.17942890842371545,28,3242.0,-0.28999999999999915
6475.0,25,1305.0,14.829545454545455,5.015434420381456,25,3154.0,0.19779702714461933,25,3154.0,0.8800000000000026
6480.0,24,1344.0,15.627906976744185,4.960045436220924,22,3068.0,0.2094674891376949,22,3068.0,0.8599999999999994
6485.0,20,891.0,10.48235294117647,4.717456097809663,17,2972.0,0.1986207481275497,17,2972.0,0.9600000000000009
6490.0,20,616.0,7.162790697674419,4.879038838238455,20,2763.0,0.20014854861261439,20,2763.0,2.09
6495.0,26,724.0,8.32183908045977,5.0932787344622685,25,2647.0,0.20677024246230227,25,2647.0,1.1600000000000001
6500.0,29,573.0,6.586206896551724,4.622721371337896,29,2627.0,0.1572338019005432,29,2627.0,0.1999999999999993
6505.0,31,516.0,5.863636363636363,4.626952880055219,31,2655.0,0.15313490857092255,31,2655.0,-0.28000000000000114
6510.0,36,686.0,7.976744186046512,4.580053444364523,36,2629.0,0.14806134136746918,36,2629.0,0.26000000000000156
6515.0,44,842.0,9.905882352941177,3.8927335109475987,44,2735.0,0.10602170676928267,44,2735.0,-1.0600000000000023
6520.0,47,1052.0,12.232558139534884,4.060026408394083,47,2857.0,0.10367395433097043,47,2857.0,-1.2199999999999989
6525.0,52,1302.0,15.31764705882353,4.047777442504719,52,3087.0,0.10105874691597228,52,3087.0,-2.3000000000000007
6530.0,52,1298.0,15.093023255813954,3.817654318919176,52,3238.0,0.08916439336325904,52,3238.0,-1.5100000000000016
6535.0,51,1487.0,17.290697674418606,3.6646377465602247,51,3335.0,0.08472708165840905,51,3335.0,-0.9699999999999989
6540.0,54,1750.0,20.833333333333332,3.4125818839310114,54,3535.0,0.07930373805572188,54,3535.0,-2.0
6545.0,53,1927.0,23.5,3.1385645997399623,53,3710.0,0.07168727355487975,53,3710.0,-1.75
6550.0,54,2149.0,25.583333333333332,3.46713478700131,54,3856.0,0.07854324100133774,54,3856.0,-1.4600000000000009
6555.0,54,2417.0,28.1046511627907,3.575553962366046,54,4082.0,0.09310822396642739,54,4082.0,-2.259999999999998
6560.0,55,2688.0,32.0,3.321759175768896,55,4353.0,0.07910223276891842,55,4353.0,-2.710000000000001
6565.0,57,2942.0,35.8780487804878,2.902858366803173,57,4607.0,0.05562543359114564,57,4607.0,-2.539999999999999
6570.0,60,3233.0,39.426829268292686,2.7366015018837477,60,4900.0,0.05990799424477571,60,4900.0,-2.9299999999999997
6575.0,61,3531.0,43.592592592592595,2.6240008485404096,61,5196.0,0.05792162332001909,61,5196.0,-2.960000000000001
6580.0,59,3546.0,41.71764705882353,2.7626021869597017,59,5303.0,0.06086569150004659,59,5303.0,-1.0700000000000003
6585.0,55,3354.0,39.45882352941177,2.9579960622556785,55,5207.0,0.07735541673237809,55,5207.0,0.9600000000000009
6590.0,55,3149.0,37.93975903614458,2.6541383321133405,55,5099.0,0.07365509319397179,55,5099.0,1.0799999999999983
6595.0,52,2937.0,35.3855421686747,2.952829731437421,52,4889.0,0.09132824960806825,52,4889.0,2.1000000000000014
6600.0,48,2710.0,33.048780487804876,3.3991550485027915,48,4686.0,0.11930274974994963,48,4686.0,2.030000000000001
6605.0,45,2469.0,30.48148148148148,3.5056866242168816,45,4483.0,0.14228294356957089,45,4483.0,2.030000000000001
6610.0,39,2069.0,25.54320987654321,3.4330364246998952,39,4691.0,0.13043406514894135,39,4691.0,-2.0799999999999983
6615.0,45,1805.0,22.5625,3.0320354722817933,45,4904.0,0.10477059136657456,45,4904.0,-2.1300000000000026
6620.0,43,1530.0,19.125,3.379208313257029,43,5053.0,0.11197247006145687,43,5053.0,-1.490000000000002
6625.0,39,1167.0,14.5875,3.7038337529641487,39,5197.0,0.12739117787934262,39,5197.0,-1.4399999999999977
6630.0,41,979.0,12.08641975308642,3.891384502022118,41,5360.0,0.14602232483982153,41,5360.0,-1.6300000000000026
6635.0,41,867.0,10.8375,4.039850625051762,41,5556.0,0.15283832300393638,41,5556.0,-1.9600000000000009
6640.0,39,725.0,9.0625,3.9159158891457495,39,5583.0,0.12417661805185717,39,5583.0,-0.269999999999996
6645.0,36,590.0,7.468354430379747,4.226958605692784,36,5425.0,0.14168060862549037,36,5425.0,1.5799999999999983
6650.0,36,625.0,7.9113924050632916,4.248856162251846,36,5436.0,0.15540766573633807,36,5436.0,-0.10999999999999943
6655.0,37,660.0,8.148148148148149,3.949428209204806,37,5450.0,0.13400467377514758,37,5450.0,-0.14000000000000057
6660.0,35,596.0,7.3580246913580245,3.66326090566158,35,5377.0,0.11388765811737664,35,5377.0,0.7299999999999969
6665.0,41,621.0,7.7625,3.176391492634248,41,5566.0,0.08633861585738108,41,5566.0,-1.8899999999999935
6670.0,39,664.0,8.405063291139241,3.234254350869042,39,5703.0,0.10422616284197142,39,5703.0,-1.3700000000000045
6675.0,42,682.0,8.632911392405063,3.2154423052868015,42,5732.0,0.09414787907397636,42,5732.0,-0.28999999999999915
6680.0,37,661.0,8.060975609756097,3.3433335940435303,37,5585.0,0.11266075246489098,37,5585.0,1.4699999999999989
6685.0,34,623.0,7.691358024691358,3.628516012199799,34,5424.0,0.13891349599641828,34,5424.0,1.6099999999999994
6690.0,33,572.0,7.061728395061729,3.707807434718918,33,5088.0,0.13610123460108903,33,5088.0,3.3599999999999994
6695.0,30,543.0,6.621951219512195,4.11123962734594,30,4759.0,0.15664772776174352,30,4759.0,3.289999999999999
6700.0,28,561.0,6.925925925925926,4.328813465946415,28,4440.0,0.16977600404473792,28,4440.0,3.190000000000005
6705.0,27,339.0,4.035714285714286,4.242499002553584,26,4460.0,0.16680677627864807,26,4460.0,-0.20000000000000284
6710.0,27,337.0,4.160493827160494,4.25233055977184,27,4433.0,0.1738274080592458,27,4433.0,0.2700000000000031
6715.0,36,421.0,5.072289156626506,4.091604877107114,36,4524.0,0.14761112994846792,36,4524.0,-0.9100000000000037
6720.0,37,490.0,5.833333333333333,4.19201850873504,37,4542.0,0.1312139300900093,37,4542.0,-0.17999999999999972
6725.0,34,527.0,6.349397590361446,4.658182865513534,34,4397.0,0.15612568233456778,34,4397.0,1.4500000000000028
6730.0,32,550.0,6.32183908045977,5.018347897834786,32,4240.0,0.18024637415193176,32,4240.0,1.5700000000000003
6735.0,28,373.0,4.3882352941176475,4.917169228585815,28,4281.0,0.17414667012893778,28,4281.0,-0.4100000000000037
6740.0,28,322.0,3.8795180722891565,4.71678568378836,28,4336.0,0.14660111622638225,28,4336.0,-0.5499999999999972
6745.0,33,407.0,4.963414634146342,4.836010716709263,33,4374.0,0.16720584909578023,33,4374.0,-0.38000000000000256
6750.0,39,479.0,5.841463414634147,4.231710366216215,39,4526.0,0.13300938917909802,39,4526.0,-1.519999999999996
6755.0,43,614.0,7.223529411764706,3.798142296349579,43,4723.0,0.10129431373852124,43,4723.0,-1.9699999999999989
6760.0,45,766.0,9.45679012345679,3.630325648804444,45,4943.0,0.10425823168167975,45,4943.0,-2.200000000000003
6765.0,47,834.0,10.692307692307692,2.7054526853653518,47,4988.0,0.06535898236247176,47,4988.0,-0.45000000000000284
6770.0,43,836.0,10.717948717948717,3.0408678768729795,43,4848.0,0.08878184624811966,43,4848.0,1.4000000000000057
6775.0,39,853.0,10.935897435897436,3.6583279800549726,39,4683.0,0.12818025090490395,39,4683.0,1.6499999999999986
6780.0,39,898.0,11.225,3.8042955327551247,39,4345.0,0.13787530078091423,39,4345.0,3.3799999999999955
6785.0,39,851.0,10.506172839506172,3.6754982366035516,39,4481.0,0.12220493886859894,39,4481.0,-1.3599999999999994
6790.0,44,908.0,11.35,3.036748771656234,44,4653.0,0.09480553134605632,44,4653.0,-1.7199999999999989
6795.0,44,976.0,12.049382716049383,3.33777447950573,44,4849.0,0.10518330720324173,44,4849.0,-1.9600000000000009
6800.0,43,1001.0,12.670886075949367,3.2490422138259767,43,4881.0,0.11080286521683917,43,4881.0,-0.3200000000000003
6805.0,39,978.0,11.926829268292684,3.5611348968267653,39,4718.0,0.13331158878127755,39,4718.0,1.6300000000000026
6810.0,36,938.0,11.580246913580247,3.7625600268272823,36,4542.0,0.14489505286221482,36,4542.0,1.759999999999998
6815.0,34,886.0,10.804878048780488,4.0128187425612225,34,4205.0,0.15088695643387226,34,4205.0,3.3700000000000045
6820.0,35,847.0,10.083333333333334,3.9238554006571627,35,4371.0,0.12826276792711033,35,4371.0,-1.6600000000000037
6825.0,36,887.0,10.55952380952381,4.073849421398561,36,4550.0,0.13903006355148473,36,4550.0,-1.7899999999999991
6830.0,38,977.0,11.630952380952381,3.966926215362016,38,4724.0,0.1405586996562877,38,4724.0,-1.740000000000002
6835.0,40,1056.0,12.72289156626506,3.7795842806605604,40,4743.0,0.12377923248642894,40,4743.0,-0.18999999999999773
6840.0,44,1113.0,13.409638554216867,3.1099626015565325,44,4598.0,0.0984236240429201,44,4598.0,1.4500000000000028
6845.0,40,1169.0,13.916666666666666,3.7028190617260455,40,4458.0,0.12886590030246645,40,4458.0,1.3999999999999986
6850.0,36,1207.0,14.2,4.161376616080465,36,4148.0,0.15077167592959764,36,4148.0,3.1000000000000014
6855.0,33,1040.0,11.818181818181818,4.287417908615614,33,4232.0,0.15463209294759322,33,4232.0,-0.8400000000000034
6860.0,35,1062.0,12.068181818181818,4.215592768305348,35,4299.0,0.14980635716417715,35,4299.0,-0.6700000000000017
6865.0,38,1160.0,13.80952380952381,4.145216328132728,38,4461.0,0.15644718462136514,38,4461.0,-1.6199999999999974
6870.0,44,1293.0,15.578313253012048,3.7364371829945915,44,4670.0,0.11521579394314956,44,4670.0,-2.0900000000000034
6875.0,47,1387.0,16.511904761904763,3.5864273479867976,47,4717.0,0.09726924863087838,47,4717.0,-0.46999999999999886
6880.0,43,1433.0,16.662790697674417,3.6606469342816186,43,4580.0,0.12036725383513613,43,4580.0,1.3700000000000045
6885.0,39,1461.0,16.988372093023255,3.907498729587484,39,4466.0,0.13854029267942922,39,4466.0,1.1400000000000006
6890.0,41,1484.0,17.458823529411763,3.4517700960755513,41,4664.0,0.10866435112064943,41,4664.0,-1.980000000000004
6895.0,44,1544.0,17.74712643678161,3.5062745070813195,44,4875.0,0.10646813022818148,44,4875.0,-2.1099999999999994
6900.0,46,1658.0,19.27906976744186,3.5884034279390375,46,5098.0,0.10431960549888614,46,5098.0,-2.229999999999997
6905.0,48,1752.0,20.137931034482758,3.289167275471419,48,5190.0,0.10320563530552046,48,5190.0,-0.9200000000000017
6910.0,49,1817.0,20.885057471264368,2.8068434992363556,49,5144.0,0.09123535640526564,49,5144.0,0.46000000000000085
6915.0,48,1881.0,21.872093023255815,2.9012134313292575,48,5102.0,0.10663163320061157,48,5102.0,0.4199999999999946
6920.0,44,1932.0,23.0,3.1235867612986388,44,4926.0,0.1141944139722226,44,4926.0,1.7600000000000051
6925.0,42,1968.0,23.152941176470588,3.5005407843692398,42,4752.0,0.13285434004787983,42,4752.0,1.7399999999999949
6930.0,38,1794.0,20.15730337078652,3.6125304932823603,38,4943.0,0.13676739599663987,38,4943.0,-1.9099999999999966
6935.0,37,1803.0,20.258426966292134,3.529690999479201,37,5041.0,0.1341942915566556,37,5041.0,-0.9799999999999969
6940.0,41,1907.0,22.174418604651162,3.211144145813721,41,5134.0,0.12380978971255296,41,5134.0,-0.9300000000000068
6945.0,45,1290.0,15.176470588235293,3.1700321694589446,45,5071.0,0.12689445832240984,45,5071.0,0.6300000000000026
6950.0,45,639.0,7.344827586206897,3.5657796256318024,45,4812.0,0.1308020104638322,45,4812.0,2.5900000000000034
6955.0,42,563.0,6.186813186813187,3.9835342457481846,42,4630.0,0.1436012189199478,42,4630.0,1.8200000000000003
6960.0,44,616.0,6.769230769230769,3.689063751228295,44,4691.0,0.1247252501303601,44,4691.0,-0.6099999999999994
6965.0,48,628.0,6.9010989010989015,3.362621097605042,48,4772.0,0.0888328089612387,48,4772.0,-0.8100000000000023
6970.0,44,667.0,7.411111111111111,3.7139616796910553,44,4842.0,0.11631494034600191,44,4842.0,-0.7000000000000028
6975.0,45,642.0,7.295454545454546,3.5662637093558787,45,5011.0,0.11260406706340229,45,5011.0,-1.6899999999999977
6980.0,51,732.0,8.133333333333333,3.1790821069217885,51,5209.0,0.09677487184853781,51,5209.0,-1.980000000000004
6985.0,54,846.0,9.50561797752809,2.7344259211558555,54,5471.0,0.07907754646108743,54,5471.0,-2.6199999999999974
6990.0,56,855.0,9.606741573033707,2.3957398685143563,56,5683.0,0.05131615848486983,56,5683.0,-2.1199999999999974
6995.0,56,979.0,11.0,2.6585989767844684,56,5889.0,0.071106485160149,56,5889.0,-2.0600000000000023
7000.0,59,1114.0,12.377777777777778,2.677579651990859,59,6169.0,0.0821583541375263,59,6169.0,-2.799999999999997
7005.0,56,1158.0,12.725274725274724,2.461468031922763,56,6272.0,0.07070220075465215,56,6272.0,-1.0300000000000011
7010.0,53,1125.0,12.640449438202246,2.569948957042771,53,6183.0,0.0832394014610797,53,6183.0,0.8900000000000006
7015.0,54,1091.0,12.122222222222222,2.52829945833788,54,6088.0,0.0806790064500484,54,6088.0,0.9499999999999957
7020.0,49,916.0,10.292134831460674,2.662288264070917,49,6122.0,0.08320403944506612,49,6122.0,-0.3399999999999963
7025.0,45,646.0,7.258426966292135,3.0874921689404298,45,5987.0,0.09662204495238333,45,5987.0,1.3500000000000014
7030.0,47,661.0,7.344444444444444,3.271066080756694,47,5942.0,0.1172921613179992,47,5942.0,0.44999999999999574
7035.0,52,711.0,7.9,2.8767402206846517,52,6008.0,0.09299170447601218,52,6008.0,-0.6599999999999966
7040.0,56,751.0,8.344444444444445,2.4984416881605482,56,6102.0,0.05772736648955082,56,6102.0,-0.9400000000000048
7045.0,51,781.0,8.775280898876405,2.855408190314901,51,6186.0,0.08468787803138177,51,6186.0,-0.8399999999999963
7050.0,46,786.0,8.831460674157304,3.3042531031824387,46,5904.0,0.10907727593625241,46,5904.0,2.8200000000000003
7055.0,41,766.0,8.606741573033707,3.511314697972026,41,5617.0,0.13779502570131294,41,5617.0,2.8699999999999974
7060.0,38,660.0,7.415730337078652,3.7264005003134635,38,5808.0,0.1311525415995842,38,5808.0,-1.9099999999999966
7065.0,39,611.0,6.865168539325842,3.645087713800879,39,5953.0,0.11210059422868532,39,5953.0,-1.4500000000000028
7070.0,39,595.0,7.083333333333333,3.5429324911675235,39,6121.0,0.1146305123194062,39,6121.0,-1.6799999999999997
7075.0,43,680.0,8.0,3.4344726529606038,43,6148.0,0.11077228948227738,43,6148.0,-0.269999999999996
7080.0,41,739.0,8.593023255813954,3.3763163186721292,41,6015.0,0.12445725967238182,41,6015.0,1.3299999999999983
7085.0,38,786.0,9.03448275862069,3.721080149601837,38,5874.0,0.139332672636602,38,5874.0,1.4099999999999966
7090.0,38,823.0,9.569767441860465,3.6658145328341742,38,5577.0,0.135260744083517,38,5577.0,2.969999999999999
7095.0,33,849.0,9.988235294117647,4.142285732960243,33,5282.0,0.1526224988129319,33,5282.0,2.950000000000003
7100.0,29,631.0,7.602409638554217,4.096024027055199,29,5327.0,0.15419652942366685,29,5327.0,-0.45000000000000284
7105.0,31,656.0,7.540229885057471,4.409730580055392,31,5332.0,0.17571338500204015,31,5332.0,-0.04999999999999716
7110.0,36,756.0,8.790697674418604,4.428065123720004,36,5450.0,0.17538656477370243,36,5450.0,-1.1799999999999997
7115.0,41,839.0,9.755813953488373,3.9152258864124296,41,5480.0,0.1266375599382099,41,5480.0,-0.29999999999999716
7120.0,39,895.0,10.28735632183908,4.131954628355224,39,5354.0,0.12996882804296192,39,5354.0,1.259999999999998
7125.0,35,938.0,10.906976744186046,4.477415875064846,35,5218.0,0.15475986857427057,35,5218.0,1.3599999999999994
7130.0,32,965.0,10.965909090909092,4.666200559872529,32,4920.0,0.17452100066046067,32,4920.0,2.979999999999997
7135.0,30,996.0,11.191011235955056,4.94158974190796,30,4627.0,0.18508793236462454,30,4627.0,2.9299999999999997
7140.0,32,935.0,10.74712643678161,4.532950486684215,31,4773.0,0.16222995154309777,31,4773.0,-1.4599999999999937
7145.0,37,1034.0,12.16470588235294,4.282949490453712,37,4946.0,0.14969892068877622,37,4946.0,-1.730000000000004
7150.0,41,1141.0,13.267441860465116,4.129503083920714,41,5068.0,0.13448125648473247,41,5068.0,-1.2199999999999989
7155.0,41,1211.0,13.606741573033707,4.087047448153405,41,5113.0,0.12873353355887485,41,5113.0,-0.45000000000000284
7160.0,39,1271.0,14.779069767441861,3.946716875124664,39,5000.0,0.13791250489969764,39,5000.0,1.1300000000000026
7165.0,38,1322.0,15.738095238095237,3.8213175461214544,38,4882.0,0.1350625845304938,38,4882.0,1.1799999999999997
7170.0,34,1367.0,16.46987951807229,4.2302739665858295,34,4621.0,0.16069567810935587,34,4621.0,2.6099999999999994
7175.0,33,1446.0,17.42168674698795,4.653755094038989,33,4366.0,0.18991068707764278,33,4366.0,2.5500000000000043
7180.0,34,1538.0,18.094117647058823,4.59853034997489,33,4129.0,0.19498135646710715,33,4129.0,2.3699999999999974
7185.0,36,1633.0,19.211764705882352,4.2803408147252915,34,4034.0,0.17151178459162178,34,4034.0,0.9499999999999957
7190.0,38,1266.0,14.894117647058824,3.8851598987480784,38,3957.0,0.14624363589774805,38,3957.0,0.7700000000000031
7195.0,35,666.0,7.744186046511628,4.131493202930518,34,3681.0,0.1630530690307468,34,3681.0,2.759999999999998
7200.0,31,554.0,6.517647058823529,4.589429454505149,31,3480.0,0.18853616728661884,31,3480.0,2.010000000000005
7205.0,31,635.0,7.2988505747126435,4.5099521488902505,31,3239.0,0.19653466056178587,31,3239.0,2.4099999999999966
7210.0,35,709.0,8.056818181818182,4.243968811851027,35,3241.0,0.16358362778650212,35,3241.0,-0.01999999999999602
7215.0,43,788.0,8.755555555555556,3.903381536863538,42,3429.0,0.12692883161245389,42,3429.0,-1.8800000000000026
7220.0,44,870.0,9.775280898876405,3.9819260369640634,44,3640.0,0.122688811701151,44,3640.0,-2.1099999999999994
7225.0,45,766.0,8.804597701149426,3.7546833766317946,45,3737.0,0.11150156262129408,45,3737.0,-0.9699999999999989
7230.0,47,758.0,8.51685393258427,3.3708474139669797,47,3783.0,0.10589932297975525,47,3783.0,-0.46000000000000085
7235.0,50,882.0,9.8,3.113648071747294,50,3964.0,0.09325331921087861,50,3964.0,-1.8100000000000023
7240.0,52,929.0,10.322222222222223,2.9046221619143213,52,4106.0,0.061327131858050644,52,4106.0,-1.4200000000000017
7245.0,51,1003.0,11.269662921348315,3.0880685650804787,51,4206.0,0.08242931885537409,51,4206.0,-1.0
7250.0,53,1144.0,12.853932584269662,3.3218793456981355,53,4395.0,0.09097021894689161,53,4395.0,-1.8900000000000006
7255.0,53,1192.0,12.817204301075268,3.1508555969094476,53,4483.0,0.07680521248604179,53,4483.0,-0.8799999999999955
7260.0,51,1214.0,13.340659340659341,3.072198060090976,50,4562.0,0.08052576339653428,50,4562.0,-0.7899999999999991
7265.0,52,1270.0,14.431818181818182,2.560637323388249,52,4644.0,0.06125987873367022,52,4644.0,-0.8200000000000003
7270.0,50,1332.0,15.310344827586206,2.8897297059450864,50,4554.0,0.07946429352800057,50,4554.0,0.8999999999999986
7275.0,51,1366.0,15.348314606741573,2.969843855443548,51,4780.0,0.08167084087462836,51,4780.0,-2.259999999999998
7280.0,51,1435.0,15.944444444444445,2.8743579736314806,51,5024.0,0.08814889017257661,51,5024.0,-2.440000000000005
7285.0,53,1512.0,16.615384615384617,2.8008166618133687,53,5284.0,0.07952224550374073,53,5284.0,-2.6000000000000014
7290.0,54,1449.0,15.75,2.675425969833142,54,5466.0,0.053743081771788305,54,5466.0,-1.8199999999999932
7295.0,54,1497.0,16.096774193548388,2.863188701474168,54,5617.0,0.0727315408914451,54,5617.0,-1.5100000000000051
7300.0,55,1584.0,17.6,2.825766310753705,55,5856.0,0.08330506570648567,55,5856.0,-2.3900000000000006
7305.0,54,1586.0,17.622222222222224,2.6887039464132325,54,5936.0,0.07922428800337827,54,5936.0,-0.7999999999999972
7310.0,49,1508.0,16.755555555555556,2.9876570436194863,49,5805.0,0.08491940506215054,49,5805.0,1.3100000000000023
7315.0,46,1453.0,16.701149425287355,3.089722817972543,46,5656.0,0.09781628634614939,46,5656.0,1.4899999999999949
7320.0,43,1440.0,16.551724137931036,3.4545982046609187,43,5323.0,0.10415704370693575,43,5323.0,3.3300000000000054
7325.0,43,1494.0,17.17241379310345,3.7896173147984937,43,5065.0,0.12114114290514769,43,5065.0,2.5799999999999983
7330.0,41,1547.0,17.579545454545453,3.95107179561779,41,4982.0,0.14233881863439096,41,4982.0,0.8299999999999983
7335.0,45,1590.0,17.865168539325843,3.493005904472953,45,5176.0,0.12087918363932133,45,5176.0,-1.9399999999999977
7340.0,49,1676.0,18.831460674157302,3.328043310899086,48,5415.0,0.11223021678963356,48,5415.0,-2.3900000000000006
7345.0,50,1772.0,20.367816091954023,3.344552807827216,50,5662.0,0.10809737632761794,50,5662.0,-2.469999999999999
7350.0,47,1818.0,20.896551724137932,3.6940370679521286,47,5744.0,0.110753707989251,47,5744.0,-0.8200000000000003
7355.0,42,1808.0,20.314606741573034,4.102983444894377,42,5666.0,0.13241617206221018,42,5666.0,0.7800000000000011
7360.0,37,1773.0,20.379310344827587,4.2504277896474445,37,5571.0,0.14485680748215524,37,5571.0,0.9499999999999957
7365.0,35,1722.0,20.5,4.2434160995183605,35,5332.0,0.15293325321377654,35,5332.0,2.3900000000000006
7370.0,31,1004.0,11.952380952380953,4.529693359209654,31,5240.0,0.163742475016407,31,5240.0,0.9200000000000017
7375.0,31,406.0,4.833333333333333,4.807489210575666,31,4965.0,0.1790781280952373,31,4965.0,2.75
7380.0,34,364.0,4.232558139534884,4.770100961939962,34,4782.0,0.17565764976503545,34,4782.0,1.8299999999999983
7385.0,38,419.0,4.929411764705883,4.080541418776792,38,4811.0,0.12857434584535993,38,4811.0,-0.28999999999999915
7390.0,40,461.0,5.423529411764706,3.770505325887109,40,4710.0,0.10617368149819822,40,4710.0,1.009999999999998
7395.0,37,496.0,6.048780487804878,4.024965227382401,37,4609.0,0.14053783508924284,37,4609.0,1.009999999999998
7400.0,34,514.0,6.2682926829268295,4.28916776813638,34,4369.0,0.16056053274689946,34,4369.0,2.4000000000000057
7405.0,30,537.0,6.244186046511628,4.817297410643153,30,4122.0,0.18431341038695948,30,4122.0,2.469999999999999
7410.0,28,530.0,6.235294117647059,4.405478196225448,28,4217.0,0.16118469104706323,28,4217.0,-0.9500000000000028
7415.0,35,616.0,7.421686746987952,3.984736363328434,35,4359.0,0.14793824812500778,35,4359.0,-1.4200000000000017
7420.0,41,731.0,8.6,4.07024703992242,41,4547.0,0.1375828622258018,41,4547.0,-1.8799999999999955
7425.0,40,819.0,9.523255813953488,4.212368117097641,40,4608.0,0.1254478824076938,40,4608.0,-0.6099999999999994
7430.0,37,864.0,9.707865168539326,4.3131923711777045,37,4520.0,0.14337442726770666,37,4520.0,0.8799999999999955
7435.0,33,891.0,10.01123595505618,4.569358720687962,33,4417.0,0.16361480322333616,33,4417.0,1.0300000000000011
7440.0,34,625.0,7.267441860465116,4.063172041268001,33,4461.0,0.1322686829474354,33,4461.0,-0.4399999999999977
7445.0,35,611.0,7.273809523809524,3.948958799714168,35,4631.0,0.13225339969239053,35,4631.0,-1.7000000000000028
7450.0,37,713.0,8.590361445783133,4.134893615487266,37,4624.0,0.14474550539700756,37,4624.0,0.07000000000000028
7455.0,42,636.0,7.310344827586207,3.749580157414993,42,4622.0,0.12254545323996463,42,4622.0,0.020000000000003126
7460.0,42,450.0,5.172413793103448,3.4680028492560337,42,4653.0,0.10138000763682514,42,4653.0,-0.3100000000000023
7465.0,47,574.0,6.752941176470588,2.948305913856243,47,4579.0,0.08912296658909077,47,4579.0,0.740000000000002
7470.0,47,736.0,8.867469879518072,3.073449352100404,47,4614.0,0.1137482374484941,47,4614.0,-0.3500000000000014
7475.0,50,805.0,9.698795180722891,2.9203714764049162,50,4687.0,0.08959347375478638,50,4687.0,-0.7299999999999969
7480.0,46,820.0,9.534883720930232,3.2365036628525696,46,4584.0,0.10568154778329081,46,4584.0,1.029999999999994
7485.0,46,868.0,10.093023255813954,3.285314453783698,46,4473.0,0.1113244199331433,46,4473.0,1.1100000000000065
7490.0,48,926.0,10.894117647058824,3.1364584097272226,48,4224.0,0.10322434052802396,48,4224.0,2.489999999999995
7495.0,48,991.0,11.523255813953488,3.445581765818217,48,4004.0,0.11315075426733576,48,4004.0,2.200000000000003
7500.0,46,906.0,10.413793103448276,3.541577914708621,46,4233.0,0.11371253729315009,46,4233.0,-2.289999999999999
7505.0,51,915.0,10.054945054945055,3.4758567330192394,51,4468.0,0.11107399462443422,51,4468.0,-2.3500000000000014
7510.0,46,948.0,10.533333333333333,3.382222267908938,46,4598.0,0.10895551628170923,46,4598.0,-1.2999999999999972
7515.0,47,942.0,10.704545454545455,3.0643409208320604,47,4666.0,0.09678653288555092,47,4666.0,-0.6799999999999997
7520.0,46,924.0,10.382022471910112,3.4974367935838675,46,4574.0,0.10765694966011187,46,4574.0,0.9199999999999946
7525.0,43,903.0,10.261363636363637,3.9981242355841355,43,4476.0,0.13571259898864055,43,4476.0,0.980000000000004
7530.0,38,858.0,9.75,4.252723930050618,38,4214.0,0.15566727235639372,38,4214.0,2.6199999999999974
7535.0,33,640.0,7.35632183908046,4.1638020777297395,33,4259.0,0.14988289479837444,33,4259.0,-0.45000000000000284
7540.0,33,517.0,6.08235294117647,4.149151580582055,33,4231.0,0.15255199849537912,33,4231.0,0.28000000000000114
7545.0,38,627.0,7.464285714285714,4.32523055400756,38,4298.0,0.16237719754303892,38,4298.0,-0.6699999999999946
7550.0,43,665.0,7.823529411764706,3.9466603297777083,43,4382.0,0.11952512694150665,43,4382.0,-0.8400000000000034
7555.0,43,727.0,8.35632183908046,3.889060217218264,43,4421.0,0.12288942595683294,43,4421.0,-0.39000000000000057
7560.0,45,877.0,9.965909090909092,3.948575241525975,45,4547.0,0.12389121838432851,45,4547.0,-1.259999999999998
7565.0,47,948.0,11.023255813953488,3.3239459863317347,47,4598.0,0.09111193851760645,47,4598.0,-0.509999999999998
7570.0,45,959.0,11.151162790697674,3.4896233877278164,45,4471.0,0.10562421877812042,45,4471.0,1.269999999999996
7575.0,41,1002.0,11.651162790697674,3.9480949370685887,41,4331.0,0.1333307995895947,41,4331.0,1.3999999999999986
7580.0,41,713.0,8.102272727272727,3.768887839681258,41,4398.0,0.12785967182124608,41,4398.0,-0.6699999999999946
7585.0,43,643.0,7.390804597701149,3.6242880010022445,43,4402.0,0.12204751825271025,43,4402.0,-0.04000000000000625
7590.0,49,724.0,8.227272727272727,3.281127129271361,49,4523.0,0.09832178537662542,49,4523.0,-1.2099999999999937
7595.0,49,777.0,8.730337078651685,3.212579958797583,49,4584.0,0.08503155596784893,49,4584.0,-0.6100000000000065
7600.0,47,790.0,8.876404494382022,3.3990150706381836,47,4658.0,0.08593282140661888,47,4658.0,-0.7399999999999949
7605.0,44,785.0,8.820224719101123,3.4017768310736027,44,4711.0,0.10286873036562913,44,4711.0,-0.5300000000000011
7610.0,40,763.0,8.670454545454545,3.5958098504761327,40,4415.0,0.12501884195070573,40,4415.0,2.960000000000001
7615.0,40,729.0,8.284090909090908,3.415386333895375,40,4204.0,0.12155932763661441,40,4204.0,2.1099999999999994
7620.0,36,636.0,7.482352941176471,3.4096706357853592,36,4348.0,0.1183845037869955,36,4348.0,-1.4399999999999977
7625.0,36,631.0,7.511904761904762,3.7855819540076334,36,4503.0,0.1360163651754215,36,4503.0,-1.5500000000000043
7630.0,37,683.0,7.850574712643678,4.021965941611805,37,4680.0,0.13703773436768615,37,4680.0,-1.769999999999996
7635.0,39,755.0,8.579545454545455,3.821084787130249,39,4730.0,0.11245282561559523,39,4730.0,-0.5
7640.0,42,806.0,9.48235294117647,3.262062433142985,42,4651.0,0.10367933669738227,42,4651.0,0.7899999999999991
7645.0,38,851.0,9.895348837209303,3.728545311430509,38,4568.0,0.13060657852088167,38,4568.0,0.8299999999999983
7650.0,36,651.0,7.482758620689655,3.829693056401433,35,4647.0,0.12866829695596674,35,4647.0,-0.7899999999999991
7655.0,35,623.0,7.160919540229885,3.6956104013970967,35,4830.0,0.1265393320678164,35,4830.0,-1.8299999999999983
7660.0,35,680.0,8.0,3.715430950628963,35,4847.0,0.13206828929502343,35,4847.0,-0.1700000000000017
7665.0,41,471.0,5.476744186046512,3.2317088047987785,41,4903.0,0.10193573164587022,41,4903.0,-0.5600000000000023
7670.0,42,443.0,5.151162790697675,3.3767165750396497,42,4994.0,0.10216061842295221,42,4994.0,-0.9099999999999966
7675.0,48,598.0,7.204819277108434,2.9472717127053825,48,5041.0,0.09626000735422864,48,5041.0,-0.46999999999999886
7680.0,50,683.0,7.941860465116279,2.8529121287008374,50,5118.0,0.09463157082253243,50,5118.0,-0.7700000000000031
7685.0,46,701.0,8.24705882352941,2.9421902040650316,46,5026.0,0.09873697427884796,46,5026.0,0.9200000000000017
7690.0,45,708.0,8.232558139534884,3.13719722425678,45,4928.0,0.10007686260820903,45,4928.0,0.9799999999999969
7695.0,44,728.0,8.272727272727273,3.5228236643014337,44,4680.0,0.11153636069905314,44,4680.0,2.480000000000004
7700.0,41,673.0,7.6477272727272725,3.804075072305515,41,4830.0,0.12134492059557833,41,4830.0,-1.5
7705.0,46,743.0,8.348314606741573,3.6597786296506487,46,5007.0,0.11944533843406975,46,5007.0,-1.7700000000000031
7710.0,51,837.0,9.620689655172415,3.2713913302584996,51,5249.0,0.106688898998705,51,5249.0,-2.4200000000000017
7715.0,51,897.0,10.310344827586206,2.912428606157692,51,5336.0,0.07128533484437624,51,5336.0,-0.8699999999999974
7720.0,49,917.0,10.540229885057471,3.148967690560875,49,5247.0,0.09468715081712957,49,5247.0,0.8900000000000006
7725.0,45,921.0,10.709302325581396,3.3610693330869945,45,5310.0,0.11721707351318122,45,5310.0,-0.6300000000000026
7730.0,40,901.0,10.238636363636363,3.644389142665121,40,5356.0,0.12497788102857303,40,5356.0,-0.46000000000000085
7735.0,35,856.0,10.070588235294117,3.7983224209653748,35,5218.0,0.14436776743547802,35,5218.0,1.3800000000000026
7740.0,32,613.0,7.211764705882353,3.7390006224051255,32,5113.0,0.1338254302186368,32,5113.0,1.0499999999999972
7745.0,30,498.0,5.858823529411764,4.172985970820414,30,5108.0,0.14417425948532103,30,5108.0,0.05000000000000426
7750.0,35,583.0,6.858823529411764,4.357845779332028,35,5189.0,0.14820356891571337,35,5189.0,-0.8100000000000023
7755.0,41,680.0,7.816091954022989,3.7696333706968916,41,5366.0,0.10925383709709678,41,5366.0,-1.769999999999996
7760.0,42,806.0,9.710843373493976,3.3981543647091748,42,5574.0,0.10203093136099474,42,5574.0,-2.0800000000000054
7765.0,44,943.0,11.226190476190476,3.0818294175069707,44,5789.0,0.0782512082894125,44,5789.0,-2.1499999999999986
7770.0,45,1003.0,12.08433734939759,3.0575731408068636,45,5832.0,0.09305324569270967,45,5832.0,-0.4299999999999997
7775.0,43,1013.0,12.204819277108435,3.1578242286602514,43,5866.0,0.09483621469178523,43,5866.0,-0.3399999999999963
7780.0,40,1052.0,12.232558139534884,3.58935100128052,40,5696.0,0.12737642892617818,40,5696.0,1.6999999999999957
7785.0,40,1097.0,12.905882352941177,3.3744202192426394,40,5357.0,0.11876087527906345,40,5357.0,3.3900000000000006
7790.0,43,1150.0,13.372093023255815,3.282165935346048,43,5212.0,0.10600666831131972,43,5212.0,1.4500000000000028
7795.0,44,1136.0,13.364705882352942,3.0957440739036644,44,5378.0,0.10525811302578081,44,5378.0,-1.6600000000000037
7800.0,46,1209.0,14.392857142857142,3.2395084182710048,46,5569.0,0.11094988683312212,46,5569.0,-1.9099999999999966
7805.0,49,1295.0,15.05813953488372,3.1801015722463686,49,5803.0,0.1123618352437292,49,5803.0,-2.3400000000000034
7810.0,46,1335.0,15.523255813953488,3.1927594840133255,46,5849.0,0.09596921986359766,46,5849.0,-0.46000000000000085
7815.0,45,1337.0,15.546511627906977,3.1618480306808054,45,5710.0,0.09362694381857115,45,5710.0,1.3900000000000006
7820.0,42,1331.0,15.658823529411764,3.5694601273364235,42,5581.0,0.12134644302532556,42,5581.0,1.2899999999999991
7825.0,37,1301.0,15.488095238095237,4.029162082829582,37,5301.0,0.14842602306612135,37,5301.0,2.8000000000000043
7830.0,32,1251.0,14.546511627906977,4.516168633390536,32,5014.0,0.17564615321521965,32,5014.0,2.8699999999999974
7835.0,28,1177.0,13.847058823529412,4.247737040336399,28,5114.0,0.15579938095815565,28,5114.0,-1.0
7840.0,34,1258.0,14.8,4.110531594185533,34,5256.0,0.15002629593839176,34,5256.0,-1.4200000000000017
7845.0,39,1368.0,16.094117647058823,4.175124113863588,39,5439.0,0.14545805738736656,39,5439.0,-1.8299999999999983
7850.0,41,1455.0,17.321428571428573,4.074118196835789,41,5478.0,0.11900517061447942,41,5478.0,-0.39000000000000057
7855.0,38,1505.0,17.705882352941178,4.116013194142977,38,5347.0,0.13919523407662635,38,5347.0,1.3100000000000023
7860.0,34,1536.0,18.285714285714285,4.327195176425234,34,5203.0,0.16237567272760992,34,5203.0,1.4399999999999977
7865.0,33,1555.0,18.294117647058822,4.262453618145388,33,4905.0,0.15748764688003358,33,4905.0,2.980000000000004
7870.0,32,1596.0,19.0,4.2853262826017975,32,5059.0,0.1582319567735857,32,5059.0,-1.5400000000000063
7875.0,36,1695.0,20.42168674698795,4.2143856205182395,36,5232.0,0.15856184331858272,36,5232.0,-1.7299999999999969
7880.0,41,1820.0,20.919540229885058,4.072246992662716,41,5424.0,0.14460065156597562,41,5424.0,-1.9200000000000017
7885.0,44,1301.0,14.784090909090908,3.692950712412635,44,5377.0,0.11511261138215499,44,5377.0,0.46999999999999886
7890.0,44,704.0,8.282352941176471,3.2477200015075027,44,5141.0,0.102130653363982,44,5141.0,2.3600000000000065
7895.0,43,675.0,8.035714285714286,3.533161120623182,43,4988.0,0.12475382156590373,43,4988.0,1.529999999999994
7900.0,44,822.0,9.903614457831326,3.649040305118677,44,4825.0,0.13227680679121726,44,4825.0,1.6300000000000026
7905.0,47,983.0,11.298850574712644,3.6192865191376007,47,4883.0,0.129035901037344,47,4883.0,-0.5799999999999983
7910.0,48,992.0,11.272727272727273,3.1551354042899997,48,5117.0,0.09980226067044587,48,5117.0,-2.3400000000000034
7915.0,56,1236.0,14.045454545454545,2.753450322208552,56,5383.0,0.06501346939852179,56,5383.0,-2.6599999999999966
7920.0,61,1524.0,17.72093023255814,2.632828305322564,61,5576.0,0.06719710817840241,61,5576.0,-1.9299999999999997
7925.0,60,1615.0,19.0,2.5468765392366404,60,5675.0,0.0628502819920493,60,5675.0,-0.990000000000002
7930.0,58,1636.0,18.59090909090909,2.766136826477649,58,5565.0,0.08196360761351651,58,5565.0,1.1000000000000014
7935.0,55,1643.0,18.46067415730337,3.0738449494861806,55,5455.0,0.09503707484705891,55,5455.0,1.1000000000000014
7940.0,55,1640.0,18.636363636363637,2.9125879352588324,55,5173.0,0.08019493384533541,55,5173.0,2.8200000000000003
7945.0,52,1574.0,17.685393258426966,3.0244421337051874,52,5337.0,0.08640182855564346,52,5337.0,-1.6400000000000006
7950.0,51,1526.0,16.955555555555556,3.315846442850057,51,5471.0,0.1018528112933896,51,5471.0,-1.3400000000000034
7955.0,53,1515.0,17.02247191011236,3.334733303179681,53,5694.0,0.10660555432364395,53,5694.0,-2.229999999999997
7960.0,50,1454.0,16.522727272727273,3.2628233025439215,50,5755.0,0.09249348059799468,50,5755.0,-0.6099999999999994
7965.0,48,1346.0,15.651162790697674,3.14860684592146,48,5621.0,0.08667384539224562,48,5621.0,1.3399999999999963
7970.0,43,1221.0,14.19767441860465,3.7639171267697327,43,5476.0,0.12295269497290263,43,5476.0,1.4500000000000028
7975.0,38,1071.0,12.6,4.257581857540661,38,5138.0,0.14487474122179214,38,5138.0,3.3799999999999955
7980.0,35,887.0,10.313953488372093,4.266313013508148,35,5302.0,0.15013988290563435,35,5302.0,-1.6400000000000006
7985.0,35,757.0,8.80232558139535,4.3335870572953015,35,5479.0,0.14849049497687167,35,5479.0,-1.769999999999996
7990.0,38,710.0,8.352941176470589,4.014341048151546,38,5658.0,0.12256451950312754,38,5658.0,-1.7899999999999991
7995.0,40,789.0,9.506024096385541,3.9052338249892564,40,5667.0,0.12462376017136086,40,5667.0,-0.09000000000000341
8000.0,40,839.0,10.4875,3.6900137109897764,40,5489.0,0.12601039762530789,40,5489.0,1.7800000000000011
8005.0,38,880.0,10.476190476190476,3.9619176165462306,38,5307.0,0.14584896134667974,38,5307.0,1.8200000000000003
8010.0,36,909.0,10.951807228915662,3.8902841318138686,36,5486.0,0.13797499362998894,36,5486.0,-1.7899999999999991
8015.0,40,949.0,11.433734939759036,3.4496057091289027,40,5676.0,0.10473330276386997,40,5676.0,-1.8999999999999986
8020.0,42,1029.0,12.397590361445783,3.4837555973184333,42,5880.0,0.10929191802803709,42,5880.0,-2.039999999999999
8025.0,42,829.0,9.987951807228916,3.552863555074311,42,5958.0,0.11318848573865785,42,5958.0,-0.7800000000000011
8030.0,44,852.0,10.142857142857142,3.4451606760498907,44,5976.0,0.12107692143601916,44,5976.0,-0.17999999999999972
8035.0,49,1012.0,12.341463414634147,2.92752490782831,49,6109.0,0.10107140664244878,49,6109.0,-1.3300000000000054
8040.0,53,1193.0,14.728395061728396,2.3935109014339444,53,6350.0,0.08091496687244472,53,6350.0,-2.4099999999999966
8045.0,51,1275.0,15.548780487804878,2.5569288970681003,51,6394.0,0.07597242679486431,51,6394.0,-0.4399999999999977
8050.0,48,1267.0,15.265060240963855,2.9217298995988203,48,6230.0,0.09838979907642852,48,6230.0,1.6400000000000006
8055.0,44,1272.0,14.790697674418604,3.2704036530718663,44,6074.0,0.12033856958725932,44,6074.0,1.5599999999999952
8060.0,43,1311.0,15.244186046511627,3.6205079338226698,43,5736.0,0.1364341175838112,43,5736.0,3.3800000000000026
8065.0,45,1355.0,16.13095238095238,3.2698279596272575,45,5413.0,0.12026166465095332,45,5413.0,3.229999999999997
8070.0,47,1409.0,16.38372093023256,3.4273642707161995,47,5286.0,0.12461883783763363,47,5286.0,1.2700000000000031
8075.0,44,1450.0,16.666666666666668,3.8360146402878144,44,4987.0,0.142114977358493,44,4987.0,2.990000000000002
8080.0,44,1010.0,11.098901098901099,3.8251336997179144,42,5197.0,0.14157096882723103,42,5197.0,-2.1000000000000014
8085.0,43,691.0,7.677777777777778,3.801992423585416,42,5400.0,0.13611029707215988,42,5400.0,-2.030000000000001
8090.0,45,735.0,8.448275862068966,3.5319621718524377,45,5629.0,0.11507503346360792,45,5629.0,-2.289999999999999
8095.0,44,757.0,8.905882352941177,3.7154663456120383,44,5657.0,0.12333959083841615,44,5657.0,-0.28000000000000114
8100.0,39,712.0,8.476190476190476,4.046952567155184,39,5681.0,0.1403996998282283,39,5681.0,-0.240000000000002
8105.0,37,695.0,8.373493975903614,4.231276871594519,37,5576.0,0.15826145131674402,37,5576.0,1.0500000000000043
8110.0,38,701.0,8.44578313253012,4.051445019532897,38,5717.0,0.14580178404951927,38,5717.0,-1.4100000000000037
8115.0,48,923.0,11.25609756097561,3.363589543083281,48,5924.0,0.11213634935863574,48,5924.0,-2.0700000000000003
8120.0,54,1178.0,14.023809523809524,3.2445865409153227,54,6177.0,0.09953669836968884,54,6177.0,-2.530000000000001
8125.0,55,1276.0,15.19047619047619,2.9403886510443016,55,6367.0,0.06982752708302489,55,6367.0,-1.8999999999999986
8130.0,58,1546.0,17.770114942528735,3.0196846792505343,58,6560.0,0.08222236789704176,58,6560.0,-1.9299999999999926
8135.0,59,1838.0,21.623529411764707,2.8679900570421957,59,6837.0,0.08885932985343818,59,6837.0,-2.7700000000000102
8140.0,61,1957.0,23.023529411764706,2.4919145697467275,61,6908.0,0.06346930079237996,61,6908.0,-0.7099999999999937
8145.0,57,1945.0,22.88235294117647,2.6758800855516065,57,6762.0,0.07155638566660447,57,6762.0,1.4599999999999937
8150.0,54,1920.0,22.857142857142858,2.9852892133483,54,6627.0,0.09772504000868246,54,6627.0,1.3500000000000085
8155.0,50,1877.0,21.57471264367816,3.3047973169923215,50,6292.0,0.11039567658206119,50,6292.0,3.3499999999999943
8160.0,48,1817.0,20.415730337078653,3.667005522094251,48,5950.0,0.12553651608474992,48,5950.0,3.4200000000000017
8165.0,45,1745.0,20.290697674418606,3.313840727206129,45,5610.0,0.12110850816157163,45,5610.0,3.3999999999999986
8170.0,43,1667.0,19.160919540229884,3.7137060934817705,43,5465.0,0.13437862972902542,43,5465.0,1.4500000000000028
8175.0,45,1392.0,16.376470588235293,3.5260603372019106,45,5684.0,0.13230804490226755,45,5684.0,-2.190000000000005
8180.0,42,1042.0,11.840909090909092,3.7806133333837937,42,5721.0,0.13844854568122045,42,5721.0,-0.36999999999999744
8185.0,42,921.0,10.586206896551724,3.7040083137912583,41,5923.0,0.12951672532582456,41,5923.0,-2.019999999999996
8190.0,45,819.0,9.635294117647058,3.427369035854589,45,6140.0,0.10942330999964871,45,6140.0,-2.1700000000000017
8195.0,47,793.0,9.329411764705883,3.6924302456062326,47,6358.0,0.11795536521046636,47,6358.0,-2.1799999999999997
8200.0,46,736.0,8.761904761904763,3.937949560576389,46,6589.0,0.13528846367284952,46,6589.0,-2.3100000000000023
8205.0,45,833.0,10.036144578313253,3.99569122210961,45,6719.0,0.139610926118662,45,6719.0,-1.2999999999999972
8210.0,50,1073.0,12.773809523809524,3.581881135424646,50,6947.0,0.12021193820906004,50,6947.0,-2.280000000000001
8215.0,56,1218.0,14.5,2.75682758532811,56,6992.0,0.08566040958315173,56,6992.0,-0.45000000000000284
8220.0,55,1288.0,15.518072289156626,2.613116899639413,55,6827.0,0.07638773495381862,55,6827.0,1.6500000000000057
8225.0,53,1353.0,16.5,2.9685597457767154,53,6655.0,0.10524492543112132,53,6655.0,1.7199999999999989
8230.0,49,1400.0,16.27906976744186,3.4406482364842317,49,6265.0,0.11896870836363524,49,6265.0,3.8999999999999986
8235.0,48,1341.0,15.593023255813954,3.235741713485533,48,6302.0,0.1060395669485314,48,6302.0,-0.37000000000000455
8240.0,45,1135.0,13.511904761904763,2.9687712356084455,45,6356.0,0.10008422264149636,45,6356.0,-0.5399999999999991
8245.0,45,1067.0,12.702380952380953,3.100887930763387,45,6287.0,0.10362470392077087,45,6287.0,0.6900000000000048
8250.0,46,1089.0,12.811764705882354,3.447676280242951,46,6302.0,0.12515459499454223,46,6302.0,-0.15000000000000568
8255.0,48,1059.0,11.898876404494382,3.1856754022739553,48,6308.0,0.10634635099841917,48,6308.0,-0.05999999999999517
8260.0,45,987.0,11.089887640449438,3.1537165556060622,45,6091.0,0.11083918590012946,45,6091.0,2.1700000000000017
8265.0,43,911.0,10.352272727272727,3.370291390125893,43,5861.0,0.11655672528119251,43,5861.0,2.299999999999997
8270.0,41,793.0,9.011363636363637,3.5158705773091428,41,6017.0,0.11214768844055559,41,6017.0,-1.5600000000000023
8275.0,43,813.0,9.134831460674157,3.8775273264191066,43,6201.0,0.12090769586603453,43,6201.0,-1.8399999999999963
8280.0,44,902.0,10.134831460674157,3.8256945150285957,44,6415.0,0.12489755139260572,44,6415.0,-2.1400000000000077
8285.0,46,675.0,7.670454545454546,3.394794153915946,46,6502.0,0.10034110513646462,46,6502.0,-0.8699999999999903
8290.0,51,665.0,7.388888888888889,3.05063935244168,51,6531.0,0.0796199245784078,51,6531.0,-0.29000000000000625
8295.0,52,821.0,9.021978021978022,3.3752628676384,52,6663.0,0.0966971255552887,52,6663.0,-1.3199999999999932
8300.0,52,893.0,10.03370786516854,3.1478886310797947,52,6672.0,0.0895629246123227,52,6672.0,-0.09000000000000341
8305.0,50,896.0,9.846153846153847,3.1027580934118477,50,6716.0,0.08648515770404025,50,6716.0,-0.4399999999999977
8310.0,48,882.0,9.8,3.1031813333890317,48,6743.0,0.098097618022278,48,6743.0,-0.27000000000001023
8315.0,46,882.0,10.137931034482758,2.8390586965848654,46,6352.0,0.08925241906859593,46,6352.0,3.9100000000000037
8320.0,43,919.0,10.686046511627907,3.3021622762989633,43,5965.0,0.11998880986932185,43,5965.0,3.8700000000000045
8325.0,43,979.0,11.383720930232558,3.6029419779208256,43,5784.0,0.1311195663301782,43,5784.0,1.8099999999999952
8330.0,44,1039.0,11.674157303370787,3.7816221592146775,43,5429.0,0.1430849671868181,43,5429.0,3.5500000000000043
8335.0,41,1086.0,12.066666666666666,3.9030773087718766,41,5072.0,0.1465663041071702,41,5072.0,3.5700000000000003
8340.0,43,1018.0,11.311111111111112,3.4720786743606014,41,5198.0,0.12294229502489201,41,5198.0,-1.259999999999998
8345.0,42,1057.0,11.876404494382022,3.9094186241224724,41,5331.0,0.14599652660340054,41,5331.0,-1.3300000000000054
8350.0,40,1092.0,12.69767441860465,4.1563343260056556,39,5516.0,0.16487082771520023,39,5516.0,-1.8499999999999943
8355.0,36,1080.0,12.272727272727273,4.386212551008142,36,5510.0,0.1576058893030145,36,5510.0,0.05999999999999517
8360.0,31,1017.0,11.689655172413794,4.751410112152253,31,5273.0,0.16537720376305695,31,5273.0,2.3700000000000045
8365.0,29,988.0,11.761904761904763,4.781969512997442,29,5027.0,0.16893517794780782,29,5027.0,2.4599999999999937
8370.0,31,1058.0,12.447058823529412,4.869985428125002,31,5177.0,0.16414298637544433,31,5177.0,-1.5
8375.0,36,1153.0,13.726190476190476,4.8158358062333075,36,5349.0,0.16102852918468877,36,5349.0,-1.7199999999999989
8380.0,42,1273.0,14.80232558139535,4.274074672785492,42,5542.0,0.13723916765911096,42,5542.0,-1.9299999999999997
8385.0,43,1367.0,15.71264367816092,3.6387587061065436,43,5574.0,0.09185362307164864,43,5574.0,-0.3200000000000003
8390.0,45,1440.0,16.551724137931036,3.402988074345788,45,5445.0,0.09251264858576898,45,5445.0,1.2899999999999991
8395.0,41,1502.0,18.096385542168676,3.5041635647344136,41,5310.0,0.124469777211952,41,5310.0,1.3500000000000014
8400.0,39,1547.0,18.416666666666668,3.8322983598175826,39,5005.0,0.14013976833627886,39,5005.0,3.0500000000000043
8405.0,35,1130.0,13.452380952380953,3.6760770501902353,34,4961.0,0.14637427933419495,34,4961.0,0.4399999999999977
8410.0,33,612.0,7.373493975903615,3.4469368359923203,33,5134.0,0.13405465774000278,33,5134.0,-1.730000000000004
8415.0,38,626.0,7.542168674698795,3.314362642235632,38,4921.0,0.12160772635404467,38,4921.0,2.1300000000000026
8420.0,43,435.0,5.117647058823529,3.210996654882135,43,4993.0,0.11500533733214113,43,4993.0,-0.7199999999999989
8425.0,48,487.0,5.729411764705882,3.0504996948597403,48,5120.0,0.1081916420046591,48,5120.0,-1.2700000000000031
8430.0,48,644.0,7.488372093023256,3.027117319506567,48,5279.0,0.11310344435969513,48,5279.0,-1.5899999999999963
8435.0,49,721.0,8.28735632183908,3.1092712441133776,49,5323.0,0.11220415495998433,49,5323.0,-0.4399999999999977
8440.0,50,746.0,8.382022471910112,2.952907169022887,50,5188.0,0.09700660633271103,50,5188.0,1.3499999999999943
8445.0,46,814.0,9.044444444444444,3.5103349969593043,46,5050.0,0.12273745986662295,46,5050.0,1.3800000000000026
8450.0,46,894.0,10.159090909090908,3.6855143473104253,46,4735.0,0.13505721179698382,46,4735.0,3.1499999999999986
8455.0,46,866.0,9.622222222222222,3.5548388937443764,46,4771.0,0.12101764461955325,46,4771.0,-0.35999999999999943
8460.0,46,765.0,8.406593406593407,3.4277698103297656,46,4820.0,0.1141216314081962,46,4820.0,-0.490000000000002
8465.0,46,818.0,9.088888888888889,3.31631437004458,46,4752.0,0.10639286131820183,46,4752.0,0.6799999999999997
8470.0,49,744.0,8.454545454545455,2.9794830786772555,49,4913.0,0.0999338905136851,49,4913.0,-1.6099999999999994
8475.0,53,844.0,9.48314606741573,3.153716739981442,53,5088.0,0.10369799281959628,53,5088.0,-1.75
8480.0,55,962.0,10.344086021505376,3.208220353705035,55,5346.0,0.10700488392716281,55,5346.0,-2.5799999999999983
8485.0,53,994.0,10.923076923076923,3.048562651951135,53,5437.0,0.08652751975115414,53,5437.0,-0.9099999999999966
8490.0,53,961.0,10.797752808988765,2.8823313285558996,53,5352.0,0.08222312079019886,53,5352.0,0.8499999999999943
8495.0,48,956.0,10.741573033707866,3.421928233158803,48,5257.0,0.11141018635382915,48,5257.0,0.9500000000000028
8500.0,44,982.0,11.159090909090908,3.843650409303017,44,4986.0,0.12921908902080403,44,4986.0,2.710000000000001
8505.0,44,1052.0,11.434782608695652,4.174337386675491,44,4730.0,0.14520708832656037,44,4730.0,2.5600000000000023
8510.0,44,894.0,9.717391304347826,3.5513025573497528,44,4814.0,0.11056869794696202,44,4814.0,-0.8400000000000034
8515.0,45,822.0,9.032967032967033,3.3677132614094796,45,4841.0,0.1117420372648227,45,4841.0,-0.269999999999996
8520.0,45,893.0,9.813186813186814,3.73878847279493,45,4945.0,0.12725774918075164,45,4945.0,-1.0400000000000063
8525.0,47,930.0,10.44943820224719,3.693647629950584,47,5141.0,0.11433633712181329,47,5141.0,-1.9599999999999937
8530.0,50,1021.0,10.861702127659575,3.788305841271266,50,5373.0,0.10838471083205704,50,5373.0,-2.3200000000000003
8535.0,51,1123.0,12.477777777777778,3.5503506934004685,51,5623.0,0.10624093060701982,51,5623.0,-2.5
8540.0,53,1234.0,13.71111111111111,3.2700000354124983,53,5884.0,0.08619658944800163,53,5884.0,-2.6100000000000065
8545.0,50,1265.0,14.055555555555555,3.5047175421874126,50,5954.0,0.0881546666007454,50,5954.0,-0.6999999999999957
8550.0,46,1262.0,14.340909090909092,3.8411054858492633,46,5825.0,0.1165182323216506,46,5825.0,1.2899999999999991
8555.0,46,1322.0,14.688888888888888,4.022873753036274,46,5694.0,0.13513632418383956,46,5694.0,1.3100000000000023
8560.0,47,1382.0,15.704545454545455,3.466549396645234,47,5413.0,0.10885615760953031,47,5413.0,2.809999999999995
8565.0,48,1166.0,13.101123595505618,3.299194585183125,48,5446.0,0.09064516872043862,48,5446.0,-0.3299999999999983
8570.0,45,801.0,9.313953488372093,3.1860488854886695,45,5496.0,0.0988266120945067,45,5496.0,-0.5
8575.0,44,804.0,9.458823529411765,3.4103794802222076,44,5419.0,0.11549536983986088,44,5419.0,0.7700000000000031
8580.0,45,858.0,10.094117647058823,3.3182367939772535,45,5430.0,0.12165717444493399,45,5430.0,-0.10999999999999943
8585.0,48,920.0,10.69767441860465,3.15444491022413,48,5489.0,0.11911322080308785,48,5489.0,-0.5900000000000034
8590.0,50,916.0,10.528735632183908,2.573725578600413,49,5537.0,0.0781249283883991,49,5537.0,-0.4799999999999969
8595.0,48,861.0,9.784090909090908,3.028703184283178,48,5405.0,0.09620032220639076,48,5405.0,1.3200000000000003
8600.0,44,799.0,9.079545454545455,3.7438656459382913,43,5257.0,0.1346603989326893,43,5257.0,1.4799999999999969
8605.0,39,706.0,7.932584269662922,3.9105129422654286,39,5420.0,0.12807496962235349,39,5420.0,-1.6300000000000026
8610.0,40,720.0,8.275862068965518,3.9406361538627728,40,5598.0,0.1278756287807949,40,5598.0,-1.779999999999994
8615.0,46,813.0,9.564705882352941,3.5367579005402865,46,5815.0,0.1125853413027884,46,5815.0,-2.1700000000000017
8620.0,50,883.0,10.149425287356323,3.105799913209992,50,5861.0,0.07315595332276652,50,5861.0,-0.46000000000000085
8625.0,46,919.0,10.563218390804598,3.453414672101579,46,5718.0,0.10080488637093014,46,5718.0,1.4299999999999997
8630.0,42,937.0,10.411111111111111,3.723145633734772,42,5560.0,0.12366144819320714,42,5560.0,1.5799999999999983
8635.0,42,945.0,10.5,3.747014526636534,42,5768.0,0.11994962957693249,42,5768.0,-2.0799999999999983
8640.0,47,964.0,10.831460674157304,3.035769359157486,47,5987.0,0.07853474107442662,47,5987.0,-2.1899999999999977
8645.0,48,1001.0,11.247191011235955,3.185828397572719,48,6224.0,0.08365353009991644,48,6224.0,-2.3700000000000045
8650.0,45,698.0,8.022988505747126,3.207656761416423,45,6307.0,0.09517238021611711,45,6307.0,-0.8299999999999983
8655.0,42,581.0,6.52808988764045,3.377239098488857,42,6284.0,0.11472252934715596,42,6284.0,0.22999999999999687
8660.0,47,731.0,8.402298850574713,3.2432341513483554,47,6357.0,0.11841726290196587,47,6357.0,-0.7299999999999969
8665.0,54,818.0,9.623529411764705,2.279623621901338,54,6413.0,0.07037635203727238,54,6413.0,-0.5599999999999952
8670.0,50,848.0,10.095238095238095,2.6540750520975025,50,6287.0,0.08049433666690081,50,6287.0,1.259999999999998
8675.0,47,863.0,10.152941176470588,3.1780134493731826,47,6151.0,0.10892385992244777,47,6151.0,1.3599999999999994
8680.0,43,865.0,9.829545454545455,3.620556149636126,43,5833.0,0.12570966904210235,43,5833.0,3.1799999999999997
8685.0,39,879.0,9.988636363636363,3.9955970953428137,39,5498.0,0.14117649172897354,39,5498.0,3.3500000000000014
8690.0,41,930.0,10.941176470588236,3.8173496969931735,41,5179.0,0.13213519460057596,41,5179.0,3.1899999999999977
8695.0,45,710.0,8.352941176470589,3.508888348853493,44,5392.0,0.11970271957053094,44,5392.0,-2.1300000000000026
8700.0,46,675.0,7.9411764705882355,3.6712942797579418,46,5610.0,0.12470954463418171,46,5610.0,-2.1799999999999997
8705.0,45,730.0,8.202247191011235,3.7400753307736165,45,5713.0,0.1321120910581461,45,5713.0,-1.0300000000000011
8710.0,43,754.0,8.568181818181818,3.7639539472412182,43,5927.0,0.12055960005626469,43,5927.0,-2.1400000000000006
8715.0,46,755.0,8.882352941176471,3.306895622591058,46,6105.0,0.10090894944588849,46,6105.0,-1.779999999999994
8720.0,47,840.0,10.0,3.5546598663481808,47,6314.0,0.12044307826874479,47,6314.0,-2.0900000000000034
8725.0,47,927.0,11.168674698795181,3.7246782660524094,47,6547.0,0.12784076349440415,47,6547.0,-2.3299999999999983
8730.0,45,1013.0,11.91764705882353,3.8136140931394347,45,6646.0,0.12556633078210377,45,6646.0,-0.9899999999999949
8735.0,47,1190.0,14.337349397590362,3.433192923018153,47,6689.0,0.1251120576207342,47,6689.0,-0.4300000000000068
8740.0,55,1446.0,17.214285714285715,2.900015081142659,55,6844.0,0.10531098054153518,55,6844.0,-1.5499999999999972
8745.0,58,1583.0,18.623529411764707,2.550536137266874,58,6910.0,0.06934525637380308,58,6910.0,-0.6599999999999966
8750.0,55,1620.0,19.285714285714285,2.7907887604724153,55,6764.0,0.08442061331804106,55,6764.0,1.4599999999999937
8755.0,51,1639.0,19.058139534883722,3.074671499889693,51,6600.0,0.10270314196804795,51,6600.0,1.6400000000000006
8760.0,49,1641.0,19.08139534883721,3.3690792617264376,49,6215.0,0.121417312660445,49,6215.0,3.8500000000000014
8765.0,45,1629.0,19.16470588235294,3.2702215487852393,45,5836.0,0.11408256883993975,45,5836.0,3.789999999999999
8770.0,45,1578.0,18.348837209302324,3.342561753141986,45,6033.0,0.10599155750963621,45,6033.0,-1.9699999999999989
8775.0,48,1559.0,18.127906976744185,3.4876861590053823,48,6260.0,0.1171550421928881,48,6260.0,-2.270000000000003
8780.0,48,1545.0,17.359550561797754,3.4674548395179445,48,6494.0,0.12478740812957057,48,6494.0,-2.3399999999999963
8785.0,46,1495.0,16.61111111111111,3.6019698359632986,46,6510.0,0.11089574334897923,46,6510.0,-0.1599999999999966
8790.0,46,1409.0,15.831460674157304,3.5422314541273514,46,6318.0,0.09934075359534364,46,6318.0,1.9199999999999946
8795.0,41,1309.0,15.045977011494253,4.020889040765431,41,6116.0,0.13521158763422683,41,6116.0,2.020000000000003
8800.0,36,1217.0,14.488095238095237,4.3895828807941255,36,5729.0,0.16370758412414066,36,5729.0,3.8699999999999974
8805.0,31,1157.0,13.611764705882353,4.686306504982695,31,5335.0,0.1858910484543237,31,5335.0,3.9399999999999977
8810.0,29,1137.0,13.698795180722891,4.816814571526851,28,4946.0,0.19883960834265718,28,4946.0,3.8900000000000006
8815.0,33,1213.0,14.44047619047619,4.623280541445674,31,4766.0,0.18231143909928985,31,4766.0,1.8000000000000043
8820.0,33,1286.0,14.953488372093023,4.591081802249556,33,4608.0,0.1759288414107738,33,4608.0,1.5799999999999983
8825.0,34,1154.0,13.903614457831326,4.295860144900437,33,4765.0,0.16711641987099127,33,4765.0,-1.5700000000000003
8830.0,38,1212.0,14.258823529411766,4.089856841361717,36,4936.0,0.16609988416795016,36,4936.0,-1.7100000000000009
8835.0,38,1315.0,15.470588235294118,4.1598069142363485,37,5117.0,0.16681777625343835,37,5117.0,-1.8100000000000023
8840.0,38,906.0,10.534883720930232,3.8647595150968357,38,5095.0,0.13613328145546214,38,5095.0,0.21999999999999886
8845.0,35,543.0,6.3882352941176475,4.187273955861104,35,4895.0,0.16240344570755857,35,4895.0,2.0
8850.0,38,682.0,7.930232558139535,4.650576880459487,38,4783.0,0.1788813692894072,38,4783.0,1.1200000000000045
8855.0,43,800.0,9.195402298850574,4.10963030329032,43,4861.0,0.14036464300134502,43,4861.0,-0.7800000000000011
8860.0,48,948.0,11.023255813953488,3.7251316808581025,48,4893.0,0.12181197088256486,48,4893.0,-0.3200000000000003
8865.0,54,1201.0,14.129411764705882,3.0631888116478185,54,5040.0,0.08948293999978411,54,5040.0,-1.4699999999999989
8870.0,57,1346.0,15.651162790697674,2.963363585679504,57,5124.0,0.07300825912733651,57,5124.0,-0.8400000000000034
8875.0,54,1391.0,16.174418604651162,3.2710882919422613,54,5009.0,0.08928362268880218,54,5009.0,1.1499999999999986
8880.0,52,1418.0,16.113636363636363,3.3967577981249435,52,4878.0,0.10725264178972972,52,4878.0,1.3100000000000023
8885.0,46,1427.0,16.03370786516854,3.8496645303628636,46,4574.0,0.12473727551745258,46,4574.0,3.039999999999999
8890.0,46,1424.0,16.367816091954023,3.679652893127048,46,4291.0,0.11185134742275546,46,4291.0,2.8300000000000054
8895.0,42,1413.0,16.24137931034483,4.068336248856846,42,4013.0,0.13646394044661195,42,4013.0,2.779999999999994
8900.0,40,1387.0,15.942528735632184,4.224367865821186,40,3916.0,0.15602186867202908,40,3916.0,0.970000000000006
8905.0,37,1340.0,15.227272727272727,4.313491049744571,37,3804.0,0.17010420253295988,37,3804.0,1.1199999999999974
8910.0,34,1178.0,13.386363636363637,4.2680450569816495,33,3913.0,0.16317580587451408,33,3913.0,-1.0900000000000034
8915.0,35,1114.0,12.804597701149426,3.9882775073342764,34,4083.0,0.1434893940632594,34,4083.0,-1.6999999999999957
8920.0,40,1109.0,12.74712643678161,4.102737990579477,40,4274.0,0.14612579654600974,40,4274.0,-1.9100000000000037
8925.0,40,1122.0,13.046511627906977,3.9709377717933982,39,4301.0,0.14573204313400753,39,4301.0,-0.269999999999996
8930.0,35,1163.0,13.215909090909092,4.137636556336579,35,4185.0,0.1679601190852997,35,4185.0,1.1599999999999966
8935.0,33,1240.0,14.090909090909092,4.5122856684674995,33,4052.0,0.17854450372837213,33,4052.0,1.3299999999999983
8940.0,35,1333.0,15.32183908045977,4.57386135755646,35,3835.0,0.17573089316513577,35,3835.0,2.1700000000000017
8945.0,37,1433.0,16.471264367816094,4.571729997389661,37,3667.0,0.1725392175052349,37,3667.0,1.6799999999999997
8950.0,36,1533.0,17.420454545454547,4.658337809099171,36,3627.0,0.1748664493267125,36,3627.0,0.3999999999999986
8955.0,38,1222.0,13.282608695652174,4.246739014380037,38,3652.0,0.14553724616168698,38,3652.0,-0.25
8960.0,35,1090.0,12.11111111111111,4.353293696779267,35,3573.0,0.15681396443805098,35,3573.0,0.7900000000000063
8965.0,39,1194.0,13.415730337078651,4.35637865403523,39,3595.0,0.15009626067578313,39,3595.0,-0.22000000000000597
8970.0,40,1261.0,14.329545454545455,4.331373456078583,40,3667.0,0.1385066742712002,40,3667.0,-0.7199999999999989
8975.0,37,1307.0,15.19767441860465,4.311120025902037,37,3740.0,0.13843423153902462,37,3740.0,-0.7299999999999969
8980.0,35,1388.0,15.595505617977528,4.446639134453285,35,3795.0,0.14985997461948627,35,3795.0,-0.5500000000000043
8985.0,37,1092.0,12.133333333333333,4.0971765704417775,37,3737.0,0.12906502586597168,37,3737.0,0.5800000000000054
8990.0,39,640.0,7.191011235955056,3.7710890696905315,39,3531.0,0.11748391524744774,39,3531.0,2.059999999999995
8995.0,41,663.0,7.534090909090909,3.84838777292294,41,3425.0,0.12298644401614726,41,3425.0,1.0600000000000023
9000.0,44,794.0,9.232558139534884,3.847254024037749,44,3344.0,0.12252129687811034,44,3344.0,0.8100000000000023
9005.0,47,674.0,7.573033707865169,3.6033650015438816,47,3443.0,0.11121430753495974,47,3443.0,-0.990000000000002
9010.0,44,682.0,7.75,3.3616125106790324,44,3471.0,0.09455072817476684,44,3471.0,-0.28000000000000114
9015.0,48,831.0,9.443181818181818,3.2979967997152198,48,3592.0,0.09499112072121724,48,3592.0,-1.2100000000000009
9020.0,48,928.0,10.666666666666666,3.2047109342516533,48,3679.0,0.08411473879620662,48,3679.0,-0.8699999999999974
9025.0,48,982.0,11.418604651162791,3.3085816482312125,48,3616.0,0.09887408160272747,48,3616.0,0.6300000000000026
9030.0,47,1037.0,11.651685393258427,3.64860458418057,47,3570.0,0.11704176540751277,47,3570.0,0.45999999999999375
9035.0,48,1063.0,12.079545454545455,3.3837419710587464,48,3771.0,0.10235781711991193,48,3771.0,-2.009999999999998
9040.0,50,1130.0,12.840909090909092,3.0444764592494464,50,4006.0,0.07672595882850737,50,4006.0,-2.3500000000000014
9045.0,53,1210.0,13.908045977011493,3.012339051571061,53,4264.0,0.07764865731035371,53,4264.0,-2.5799999999999983
9050.0,51,1247.0,14.333333333333334,3.155024647303883,51,4385.0,0.08260883740779704,51,4385.0,-1.2100000000000009
9055.0,47,1236.0,14.045454545454545,3.2870310502375264,47,4359.0,0.09778887462813246,47,4359.0,0.259999999999998
9060.0,44,1206.0,13.862068965517242,3.3253385176232073,44,4318.0,0.1105772562399916,44,4318.0,0.4100000000000037
9065.0,42,1164.0,13.379310344827585,3.3700953550412005,42,4141.0,0.11677292719033135,42,4141.0,1.7700000000000031
9070.0,39,1109.0,12.74712643678161,3.6103732638780017,39,3957.0,0.12114974273818827,39,3957.0,1.8399999999999963
9075.0,35,1058.0,12.022727272727273,4.176992850016178,35,3897.0,0.1566134663291647,35,3897.0,0.6000000000000014
9080.0,40,1069.0,12.147727272727273,3.6790159489041234,39,4084.0,0.13469239822658402,39,4084.0,-1.8700000000000045
9085.0,39,1152.0,13.241379310344827,3.5683900288327233,39,4270.0,0.12625608784467512,39,4270.0,-1.8599999999999994
9090.0,46,1278.0,14.689655172413794,3.20948191785828,46,4458.0,0.1033145039577082,46,4458.0,-1.8799999999999955
9095.0,47,1385.0,15.919540229885058,3.333067411199611,46,4547.0,0.10598234077567478,46,4547.0,-0.8900000000000006
9100.0,43,1450.0,16.666666666666668,3.720191310353978,43,4510.0,0.13092702032795203,43,4510.0,0.36999999999999744
9105.0,41,1503.0,16.7,4.1069602506308565,41,4459.0,0.15843273599440127,41,4459.0,0.509999999999998
9110.0,36,1539.0,17.689655172413794,4.2309465128950325,36,4292.0,0.16533251572461488,36,4292.0,1.6700000000000017
9115.0,35,1592.0,18.298850574712645,4.3934135255890086,35,4139.0,0.1645650240306391,35,4139.0,1.5300000000000011
9120.0,37,1659.0,19.290697674418606,4.414852191497588,37,4291.0,0.16384041402342087,37,4291.0,-1.519999999999996
9125.0,42,1770.0,20.113636363636363,4.073393093173558,42,4489.0,0.13845092966228165,42,4489.0,-1.980000000000004
9130.0,45,1902.0,20.67391304347826,3.9195161399699305,45,4700.0,0.1274837220898913,45,4700.0,-2.1099999999999994
9135.0,46,2050.0,22.77777777777778,3.7847643440256427,46,4919.0,0.12907591189882262,46,4919.0,-2.1899999999999977
9140.0,48,2149.0,24.420454545454547,3.3706986723131225,48,5029.0,0.09611672337784676,48,5029.0,-1.1000000000000014
9145.0,45,2202.0,25.022727272727273,3.6055218480428097,45,5015.0,0.12193115771797926,45,5015.0,0.14000000000000057
9150.0,41,2260.0,25.977011494252874,3.9055547815207596,41,4983.0,0.14622173693172816,41,4983.0,0.3200000000000003
9155.0,39,2355.0,26.46067415730337,4.104929302117797,39,4838.0,0.1569042978179785,39,4838.0,1.4499999999999957
9160.0,39,2455.0,27.584269662921347,4.141198238590804,39,4713.0,0.15642339382340578,39,4713.0,1.25
9165.0,43,1979.0,22.235955056179776,3.620549608883706,42,4677.0,0.13108417296015573,42,4677.0,0.35999999999999943
9170.0,41,1432.0,16.272727272727273,3.6296761021350563,41,4471.0,0.12663194592670446,41,4471.0,2.0600000000000023
9175.0,40,1432.0,16.272727272727273,4.254519926903631,40,4336.0,0.16018036630245275,40,4336.0,1.3500000000000014
9180.0,41,1499.0,16.655555555555555,4.000274810819562,41,4421.0,0.14356235178347523,41,4421.0,-0.8500000000000014
9185.0,43,1544.0,16.967032967032967,3.780950835608902,43,4519.0,0.11489475438218029,43,4519.0,-0.9799999999999969
9190.0,41,1583.0,17.395604395604394,3.73084321272851,41,4608.0,0.113184452780275,41,4608.0,-0.8900000000000006
9195.0,39,1561.0,17.344444444444445,3.7952862451860874,39,4755.0,0.12783034893556167,39,4755.0,-1.4699999999999989
9200.0,43,1680.0,18.46153846153846,3.763263098662505,43,4934.0,0.12189302580314641,43,4934.0,-1.7900000000000063
9205.0,48,1829.0,19.666666666666668,3.551344352145725,48,5150.0,0.1209053308576178,48,5150.0,-2.1599999999999966
9210.0,50,1384.0,14.881720430107526,3.2809945300516055,50,5135.0,0.10128700083031011,50,5135.0,0.14999999999999858
9215.0,52,819.0,9.0,2.6023897024158402,52,5155.0,0.06577688550996155,52,5155.0,-0.19999999999999574
9220.0,51,822.0,9.235955056179776,2.573178970264118,51,5200.0,0.08194143352386513,51,5200.0,-0.45000000000000284
9225.0,54,871.0,9.677777777777777,2.5213399563077794,54,5287.0,0.07946639638048947,54,5287.0,-0.8699999999999974
9230.0,55,874.0,9.604395604395604,2.2661239140008353,55,5407.0,0.07738549178351013,55,5407.0,-1.2000000000000028
9235.0,57,1103.0,11.98913043478261,2.411940186884648,57,5557.0,0.08137202492816155,57,5557.0,-1.5
9240.0,63,1255.0,13.791208791208792,1.8401414469950172,63,5690.0,0.05017154516083134,63,5690.0,-1.3299999999999983
9245.0,66,1344.0,14.608695652173912,1.8885279381191695,66,5851.0,0.05253370805745937,66,5851.0,-1.6099999999999994
9250.0,65,1434.0,15.419354838709678,2.11774599961,65,6014.0,0.061957681581144106,65,6014.0,-1.6300000000000026
9255.0,62,1517.0,15.802083333333334,2.4026885939669405,62,6018.0,0.08336399762740224,62,6018.0,-0.03999999999999915
9260.0,58,1473.0,15.185567010309278,2.4365704081993487,58,5930.0,0.07461865175920976,58,5930.0,0.8800000000000026
9265.0,58,1346.0,13.595959595959595,2.5448630012864695,58,5828.0,0.0776459678743663,58,5828.0,1.019999999999996
9270.0,57,1325.0,13.802083333333334,2.7966375379947745,57,5808.0,0.09295082184318053,57,5808.0,0.20000000000000284
9275.0,57,1267.0,13.336842105263157,2.719329248232465,57,5951.0,0.07983508172358973,57,5951.0,-1.4299999999999997
9280.0,56,1190.0,12.395833333333334,2.6715745329145553,56,6121.0,0.08084309145404502,56,6121.0,-1.7000000000000028
9285.0,56,1235.0,12.864583333333334,2.8876200298822305,56,6227.0,0.08974767025803132,56,6227.0,-1.0600000000000023
9290.0,59,1201.0,12.77659574468085,2.295724182977692,59,6336.0,0.059985600012868234,59,6336.0,-1.0899999999999963
9295.0,55,1102.0,11.72340425531915,2.587118370607999,55,6443.0,0.06723710047671806,55,6443.0,-1.0700000000000074
9300.0,50,986.0,10.602150537634408,2.9379006169389204,50,6523.0,0.08688795547603853,50,6523.0,-0.7999999999999972
9305.0,46,920.0,9.787234042553191,3.162088761826587,46,6226.0,0.11457465986230744,46,6226.0,2.970000000000006
9310.0,46,994.0,10.354166666666666,3.3142210477988274,46,6109.0,0.11893846169567152,46,6109.0,1.1699999999999946
9315.0,50,1078.0,11.46808510638298,3.0903435976289666,49,5845.0,0.10787830028931954,49,5845.0,2.6400000000000006
9320.0,50,1170.0,12.446808510638299,3.2813365591835364,48,5619.0,0.12583918981894895,48,5619.0,2.260000000000005
9325.0,46,1250.0,13.440860215053764,3.5606819341482447,45,5413.0,0.13508607906251616,45,5413.0,2.059999999999995
9330.0,44,1320.0,14.042553191489361,3.545398157113284,42,5350.0,0.1491948168089318,42,5350.0,0.6300000000000026
9335.0,40,1229.0,13.074468085106384,3.529986051873707,40,5452.0,0.1405027441482491,40,5452.0,-1.0200000000000031
9340.0,39,1197.0,12.73404255319149,3.7256405119165175,39,5498.0,0.15149807563468656,39,5498.0,-0.45999999999999375
9345.0,38,1236.0,13.290322580645162,4.087130138942539,38,5609.0,0.16592637034026345,38,5609.0,-1.1100000000000065
9350.0,36,1048.0,11.775280898876405,3.7168571661059646,36,5613.0,0.15266625029337735,36,5613.0,-0.03999999999999915
9355.0,32,778.0,8.54945054945055,3.989864843756943,32,5462.0,0.16821851262775908,32,5462.0,1.5100000000000051
9360.0,35,923.0,10.032608695652174,4.520482905150888,35,5400.0,0.1859983430117553,35,5400.0,0.6199999999999974
9365.0,42,746.0,8.021505376344086,4.044134622219856,42,5443.0,0.125517378487017,42,5443.0,-0.4299999999999997
9370.0,46,801.0,8.43157894736842,4.146795183426406,46,5442.0,0.12316341500450398,46,5442.0,0.00999999999999801
9375.0,50,1041.0,10.84375,4.081838182008508,50,5549.0,0.11570768826798708,50,5549.0,-1.0700000000000003
9380.0,54,1260.0,12.989690721649485,3.6064990594231108,54,5717.0,0.09064616507007316,54,5717.0,-1.6799999999999997
9385.0,56,1502.0,15.810526315789474,3.3820582488316986,56,5914.0,0.0703493180026825,56,5914.0,-1.9699999999999989
9390.0,59,1784.0,18.97872340425532,3.085002849891686,59,6137.0,0.06503187291259079,59,6137.0,-2.229999999999997
9395.0,60,1902.0,20.451612903225808,2.9945623819895593,60,6235.0,0.05990570875666212,60,6235.0,-0.980000000000004
9400.0,56,1890.0,20.106382978723403,3.3116741129955467,56,6131.0,0.0768299006398136,56,6131.0,1.0399999999999991
9405.0,53,1860.0,19.175257731958762,3.6229042219452627,53,6017.0,0.10416434095669416,53,6017.0,1.1400000000000006
9410.0,50,1687.0,18.33695652173913,3.238710652646431,50,6210.0,0.0936201300426017,50,6210.0,-1.9299999999999997
9415.0,51,1639.0,18.839080459770116,2.829300067135604,51,6398.0,0.08004780057187988,51,6398.0,-1.8799999999999955
9420.0,53,1603.0,18.63953488372093,2.953945971169054,53,6660.0,0.0941122891487836,53,6660.0,-2.6199999999999974
9425.0,52,1522.0,17.697674418604652,2.982986334882749,52,6727.0,0.08584950242490354,52,6727.0,-0.6700000000000017
9430.0,49,1395.0,15.674157303370787,3.0604927777165645,49,6589.0,0.09587729827121494,49,6589.0,1.3799999999999955
9435.0,45,1253.0,14.238636363636363,3.2987532499081955,45,6442.0,0.1189153838795384,45,6442.0,1.4699999999999989
9440.0,44,964.0,10.954545454545455,3.0045484180014497,44,6585.0,0.08621715481824281,44,6585.0,-1.4299999999999926
9445.0,43,789.0,9.068965517241379,3.3633065592838047,43,6695.0,0.10482620979857551,43,6695.0,-1.1000000000000085
9450.0,43,697.0,8.2,3.5020945904103242,43,6879.0,0.12392091764829305,43,6879.0,-1.8400000000000034
9455.0,40,625.0,7.1022727272727275,3.5719601129156557,40,6887.0,0.11507703053771048,40,6887.0,-0.0799999999999983
9460.0,36,568.0,6.682352941176471,3.7245317109553744,36,6673.0,0.12879215656937934,36,6673.0,2.1400000000000006
9465.0,38,603.0,7.178571428571429,3.5412889492030306,38,6457.0,0.11591634724569967,38,6457.0,2.160000000000011
9470.0,39,647.0,7.6117647058823525,3.827026648801762,39,6068.0,0.12438707764071595,39,6068.0,3.8899999999999935
9475.0,35,677.0,8.05952380952381,4.210521453337494,35,5686.0,0.14832192135548913,35,5686.0,3.8200000000000003
9480.0,33,400.0,4.651162790697675,4.135114712335443,33,5851.0,0.1480789473095039,33,5851.0,-1.6499999999999986
9485.0,30,267.0,3.1411764705882352,3.9460631647849254,30,5878.0,0.13961077158312632,30,5878.0,-0.2700000000000031
9490.0,32,302.0,3.5952380952380953,3.7382736737286812,32,5828.0,0.12577573163302613,32,5828.0,0.5
9495.0,37,367.0,4.369047619047619,3.7902986413208146,37,5972.0,0.12535198922999521,37,5972.0,-1.4399999999999977
9500.0,43,500.0,5.9523809523809526,3.7653281215908496,43,6176.0,0.12645551410664457,43,6176.0,-2.039999999999999
9505.0,45,644.0,7.402298850574713,3.4462387471361953,45,6393.0,0.12314835679301522,45,6393.0,-2.1700000000000017
9510.0,47,797.0,9.376470588235295,3.3650030447071324,47,6621.0,0.11405599297833136,47,6621.0,-2.279999999999994
9515.0,47,816.0,9.714285714285714,3.160852185643847,47,6786.0,0.09670710403587707,47,6786.0,-1.6500000000000057
9520.0,48,1015.0,12.530864197530864,3.196602456554798,48,6949.0,0.10986171906890212,48,6949.0,-1.6299999999999955
9525.0,53,1270.0,15.679012345679013,3.1303800764570413,53,7200.0,0.1124197702952187,53,7200.0,-2.510000000000005
9530.0,56,1397.0,16.435294117647057,2.73843022856128,56,7242.0,0.08170310272964132,56,7242.0,-0.4200000000000017
9535.0,54,1426.0,16.58139534883721,2.9718581714902084,54,7056.0,0.08731751937999636,54,7056.0,1.8599999999999994
9540.0,54,1445.0,16.60919540229885,2.880287498363017,54,6857.0,0.08064005375713869,54,6857.0,1.990000000000009
9545.0,50,1457.0,17.141176470588235,3.236155499231501,50,6438.0,0.09925447558749231,50,6438.0,4.189999999999998
9550.0,48,1413.0,17.02409638554217,3.290792462262596,48,6649.0,0.10117197216331657,48,6649.0,-2.1099999999999994
9555.0,50,1411.0,16.797619047619047,2.9994238992177946,50,6884.0,0.1084397958490026,50,6884.0,-2.3500000000000085
9560.0,51,1417.0,16.67058823529412,3.063616145757479,51,7133.0,0.1073162926397706,51,7133.0,-2.489999999999995
9565.0,52,1385.0,16.1046511627907,2.8609334248317166,52,7155.0,0.07059690720757844,52,7155.0,-0.21999999999999886
9570.0,48,1315.0,15.290697674418604,3.3130968502078435,48,6942.0,0.09668551236048174,48,6942.0,2.1299999999999955
9575.0,43,1220.0,14.352941176470589,3.8153661047530343,43,6703.0,0.1284198291967396,43,6703.0,2.3900000000000006
9580.0,41,1106.0,13.011764705882353,3.626527201346842,41,6909.0,0.12093928173700899,41,6909.0,-2.0600000000000023
9585.0,41,997.0,11.869047619047619,3.6324235585471194,41,7114.0,0.11564998917919932,41,7114.0,-2.049999999999997
9590.0,43,943.0,11.5,3.2087517647310766,43,7325.0,0.10079556987402567,43,7325.0,-2.1099999999999994
9595.0,41,916.0,11.308641975308642,3.327367199872858,41,7289.0,0.10933235249328341,41,7289.0,0.35999999999999943
9600.0,41,971.0,11.987654320987655,3.4521750434384155,41,7009.0,0.11734322561862463,41,7009.0,2.799999999999997
9605.0,42,1026.0,12.214285714285714,3.3943533749789156,42,6732.0,0.12406535236816366,42,6732.0,2.7700000000000102
9610.0,38,937.0,11.154761904761905,3.31380895589034,38,6860.0,0.11432823455097628,38,6860.0,-1.2800000000000011
9615.0,41,985.0,11.867469879518072,3.177677629473129,41,6993.0,0.10123315235052474,41,6993.0,-1.3300000000000125
9620.0,44,1047.0,12.768292682926829,3.1491474010277725,44,7203.0,0.11075096185960043,44,7203.0,-2.0999999999999943
9625.0,41,744.0,9.073170731707316,3.261878251389796,41,7214.0,0.10739860941375422,41,7214.0,-0.10999999999999943
9630.0,40,431.0,5.130952380952381,3.422196566134159,40,7090.0,0.1184899163874072,40,7090.0,1.2399999999999949
9635.0,44,548.0,6.523809523809524,3.435474934065137,44,7056.0,0.12132200081849737,44,7056.0,0.3400000000000034
9640.0,50,620.0,7.294117647058823,2.7959254033301653,50,7026.0,0.07784236297075121,50,7026.0,0.29999999999999716
9645.0,49,644.0,7.576470588235294,3.0556790441650086,49,6746.0,0.08354946737601102,49,6746.0,2.8000000000000114
9650.0,46,651.0,7.658823529411765,3.379498451416015,46,6518.0,0.11217005219281984,46,6518.0,2.279999999999987
9655.0,44,634.0,7.287356321839081,3.367374921572214,44,6724.0,0.10744514046399409,44,6724.0,-2.059999999999988
9660.0,45,674.0,7.929411764705883,3.3025136129359605,45,6947.0,0.10588338574126044,45,6947.0,-2.230000000000004
9665.0,51,768.0,8.930232558139535,2.956484415011511,51,7190.0,0.07371455062241619,51,7190.0,-2.430000000000007
9670.0,54,841.0,9.894117647058824,2.715254662605463,54,7216.0,0.0680166494539778,54,7216.0,-0.2599999999999909
9675.0,50,871.0,10.24705882352941,2.9601964470021005,50,6994.0,0.0886596847114365,50,6994.0,2.219999999999999
9680.0,47,886.0,10.068181818181818,3.2565951460603775,47,6779.0,0.11410571440132888,47,6779.0,2.1499999999999915
9685.0,43,886.0,10.183908045977011,3.544843548638873,43,6368.0,0.12551573443523897,43,6368.0,4.1100000000000065
9690.0,40,717.0,8.435294117647059,3.24414344911519,40,6436.0,0.10442731924495613,40,6436.0,-0.6799999999999997
9695.0,37,545.0,6.566265060240964,3.4339529461778575,37,6514.0,0.12428037809637138,37,6514.0,-0.7800000000000011
9700.0,37,507.0,6.108433734939759,3.8634861900722703,37,6537.0,0.14013169200873443,37,6537.0,-0.23000000000000398
9705.0,38,479.0,5.771084337349397,3.666955780335205,38,6504.0,0.13685005468987668,38,6504.0,0.3299999999999983
9710.0,38,519.0,6.329268292682927,3.5223318786819178,38,6259.0,0.1297548247896547,38,6259.0,2.450000000000003
9715.0,40,564.0,6.795180722891566,3.6389450553219578,40,6024.0,0.13395781454459793,40,6024.0,2.3500000000000014
9720.0,37,601.0,7.154761904761905,3.9543787608712897,37,5588.0,0.1385225132028754,37,5588.0,4.359999999999999
9725.0,34,626.0,7.364705882352941,4.549105025956036,34,5169.0,0.16736406909584672,34,5169.0,4.190000000000005
9730.0,30,638.0,7.4186046511627906,4.722676549511178,30,4751.0,0.17858152320857912,30,4751.0,4.18
9735.0,27,663.0,7.892857142857143,4.814709063472512,27,4529.0,0.19649706676173206,27,4529.0,2.219999999999999
9740.0,29,725.0,8.734939759036145,4.5556174806982135,29,4178.0,0.1765506413092892,29,4178.0,3.509999999999998
9745.0,30,795.0,9.352941176470589,4.590677808729183,30,4161.0,0.1770089331098586,30,4161.0,0.1700000000000017
9750.0,28,858.0,10.214285714285714,4.8442021289287975,27,3997.0,0.20016244625584736,27,3997.0,1.6400000000000006
9755.0,24,902.0,10.488372093023257,4.912832896181467,22,3674.0,0.20204432983580908,22,3674.0,3.229999999999997
9760.0,19,926.0,10.894117647058824,4.997440800015719,19,3644.0,0.20757433231013694,19,3644.0,0.30000000000000426
9765.0,19,594.0,6.988235294117647,4.836761683418301,19,3585.0,0.19486381002705114,19,3585.0,0.5899999999999963
9770.0,20,504.0,6.072289156626506,4.971872682522044,19,3454.0,0.20363472944316027,19,3454.0,1.3100000000000023
9775.0,23,604.0,7.365853658536586,5.203676401925948,22,3421.0,0.22182060084727154,22,3421.0,0.3299999999999983
9780.0,29,726.0,8.44186046511628,4.872052267851749,29,3505.0,0.18923457663037288,29,3505.0,-0.8399999999999963
9785.0,29,626.0,7.4523809523809526,4.328229099849016,29,3521.0,0.14404600784643393,29,3521.0,-0.1600000000000037
9790.0,33,635.0,7.470588235294118,4.190298054092277,33,3561.0,0.11493464015700146,33,3561.0,-0.3999999999999986
9795.0,38,815.0,9.588235294117647,4.438530265047476,38,3571.0,0.13209070804396358,38,3571.0,-0.10000000000000142
9800.0,44,1020.0,12.0,4.16045687121347,44,3703.0,0.12761525689429984,44,3703.0,-1.3200000000000003
9805.0,48,1235.0,14.034090909090908,3.831054187773745,48,3932.0,0.10381535280482337,48,3932.0,-2.289999999999999
9810.0,51,1481.0,16.640449438202246,3.8938719557956403,51,4164.0,0.10296038204379196,51,4164.0,-2.3200000000000003
9815.0,54,1741.0,19.78409090909091,3.539045167590862,54,4426.0,0.07110613063710598,54,4426.0,-2.6199999999999974
9820.0,54,1849.0,21.75294117647059,3.3645503245049935,54,4505.0,0.0805687804565525,54,4505.0,-0.7899999999999991
9825.0,49,1832.0,22.072289156626507,3.440763423010209,49,4390.0,0.09165078082828901,49,4390.0,1.1499999999999986
9830.0,46,1797.0,20.655172413793103,3.8766382870632032,46,4261.0,0.11859477749299828,46,4261.0,1.2899999999999991
9835.0,42,1744.0,21.26829268292683,3.9683306384481907,42,3951.0,0.136323888949053,42,3951.0,3.1000000000000014
9840.0,43,1657.0,20.7125,3.4252998215811936,43,4134.0,0.11061176188622407,43,4134.0,-1.8300000000000054
9845.0,44,1601.0,20.265822784810126,3.21801112916239,44,4354.0,0.09468958371476839,44,4354.0,-2.1999999999999957
9850.0,45,1555.0,19.935897435897434,3.379035353879932,45,4576.0,0.1159955314405428,45,4576.0,-2.219999999999999
9855.0,44,1462.0,17.6144578313253,3.509680137548926,44,4607.0,0.11544742445359023,44,4607.0,-0.3100000000000023
9860.0,40,1322.0,16.121951219512194,3.6161898747646597,40,4470.0,0.1230002129454646,40,4470.0,1.3699999999999974
9865.0,39,1180.0,14.390243902439025,3.5193425118205637,39,4356.0,0.11802060729479248,39,4356.0,1.1400000000000006
9870.0,36,1086.0,13.407407407407407,3.9091239578828776,36,4104.0,0.1427706737101888,36,4104.0,2.520000000000003
9875.0,34,1038.0,12.658536585365853,4.381861008974214,34,3845.0,0.16847475929951322,34,3845.0,2.5899999999999963
9880.0,30,1045.0,12.294117647058824,4.650328024376899,30,3590.0,0.17916038513315669,30,3590.0,2.5500000000000043
9885.0,27,1078.0,12.833333333333334,4.793250349359758,27,3464.0,0.1972382634298963,27,3464.0,1.259999999999998
9890.0,29,1139.0,13.890243902439025,4.5058704902102455,29,3233.0,0.17305829903737235,29,3233.0,2.3100000000000023
9895.0,30,1209.0,14.925925925925926,4.360243007217623,30,3157.0,0.1733997130589239,30,3157.0,0.759999999999998
9900.0,28,1272.0,15.512195121951219,4.736901477488388,27,3200.0,0.19186746085860065,27,3200.0,-0.4299999999999997
9905.0,24,1316.0,15.48235294117647,4.957992046690869,22,3131.0,0.20203730248573762,22,3131.0,0.6900000000000013
9910.0,19,1340.0,15.764705882352942,5.087416755669463,19,3065.0,0.20151735204196242,19,3065.0,0.6600000000000001
9915.0,20,1385.0,16.294117647058822,4.865821985275888,20,3079.0,0.18786431318825655,20,3079.0,-0.14000000000000057
9920.0,19,1467.0,17.674698795180724,5.161187530747481,18,3099.0,0.2084771991606054,18,3099.0,-0.1999999999999993
9925.0,25,1464.0,17.853658536585368,4.85027433746114,23,3196.0,0.19420967045824014,23,3196.0,-0.9700000000000024
9930.0,29,1582.0,18.611764705882354,4.48050604465416,29,3327.0,0.18090278217627404,29,3327.0,-1.3100000000000023
9935.0,30,1701.0,20.49397590361446,3.7032548792282705,30,3396.0,0.135598666057803,30,3396.0,-0.6899999999999977
9940.0,35,1810.0,21.547619047619047,3.4035264609956966,34,3470.0,0.1097251187015026,34,3470.0,-0.740000000000002
9945.0,36,1896.0,22.843373493975903,3.6366824672457696,36,3460.0,0.1274874506998855,36,3460.0,0.10000000000000142
9950.0,37,1991.0,23.702380952380953,4.045911059437439,37,3458.0,0.15268875325932624,37,3458.0,0.020000000000003126
9955.0,38,2056.0,23.363636363636363,3.716843325505174,38,3641.0,0.1233637918180371,38,3641.0,-1.8299999999999983
9960.0,41,2163.0,24.862068965517242,3.542416538323265,41,3782.0,0.11001295817799293,41,3782.0,-1.4100000000000037
9965.0,47,2303.0,27.094117647058823,3.2606429163457618,47,3957.0,0.09492541361775456,47,3957.0,-1.75
9970.0,48,2149.0,25.28235294117647,3.2415622946826677,48,4070.0,0.1002062649270878,48,4070.0,-1.1300000000000026
9975.0,46,2194.0,25.811764705882354,3.364856994223273,46,4197.0,0.10330469707561767,46,4197.0,-1.269999999999996
9980.0,47,2342.0,26.613636363636363,3.466557171707541,47,4348.0,0.10967183733615929,47,4348.0,-1.509999999999998
9985.0,50,1715.0,19.71264367816092,3.1311985639360578,50,4304.0,0.09156834855180536,50,4304.0,0.4399999999999977
9990.0,50,1069.0,12.28735632183908,2.8484089650138005,50,4285.0,0.0848791408758735,50,4285.0,0.18999999999999773
9995.0,49,1031.0,11.988372093023257,3.106173842809499,49,4059.0,0.1083738199563806,49,4059.0,2.259999999999998
10000.0,55,1160.0,13.488372093023257,2.85932862409207,55,4191.0,0.0928386052689679,55,4191.0,-1.3199999999999932
10005.0,59,1221.0,13.566666666666666,2.728787673382806,59,4351.0,0.07609921991408694,59,4351.0,-1.6000000000000014
10010.0,56,1274.0,14.314606741573034,2.6399781315299964,56,4368.0,0.077789520016175,56,4368.0,-0.1700000000000017
10015.0,54,1316.0,14.954545454545455,2.5652582192574216,54,4379.0,0.08133146605282063,54,4379.0,-0.10999999999999943
10020.0,51,1265.0,14.375,2.6120585204772024,51,4592.0,0.08664639692060983,51,4592.0,-2.1300000000000026
10025.0,53,1295.0,14.715909090909092,2.6161832084114596,53,4854.0,0.08437888166923528,53,4854.0,-2.6199999999999974
10030.0,55,1333.0,14.333333333333334,2.8375125722481633,55,5089.0,0.09012158833682783,55,5089.0,-2.3500000000000014
10035.0,53,1327.0,14.582417582417582,2.702905869508675,53,5213.0,0.0862790501604439,53,5213.0,-1.240000000000002
10040.0,52,1285.0,14.12087912087912,2.5932916150791243,52,5202.0,0.08144829309885045,52,5202.0,0.10999999999999943
10045.0,49,1230.0,13.369565217391305,3.143401511511055,49,5184.0,0.1049489179229823,49,5184.0,0.17999999999999972
10050.0,45,967.0,10.397849462365592,3.2803378378630232,45,5289.0,0.10038212517687062,45,5289.0,-1.0499999999999972
10055.0,44,831.0,8.56701030927835,3.492488213261377,44,5334.0,0.11365257363984319,44,5334.0,-0.45000000000000284
10060.0,45,879.0,9.554347826086957,3.262026210522909,45,5455.0,0.11619355159055843,45,5455.0,-1.2099999999999937
10065.0,47,794.0,8.725274725274724,2.9437881557032815,47,5420.0,0.08524221731557932,47,5420.0,0.3499999999999943
10070.0,46,618.0,6.791208791208791,3.1221606053165187,46,5417.0,0.09464535786770475,46,5417.0,0.030000000000001137
10075.0,47,598.0,6.5,3.404768953629534,47,5237.0,0.10931193465281824,47,5237.0,1.8000000000000043
10080.0,54,748.0,7.873684210526315,2.961898889072777,54,5461.0,0.09448415094564362,54,5461.0,-2.240000000000002
10085.0,59,957.0,10.180851063829786,2.691388487476618,59,5733.0,0.08273333319405042,59,5733.0,-2.719999999999999
10090.0,63,1188.0,12.505263157894737,2.5393108321569713,63,6037.0,0.06974363502728398,63,6037.0,-3.039999999999999
10095.0,61,1294.0,13.76595744680851,2.6572532829805864,61,6177.0,0.0627225815633006,61,6177.0,-1.4000000000000057
10100.0,57,1323.0,14.380434782608695,2.940531219163924,57,6128.0,0.07919780561157118,57,6128.0,0.490000000000002
10105.0,57,1383.0,15.032608695652174,2.9162211641292846,57,6080.0,0.09526365359592233,57,6080.0,0.480000000000004
10110.0,57,1308.0,14.064516129032258,2.7105482567706494,57,6295.0,0.08507246244887734,57,6295.0,-2.1500000000000057
10115.0,61,1373.0,14.763440860215054,2.4158185062282094,61,6545.0,0.055915359932145865,61,6545.0,-2.5
10120.0,61,1452.0,15.956043956043956,2.417502578168202,61,6825.0,0.07005308379534231,61,6825.0,-2.799999999999997
10125.0,61,1494.0,16.417582417582416,2.5186487680634992,61,6961.0,0.06806843773495411,61,6961.0,-1.3599999999999994
10130.0,56,1484.0,15.787234042553191,2.878298016062741,56,6911.0,0.08448570234849588,56,6911.0,0.5
10135.0,51,1449.0,15.75,3.1112176073940403,51,6840.0,0.1021677883390014,51,6840.0,0.7099999999999937
10140.0,48,1396.0,15.685393258426966,3.219036846329389,48,6600.0,0.11468616848511248,48,6600.0,2.4000000000000057
10145.0,44,1323.0,15.206896551724139,3.547353688003909,44,6358.0,0.13095160201014638,44,6358.0,2.4200000000000017
10150.0,39,1228.0,14.279069767441861,4.082621165933109,39,6125.0,0.15761648642407114,39,6125.0,2.3299999999999983
10155.0,35,882.0,10.022727272727273,3.930881762097746,34,6060.0,0.15369691489326465,34,6060.0,0.6499999999999986
10160.0,30,421.0,4.839080459770115,4.141378884247382,30,5795.0,0.1645342889411417,30,5795.0,2.6499999999999986
10165.0,33,347.0,3.9885057471264367,4.279330473446876,33,5624.0,0.1682153775227736,33,5624.0,1.7100000000000009
10170.0,38,451.0,5.125,4.543387562911293,38,5456.0,0.16686593008190925,38,5456.0,1.6799999999999997
10175.0,40,510.0,5.730337078651686,4.39319784719765,40,5486.0,0.14234128859246947,40,5486.0,-0.29999999999999716
10180.0,39,531.0,6.034090909090909,4.051990418658661,39,5684.0,0.1328392819387329,39,5684.0,-1.980000000000004
10185.0,35,538.0,6.113636363636363,4.313176743371678,35,5550.0,0.1497709748885025,35,5550.0,1.3400000000000034
10190.0,34,562.0,6.534883720930233,4.145434983695688,34,5392.0,0.1431557783278093,34,5392.0,1.5799999999999983
10195.0,34,627.0,7.290697674418604,4.477555637577942,34,5245.0,0.16413162451547636,34,5245.0,1.4699999999999989
10200.0,35,692.0,7.863636363636363,4.46411839037932,35,4938.0,0.16563715344158375,35,4938.0,3.0700000000000003
10205.0,35,758.0,8.32967032967033,4.1912049180904365,35,4646.0,0.14463408383028498,35,4646.0,2.9200000000000017
10210.0,33,613.0,6.887640449438202,4.220763971296377,31,4717.0,0.157681813147026,31,4717.0,-0.7100000000000009
10215.0,33,641.0,7.284090909090909,4.0902119977097335,33,4767.0,0.14557232487785768,33,4767.0,-0.5
10220.0,37,709.0,8.341176470588236,4.1344552637503815,37,4917.0,0.16298862517931711,37,4917.0,-1.5
10225.0,34,627.0,7.554216867469879,4.070568879997015,33,4967.0,0.14221639374970682,33,4967.0,-0.5
10230.0,34,616.0,7.162790697674419,4.276157997137218,34,5132.0,0.14041870705523768,34,5132.0,-1.6499999999999986
10235.0,35,761.0,8.848837209302326,4.2445282452765785,35,5116.0,0.13940302322502698,35,5116.0,0.1600000000000037
10240.0,43,859.0,9.873563218390805,3.6909781692834858,43,5130.0,0.11020570625154724,43,5130.0,-0.14000000000000057
10245.0,41,913.0,10.616279069767442,3.8160940958124483,41,5159.0,0.11619632455874122,41,5159.0,-0.29000000000000625
10250.0,41,968.0,11.255813953488373,3.967539621325283,41,5014.0,0.1324924316802953,41,5014.0,1.4500000000000028
10255.0,41,1023.0,11.49438202247191,3.98532228466661,41,4875.0,0.14576560651661832,41,4875.0,1.3900000000000006
10260.0,46,1088.0,12.224719101123595,3.469468359366289,46,5090.0,0.1083910770696971,46,5090.0,-2.1499999999999986
10265.0,44,671.0,7.625,3.1207054332559094,44,5172.0,0.0891171621519017,44,5172.0,-0.8200000000000003
10270.0,44,707.0,8.034090909090908,3.3355463347896177,44,5167.0,0.0997081555962411,44,5167.0,0.04999999999999716
10275.0,47,680.0,7.906976744186046,3.192721038000963,47,5308.0,0.1031098230332597,47,5308.0,-1.4099999999999966
10280.0,46,713.0,8.01123595505618,3.240582401051934,46,5412.0,0.10877329541547162,46,5412.0,-1.0399999999999991
10285.0,48,800.0,9.195402298850574,3.417962526456896,48,5601.0,0.11999636065357484,48,5601.0,-1.8900000000000006
10290.0,47,795.0,9.244186046511627,2.855400664729893,47,5636.0,0.08419447369007249,47,5636.0,-0.3500000000000014
10295.0,47,749.0,8.709302325581396,2.875272508260557,47,5676.0,0.0768299531158046,47,5676.0,-0.3999999999999986
10300.0,44,745.0,8.662790697674419,3.1610048915557205,44,5699.0,0.09923665923156523,44,5699.0,-0.23000000000000398
10305.0,41,779.0,8.954022988505747,3.3830550987353627,41,5324.0,0.11938405875742497,41,5324.0,3.75
10310.0,41,716.0,8.325581395348838,3.2671358585069132,41,5419.0,0.11958222827040185,41,5419.0,-0.9499999999999957
10315.0,48,715.0,8.218390804597702,2.6666357058291834,48,5552.0,0.07599907724708999,48,5552.0,-1.3300000000000054
10320.0,49,796.0,9.045454545454545,2.9347971775659065,49,5728.0,0.08410593485955452,49,5728.0,-1.759999999999998
10325.0,51,846.0,9.837209302325581,2.742293190472843,51,5777.0,0.07936603201684833,51,5777.0,-0.490000000000002
10330.0,49,859.0,9.544444444444444,3.0090773739041707,49,5623.0,0.09615825021106511,49,5623.0,1.5400000000000063
10335.0,44,854.0,9.595505617977528,3.386706006573699,44,5457.0,0.11696955608891443,44,5457.0,1.6599999999999966
10340.0,41,829.0,9.528735632183908,3.3282351156911973,41,5094.0,0.11214022755064473,41,5094.0,3.6300000000000026
10345.0,37,789.0,9.174418604651162,3.9328032100492583,37,4738.0,0.14392896660984503,37,4738.0,3.559999999999995
10350.0,35,730.0,8.588235294117647,3.9126971152539363,35,4912.0,0.13819438868132786,35,4912.0,-1.7399999999999949
10355.0,33,621.0,7.137931034482759,3.9581625217375973,33,5008.0,0.14350089052539589,33,5008.0,-0.9600000000000009
10360.0,35,692.0,8.046511627906977,4.002506443570112,35,5127.0,0.1438857570690923,35,5127.0,-1.1900000000000048
10365.0,40,765.0,8.793103448275861,3.9113400793909814,40,5117.0,0.1234995513327638,40,5117.0,0.10000000000000142
10370.0,42,827.0,9.729411764705882,3.711849185970545,42,4952.0,0.12775984355505782,42,4952.0,1.6499999999999986
10375.0,38,877.0,10.31764705882353,4.183774515033276,38,4780.0,0.14837571383805684,38,4780.0,1.720000000000006
10380.0,35,570.0,6.551724137931035,4.042942148945655,35,4821.0,0.14067987175315885,35,4821.0,-0.4100000000000037
10385.0,33,467.0,5.430232558139535,4.152775614425284,33,4788.0,0.14505178842281072,33,4788.0,0.3299999999999983
10390.0,36,531.0,6.397590361445783,3.9772617231431746,36,4849.0,0.14096452867963238,36,4849.0,-0.6099999999999994
10395.0,40,610.0,7.439024390243903,3.6643552468148295,40,4849.0,0.11834201761646619,40,4849.0,0.0
10400.0,41,665.0,8.012048192771084,3.694456854954664,41,4670.0,0.11442244163912887,41,4670.0,1.7899999999999991
10405.0,39,719.0,8.36046511627907,3.9235054068329607,39,4502.0,0.13148767557706156,39,4502.0,1.6799999999999997
10410.0,36,759.0,8.929411764705883,3.962681692663395,36,4188.0,0.13665847477243306,36,4188.0,3.1400000000000006
10415.0,34,490.0,5.764705882352941,3.7974167377767727,34,4240.0,0.12057134626053778,34,4240.0,-0.519999999999996
10420.0,35,436.0,5.011494252873563,4.036118184069327,35,4233.0,0.13346624322837175,35,4233.0,0.07000000000000028
10425.0,36,519.0,6.034883720930233,4.291241963398346,36,4329.0,0.1484585739653225,36,4329.0,-0.9600000000000009
10430.0,39,591.0,6.793103448275862,4.006999447541647,39,4368.0,0.13681527262873588,39,4368.0,-0.39000000000000057
10435.0,40,637.0,7.406976744186046,3.5401423361981235,40,4417.0,0.10125642262827961,40,4417.0,-0.490000000000002
10440.0,40,685.0,7.965116279069767,3.4231050416087,40,4467.0,0.10093315728780008,40,4467.0,-0.5
10445.0,37,722.0,8.494117647058824,3.7362088340266504,37,4226.0,0.12517351379359562,37,4226.0,2.4100000000000037
10450.0,33,739.0,8.694117647058823,4.129405845630206,33,3996.0,0.15079558138462054,33,3996.0,2.299999999999997
10455.0,33,491.0,5.455555555555556,4.005981943511634,33,4153.0,0.14567031013186849,33,4153.0,-1.5700000000000003
10460.0,35,427.0,4.908045977011494,3.8345719734640564,35,4189.0,0.14282562204053098,35,4189.0,-0.35999999999999943
10465.0,37,492.0,5.788235294117647,3.252942677675748,37,4366.0,0.10969308290405451,37,4366.0,-1.769999999999996
10470.0,42,605.0,7.117647058823529,3.177670759031358,42,4356.0,0.10797794521398793,42,4356.0,0.09999999999999432
10475.0,43,736.0,8.55813953488372,3.5682118431801673,43,4439.0,0.12352463669665781,43,4439.0,-0.8299999999999983
10480.0,43,801.0,9.206896551724139,3.230417565069637,43,4503.0,0.11321687551593514,43,4503.0,-0.6400000000000006
10485.0,40,808.0,9.181818181818182,3.317900278992452,40,4412.0,0.11978081498672988,40,4412.0,0.9100000000000037
10490.0,41,831.0,9.233333333333333,3.36719524705302,41,4314.0,0.11877819256891245,41,4314.0,0.9799999999999969
10495.0,38,890.0,10.229885057471265,3.794294712527608,38,4069.0,0.13864647405906905,38,4069.0,2.450000000000003
10500.0,37,954.0,10.840909090909092,4.322896060189456,37,3827.0,0.16469827450249147,37,3827.0,2.4199999999999946
10505.0,37,1019.0,11.076086956521738,4.343013419963047,37,3737.0,0.16809223660058578,37,3737.0,0.9000000000000057
10510.0,38,1084.0,11.655913978494624,4.2252963068842115,38,3655.0,0.15551497178339105,38,3655.0,0.8200000000000003
10515.0,40,1056.0,11.478260869565217,3.8531226579695566,39,3713.0,0.1248482331627719,39,3713.0,-0.5800000000000054
10520.0,42,1139.0,12.797752808988765,3.7954611688076114,41,3923.0,0.13226596219819095,41,3923.0,-2.0999999999999943
10525.0,43,1227.0,14.10344827586207,3.7482113981823675,43,4131.0,0.1349320652647745,43,4131.0,-2.0800000000000054
10530.0,43,1280.0,14.222222222222221,3.6720745050269334,43,4203.0,0.13763953528205014,43,4203.0,-0.7199999999999989
10535.0,39,1292.0,14.51685393258427,3.891138684205847,39,4130.0,0.1534936129835226,39,4130.0,0.730000000000004
10540.0,36,1307.0,14.685393258426966,4.187666177554613,36,4042.0,0.15981832234823523,36,4042.0,0.8799999999999955
10545.0,33,1358.0,15.790697674418604,4.578914650900194,33,3820.0,0.18412725932092636,33,3820.0,2.219999999999999
10550.0,33,1453.0,17.297619047619047,4.852062943143801,33,3612.0,0.1973270067803282,33,3612.0,2.0800000000000054
10555.0,34,1548.0,17.59090909090909,4.771984334087702,34,3554.0,0.19193974906490321,34,3554.0,0.5799999999999983
10560.0,35,1301.0,14.617977528089888,4.134264892092269,35,3591.0,0.1517023873464207,35,3591.0,-0.36999999999999744
10565.0,38,1266.0,14.066666666666666,4.095027727292976,38,3552.0,0.14412475428923097,38,3552.0,0.38999999999999346
10570.0,39,1388.0,15.772727272727273,4.472122856066611,39,3621.0,0.1657247007474469,39,3621.0,-0.6899999999999977
10575.0,41,999.0,11.482758620689655,4.3178032824919335,41,3620.0,0.1502668632911138,41,3620.0,0.00999999999999801
10580.0,36,670.0,7.613636363636363,4.516700399880397,36,3471.0,0.15891053337395863,36,3471.0,1.490000000000002
10585.0,37,808.0,9.181818181818182,4.75704801520827,37,3400.0,0.16861125985245531,37,3400.0,0.7100000000000009
10590.0,44,791.0,8.988636363636363,4.104661976138406,44,3469.0,0.11992631489308204,44,3469.0,-0.6899999999999977
10595.0,48,863.0,9.919540229885058,3.994169257950489,48,3490.0,0.121473636215409,48,3490.0,-0.21000000000000085
10600.0,52,1113.0,12.647727272727273,3.943146564317523,52,3613.0,0.12284031458462694,52,3613.0,-1.230000000000004
10605.0,55,1309.0,14.544444444444444,3.4309186989547458,55,3833.0,0.08580421746730371,55,3833.0,-2.1999999999999957
10610.0,57,1589.0,18.056818181818183,3.4380298398482436,57,4068.0,0.09799946006271348,57,4068.0,-2.3500000000000014
10615.0,61,1879.0,22.105882352941176,2.6952730990706284,61,4356.0,0.07147944482309282,61,4356.0,-2.8800000000000026
10620.0,59,1995.0,23.470588235294116,2.6678690807843424,59,4498.0,0.06056838546162182,59,4498.0,-1.4199999999999946
10625.0,56,1972.0,23.2,2.9089098224617636,56,4632.0,0.07186349156702815,56,4632.0,-1.3400000000000034
10630.0,52,1931.0,22.195402298850574,3.0340047789421765,52,4590.0,0.0950350710955065,52,4590.0,0.4200000000000017
10635.0,49,1873.0,21.528735632183906,3.3401897996301426,49,4404.0,0.11768027926893916,49,4404.0,1.8599999999999994
10640.0,48,1803.0,20.488636363636363,3.233166817397465,48,4236.0,0.09887938721510744,48,4236.0,1.6799999999999997
10645.0,46,1724.0,20.046511627906977,3.286236109742184,46,4075.0,0.11504732665978845,46,4075.0,1.6099999999999994
10650.0,42,1628.0,18.71264367816092,3.9149729609867334,41,4033.0,0.1571932650972018,41,4033.0,0.4200000000000017
10655.0,40,1515.0,17.02247191011236,4.040447587341806,38,3855.0,0.16170061742868339,38,3855.0,1.7800000000000011
10660.0,36,1384.0,15.55056179775281,4.102876752795139,36,3810.0,0.15881748732310924,36,3810.0,0.44999999999999574
10665.0,36,1222.0,13.577777777777778,3.997090454617058,36,3961.0,0.14986882968583068,36,3961.0,-1.509999999999998
10670.0,37,1127.0,12.806818181818182,4.181628127964839,37,4135.0,0.1551410393939701,37,4135.0,-1.740000000000002
10675.0,36,1089.0,12.964285714285714,4.200316637360318,36,4311.0,0.1685255144873015,36,4311.0,-1.759999999999998
10680.0,34,1065.0,12.241379310344827,4.279079971997924,34,4354.0,0.16430684384534203,34,4354.0,-0.4299999999999997
10685.0,29,1050.0,12.209302325581396,4.6094569869750615,29,4254.0,0.18088859767822538,29,4254.0,1.0
10690.0,31,1122.0,13.357142857142858,4.642547920445999,31,4153.0,0.18273735279345218,31,4153.0,1.009999999999998
10695.0,32,886.0,10.423529411764706,4.499445258681765,32,4107.0,0.1595321344713398,32,4107.0,0.46000000000000085
10700.0,32,573.0,6.821428571428571,4.324062698793458,32,3943.0,0.16212541089279806,32,3943.0,1.6400000000000006
10705.0,35,650.0,7.471264367816092,4.447428184005767,35,3876.0,0.16260882772200366,35,3876.0,0.6700000000000017
10710.0,40,460.0,5.348837209302325,3.9076906833247493,40,3932.0,0.11002386563310139,40,3932.0,-0.5600000000000023
10715.0,42,441.0,5.068965517241379,3.925351487193413,42,3934.0,0.10277517879557262,42,3934.0,-0.020000000000003126
10720.0,44,578.0,6.72093023255814,4.037408358628248,44,4023.0,0.12362068239466076,44,4023.0,-0.8899999999999935
10725.0,43,631.0,7.337209302325581,3.886417478331796,43,4091.0,0.10999551353649306,43,4091.0,-0.6799999999999997
10730.0,40,642.0,7.465116279069767,3.8680661462596344,40,4004.0,0.122482010287158,40,4004.0,0.8699999999999974
10735.0,39,685.0,8.058823529411764,4.0122917630821675,39,3903.0,0.13960618227108146,39,3903.0,1.009999999999998
10740.0,42,736.0,8.55813953488372,3.975183039846437,42,3681.0,0.1283710031966868,42,3681.0,2.219999999999999
10745.0,41,710.0,8.255813953488373,3.8433787763653022,41,3836.0,0.10946148973458344,41,3836.0,-1.5499999999999972
10750.0,43,772.0,9.08235294117647,3.9363397443314465,43,4019.0,0.12069675235767739,43,4019.0,-1.8299999999999983
10755.0,44,841.0,9.894117647058824,3.7007568902717907,44,4236.0,0.11974089543095659,44,4236.0,-2.1700000000000017
10760.0,43,867.0,10.321428571428571,3.607725345141445,43,4305.0,0.10573846481857864,43,4305.0,-0.6899999999999977
10765.0,42,852.0,10.023529411764706,3.5658366087860704,42,4218.0,0.10159985799724996,42,4218.0,0.8699999999999974
10770.0,39,825.0,9.705882352941176,3.8702766767396857,39,4120.0,0.13102121407090858,39,4120.0,0.9799999999999969
10775.0,35,783.0,9.433734939759036,4.185372761202261,35,3901.0,0.15093549518072344,35,3901.0,2.190000000000005
10780.0,32,761.0,8.952941176470588,4.522625667242177,32,3687.0,0.1758267864538999,32,3687.0,2.1400000000000006
10785.0,29,790.0,9.186046511627907,4.569959610238511,29,3470.0,0.17451442726642558,29,3470.0,2.1699999999999946
10790.0,31,856.0,9.953488372093023,4.486463349749392,31,3374.0,0.17168313324205342,31,3374.0,0.9600000000000009
10795.0,30,930.0,10.813953488372093,4.771613035673085,30,3181.0,0.181531587161874,30,3181.0,1.9300000000000033
10800.0,31,1005.0,11.964285714285714,4.5208484691549256,31,3112.0,0.18442356562837087,31,3112.0,0.6899999999999977
10805.0,28,1072.0,12.611764705882353,4.441595804747396,28,3148.0,0.19013563850276205,28,3148.0,-0.35999999999999943
10810.0,27,885.0,10.411764705882353,4.439281219735867,26,3279.0,0.18750201264068744,26,3279.0,-1.3099999999999987
10815.0,32,887.0,10.313953488372093,4.129925138838616,31,3436.0,0.15811689871384568,31,3436.0,-1.5700000000000003
10820.0,37,1004.0,11.674418604651162,4.072985706626643,35,3599.0,0.1535746354368579,35,3599.0,-1.6300000000000026
10825.0,37,1168.0,14.072289156626505,4.165999195656246,37,3788.0,0.16124535276231283,37,3788.0,-1.8900000000000006
10830.0,39,1002.0,11.651162790697674,4.135610736457472,39,3759.0,0.1527233237296493,39,3759.0,0.28999999999999915
10835.0,40,744.0,8.551724137931034,3.8795964420355045,40,3618.0,0.1435561374613306,40,3618.0,1.4100000000000037
10840.0,45,930.0,10.813953488372093,3.432202812783541,45,3571.0,0.11476504655474566,45,3571.0,0.46999999999999886
10845.0,50,1068.0,12.275862068965518,3.099285524492572,50,3666.0,0.08047678080176915,50,3666.0,-0.9499999999999957
10850.0,53,1215.0,13.806818181818182,3.3226016120717037,53,3701.0,0.08743054098192224,53,3701.0,-0.3500000000000014
10855.0,57,1492.0,16.043010752688172,3.4135835513466124,57,3837.0,0.10326154238471263,57,3837.0,-1.3599999999999994
10860.0,57,1625.0,17.857142857142858,2.9511870645840186,57,3969.0,0.07539018296950911,57,3969.0,-1.3200000000000003
10865.0,56,1652.0,18.56179775280899,2.8344494703227934,56,3951.0,0.07092738109131233,56,3951.0,0.17999999999999972
10870.0,53,1669.0,19.183908045977013,3.3306680306277157,53,3930.0,0.0999873719008684,53,3930.0,0.21000000000000085
10875.0,50,1626.0,18.689655172413794,3.255230280145044,50,4134.0,0.10189790096407164,50,4134.0,-2.0400000000000063
10880.0,51,1623.0,18.033333333333335,3.2496788126297766,51,4364.0,0.09493908191602198,51,4364.0,-2.299999999999997
10885.0,52,1626.0,17.86813186813187,3.3855495481042226,52,4608.0,0.09656704065664379,52,4608.0,-2.4399999999999977
10890.0,54,1341.0,14.9,2.938734651393361,54,4751.0,0.06768284621441106,54,4751.0,-1.4299999999999997
10895.0,53,1261.0,14.011111111111111,3.0707250610378494,53,4840.0,0.08285480480446049,53,4840.0,-0.8900000000000006
10900.0,54,1273.0,14.632183908045977,3.077207433095691,54,5024.0,0.0956136574965332,54,5024.0,-1.8400000000000034
10905.0,56,1295.0,14.55056179775281,2.7729928718621553,56,5294.0,0.08205469366294775,56,5294.0,-2.6999999999999957
10910.0,55,1257.0,13.966666666666667,2.815846851998946,55,5395.0,0.07190223960454883,55,5395.0,-1.0100000000000051
10915.0,54,1200.0,13.48314606741573,2.676919677109357,54,5321.0,0.07145560369632335,54,5321.0,0.740000000000002
10920.0,50,1189.0,13.825581395348838,2.939028508973142,50,5239.0,0.09899305707634076,50,5239.0,0.8200000000000003
10925.0,46,1205.0,14.176470588235293,3.407028820230834,46,4995.0,0.11965342105089122,46,4995.0,2.4399999999999977
10930.0,46,1260.0,14.157303370786517,3.745799802188111,46,4798.0,0.1364905079212134,46,4798.0,1.970000000000006
10935.0,46,1314.0,14.43956043956044,3.8105937917557933,46,4622.0,0.13851540846366978,46,4622.0,1.759999999999998
10940.0,44,1360.0,15.280898876404494,3.5895049592397186,44,4582.0,0.12657121492118395,44,4582.0,0.3999999999999986
10945.0,43,1401.0,15.741573033707866,3.8482698947359992,43,4411.0,0.1369461933853551,43,4411.0,1.7100000000000009
10950.0,39,1426.0,16.204545454545453,4.1836891427961,39,4364.0,0.15550061392276202,39,4364.0,0.46999999999999886
10955.0,33,1306.0,14.674157303370787,4.2997140992660485,33,4532.0,0.16482793423695213,33,4532.0,-1.6799999999999997
10960.0,35,1302.0,14.795454545454545,4.0164853179955955,35,4708.0,0.14926906092682662,35,4708.0,-1.759999999999998
10965.0,39,1311.0,15.068965517241379,3.883972859340014,37,4889.0,0.14388015792587064,37,4889.0,-1.8100000000000023
10970.0,34,1273.0,14.976470588235294,4.09974713476498,34,4925.0,0.1574053903514685,34,4925.0,-0.35999999999999943
10975.0,31,1248.0,15.036144578313253,4.5489453123084225,30,4831.0,0.18834464068272078,30,4831.0,0.9399999999999977
10980.0,31,1334.0,15.333333333333334,4.872851231778398,31,4729.0,0.19664098425312615,31,4729.0,1.0200000000000031
10985.0,32,1285.0,14.94186046511628,4.118119768461162,31,4810.0,0.15697779398090947,31,4810.0,-0.8100000000000023
10990.0,37,1391.0,16.174418604651162,3.6427202895787985,37,4917.0,0.12678030703874665,37,4917.0,-1.0700000000000003
10995.0,42,1526.0,18.166666666666668,3.531336308382104,42,5114.0,0.12793072589590898,42,5114.0,-1.9699999999999989
11000.0,47,1686.0,19.83529411764706,3.5846015566184586,47,5338.0,0.11010730016933358,47,5338.0,-2.240000000000002
11005.0,48,1800.0,20.224719101123597,3.599255781802139,48,5436.0,0.10466638042002653,48,5436.0,-0.9799999999999969
11010.0,43,1858.0,21.113636363636363,3.618596083967347,43,5385.0,0.11474525716114956,43,5385.0,0.509999999999998
11015.0,42,1904.0,21.885057471264368,3.6836411547089423,42,5324.0,0.12471077769272153,42,5324.0,0.6099999999999994
11020.0,39,1973.0,22.420454545454547,4.062905742204455,39,5129.0,0.13211044056579654,39,5129.0,1.9500000000000028
11025.0,42,1932.0,22.20689655172414,3.9850569129051183,41,5194.0,0.1341690730770678,41,5194.0,-0.6499999999999986
11030.0,44,1851.0,21.03409090909091,3.647903370038605,44,5410.0,0.12334801008335199,44,5410.0,-2.1600000000000037
11035.0,46,1967.0,22.352272727272727,3.5902740760463443,46,5427.0,0.11454205892519871,46,5427.0,-0.1700000000000017
11040.0,49,1520.0,17.674418604651162,2.9470622283590173,49,5375.0,0.08838108632718418,49,5375.0,0.5200000000000031
11045.0,48,799.0,9.4,2.773175890349301,48,5350.0,0.09633539453934055,48,5350.0,0.25
11050.0,43,607.0,7.058139534883721,3.20179993848699,43,5328.0,0.11139354663900014,43,5328.0,0.21999999999999886
11055.0,44,678.0,7.704545454545454,3.1185054666158196,44,5461.0,0.11787003836496553,44,5461.0,-1.3299999999999983
11060.0,49,847.0,9.51685393258427,3.206826719503253,49,5609.0,0.11758231560145017,49,5609.0,-1.480000000000004
11065.0,58,1112.0,12.219780219780219,2.847345602161763,58,5858.0,0.08671989786370582,58,5858.0,-2.489999999999995
11070.0,59,1271.0,13.967032967032967,2.803599874367241,59,5980.0,0.07482827499294013,59,5980.0,-1.2199999999999989
11075.0,59,1341.0,15.067415730337078,2.7969038302869396,59,5939.0,0.07701175795703824,59,5939.0,0.4099999999999966
11080.0,57,1404.0,15.6,2.9137317228066606,57,5893.0,0.09408508698358208,57,5893.0,0.46000000000000085
11085.0,54,1361.0,14.793478260869565,2.866013753689106,54,5915.0,0.08817524277493453,54,5915.0,-0.21999999999999886
11090.0,51,1247.0,13.554347826086957,2.8440188092160192,51,5741.0,0.07619979453039821,51,5741.0,1.740000000000002
11095.0,50,1180.0,12.688172043010752,3.3588269909496,50,5643.0,0.10271791242499241,50,5643.0,0.9799999999999969
11100.0,52,1210.0,13.152173913043478,3.5303249555880627,52,5549.0,0.11067431292117527,52,5549.0,0.9399999999999977
11105.0,53,1188.0,12.774193548387096,3.1203186701779746,53,5627.0,0.09644595518248832,53,5627.0,-0.7800000000000011
11110.0,52,1125.0,11.96808510638298,3.2135174571489573,52,5522.0,0.09149513527012569,52,5522.0,1.0500000000000043
11115.0,50,1052.0,11.311827956989248,3.2900845691307725,50,5410.0,0.09605013345889234,50,5410.0,1.1199999999999974
11120.0,46,920.0,9.89247311827957,3.409705004866608,46,5564.0,0.09134418931894951,46,5564.0,-1.5399999999999991
11125.0,44,813.0,8.83695652173913,3.7580940797605917,44,5683.0,0.10878890709163835,44,5683.0,-1.1899999999999977
11130.0,44,778.0,8.456521739130435,3.753058583861043,44,5875.0,0.12143535357799334,44,5875.0,-1.9200000000000017
11135.0,42,758.0,8.51685393258427,3.756527276901155,42,5897.0,0.11817461931860072,42,5897.0,-0.21999999999999886
11140.0,44,795.0,8.932584269662922,3.3984226270617106,44,5734.0,0.09067634928332409,44,5734.0,1.6299999999999955
11145.0,44,844.0,9.590909090909092,3.678817769758886,44,5588.0,0.11627743945225849,44,5588.0,1.4600000000000009
11150.0,43,874.0,9.931818181818182,3.6554281929345804,43,5793.0,0.10548135583270217,43,5793.0,-2.049999999999997
11155.0,44,917.0,10.303370786516854,3.5449502691952812,44,6013.0,0.10512819431461867,44,6013.0,-2.200000000000003
11160.0,45,963.0,11.19767441860465,3.1936151625204374,45,6232.0,0.1037606476624941,45,6232.0,-2.1899999999999977
11165.0,44,973.0,11.447058823529412,3.0419716411499476,44,6264.0,0.09494505823551211,44,6264.0,-0.3200000000000003
11170.0,42,991.0,11.939759036144578,3.102585192349708,42,6096.0,0.10726484774866878,42,6096.0,1.6799999999999997
11175.0,42,1051.0,12.511904761904763,3.4648425942250336,42,5930.0,0.12779857830537822,42,5930.0,1.6600000000000037
11180.0,41,1110.0,12.758620689655173,3.656216460844632,41,5593.0,0.13222534832049548,41,5593.0,3.3699999999999974
11185.0,38,1155.0,13.430232558139535,3.8754892147225606,38,5259.0,0.1478494110267118,38,5259.0,3.3399999999999963
11190.0,37,1188.0,14.142857142857142,3.5707970032773644,37,5096.0,0.14017671497002757,37,5096.0,1.6300000000000026
11195.0,35,1216.0,14.476190476190476,4.028940746106782,35,4794.0,0.16470920521324836,35,4794.0,3.020000000000003
11200.0,33,1270.0,15.487804878048781,4.174004670082278,32,4645.0,0.18703610988083771,32,4645.0,1.4899999999999949
11205.0,32,1348.0,16.047619047619047,4.239999506363604,31,4415.0,0.1937396598418133,31,4415.0,2.3000000000000043
11210.0,33,914.0,10.627906976744185,4.073343920323314,33,4382.0,0.17068548086515506,33,4382.0,0.3299999999999983
11215.0,32,615.0,7.068965517241379,4.198063156080336,31,4213.0,0.1679620131077969,31,4213.0,1.6899999999999977
11220.0,31,682.0,7.75,4.738957198558141,31,4133.0,0.19113664577163222,31,4133.0,0.8000000000000043
11225.0,35,725.0,8.238636363636363,4.454796462568826,33,4147.0,0.16753722809712612,33,4147.0,-0.14000000000000057
11230.0,32,759.0,8.625,4.548881022119883,31,4174.0,0.1833516662498612,31,4174.0,-0.2700000000000031
11235.0,30,821.0,9.436781609195402,4.391179828937569,30,4317.0,0.1667920184135871,30,4317.0,-1.4299999999999997
11240.0,34,525.0,6.0344827586206895,3.9525623496730953,34,4325.0,0.13120214133222916,34,4325.0,-0.0799999999999983
11245.0,35,448.0,5.209302325581396,3.9955247827820566,35,4274.0,0.13084382095061747,35,4274.0,0.509999999999998
11250.0,42,556.0,6.465116279069767,3.767831012959323,42,4460.0,0.10509372568845932,42,4460.0,-1.8599999999999994
11255.0,45,688.0,7.730337078651686,3.575710251483005,45,4609.0,0.09108633996962497,45,4609.0,-1.490000000000002
11260.0,45,707.0,7.943820224719101,3.429650420662761,45,4723.0,0.087630976836033,45,4723.0,-1.1399999999999935
11265.0,45,785.0,8.820224719101123,3.3110001651491907,45,4797.0,0.09102688993861302,45,4797.0,-0.740000000000002
11270.0,48,938.0,10.781609195402298,3.31122214684691,48,4966.0,0.0886205124006943,48,4966.0,-1.6899999999999977
11275.0,48,1034.0,12.023255813953488,3.1285935221779315,47,5033.0,0.07636645336150095,47,5033.0,-0.6700000000000017
11280.0,50,1086.0,12.340909090909092,2.9036343242800045,50,5281.0,0.07414228541977853,50,5281.0,-2.480000000000004
11285.0,48,1135.0,13.352941176470589,2.77305422443831,48,5179.0,0.08423101530908676,48,5179.0,1.0200000000000031
11290.0,51,1192.0,13.86046511627907,2.703573879156015,51,4917.0,0.07401493717700944,51,4917.0,2.6199999999999974
11295.0,49,1252.0,14.55813953488372,3.0837325728327394,49,4837.0,0.09475902507862234,49,4837.0,0.8000000000000043
11300.0,46,1178.0,13.69767441860465,3.1363564130177632,46,4972.0,0.09968009671410283,46,4972.0,-1.3500000000000014
11305.0,46,1158.0,13.01123595505618,3.229356613250269,46,5123.0,0.10724000229755662,46,5123.0,-1.509999999999998
11310.0,47,1196.0,13.28888888888889,3.1631733266659876,47,5304.0,0.10055662794185148,47,5304.0,-1.8100000000000023
11315.0,49,1200.0,13.636363636363637,2.756108822240308,49,5366.0,0.07877827244021902,49,5366.0,-0.6199999999999974
11320.0,48,1176.0,13.066666666666666,3.0381757580815685,48,5262.0,0.09904717597148745,48,5262.0,1.0399999999999991
11325.0,44,1138.0,12.644444444444444,3.606717494717547,44,5150.0,0.12152742688674888,44,5150.0,1.1199999999999974
11330.0,39,1084.0,12.179775280898877,3.819508025287848,39,4860.0,0.1349836714074436,39,4860.0,2.8999999999999986
11335.0,34,1054.0,11.842696629213483,4.215925711445308,34,4554.0,0.149507924023062,34,4554.0,3.0600000000000023
11340.0,33,1064.0,12.229885057471265,4.155342418383492,33,4252.0,0.14437924344432015,33,4252.0,3.019999999999996
11345.0,32,984.0,11.576470588235294,4.081440124332851,32,4338.0,0.15434722071439888,32,4338.0,-0.8599999999999994
11350.0,34,1061.0,12.48235294117647,4.3116412805292885,34,4415.0,0.16680974642237445,34,4415.0,-0.769999999999996
11355.0,39,1171.0,13.306818181818182,4.271362712703418,39,4592.0,0.16445409430916613,39,4592.0,-1.7700000000000031
11360.0,38,1161.0,13.044943820224718,4.090659129883812,38,4706.0,0.1332262235026332,38,4706.0,-1.1400000000000006
11365.0,42,1263.0,14.033333333333333,4.143857790668576,42,4801.0,0.11991637993730467,42,4801.0,-0.9499999999999957
11370.0,43,1398.0,15.886363636363637,4.300765272365712,43,4986.0,0.13021041130096328,43,4986.0,-1.8500000000000014
11375.0,42,1466.0,16.850574712643677,4.272283031329232,42,5020.0,0.1341637142706944,42,5020.0,-0.3400000000000034
11380.0,39,1505.0,17.102272727272727,4.557182398492637,39,4869.0,0.14455785212490918,39,4869.0,1.5100000000000051
11385.0,39,1555.0,17.873563218390803,4.654930932151413,39,4717.0,0.1568228511647675,39,4717.0,1.519999999999996
11390.0,42,1014.0,11.790697674418604,3.7805828313946432,42,4696.0,0.10640467810403825,42,4696.0,0.21000000000000085
11395.0,42,560.0,6.511627906976744,3.778233176532836,42,4533.0,0.10415159794163713,42,4533.0,1.6300000000000026
11400.0,42,577.0,6.788235294117647,4.1508038122393796,42,4464.0,0.1312523786709231,42,4464.0,0.6899999999999977
11405.0,43,646.0,7.425287356321839,4.082563800756812,43,4434.0,0.12616885884747914,43,4434.0,0.29999999999999716
11410.0,47,708.0,8.232558139534884,3.597857163235137,47,4641.0,0.10898912293542092,47,4641.0,-2.069999999999993
11415.0,48,800.0,9.411764705882353,3.023984599574459,48,4880.0,0.07898388225058525,48,4880.0,-2.3900000000000006
11420.0,51,907.0,10.927710843373495,2.904695852364516,51,5130.0,0.07935012601264266,51,5130.0,-2.5
11425.0,50,911.0,10.975903614457831,2.9692274432497414,50,5179.0,0.08020506558098374,50,5179.0,-0.490000000000002
11430.0,47,862.0,9.908045977011493,3.08809642538646,47,5031.0,0.09573814917376339,47,5031.0,1.4799999999999969
11435.0,43,855.0,9.827586206896552,3.3707872935334313,43,4894.0,0.11977829067191692,43,4894.0,1.3700000000000045
11440.0,43,881.0,10.126436781609195,3.491849068664058,43,4601.0,0.11738471901912809,43,4601.0,2.9299999999999997
11445.0,44,822.0,9.55813953488372,3.4042471734023727,44,4750.0,0.10412356614829175,44,4750.0,-1.490000000000002
11450.0,47,869.0,10.345238095238095,3.3637868449798,47,4903.0,0.10789081955877562,47,4903.0,-1.5300000000000011
11455.0,48,933.0,10.724137931034482,3.4727069844947986,48,5133.0,0.1146314897889006,48,5133.0,-2.299999999999997
11460.0,47,951.0,10.806818181818182,3.505225878084099,47,5196.0,0.10151491892209989,47,5196.0,-0.6300000000000026
11465.0,47,930.0,10.689655172413794,3.377927097118389,47,5087.0,0.09051960758122957,47,5087.0,1.0900000000000034
11470.0,42,900.0,10.843373493975903,3.7331170085259893,42,4974.0,0.12387709046501007,42,4974.0,1.1299999999999955
11475.0,37,845.0,10.304878048780488,4.215111646955528,37,4693.0,0.14441586116361574,37,4693.0,2.8100000000000023
11480.0,34,755.0,8.882352941176471,4.36760885947568,34,4853.0,0.15020892860353305,34,4853.0,-1.6000000000000014
11485.0,34,677.0,8.25609756097561,4.196879675168015,34,5025.0,0.14818233326575567,34,5025.0,-1.7199999999999989
11490.0,37,673.0,8.308641975308642,3.8570830155249034,37,5199.0,0.12706428580299722,37,5199.0,-1.740000000000002
11495.0,39,479.0,5.9875,3.8050085772508795,39,5264.0,0.12248993537440178,39,5264.0,-0.6499999999999986
11500.0,41,502.0,6.435897435897436,3.650789148530333,41,5281.0,0.12069340881195403,41,5281.0,-0.1700000000000017
11505.0,43,638.0,7.975,3.5612792443311676,43,5401.0,0.12646244118034713,43,5401.0,-1.1999999999999957
11510.0,42,685.0,8.5625,3.4256463841202076,42,5426.0,0.12549971782616923,42,5426.0,-0.25
11515.0,40,659.0,8.135802469135802,3.3499124748494,40,5451.0,0.10290636069518959,40,5451.0,-0.25
11520.0,38,663.0,8.085365853658537,3.609174623501904,38,5464.0,0.11536278310892403,38,5464.0,-0.13000000000000256
11525.0,39,527.0,6.506172839506172,3.584430142875119,39,5577.0,0.11384381889244241,39,5577.0,-1.1300000000000026
11530.0,44,564.0,6.635294117647059,3.2346427698015465,44,5724.0,0.10100860121674153,44,5724.0,-1.4699999999999989
11535.0,47,638.0,7.686746987951807,3.0143450297037693,47,5903.0,0.08818230691940723,47,5903.0,-1.7899999999999991
11540.0,48,674.0,8.425,2.3694832597334794,48,5951.0,0.06389587544066726,48,5951.0,-0.4799999999999969
11545.0,45,672.0,8.4,2.6185229624506947,45,5811.0,0.0839424254176238,45,5811.0,1.3999999999999986
11550.0,43,654.0,7.975609756097561,3.271154506780588,43,5661.0,0.11347086208479032,43,5661.0,1.5
11555.0,39,619.0,7.2823529411764705,3.5701094923044177,39,5322.0,0.12647803363867915,39,5322.0,3.3900000000000006
11560.0,38,511.0,5.941860465116279,3.452966616096296,38,5469.0,0.10989237296564663,38,5469.0,-1.4699999999999989
11565.0,40,472.0,5.686746987951807,3.2027328966744837,40,5648.0,0.1029586360600706,40,5648.0,-1.7899999999999991
11570.0,40,477.0,5.817073170731708,3.459758126967869,40,5844.0,0.11304530618774442,40,5844.0,-1.9600000000000009
11575.0,38,485.0,5.987654320987654,3.680613467393321,38,5845.0,0.10849715658713499,38,5845.0,-0.010000000000005116
11580.0,37,514.0,6.119047619047619,3.8084379583519916,37,5650.0,0.12844461985617553,37,5650.0,1.9500000000000028
11585.0,37,544.0,6.4,4.090568215179345,37,5456.0,0.1453337995472235,37,5456.0,1.9399999999999977
11590.0,38,573.0,6.662790697674419,4.016640628937395,38,5091.0,0.12921221358819973,38,5091.0,3.6500000000000057
11595.0,33,593.0,7.2317073170731705,4.4729127197714815,33,4734.0,0.16312138926158515,33,4734.0,3.569999999999993
11600.0,29,589.0,7.3625,4.879946561861653,29,4381.0,0.19153203705169264,29,4381.0,3.530000000000001
11605.0,27,583.0,7.197530864197531,4.922824350173449,26,4060.0,0.20409263311842732,26,4060.0,3.210000000000001
11610.0,27,606.0,7.575,4.774212385245174,26,4165.0,0.19970603940668918,26,4165.0,-1.0499999999999972
11615.0,34,679.0,8.4875,4.086541046989653,32,4308.0,0.1587689628411516,32,4308.0,-1.4299999999999997
11620.0,35,767.0,9.469135802469136,4.4583928316135975,35,4480.0,0.17203686692713546,35,4480.0,-1.7199999999999989
11625.0,34,819.0,10.11111111111111,4.700316234065534,34,4485.0,0.16198381285498428,34,4485.0,-0.05000000000000426
11630.0,29,826.0,10.197530864197532,4.8335841602708,29,4318.0,0.18458095255644047,29,4318.0,1.6700000000000017
11635.0,27,838.0,10.21951219512195,4.980078462305103,27,4134.0,0.1906019132625967,27,4134.0,1.8399999999999963
11640.0,27,889.0,11.1125,4.923202178921984,27,3820.0,0.19581067543551664,27,3820.0,3.1400000000000006
11645.0,28,955.0,11.9375,5.083178521407031,27,3534.0,0.20081087916213058,27,3534.0,2.8599999999999994
11650.0,29,1020.0,12.439024390243903,5.194532987791989,29,3400.0,0.21237548863713468,29,3400.0,1.3400000000000034
11655.0,32,1092.0,13.156626506024097,4.483061998021371,30,3410.0,0.17370081383038455,30,3410.0,-0.10000000000000142
11660.0,32,878.0,10.839506172839506,4.298189995339323,31,3559.0,0.16776644997620505,31,3559.0,-1.490000000000002
11665.0,37,899.0,11.098765432098766,3.815701164223046,37,3738.0,0.1371496152567704,37,3738.0,-1.7899999999999991
11670.0,37,1006.0,12.575,3.8867568607655243,37,3915.0,0.14162347905637881,37,3915.0,-1.769999999999996
11675.0,38,1088.0,13.772151898734178,3.947987152361847,38,4073.0,0.14279539277908504,38,4073.0,-1.5799999999999983
11680.0,40,1266.0,15.62962962962963,3.9732401964017803,40,4236.0,0.1524088442676761,40,4236.0,-1.6300000000000026
11685.0,45,1476.0,18.0,3.787394166219965,45,4449.0,0.14094850422132624,45,4449.0,-2.1300000000000026
11690.0,49,1206.0,14.707317073170731,3.371602488481965,49,4499.0,0.10348783684035333,49,4499.0,-0.5
11695.0,51,1048.0,12.938271604938272,3.0585996798839807,51,4423.0,0.09507649877639794,51,4423.0,0.7600000000000051
11700.0,53,1292.0,15.75609756097561,3.298468244625694,53,4447.0,0.10578100374521543,53,4447.0,-0.240000000000002
11705.0,55,1423.0,16.94047619047619,2.910161321593949,55,4540.0,0.08948554238194957,55,4540.0,-0.9299999999999997
11710.0,53,1457.0,17.345238095238095,2.865492173804674,53,4636.0,0.07754812537421785,53,4636.0,-0.9600000000000009
11715.0,53,1480.0,17.41176470588235,2.781655639629875,53,4543.0,0.07587172403658084,53,4543.0,0.9299999999999997
11720.0,49,1493.0,17.773809523809526,3.0579099331098756,49,4453.0,0.1000631744151847,49,4453.0,0.8999999999999986
11725.0,47,1450.0,17.261904761904763,3.222739590841582,47,4660.0,0.11021022625760984,47,4660.0,-2.0700000000000003
11730.0,48,1448.0,17.03529411764706,3.014612075604737,48,4890.0,0.1057292943132635,48,4890.0,-2.299999999999997
11735.0,51,1453.0,16.8953488372093,2.9735783779727174,51,5133.0,0.10355993748218165,51,5133.0,-2.4299999999999997
11740.0,50,1359.0,15.80232558139535,2.5400942005423643,50,5270.0,0.06548354465318264,50,5270.0,-1.3700000000000045
11745.0,50,1305.0,15.0,2.920079910251643,50,5361.0,0.08875204029307011,50,5361.0,-0.9099999999999966
11750.0,51,1325.0,15.588235294117647,2.903664476431016,51,5541.0,0.10249688782635676,51,5541.0,-1.7999999999999972
11755.0,54,1393.0,15.651685393258427,2.7532686203149295,54,5790.0,0.09314507272257633,54,5790.0,-2.490000000000002
11760.0,55,1542.0,17.133333333333333,2.735589216799975,55,6062.0,0.07780196788541864,55,6062.0,-2.719999999999999
11765.0,59,1763.0,19.58888888888889,2.471150381055031,59,6346.0,0.05630874760510674,59,6346.0,-2.8400000000000034
11770.0,59,2018.0,22.674157303370787,2.4584785833332496,59,6624.0,0.060468330904772605,59,6624.0,-2.779999999999994
11775.0,63,2322.0,26.089887640449437,2.464686159442249,63,6929.0,0.06757494023003263,63,6929.0,-3.0500000000000114
11780.0,68,2652.0,29.797752808988765,2.0457268887746785,68,7257.0,0.06222897778895671,68,7257.0,-3.279999999999987
11785.0,69,2820.0,31.685393258426966,1.7281765453051188,69,7377.0,0.04820475849391365,69,7377.0,-1.2000000000000028
11790.0,68,2860.0,31.77777777777778,1.7648753280688387,68,7269.0,0.0459706650958362,68,7269.0,1.0799999999999983
11795.0,66,2891.0,31.42391304347826,2.2486907876489006,66,7210.0,0.07019455334922829,66,7210.0,0.5900000000000034
11800.0,64,2902.0,32.24444444444445,2.2214081149511515,64,7521.0,0.0698564939423865,64,7521.0,-3.1099999999999994
11805.0,64,2922.0,32.10989010989011,2.255529641952275,64,7843.0,0.07180298837224784,64,7843.0,-3.220000000000013
11810.0,65,2943.0,32.34065934065934,2.194625859442871,65,8162.0,0.0649360864810157,65,8162.0,-3.1899999999999977
11815.0,62,2500.0,28.089887640449437,2.12507867667231,62,8210.0,0.06628540966338642,62,8210.0,-0.47999999999998977
11820.0,58,1797.0,20.420454545454547,2.2963035901646163,58,8035.0,0.07363837315711541,58,8035.0,1.75
11825.0,54,1578.0,17.931818181818183,2.8033357421455816,54,7930.0,0.10247987703196644,54,7930.0,1.0499999999999972
11830.0,54,1548.0,17.01098901098901,3.095718538918297,54,7808.0,0.1107241945956386,54,7808.0,1.2199999999999989
11835.0,54,1413.0,15.527472527472527,2.948339441344673,54,7856.0,0.09571486521839827,54,7856.0,-0.480000000000004
11840.0,51,1200.0,13.48314606741573,2.8125619506179182,51,7681.0,0.08479639433906992,51,7681.0,1.75
11845.0,48,977.0,11.36046511627907,3.1269778754251614,48,7487.0,0.1043064927183389,48,7487.0,1.9399999999999977
11850.0,44,819.0,9.75,3.560099431155131,44,7071.0,0.12544305809391967,44,7071.0,4.160000000000011
11855.0,44,864.0,9.931034482758621,3.7456970648815098,44,6668.0,0.13931778197194425,44,6668.0,4.029999999999987
11860.0,45,833.0,9.465909090909092,3.474879362985339,45,6889.0,0.12162141812546898,45,6889.0,-2.2099999999999937
11865.0,50,846.0,9.50561797752809,3.043783683888044,50,7125.0,0.08813829197035568,50,7125.0,-2.3599999999999994
11870.0,49,893.0,9.922222222222222,3.1779303078941092,49,7257.0,0.0921945462975275,49,7257.0,-1.3199999999999932
11875.0,47,887.0,9.96629213483146,3.4717925271271093,47,7276.0,0.10678314142157314,47,7276.0,-0.19000000000001194
11880.0,44,871.0,9.677777777777777,3.74790250648398,44,7069.0,0.12350545259941165,44,7069.0,2.0700000000000074
11885.0,39,831.0,9.551724137931034,3.7733490697345307,39,6865.0,0.13985702225441202,39,6865.0,2.039999999999992
11890.0,37,560.0,6.511627906976744,3.5725173027198256,37,6956.0,0.1198622069738895,37,6956.0,-0.9099999999999966
11895.0,35,463.0,5.511904761904762,3.8653088821818358,35,7017.0,0.14450948963747584,35,7017.0,-0.6099999999999994
11900.0,36,452.0,5.445783132530121,4.149235671215474,36,7161.0,0.15878104364752968,36,7161.0,-1.4399999999999977
11905.0,41,577.0,6.632183908045977,3.9839269747168515,41,7357.0,0.13042541513264552,41,7357.0,-1.9599999999999937
11910.0,44,661.0,7.686046511627907,3.4066422492826116,44,7350.0,0.10074771006364938,44,7350.0,0.06999999999999318
11915.0,45,712.0,8.476190476190476,2.944082756931993,45,7165.0,0.08879360674179393,45,7165.0,1.8499999999999943
11920.0,42,757.0,8.905882352941177,3.4384132464534645,42,6978.0,0.11858092692945081,42,6978.0,1.8700000000000045
11925.0,38,784.0,9.116279069767442,3.935069693591598,38,6590.0,0.13804124719785882,38,6590.0,3.8799999999999955
11930.0,37,636.0,7.146067415730337,3.8491213580981256,36,6620.0,0.13617545224203362,36,6620.0,-0.29999999999999716
11935.0,35,509.0,5.784090909090909,3.6892907363778744,35,6798.0,0.1256697065648762,35,6798.0,-1.7800000000000011
11940.0,40,590.0,6.8604651162790695,3.5070098388671327,40,6749.0,0.11385290452199419,40,6749.0,0.4900000000000091
11945.0,46,468.0,5.5058823529411764,3.1144357542109438,46,6864.0,0.0986627859705324,46,6864.0,-1.1500000000000057
11950.0,48,564.0,6.635294117647059,3.238088426366411,48,6965.0,0.11387177312920256,48,6965.0,-1.0100000000000051
11955.0,50,707.0,7.855555555555555,3.4601377352525464,50,7166.0,0.11708000451331907,50,7166.0,-2.009999999999991
11960.0,49,761.0,8.455555555555556,3.425258630893217,49,7187.0,0.10627612678511436,49,7187.0,-0.21000000000000796
11965.0,47,746.0,8.477272727272727,3.2476481797910512,47,7206.0,0.07878048946395745,47,7206.0,-0.18999999999999773
11970.0,45,736.0,8.459770114942529,3.482643736706571,45,7217.0,0.10373279071181445,45,7217.0,-0.10999999999999943
11975.0,41,759.0,9.035714285714286,3.8466231435167386,41,6785.0,0.12963471400477414,41,6785.0,4.320000000000007
11980.0,41,809.0,9.406976744186046,3.906375799025296,41,6364.0,0.14504310126956718,41,6364.0,4.209999999999994
11985.0,42,859.0,9.988372093023257,3.7431715385828865,42,6152.0,0.1342109449755959,42,6152.0,2.1199999999999974
11990.0,41,758.0,8.71264367816092,3.592276962548122,40,6073.0,0.11105957558513412,40,6073.0,0.7900000000000063
11995.0,42,801.0,9.423529411764706,3.5331360047785423,42,6204.0,0.12479391816684231,42,6204.0,-1.3100000000000023
12000.0,42,850.0,10.119047619047619,3.6596906882743587,42,6406.0,0.14184365338104557,42,6406.0,-2.020000000000003
12005.0,42,863.0,9.806818181818182,3.6112940239913276,42,6397.0,0.12638197346284183,42,6397.0,0.09000000000000341
12010.0,38,835.0,9.597701149425287,4.051571459975507,38,6166.0,0.13785200438059425,38,6166.0,2.3100000000000023
12015.0,35,789.0,9.282352941176471,4.092787579346592,35,5925.0,0.14521467617050324,35,5925.0,2.4099999999999966
12020.0,32,524.0,6.1647058823529415,4.161722712254879,31,5925.0,0.1420376842941189,31,5925.0,0.0
12025.0,29,262.0,3.119047619047619,4.400709645890008,29,6079.0,0.14826996120309568,29,6079.0,-1.5399999999999991
12030.0,31,333.0,3.8275862068965516,4.545003403591566,31,5959.0,0.16119663207244325,31,5959.0,1.1999999999999957
12035.0,36,433.0,4.977011494252873,4.496112680691647,36,5886.0,0.1612458993966079,36,5886.0,0.730000000000004
12040.0,44,561.0,6.523255813953488,3.6603314825969093,44,6031.0,0.10218716314535141,44,6031.0,-1.4500000000000028
12045.0,45,642.0,7.552941176470588,3.419022505516282,45,6027.0,0.09396281027269993,45,6027.0,0.03999999999999915
12050.0,42,662.0,8.073170731707316,3.560309668192007,42,5791.0,0.11908680974582968,42,5791.0,2.3600000000000065
12055.0,38,664.0,7.72093023255814,4.042703386269544,38,5542.0,0.1365725895774233,38,5542.0,2.489999999999995
12060.0,36,655.0,7.7976190476190474,4.196574583092406,36,5073.0,0.1525996776543359,36,5073.0,4.690000000000005
12065.0,34,681.0,8.204819277108435,4.024794781780679,34,4610.0,0.14127648674471838,34,4610.0,4.6299999999999955
12070.0,34,644.0,7.853658536585366,3.9850611914221634,34,4732.0,0.14083368317199446,34,4732.0,-1.2199999999999989
12075.0,40,706.0,8.506024096385541,3.933869826472134,40,4889.0,0.13584184749030617,40,4889.0,-1.5700000000000003
12080.0,43,784.0,8.909090909090908,4.0002882913365925,43,5090.0,0.13755439034003114,43,5090.0,-2.009999999999998
12085.0,40,824.0,9.471264367816092,4.01794811579716,40,5075.0,0.12249472997944212,40,5075.0,0.14999999999999858
12090.0,40,827.0,9.616279069767442,3.807976421614032,40,4840.0,0.11379441465900715,40,4840.0,2.3500000000000014
12095.0,38,825.0,9.821428571428571,4.043663027653465,38,4602.0,0.14536274540964444,38,4602.0,2.3799999999999955
12100.0,33,805.0,9.698795180722891,4.49760025644275,33,4155.0,0.17264176140329132,33,4155.0,4.470000000000006
12105.0,28,772.0,9.08235294117647,4.783225675917403,28,3745.0,0.18878357922482553,28,3745.0,4.099999999999994
12110.0,24,407.0,4.903614457831325,5.0616155646827385,24,3725.0,0.20555936998119,24,3725.0,0.20000000000000284
12115.0,28,315.0,3.888888888888889,4.49455612758305,28,3640.0,0.17294176977641706,28,3640.0,0.8500000000000014
12120.0,33,392.0,4.72289156626506,4.605613384064481,33,3663.0,0.17133830777040623,33,3663.0,-0.23000000000000398
12125.0,35,321.0,3.9146341463414633,4.427326153785823,35,3755.0,0.14827777461441602,35,3755.0,-0.9199999999999946
12130.0,36,414.0,4.870588235294117,4.5575626448564694,36,3838.0,0.1492989118957436,36,3838.0,-0.8300000000000054
12135.0,37,526.0,6.493827160493828,4.456756002093971,37,4006.0,0.16178546062981194,37,4006.0,-1.6799999999999997
12140.0,38,562.0,6.938271604938271,3.924618920273249,38,4015.0,0.11376714588745196,38,4015.0,-0.0899999999999963
12145.0,36,580.0,7.073170731707317,4.294344876735388,36,3843.0,0.13606117402295076,36,3843.0,1.7199999999999989
12150.0,35,610.0,7.349397590361446,4.710293125162699,35,3695.0,0.16343892427053416,35,3695.0,1.4799999999999969
12155.0,35,640.0,7.619047619047619,4.68290818638923,35,3449.0,0.16142267744404265,35,3449.0,2.460000000000001
12160.0,35,670.0,8.072289156626505,4.501805283260897,35,3354.0,0.14966768054959786,35,3354.0,0.9500000000000028
12165.0,38,702.0,8.666666666666666,4.048754430245549,37,3132.0,0.12531486526875257,37,3132.0,2.219999999999999
12170.0,33,724.0,8.938271604938272,4.4994910280212,32,2914.0,0.16613331648682514,32,2914.0,2.1799999999999997
12175.0,32,554.0,7.012658227848101,4.301830122298122,31,2986.0,0.16776928410188555,31,2986.0,-0.7199999999999989
12180.0,31,538.0,6.6419753086419755,4.459906060449242,30,3035.0,0.18370368593398342,30,3035.0,-0.490000000000002
12185.0,33,541.0,6.518072289156627,4.714885443088605,32,3171.0,0.19737173612092962,32,3171.0,-1.3599999999999994
12190.0,33,529.0,6.373493975903615,4.361039209352972,32,3305.0,0.14797373690004495,32,3305.0,-1.3399999999999963
12195.0,35,576.0,7.111111111111111,4.488634198355811,35,3479.0,0.1483428382247405,35,3479.0,-1.740000000000002
12200.0,38,694.0,8.784810126582279,4.4653055493476845,38,3650.0,0.14922651681571888,38,3650.0,-1.7100000000000009
12205.0,36,768.0,9.6,4.360019366292972,36,3681.0,0.1553746072994419,36,3681.0,-0.3100000000000023
12210.0,36,798.0,9.851851851851851,4.49380565898441,36,3561.0,0.15514838934550634,36,3561.0,1.2000000000000028
12215.0,40,834.0,10.048192771084338,4.07580331541569,40,3456.0,0.12783601997629537,40,3456.0,1.0499999999999972
12220.0,39,879.0,10.590361445783133,4.2613876665339046,39,3243.0,0.13111298060833362,39,3243.0,2.1300000000000026
12225.0,41,918.0,11.195121951219512,4.211898225782509,40,3431.0,0.12479111556294281,40,3431.0,-1.8800000000000026
12230.0,41,969.0,11.674698795180722,4.1051197623845805,41,3638.0,0.12644297865306064,41,3638.0,-2.0700000000000003
12235.0,43,1029.0,13.025316455696203,3.6610632080721826,43,3847.0,0.11885828173945641,43,3847.0,-2.0899999999999963
12240.0,43,1024.0,13.2987012987013,3.130955883556005,43,4013.0,0.1001086629172138,43,4013.0,-1.6600000000000037
12245.0,44,1093.0,14.194805194805195,3.3868706190896227,44,4209.0,0.11202951697356996,44,4209.0,-1.9600000000000009
12250.0,46,1166.0,14.759493670886076,3.4369613903504397,46,4430.0,0.11746659415177657,46,4430.0,-2.2099999999999937
12255.0,47,1251.0,15.444444444444445,3.3066036608860867,47,4660.0,0.10187848773957364,47,4660.0,-2.3000000000000043
12260.0,48,1395.0,17.22222222222222,3.1546508871490455,48,4898.0,0.09672923839275661,48,4898.0,-2.3799999999999955
12265.0,52,1622.0,20.275,2.7908404429032876,52,5150.0,0.08824251928470052,52,5150.0,-2.520000000000003
12270.0,58,1893.0,23.37037037037037,2.4732640308853977,58,5421.0,0.07477021384874503,58,5421.0,-2.710000000000001
12275.0,62,2193.0,27.759493670886076,2.123402203103534,62,5723.0,0.07703414147761044,62,5723.0,-3.019999999999996
12280.0,67,2518.0,30.70731707317073,1.697954355303327,67,6046.0,0.0595665673241027,67,6046.0,-3.230000000000004
12285.0,65,2669.0,32.548780487804876,1.7664082016743905,65,6185.0,0.06236215901889969,65,6185.0,-1.3900000000000006
12290.0,66,2688.0,32.0,1.4901465116734298,66,6126.0,0.04868098917226328,66,6126.0,0.5900000000000034
12295.0,61,2701.0,32.54216867469879,1.9244996495248181,61,6074.0,0.07462863571242703,61,6074.0,0.519999999999996
12300.0,58,2698.0,32.90243902439025,2.228063292050762,58,5868.0,0.08930085084704299,58,5868.0,2.0600000000000023
12305.0,57,2665.0,30.988372093023255,2.2530033458835295,57,6135.0,0.0983919648808158,57,6135.0,-2.6700000000000017
12310.0,58,2652.0,30.837209302325583,2.1910831883715294,58,6423.0,0.08604080345793927,58,6423.0,-2.8800000000000026
12315.0,59,2646.0,30.767441860465116,2.1590279205719245,59,6720.0,0.07345378662005915,59,6720.0,-2.969999999999999
12320.0,57,2594.0,30.162790697674417,2.427027302964203,57,6831.0,0.07982248609132486,57,6831.0,-1.1099999999999994
12325.0,52,2489.0,28.941860465116278,2.850840605332564,52,6753.0,0.09999302176606933,52,6753.0,0.7800000000000011
12330.0,47,2359.0,26.806818181818183,3.2172708681025153,47,6650.0,0.12524859853472115,47,6650.0,1.0300000000000011
12335.0,42,2204.0,25.045454545454547,3.533464454907825,42,6357.0,0.1326335256264121,42,6357.0,2.9299999999999997
12340.0,40,2033.0,23.102272727272727,3.8334008191341296,40,6065.0,0.14258975279443234,40,6065.0,2.9200000000000017
12345.0,36,1720.0,19.545454545454547,3.936444592949114,35,6175.0,0.14429220140725263,35,6175.0,-1.1000000000000014
12350.0,34,1630.0,18.522727272727273,4.4039299803669145,34,6260.0,0.1691984034025519,34,6260.0,-0.8500000000000014
12355.0,39,1740.0,19.55056179775281,4.347194171980544,39,6436.0,0.16783797269728828,39,6436.0,-1.759999999999998
12360.0,42,1179.0,13.397727272727273,3.949683828543367,42,6379.0,0.1254570725949707,42,6379.0,0.5700000000000003
12365.0,41,557.0,6.402298850574713,3.6552166838442597,41,6128.0,0.11324642291155977,41,6128.0,2.509999999999998
12370.0,38,507.0,5.895348837209302,3.959275781585546,38,5951.0,0.14397136855125314,38,5951.0,1.7700000000000031
12375.0,42,623.0,7.244186046511628,3.8843511705399116,42,6142.0,0.1378472141677922,42,6142.0,-1.9100000000000037
12380.0,49,802.0,8.911111111111111,3.5926939523495136,49,6374.0,0.11423069291448103,49,6374.0,-2.3200000000000003
12385.0,51,1041.0,11.696629213483146,3.4113622459877653,51,6620.0,0.10590645775713552,51,6620.0,-2.460000000000001
12390.0,55,1266.0,14.551724137931034,2.8477077000091024,55,6726.0,0.07773277111856432,55,6726.0,-1.0600000000000023
12395.0,57,1476.0,16.584269662921347,2.7875961533069584,57,6746.0,0.07640468045937568,57,6746.0,-0.19999999999998863
12400.0,60,1770.0,20.113636363636363,2.859443090226083,60,6877.0,0.08862610027903361,60,6877.0,-1.3100000000000023
12405.0,62,1956.0,21.26086956521739,2.643367778381418,62,7118.0,0.06471101951710924,62,7118.0,-2.410000000000011
12410.0,63,2268.0,24.923076923076923,2.798213318559035,63,7377.0,0.07242299684675016,63,7377.0,-2.589999999999989
12415.0,67,2591.0,29.443181818181817,2.225011165438607,67,7698.0,0.05316535138513497,67,7698.0,-3.210000000000008
12420.0,68,2896.0,32.90909090909091,2.0682154308348015,68,8007.0,0.046964866134057086,68,8007.0,-3.089999999999989
12425.0,68,3230.0,36.70454545454545,2.2497131547100904,68,8340.0,0.0448594847868352,68,8340.0,-3.3300000000000125
12430.0,70,3575.0,40.168539325842694,2.1647471338702573,70,8682.0,0.054297539220970456,70,8682.0,-3.4199999999999875
12435.0,68,3834.0,43.56818181818182,2.0106020288586532,68,8954.0,0.045152330009057585,68,8954.0,-2.720000000000013
12440.0,68,4149.0,47.14772727272727,2.0037439123119856,68,9204.0,0.04239528612629378,68,9204.0,-2.5
12445.0,69,4494.0,51.06818181818182,2.287293411344947,69,9525.0,0.056374668700761084,69,9525.0,-3.2099999999999937
12450.0,68,4827.0,56.78823529411765,2.0793499790948737,68,9858.0,0.04620670611785799,68,9858.0,-3.3299999999999983
12455.0,68,5167.0,58.71590909090909,2.2837957961054274,68,10200.0,0.052330402534601,68,10200.0,-3.4200000000000017
12460.0,68,5507.0,64.03488372093024,2.22644185863216,68,10538.0,0.05598480448244262,68,10538.0,-3.3799999999999955
12465.0,69,5849.0,68.81176470588235,1.9298177483456334,69,10880.0,0.03843995891761762,69,10880.0,-3.4200000000000017
12470.0,67,5821.0,70.98780487804878,1.7938535245980372,67,10938.0,0.04450530048348787,67,10938.0,-0.5799999999999983
12475.0,62,5521.0,67.32926829268293,2.1966821721762826,62,10703.0,0.06233018730816617,62,10703.0,2.3499999999999943
12480.0,57,5196.0,62.602409638554214,2.527699961943595,57,10463.0,0.09225333034671743,57,10463.0,2.4000000000000057
12485.0,52,4846.0,58.3855421686747,3.0168854515243266,52,9951.0,0.10573722952671834,52,9951.0,5.11999999999999
12490.0,50,4476.0,53.9277108433735,3.0919400769448884,50,9427.0,0.10292592161048868,50,9427.0,5.240000000000009
12495.0,45,4091.0,50.50617283950617,3.4579776246533718,45,8903.0,0.1317159047619295,45,8903.0,5.239999999999995
12500.0,40,3681.0,47.19230769230769,3.6705120597008793,40,8619.0,0.1528680793020684,40,8619.0,2.8400000000000034
12505.0,36,3248.0,40.6,3.9788376948426967,36,8082.0,0.16875913079842864,36,8082.0,5.3700000000000045
12510.0,33,2773.0,34.6625,4.251141013970795,33,8229.0,0.17795984101400888,33,8229.0,-1.470000000000013
12515.0,34,2316.0,28.95,4.094952312127515,34,8391.0,0.16756731394725674,34,8391.0,-1.6199999999999903
12520.0,35,1867.0,23.632911392405063,4.201440343802459,35,8564.0,0.16935712917333864,35,8564.0,-1.730000000000004
12525.0,32,1315.0,16.645569620253166,4.6782728140134004,31,8671.0,0.17449252294306347,31,8671.0,-1.0699999999999932
12530.0,31,903.0,11.148148148148149,5.008502847156137,31,8774.0,0.18709161268679964,31,8774.0,-1.0300000000000011
12535.0,32,642.0,8.126582278481013,5.08699193829598,32,8931.0,0.18894890339246623,32,8931.0,-1.5700000000000074
12540.0,38,820.0,10.64935064935065,4.473734196253188,38,9106.0,0.15318782006290838,38,9106.0,-1.75
12545.0,44,1025.0,13.14102564102564,4.128067394443664,44,9311.0,0.1261080652913887,44,9311.0,-2.049999999999997
12550.0,48,1255.0,15.886075949367088,3.790509761098073,48,9541.0,0.09213294485120345,48,9541.0,-2.299999999999997
12555.0,50,1369.0,17.1125,3.3332536387864438,50,9507.0,0.08088239468550505,50,9507.0,0.3400000000000034
12560.0,47,1384.0,17.743589743589745,3.3197622131904003,47,9188.0,0.1016513116643674,47,9188.0,3.1899999999999977
12565.0,45,1385.0,17.531645569620252,3.322149986892622,45,8856.0,0.1009963704683952,45,8856.0,3.319999999999993
12570.0,43,1068.0,13.87012987012987,3.10804762627186,42,8948.0,0.09548375309559291,42,8948.0,-0.9200000000000017
12575.0,44,948.0,12.0,3.3362852782372983,44,9166.0,0.09772129237149975,44,9166.0,-2.1799999999999926
12580.0,42,929.0,11.469135802469136,3.538511741361056,42,9183.0,0.11914216226796367,42,9183.0,-0.1700000000000017
12585.0,43,875.0,11.217948717948717,3.088552016844266,43,9110.0,0.10768847275569352,43,9110.0,0.730000000000004
12590.0,41,785.0,10.466666666666667,2.754991027154565,41,8754.0,0.09679360887379262,41,8754.0,3.559999999999988
12595.0,39,686.0,9.026315789473685,3.2798438617634047,39,8394.0,0.12069923680823233,39,8394.0,3.6000000000000085
12600.0,37,571.0,7.32051282051282,3.73955731057377,37,7764.0,0.1407123930548293,37,7764.0,6.299999999999997
12605.0,33,419.0,5.109756097560975,3.877467187065271,33,7896.0,0.1410167923315153,33,7896.0,-1.3199999999999932
12610.0,35,385.0,4.695121951219512,3.8613030945989495,35,8057.0,0.14215242222640223,35,8057.0,-1.6099999999999994
12615.0,40,432.0,5.333333333333333,3.3545779421387985,40,8243.0,0.11915231964183916,40,8243.0,-1.8600000000000136
12620.0,38,446.0,5.6455696202531644,3.5000214114598114,38,8385.0,0.11553494830341948,38,8385.0,-1.4199999999999875
12625.0,43,576.0,7.2,3.6512694144233513,43,8561.0,0.11936329669252908,43,8561.0,-1.7600000000000051
12630.0,48,730.0,8.588235294117647,3.5382268254077864,48,8788.0,0.1179022067528781,48,8788.0,-2.269999999999996
12635.0,46,799.0,9.4,3.429785548392069,46,8726.0,0.09796680586637833,46,8726.0,0.6199999999999903
12640.0,45,799.0,9.626506024096386,3.070579992895759,45,8367.0,0.09142145958793994,45,8367.0,3.5900000000000034
12645.0,42,796.0,9.82716049382716,3.4688873564219995,42,8006.0,0.12511908822717355,42,8006.0,3.6099999999999994
12650.0,38,805.0,9.938271604938272,3.9940479305086445,38,7338.0,0.14916467450625023,38,7338.0,6.680000000000007
12655.0,38,632.0,7.614457831325301,3.8084587896317355,38,7398.0,0.1421882807116055,38,7398.0,-0.6000000000000085
12660.0,41,542.0,6.609756097560975,3.246443964641859,41,7486.0,0.11227456826166693,41,7486.0,-0.8799999999999955
12665.0,43,601.0,7.240963855421687,3.097457985605157,43,7542.0,0.09594734783220492,43,7542.0,-0.5600000000000023
12670.0,45,629.0,7.765432098765432,2.8357195360378107,45,7466.0,0.09471974436090479,45,7466.0,0.7600000000000051
12675.0,42,621.0,7.666666666666667,3.246827344822357,42,7094.0,0.121581554902544,42,7094.0,3.719999999999999
12680.0,38,595.0,7.0,3.763845802889788,38,6706.0,0.14168316973429568,38,6706.0,3.8799999999999955
12685.0,36,490.0,5.833333333333333,3.786086572985287,36,6847.0,0.13172931466859092,36,6847.0,-1.4099999999999966
12690.0,39,452.0,5.380952380952381,3.6339059485078335,39,7015.0,0.10754063869192752,39,7015.0,-1.6800000000000068
12695.0,39,446.0,5.309523809523809,3.9270444122455,39,7208.0,0.12190710786629574,39,7208.0,-1.9299999999999926
12700.0,37,399.0,4.75,4.147311910305943,37,7340.0,0.11853048988240619,37,7340.0,-1.3200000000000074
12705.0,42,524.0,6.1647058823529415,4.001344681161165,42,7500.0,0.12296629520413005,42,7500.0,-1.5999999999999943
12710.0,48,674.0,8.023809523809524,3.4078964383401984,48,7723.0,0.09978954953410266,48,7723.0,-2.230000000000004
12715.0,48,749.0,9.024096385542169,2.8949192960543595,48,7646.0,0.07473433458680606,48,7646.0,0.7700000000000102
12720.0,44,752.0,9.060240963855422,3.2464108971621957,44,7246.0,0.09135622036035107,44,7246.0,4.0
12725.0,41,739.0,9.123456790123457,3.5799354970040596,41,6915.0,0.12257510186336555,41,6915.0,3.309999999999988
12730.0,41,723.0,8.607142857142858,3.325541362354892,41,7100.0,0.10913195364928972,41,7100.0,-1.8499999999999943
12735.0,43,772.0,9.301204819277109,3.405181216893767,43,7310.0,0.11316165951097822,43,7310.0,-2.0999999999999943
12740.0,49,855.0,10.426829268292684,2.8366932812255348,49,7542.0,0.07562409433948879,49,7542.0,-2.3200000000000074
12745.0,52,916.0,11.036144578313253,2.6766489436303913,52,7516.0,0.06338919196844882,52,7516.0,0.2600000000000051
12750.0,48,936.0,11.414634146341463,2.8942340944284255,48,7205.0,0.08637777504008258,48,7205.0,3.1099999999999994
12755.0,45,941.0,10.94186046511628,3.377787691204431,45,6881.0,0.11568984820935703,45,6881.0,3.239999999999995
12760.0,41,931.0,10.952941176470588,3.697963022469673,41,6278.0,0.12735656652838626,41,6278.0,6.030000000000001
12765.0,38,901.0,10.855421686746988,3.639462826973881,38,5678.0,0.12512145797248153,38,5678.0,6.0
12770.0,34,856.0,10.567901234567902,3.9933084265359318,34,5339.0,0.15531741019063264,34,5339.0,3.3900000000000006
12775.0,30,791.0,9.765432098765432,4.63048718239115,30,4734.0,0.1836466071001439,30,4734.0,6.049999999999997
12780.0,30,423.0,5.158536585365853,4.301869493873466,29,4875.0,0.1714837954491714,29,4875.0,-1.4099999999999966
12785.0,34,273.0,3.4125,3.8996226275724246,34,5027.0,0.1543847393522136,34,5027.0,-1.5200000000000031
12790.0,43,382.0,4.716049382716049,3.4782779552026653,42,5219.0,0.12917762072203762,42,5219.0,-1.9199999999999946
12795.0,40,477.0,5.888888888888889,3.6767304898958306,40,5241.0,0.13518610067144662,40,5241.0,-0.21999999999999886
12800.0,37,517.0,6.304878048780488,4.062542243426045,37,5283.0,0.1526062120094462,37,5283.0,-0.4200000000000017
12805.0,37,615.0,7.235294117647059,4.489312938827678,37,5149.0,0.182239648484486,37,5149.0,1.3399999999999963
12810.0,37,671.0,7.894117647058824,4.25470517382155,37,5049.0,0.15769856739804378,37,5049.0,1.0
12815.0,41,717.0,8.63855421686747,3.868848785397321,41,4891.0,0.13343073757194931,41,4891.0,1.5800000000000054
12820.0,42,772.0,9.414634146341463,3.899748144653121,42,4748.0,0.14207640358579043,42,4748.0,1.4299999999999997
12825.0,41,827.0,10.085365853658537,4.0229977371825125,41,4452.0,0.14069611607946303,41,4452.0,2.9599999999999937
12830.0,41,880.0,10.602409638554217,4.05387730218645,41,4181.0,0.14764023808071702,41,4181.0,2.710000000000001
12835.0,36,917.0,10.916666666666666,4.43557384775632,36,4066.0,0.1713604755246044,36,4066.0,1.1500000000000057
12840.0,36,942.0,10.953488372093023,4.227721896498612,36,3805.0,0.15816610785879698,36,3805.0,2.6099999999999994
12845.0,34,964.0,11.341176470588236,4.380630298344582,32,3553.0,0.16417638613416707,32,3553.0,2.519999999999996
12850.0,30,960.0,11.707317073170731,4.616949192029339,30,3565.0,0.18660258895958295,30,3565.0,-0.11999999999999744
12855.0,24,745.0,8.764705882352942,4.716539871671607,24,3605.0,0.1963833896058301,24,3605.0,-0.3999999999999986
12860.0,26,705.0,8.19767441860465,4.741521725603242,26,3624.0,0.19613660701426244,26,3624.0,-0.19000000000000483
12865.0,27,739.0,8.694117647058823,4.7084781685337385,27,3739.0,0.18801850716575724,27,3739.0,-1.1499999999999986
12870.0,28,798.0,9.388235294117647,4.778824660965087,27,3734.0,0.17713388672255617,27,3734.0,0.04999999999999716
12875.0,28,858.0,10.337349397590362,4.960843445437186,28,3868.0,0.17644873446651824,28,3868.0,-1.3399999999999963
12880.0,28,918.0,10.928571428571429,5.007374385766215,28,3710.0,0.1840297634542932,28,3710.0,1.5799999999999983
12885.0,30,760.0,8.837209302325581,4.550204175855804,30,3720.0,0.1509600519917508,30,3720.0,-0.10000000000000142
12890.0,32,686.0,8.070588235294117,4.128675281341566,32,3764.0,0.1227573500938955,32,3764.0,-0.4399999999999977
12895.0,38,783.0,9.321428571428571,3.805248768582401,38,3778.0,0.10413018427022852,38,3778.0,-0.14000000000000057
12900.0,43,860.0,10.36144578313253,3.6000052509823792,43,3823.0,0.10194396138895874,43,3823.0,-0.44999999999999574
12905.0,42,911.0,10.717647058823529,3.553119885083755,42,3726.0,0.11466120817627828,42,3726.0,0.9699999999999989
12910.0,37,944.0,10.976744186046512,3.924859849209464,37,3625.0,0.12764463231321121,37,3625.0,1.009999999999998
12915.0,37,522.0,6.289156626506024,3.3449131795197102,37,3638.0,0.10064110386100575,37,3638.0,-0.13000000000000256
12920.0,33,285.0,3.433734939759036,3.7317505841650735,33,3538.0,0.11730083236652623,33,3538.0,1.0
12925.0,38,367.0,4.369047619047619,4.064735674412014,38,3532.0,0.1365755400397917,38,3532.0,0.060000000000002274
12930.0,40,429.0,5.047058823529412,3.6258300191819726,40,3565.0,0.11236466750737827,40,3565.0,-0.3299999999999983
12935.0,40,474.0,5.511627906976744,3.728746973690418,40,3458.0,0.11135458409132902,40,3458.0,1.0700000000000003
12940.0,41,522.0,6.069767441860465,3.738575818524742,41,3359.0,0.11635082114376248,41,3359.0,0.9899999999999949
12945.0,38,560.0,6.588235294117647,3.9934912757928194,38,3155.0,0.13167695311507413,38,3155.0,2.0400000000000027
12950.0,34,580.0,6.9879518072289155,4.29165638726257,34,2951.0,0.1565615087081807,34,2951.0,2.039999999999999
12955.0,30,589.0,6.848837209302325,4.587726387095546,30,2742.0,0.17216155358783294,30,2742.0,2.09
12960.0,30,454.0,5.341176470588235,4.3736216531627,29,2888.0,0.172077440580028,29,2888.0,-1.4599999999999973
12965.0,39,468.0,5.441860465116279,3.7062876938622367,39,3052.0,0.1302433709469759,39,3052.0,-1.6400000000000006
12970.0,41,580.0,6.823529411764706,3.853539084214874,41,3135.0,0.13717848682522626,41,3135.0,-0.8300000000000018
12975.0,39,652.0,7.855421686746988,3.7765029790944644,39,3236.0,0.13359566146460894,39,3236.0,-1.009999999999998
12980.0,40,777.0,8.931034482758621,4.072732888501431,40,3302.0,0.1457419914756697,40,3302.0,-0.6600000000000037
12985.0,40,829.0,9.75294117647059,3.743079602779989,40,3359.0,0.14000513519621538,40,3359.0,-0.5700000000000003
12990.0,40,841.0,9.666666666666666,3.6645471581342193,40,3277.0,0.12843413078868637,40,3277.0,0.8200000000000003
12995.0,38,904.0,10.635294117647058,4.117174348782976,38,3213.0,0.15201701665950274,38,3213.0,0.6400000000000006
13000.0,38,723.0,8.505882352941176,4.188089556543114,38,3300.0,0.14119250653291535,38,3300.0,-0.8699999999999974
13005.0,42,749.0,8.511363636363637,3.9885338292467423,42,3351.0,0.1353009940868312,42,3351.0,-0.509999999999998
13010.0,46,849.0,9.758620689655173,3.4780141500976707,46,3519.0,0.10498189596704137,46,3519.0,-1.6799999999999997
13015.0,48,924.0,10.5,3.261341173626288,48,3632.0,0.08381133997150614,48,3632.0,-1.1300000000000026
13020.0,45,959.0,11.022988505747126,3.2968580967818153,45,3741.0,0.0817663860636058,45,3741.0,-1.0899999999999963
13025.0,43,976.0,11.348837209302326,3.499601129838789,43,3831.0,0.10724233489198616,43,3831.0,-0.9000000000000057
13030.0,38,975.0,10.955056179775282,3.7483426588492574,38,3674.0,0.12741001966903653,38,3674.0,1.5700000000000003
13035.0,35,957.0,10.752808988764045,4.0087630047813665,35,3530.0,0.14624200987818609,35,3530.0,1.4400000000000048
13040.0,35,962.0,11.186046511627907,3.6658208612408996,35,3496.0,0.13473629224135872,35,3496.0,0.3399999999999963
13045.0,33,1016.0,11.813953488372093,4.034586262456182,32,3369.0,0.1591290181123135,32,3369.0,1.2700000000000031
13050.0,33,1093.0,12.858823529411765,4.159202796688119,33,3255.0,0.1696454040586301,33,3255.0,1.1400000000000006
13055.0,34,1169.0,13.134831460674157,4.267475956435,32,3235.0,0.17688591102823065,32,3235.0,0.19999999999999574
13060.0,34,858.0,9.533333333333333,4.038983810868703,33,3218.0,0.14947892035200205,33,3218.0,0.1700000000000017
13065.0,32,555.0,6.032608695652174,4.1621915671277545,31,3070.0,0.1553943041362914,31,3070.0,1.4800000000000004
13070.0,31,623.0,7.0,4.580130099588834,31,3006.0,0.17855057011936323,31,3006.0,0.6400000000000006
13075.0,33,450.0,5.172413793103448,4.520237695433357,33,3038.0,0.15831697731699865,33,3038.0,-0.3200000000000003
13080.0,32,454.0,5.044444444444444,4.859747433780008,32,3096.0,0.16596522948622744,32,3096.0,-0.5800000000000018
13085.0,36,623.0,7.0,4.789310175855973,36,3121.0,0.1655922254608836,36,3121.0,-0.25
13090.0,43,672.0,7.724137931034483,4.166384939875066,43,3247.0,0.13758272223059256,43,3247.0,-1.259999999999998
13095.0,48,894.0,10.275862068965518,3.9563392951666367,48,3397.0,0.1236861762719738,48,3397.0,-1.5
13100.0,52,1144.0,13.149425287356323,3.7342450331632517,52,3642.0,0.10608198384273626,52,3642.0,-2.450000000000003
13105.0,54,1275.0,14.325842696629213,3.3285995191716227,54,3778.0,0.08328545553349719,54,3778.0,-1.3599999999999994
13110.0,51,1305.0,14.662921348314606,3.70514650154658,51,3773.0,0.1000968791237213,51,3773.0,0.05000000000000426
13115.0,51,1323.0,14.865168539325843,3.479259253883783,51,3758.0,0.08943908170285024,51,3758.0,0.14999999999999858
13120.0,47,1333.0,15.147727272727273,3.797028852330118,47,3625.0,0.10736613906619129,47,3625.0,1.3299999999999983
13125.0,43,1326.0,15.418604651162791,4.253588404195884,43,3492.0,0.13491850776956738,43,3492.0,1.3299999999999983
13130.0,41,1301.0,14.954022988505747,4.3439781561134,41,3348.0,0.15094164044480585,41,3348.0,1.4400000000000048
13135.0,38,1262.0,14.847058823529412,4.233964233740157,37,3317.0,0.16044641404255047,37,3317.0,0.30999999999999517
13140.0,37,1012.0,11.905882352941177,3.8571758450869043,37,3357.0,0.13134922785968337,37,3357.0,-0.3999999999999986
13145.0,34,798.0,9.5,4.2833408946386395,33,3321.0,0.16367495116097697,33,3321.0,0.35999999999999943
13150.0,36,738.0,8.785714285714286,4.583988003201777,36,3367.0,0.1788852778635439,36,3367.0,-0.46000000000000085
13155.0,37,652.0,7.5813953488372094,4.433539775022006,37,3506.0,0.15722517215403464,37,3506.0,-1.3900000000000006
13160.0,39,685.0,7.965116279069767,4.625546772170923,39,3681.0,0.1517506529890401,39,3681.0,-1.75
13165.0,42,804.0,9.348837209302326,4.47562679041828,42,3883.0,0.13748050884111357,42,3883.0,-2.019999999999996
13170.0,42,882.0,10.626506024096386,4.339432921995953,42,4091.0,0.1381672639159218,42,4091.0,-2.0799999999999983
13175.0,42,927.0,11.444444444444445,4.269572378004253,42,4022.0,0.13297753680746147,42,4022.0,0.6899999999999977
13180.0,43,972.0,11.435294117647059,4.165889600043577,43,3961.0,0.13656427736418994,43,3961.0,0.6099999999999994
13185.0,41,729.0,8.476744186046512,3.694595878185031,41,4033.0,0.10503308025065698,41,4033.0,-0.7199999999999989
13190.0,43,627.0,7.376470588235295,3.3054676287128393,43,4135.0,0.07900585840963505,43,4135.0,-1.0200000000000031
13195.0,44,678.0,8.268292682926829,3.210767299479669,44,4258.0,0.08399854634608486,44,4258.0,-1.2299999999999969
13200.0,47,700.0,8.641975308641975,3.172373741829892,47,4338.0,0.08438940262215695,47,4338.0,-0.8000000000000043
13205.0,43,687.0,8.481481481481481,3.1791225871116597,43,4266.0,0.10579496301613373,43,4266.0,0.720000000000006
13210.0,40,657.0,8.2125,3.0848926741511513,40,4184.0,0.11343645213653558,40,4184.0,0.8199999999999932
13215.0,39,616.0,7.512195121951219,3.3062828505954953,39,3971.0,0.11637412725365669,39,3971.0,2.1300000000000026
13220.0,35,568.0,6.926829268292683,3.8235130745291612,35,3756.0,0.14785114730956525,35,3756.0,2.1499999999999986
13225.0,31,509.0,6.283950617283951,3.771080237068897,31,3885.0,0.14843453829470232,31,3885.0,-1.2899999999999991
13230.0,34,568.0,6.682352941176471,3.749333598852372,34,4042.0,0.14673441894205103,34,4042.0,-1.5700000000000003
13235.0,37,663.0,7.620689655172414,3.938392475855004,37,4213.0,0.1519493004073942,37,4213.0,-1.7100000000000009
13240.0,40,661.0,7.511363636363637,3.773382172401062,40,4289.0,0.11748352466649133,40,4289.0,-0.759999999999998
13245.0,43,724.0,8.32183908045977,3.7434857434043827,43,4340.0,0.11589600669258078,43,4340.0,-0.509999999999998
13250.0,46,878.0,10.452380952380953,3.7364613045772623,46,4489.0,0.13102363041374535,46,4489.0,-1.490000000000002
13255.0,48,1030.0,11.839080459770114,3.5404732113498034,48,4711.0,0.11794970548581456,48,4711.0,-2.219999999999999
13260.0,48,1200.0,13.793103448275861,3.621129182415743,48,4953.0,0.11226973494138144,48,4953.0,-2.4200000000000017
13265.0,51,1401.0,16.290697674418606,3.2300749248143408,51,5197.0,0.09122938977598513,51,5197.0,-2.4399999999999977
13270.0,54,1647.0,19.843373493975903,2.975369809714478,54,5445.0,0.0881323525364257,54,5445.0,-2.480000000000004
13275.0,60,1932.0,23.0,2.742916337034491,60,5728.0,0.07752077097832395,60,5728.0,-2.8299999999999983
13280.0,63,2241.0,26.058139534883722,2.424404443099508,63,6035.0,0.07550163970104741,63,6035.0,-3.0700000000000003
13285.0,65,2561.0,30.129411764705882,2.1690685217803574,65,6355.0,0.05424814189159916,65,6355.0,-3.1999999999999957
13290.0,64,2694.0,32.07142857142857,1.8055859787396673,64,6490.0,0.03879583692457523,64,6490.0,-1.3500000000000085
13295.0,63,2688.0,31.25581395348837,2.065445246666183,63,6432.0,0.0565175596636107,63,6432.0,0.5800000000000125
13300.0,58,2666.0,30.64367816091954,2.6172018994486415,58,6364.0,0.08291225098105627,58,6364.0,0.6799999999999926
13305.0,58,2634.0,29.931818181818183,2.5308349753566652,58,6652.0,0.08454841707258486,58,6652.0,-2.8799999999999955
13310.0,61,2612.0,30.022988505747126,2.262095286985038,61,6950.0,0.06534863532673783,61,6950.0,-2.980000000000004
13315.0,63,2603.0,29.919540229885058,2.064213238769537,63,7261.0,0.05457472581226759,63,7261.0,-3.1099999999999994
13320.0,60,2547.0,29.96470588235294,2.0526697898669553,60,7376.0,0.056350173890753946,60,7376.0,-1.1500000000000057
13325.0,55,2437.0,28.67058823529412,2.490659077256693,55,7281.0,0.0825386806311937,55,7281.0,0.9500000000000028
13330.0,50,2302.0,26.15909090909091,2.988043181957727,50,7163.0,0.10946880508178165,50,7163.0,1.1800000000000068
13335.0,45,2142.0,24.620689655172413,3.255843410118974,45,6838.0,0.11821980525990229,45,6838.0,3.25
13340.0,42,1963.0,23.094117647058823,3.2743090427383876,42,6509.0,0.1198198692831854,42,6509.0,3.289999999999992
13345.0,37,1685.0,20.05952380952381,3.488782068432915,37,6656.0,0.13575186498523548,37,6656.0,-1.4699999999999989
13350.0,37,1530.0,18.214285714285715,3.8019504314266754,37,6810.0,0.14489730287880337,37,6810.0,-1.539999999999992
13355.0,38,1460.0,17.176470588235293,3.911802562060159,38,6997.0,0.1521353056733675,38,6997.0,-1.8700000000000045
13360.0,40,979.0,11.795180722891565,3.6695304765281285,40,6957.0,0.12403361052838784,40,6957.0,0.4000000000000057
13365.0,43,487.0,5.729411764705882,3.3749994276754745,43,6757.0,0.11026546185097194,43,6757.0,2.0
13370.0,41,524.0,6.093023255813954,3.817740526873782,41,6636.0,0.1430343909247115,41,6636.0,1.2099999999999937
13375.0,43,659.0,7.574712643678161,4.060112815575919,43,6546.0,0.1410747530056302,43,6546.0,0.9000000000000057
13380.0,44,704.0,8.091954022988507,3.7210474930745088,44,6552.0,0.13004175598165157,44,6552.0,-0.060000000000002274
13385.0,40,703.0,8.174418604651162,4.018601134069259,40,6347.0,0.1394828574791677,40,6347.0,2.049999999999997
13390.0,42,735.0,8.546511627906977,3.8484463204840953,42,6144.0,0.12775850954067544,42,6144.0,2.030000000000001
13395.0,44,779.0,8.852272727272727,3.9229617345258223,44,5770.0,0.11846373456356107,44,5770.0,3.739999999999995
13400.0,42,722.0,8.395348837209303,3.928900499975353,42,5927.0,0.1173634090950506,42,5927.0,-1.5700000000000003
13405.0,44,767.0,8.715909090909092,3.6679486521992413,44,6110.0,0.11160759956033324,44,6110.0,-1.8299999999999983
13410.0,45,819.0,9.635294117647058,3.485711932952908,45,6320.0,0.11358515829578505,45,6320.0,-2.1000000000000014
13415.0,49,776.0,8.919540229885058,3.0764782303174925,49,6552.0,0.08877074025286526,49,6552.0,-2.319999999999993
13420.0,47,806.0,9.372093023255815,3.1823391524116453,47,6700.0,0.09459430215812223,47,6700.0,-1.480000000000004
13425.0,48,862.0,10.261904761904763,3.143719928189659,48,6938.0,0.09144741016249698,48,6938.0,-2.3799999999999955
13430.0,49,929.0,10.556818181818182,3.2729281064567313,49,7060.0,0.1034979237913286,49,7060.0,-1.2199999999999989
13435.0,50,1012.0,11.632183908045977,3.461764125271862,50,7266.0,0.11858781615488156,50,7266.0,-2.0600000000000023
13440.0,49,1024.0,12.19047619047619,2.9178923212063927,49,7282.0,0.0946315301947878,49,7282.0,-0.1599999999999966
13445.0,46,1004.0,12.24390243902439,3.0483133356821535,46,7062.0,0.10476789983775765,46,7062.0,2.1999999999999886
13450.0,46,1034.0,12.457831325301205,3.606690454845317,46,6850.0,0.12565154863533667,46,6850.0,2.1200000000000045
13455.0,47,1064.0,12.51764705882353,3.475875984583648,47,6435.0,0.11808698902176441,47,6435.0,4.150000000000006
13460.0,43,1085.0,12.916666666666666,3.8354208529795963,43,6027.0,0.1339923101465669,43,6027.0,4.079999999999991
13465.0,42,1095.0,12.882352941176471,3.666895150178177,42,5830.0,0.120149361261782,42,5830.0,1.970000000000006
13470.0,39,1097.0,12.905882352941177,4.0236206174731235,39,5454.0,0.14983506637929953,39,5454.0,3.759999999999998
13475.0,39,1086.0,12.928571428571429,4.14403200094756,38,5270.0,0.1698645675796142,38,5270.0,1.8399999999999963
13480.0,34,1056.0,12.137931034482758,4.483500724096756,33,4900.0,0.18105377516485335,33,4900.0,3.700000000000003
13485.0,30,949.0,11.16470588235294,4.738387272857384,30,5021.0,0.1898172601719559,30,5021.0,-1.2100000000000009
13490.0,31,895.0,10.529411764705882,4.715778346649531,31,5146.0,0.1782792740251971,31,5146.0,-1.25
13495.0,33,853.0,10.530864197530864,4.534071661510253,32,5302.0,0.18091983861433422,32,5302.0,-1.5600000000000023
13500.0,29,778.0,9.848101265822784,4.8930515790874844,29,5265.0,0.18383102864888404,29,5265.0,0.37000000000000455
13505.0,24,719.0,8.768292682926829,5.332321002205991,24,5026.0,0.21370543977049303,24,5026.0,2.3900000000000006
13510.0,25,765.0,9.329268292682928,5.353466890362463,25,4770.0,0.2185760960011618,25,4770.0,2.559999999999995
13515.0,29,444.0,5.481481481481482,4.562973370579001,29,4743.0,0.1587066785331395,29,4743.0,0.2700000000000031
13520.0,28,337.0,4.2125,4.519276364853964,28,4653.0,0.16504706651865178,28,4653.0,0.8999999999999986
13525.0,33,417.0,5.2125,4.6581871807095725,33,4675.0,0.16914324748520615,33,4675.0,-0.21999999999999886
13530.0,36,475.0,5.654761904761905,4.3480669539959145,36,4656.0,0.13498916998511196,36,4656.0,0.18999999999999773
13535.0,35,497.0,5.9879518072289155,4.275560406293625,35,4636.0,0.12747623540833927,35,4636.0,0.20000000000000284
13540.0,33,506.0,6.246913580246914,3.937265759811128,33,4601.0,0.11132001539566187,33,4601.0,0.3500000000000014
13545.0,32,273.0,3.5,3.803170399886157,32,4655.0,0.11970704546442555,32,4655.0,-0.5399999999999991
13550.0,31,269.0,3.4935064935064934,3.763909558853312,31,4727.0,0.1265041632880587,31,4727.0,-0.720000000000006
13555.0,35,353.0,4.468354430379747,3.591035834225963,35,4837.0,0.12475114787493319,35,4837.0,-1.0999999999999943
13560.0,40,463.0,5.7875,3.6251157660573496,40,4982.0,0.12488591904463522,40,4982.0,-1.4500000000000028
13565.0,43,529.0,6.451219512195122,3.1582753396837404,43,4974.0,0.08438754660455726,43,4974.0,0.0799999999999983
13570.0,39,548.0,6.765432098765432,3.415209456694617,39,4750.0,0.10515592428475508,39,4750.0,2.240000000000002
13575.0,36,550.0,6.962025316455696,3.7602031072162303,36,4530.0,0.13641462232977797,36,4530.0,2.200000000000003
13580.0,34,535.0,6.604938271604938,3.5066969527721756,34,4690.0,0.12505400195758093,34,4690.0,-1.6000000000000014
13585.0,38,589.0,7.3625,3.4668840035188344,38,4871.0,0.12670285702067982,38,4871.0,-1.8100000000000023
13590.0,43,680.0,8.5,3.0171455038660873,43,5068.0,0.09697197183474225,43,5068.0,-1.9699999999999989
13595.0,45,754.0,9.308641975308642,3.0387619083459008,45,5079.0,0.09275591848846818,45,5079.0,-0.10999999999999943
13600.0,44,798.0,9.851851851851851,3.3318824414998396,44,4885.0,0.10623376778766595,44,4885.0,1.9399999999999977
13605.0,41,826.0,9.833333333333334,3.4874423205745946,41,4679.0,0.12406654921573708,41,4679.0,2.0600000000000023
13610.0,37,838.0,9.976190476190476,3.9099211716009528,37,4266.0,0.14336583939140682,37,4266.0,4.130000000000003
13615.0,37,838.0,9.858823529411765,3.8920123217831875,37,3939.0,0.13426961514619906,37,3939.0,3.269999999999996
13620.0,32,568.0,7.012345679012346,3.757338817760775,32,3991.0,0.14176089848453222,32,3991.0,-0.519999999999996
13625.0,32,482.0,5.950617283950617,4.053162751332802,32,3974.0,0.1585286594058865,32,3974.0,0.1699999999999946
13630.0,33,545.0,6.566265060240964,4.367840384469714,33,4044.0,0.17474154246095128,33,4044.0,-0.6999999999999957
13635.0,37,605.0,7.117647058823529,4.191897287229366,37,4055.0,0.14293268239814683,37,4055.0,-0.10999999999999943
13640.0,39,646.0,7.6,3.798291115877426,39,4083.0,0.10376688356389477,39,4083.0,-0.28000000000000114
13645.0,36,683.0,8.130952380952381,4.063357642393168,36,4104.0,0.12967556142780273,36,4104.0,-0.21000000000000085
13650.0,36,668.0,8.048192771084338,3.9763930374890215,36,4248.0,0.133131358172989,36,4248.0,-1.4399999999999977
13655.0,36,699.0,8.223529411764705,3.864539382296989,36,4421.0,0.1333869505489067,36,4421.0,-1.730000000000004
13660.0,37,764.0,9.204819277108435,3.8893835807745467,37,4600.0,0.1307043060354528,37,4600.0,-1.7899999999999991
13665.0,40,839.0,10.358024691358025,3.297483626414242,40,4627.0,0.10353058760891318,40,4627.0,-0.2700000000000031
13670.0,42,889.0,10.710843373493976,3.287128006579196,42,4501.0,0.10009006050216109,42,4501.0,1.2600000000000051
13675.0,40,938.0,11.439024390243903,3.4702401706925827,40,4379.0,0.12790490880070718,40,4379.0,1.2199999999999989
13680.0,37,973.0,11.447058823529412,3.7653585182798337,37,4098.0,0.1372219553233544,37,4098.0,2.8100000000000023
13685.0,34,991.0,11.939759036144578,3.937792883749056,34,3821.0,0.14888538949901473,34,3821.0,2.769999999999996
13690.0,34,556.0,6.698795180722891,3.401257835296225,34,3813.0,0.11891086514835102,34,3813.0,0.0799999999999983
13695.0,30,335.0,3.988095238095238,3.9958352298877706,30,3692.0,0.15197381128293283,30,3692.0,1.2100000000000009
13700.0,34,414.0,4.928571428571429,4.381171109862882,34,3673.0,0.16204900178227336,34,3673.0,0.19000000000000483
13705.0,39,474.0,5.511627906976744,4.019667740143737,39,3707.0,0.13304790243831632,39,3707.0,-0.3400000000000034
13710.0,39,513.0,5.896551724137931,4.033790760035575,39,3609.0,0.1355803247237373,39,3609.0,0.9799999999999969
13715.0,38,547.0,6.3604651162790695,3.9524072696523085,38,3510.0,0.13390966890601036,38,3510.0,0.990000000000002
13720.0,35,575.0,6.764705882352941,4.380083715312408,35,3274.0,0.15688214733652997,35,3274.0,2.3599999999999994
13725.0,30,580.0,6.904761904761905,4.813019462619169,30,3099.0,0.18338848713732522,30,3099.0,1.7500000000000036
13730.0,27,591.0,6.952941176470588,5.180731860075503,27,3025.0,0.21207856247763035,27,3025.0,0.7399999999999984
13735.0,28,648.0,7.534883720930233,4.9940472376131,28,2861.0,0.20471155177941716,28,2861.0,1.6400000000000006
13740.0,32,637.0,7.4941176470588236,4.2420181311150085,31,3000.0,0.15731793100846322,31,3000.0,-1.3900000000000006
13745.0,36,723.0,8.406976744186046,4.298791446079088,34,3111.0,0.15705288280362717,34,3111.0,-1.1099999999999994
13750.0,35,808.0,9.505882352941176,4.414790313791327,34,3284.0,0.15996807274499045,34,3284.0,-1.730000000000004
13755.0,34,585.0,6.882352941176471,4.249715779388995,34,3331.0,0.16103893480780493,34,3331.0,-0.46999999999999886
13760.0,34,551.0,6.559523809523809,4.364591634060706,34,3291.0,0.17189703804046633,34,3291.0,0.4000000000000057
13765.0,35,701.0,8.24705882352941,4.3428474155299055,35,3347.0,0.16083343601845584,35,3347.0,-0.5600000000000023
13770.0,41,809.0,9.406976744186046,4.215721223998666,41,3417.0,0.1448585484461378,41,3417.0,-0.7000000000000028
13775.0,42,865.0,10.297619047619047,4.038089801474115,42,3501.0,0.13028528663429922,42,3501.0,-0.8399999999999963
13780.0,44,920.0,10.69767441860465,3.717533115329482,44,3583.0,0.12091492608180894,44,3583.0,-0.8200000000000003
13785.0,44,950.0,11.30952380952381,3.3374856505314057,44,3762.0,0.10283662108296658,44,3762.0,-1.7899999999999991
13790.0,48,1027.0,12.373493975903614,2.841668934887237,48,3981.0,0.07930223419860527,48,3981.0,-2.190000000000005
13795.0,50,1119.0,13.646341463414634,2.877204977982723,50,4226.0,0.08488939824780115,50,4226.0,-2.4499999999999957
13800.0,52,1217.0,14.841463414634147,2.6490616620657166,52,4479.0,0.0774901556767062,52,4479.0,-2.530000000000001
13805.0,50,1255.0,14.593023255813954,2.8295244465150855,50,4591.0,0.0796729129096533,50,4591.0,-1.1199999999999974
13810.0,46,1233.0,14.337209302325581,3.027385659553768,46,4549.0,0.0987356978984093,46,4549.0,0.4199999999999946
13815.0,44,1197.0,14.08235294117647,2.8951141207331275,44,4499.0,0.10254669664991846,44,4499.0,0.5
13820.0,45,1172.0,13.627906976744185,2.8208028069636346,45,4717.0,0.09129479654297103,45,4717.0,-2.1799999999999997
13825.0,46,1212.0,14.428571428571429,2.8615375870624087,46,4946.0,0.09184400360666456,46,4946.0,-2.289999999999999
13830.0,48,1317.0,15.137931034482758,2.841145594499255,48,5179.0,0.0929637206790044,48,5179.0,-2.3299999999999983
13835.0,52,1461.0,16.602272727272727,2.6185502375368914,52,5433.0,0.07362017754211615,52,5433.0,-2.539999999999999
13840.0,60,1639.0,18.625,2.134034546241146,60,5716.0,0.055105872951647004,60,5716.0,-2.8299999999999983
13845.0,61,1763.0,20.264367816091955,2.011055378976724,61,5860.0,0.05793666360551864,61,5860.0,-1.4400000000000048
13850.0,58,1827.0,21.0,2.2633440508511042,58,5838.0,0.08263290588518997,58,5838.0,0.21999999999999886
13855.0,54,1876.0,20.844444444444445,2.7234076507725975,54,5800.0,0.10422148973698007,54,5800.0,0.38000000000000256
13860.0,52,1907.0,21.670454545454547,2.467914543647435,52,6061.0,0.08932119939503334,52,6061.0,-2.6099999999999994
13865.0,54,1944.0,22.09090909090909,2.354559716870725,54,6328.0,0.07178878571143142,54,6328.0,-2.6700000000000017
13870.0,55,2015.0,23.430232558139537,2.3265417864882783,55,6599.0,0.0758499442368294,55,6599.0,-2.7099999999999937
13875.0,58,2129.0,24.193181818181817,2.363993693389539,58,6714.0,0.07230013011352075,58,6714.0,-1.1500000000000057
13880.0,56,2213.0,24.58888888888889,2.3872317459110484,56,6668.0,0.08603687696403271,56,6668.0,0.45999999999999375
13885.0,53,2285.0,25.10989010989011,2.4924665850732453,53,6614.0,0.09523516467253976,53,6614.0,0.5400000000000063
13890.0,54,1956.0,21.494505494505493,2.2342698616916574,54,6715.0,0.07408410371342686,54,6715.0,-1.0100000000000051
13895.0,51,1741.0,19.13186813186813,2.630280693923378,50,6830.0,0.0898719741202361,50,6830.0,-1.1499999999999915
13900.0,51,1786.0,19.626373626373628,2.7971341680208774,51,6960.0,0.09224150903736905,51,6960.0,-1.2999999999999972
13905.0,50,1788.0,19.434782608695652,2.850871013791023,50,7034.0,0.09694565177431574,50,7034.0,-0.7400000000000091
13910.0,47,1798.0,19.75824175824176,2.9600699506094243,47,6933.0,0.11031849187269269,47,6933.0,1.0100000000000051
13915.0,50,1891.0,20.78021978021978,2.879132617098885,50,6842.0,0.09785352288070447,50,6842.0,0.9099999999999966
13920.0,50,1345.0,14.780219780219781,2.764235176055449,50,6821.0,0.08548020358134337,50,6821.0,0.21000000000000796
13925.0,46,638.0,6.934782608695652,3.1671277844821044,46,6588.0,0.10094803732718627,46,6588.0,2.3299999999999983
13930.0,44,494.0,5.2,3.5429267825419672,44,6416.0,0.12255516030148421,44,6416.0,1.7199999999999989
13935.0,45,571.0,6.139784946236559,3.4299978692897115,45,6240.0,0.11623735580509134,45,6240.0,1.759999999999998
13940.0,48,690.0,7.5,3.4731286396363585,48,6274.0,0.1158916021552574,48,6274.0,-0.3400000000000034
13945.0,52,792.0,8.608695652173912,2.94986788139687,52,6338.0,0.07300185543467189,52,6338.0,-0.6400000000000006
13950.0,52,851.0,9.150537634408602,3.182349200853465,52,6227.0,0.09182982528193076,52,6227.0,1.1099999999999994
13955.0,48,896.0,9.333333333333334,3.595051652523857,48,6118.0,0.11350911191134191,48,6118.0,1.0900000000000034
13960.0,45,926.0,9.645833333333334,3.8236078453274143,45,5840.0,0.11161398807967579,45,5840.0,2.780000000000001
13965.0,44,951.0,10.010526315789473,4.007831004411785,44,5571.0,0.11640455093004493,44,5571.0,2.6899999999999977
13970.0,39,829.0,8.913978494623656,4.1530325437936675,39,5696.0,0.12380163119536251,39,5696.0,-1.25
13975.0,44,904.0,9.934065934065934,3.96167922596874,44,5823.0,0.12956258959195732,44,5823.0,-1.269999999999996
13980.0,47,1006.0,11.054945054945055,3.8824275335933995,47,6041.0,0.12877967732281562,47,6041.0,-2.1799999999999997
13985.0,46,1072.0,11.911111111111111,3.6931366455536945,46,6095.0,0.11038323418219495,46,6095.0,-0.5400000000000063
13990.0,44,1096.0,12.043956043956044,3.7967641341064575,44,5963.0,0.10178725126453264,44,5963.0,1.3200000000000003
13995.0,41,1111.0,12.208791208791208,4.2038683171931694,41,5824.0,0.13398666441768048,41,5824.0,1.3900000000000006
14000.0,37,1111.0,12.625,4.527126724123813,37,5531.0,0.16055435439988416,37,5531.0,2.9299999999999997
14005.0,33,786.0,8.733333333333333,4.535060527197755,32,5497.0,0.1594662375236464,32,5497.0,0.3400000000000034
14010.0,31,395.0,4.488636363636363,4.480767629737361,31,5655.0,0.14429211203406694,31,5655.0,-1.5799999999999983
14015.0,36,454.0,5.159090909090909,4.254724257178851,36,5484.0,0.13242432937237256,36,5484.0,1.7099999999999937
14020.0,41,532.0,6.114942528735632,3.950300254895155,41,5638.0,0.12387927850500609,41,5638.0,-1.5399999999999991
14025.0,48,690.0,8.214285714285714,3.520741712138285,48,5863.0,0.10863563060381548,48,5863.0,-2.25
14030.0,50,865.0,10.176470588235293,3.2820854311006937,50,6106.0,0.1104368028709296,50,6106.0,-2.4299999999999997
14035.0,48,951.0,11.188235294117646,2.9579545302615022,48,6168.0,0.08584182256481042,48,6168.0,-0.6199999999999974
14040.0,49,977.0,11.36046511627907,2.8791948204066937,49,6048.0,0.09023198125530099,49,6048.0,1.2000000000000028
14045.0,45,1040.0,11.954022988505747,3.391738968593981,45,5921.0,0.120487262702727,45,5921.0,1.269999999999996
14050.0,45,1115.0,12.965116279069768,3.6518956486104277,45,5619.0,0.13075506201819212,45,5619.0,3.020000000000003
14055.0,45,881.0,10.011363636363637,3.469689649027352,45,5717.0,0.12273539348467359,45,5717.0,-0.980000000000004
14060.0,47,827.0,9.505747126436782,3.3651073952177946,47,5746.0,0.12347624670556745,47,5746.0,-0.28999999999999915
14065.0,49,914.0,10.386363636363637,3.130540459297163,49,5870.0,0.10079903367351387,49,5870.0,-1.240000000000002
14070.0,50,970.0,11.022727272727273,3.132355067787483,50,5933.0,0.09185828387848886,50,5933.0,-0.6299999999999955
14075.0,47,985.0,11.588235294117647,3.2446827809338497,47,5806.0,0.10790138322629698,47,5806.0,1.269999999999996
14080.0,44,983.0,10.922222222222222,3.6120735593765056,44,5667.0,0.12719874949141546,44,5667.0,1.3900000000000006
14085.0,40,966.0,10.615384615384615,3.794577555721455,40,5353.0,0.12730055150995817,40,5353.0,3.1400000000000006
14090.0,40,735.0,8.076923076923077,3.774154744327644,39,5348.0,0.11346196469949536,39,5348.0,0.05000000000000426
14095.0,37,404.0,4.43956043956044,4.023771732363624,37,5546.0,0.12677557709196285,37,5546.0,-1.980000000000004
14100.0,35,400.0,4.49438202247191,4.402535946185452,35,5363.0,0.15238848143053565,35,5363.0,1.8299999999999983
14105.0,39,508.0,5.521739130434782,4.458289319931428,39,5180.0,0.15565594711177855,39,5180.0,1.8300000000000054
14110.0,46,586.0,6.659090909090909,3.4366894649886732,46,5204.0,0.10422885958547763,46,5204.0,-0.240000000000002
14115.0,47,635.0,7.2988505747126435,3.108798618041131,46,5061.0,0.0990077257067121,46,5061.0,1.4299999999999997
14120.0,40,667.0,7.755813953488372,3.773177185025503,40,4902.0,0.13522856573546768,40,4902.0,1.5899999999999963
14125.0,38,684.0,7.953488372093023,4.145651520638353,38,4550.0,0.14981859736128317,38,4550.0,3.520000000000003
14130.0,34,717.0,8.147727272727273,4.472204719129478,34,4190.0,0.16921255175675357,34,4190.0,3.6000000000000014
14135.0,35,707.0,8.126436781609195,4.245173114797206,35,4356.0,0.1577364368705151,35,4356.0,-1.6600000000000037
14140.0,40,734.0,8.436781609195402,3.8168308896363823,40,4442.0,0.12697238751482445,40,4442.0,-0.8599999999999994
14145.0,43,823.0,9.459770114942529,3.5581774317566013,43,4559.0,0.1134585766276974,43,4559.0,-1.1700000000000017
14150.0,43,893.0,10.147727272727273,3.8636927223458954,43,4577.0,0.12107074248506654,43,4577.0,-0.17999999999999972
14155.0,41,935.0,10.16304347826087,4.029895385279914,41,4449.0,0.1370426623312446,41,4449.0,1.2800000000000011
14160.0,38,962.0,10.571428571428571,4.476037506836678,38,4308.0,0.16364521660925566,38,4308.0,1.4100000000000037
14165.0,38,976.0,10.844444444444445,4.131141226288493,38,4034.0,0.14369129976986536,38,4034.0,2.739999999999995
14170.0,35,1013.0,11.511363636363637,4.625270864467169,35,3791.0,0.16900214104004768,35,3791.0,2.430000000000007
14175.0,33,1077.0,12.821428571428571,4.709383925347583,32,3565.0,0.1888966454864639,32,3565.0,2.259999999999998
14180.0,35,1167.0,13.413793103448276,4.64896194509936,33,3470.0,0.1874244762513623,33,3470.0,0.9499999999999957
14185.0,34,1247.0,14.5,4.290059709348454,34,3406.0,0.17613403450108092,34,3406.0,0.6400000000000006
14190.0,35,1341.0,15.593023255813954,3.9776185761074627,34,3356.0,0.1558433642250972,34,3356.0,0.5
14195.0,34,1433.0,16.662790697674417,4.161940033305961,32,3419.0,0.16959692792758566,32,3419.0,-0.6299999999999955
14200.0,27,1491.0,17.137931034482758,4.601487709516274,26,3283.0,0.18905581161406004,26,3283.0,1.3599999999999994
14205.0,26,1549.0,17.211111111111112,4.669518912275607,26,3323.0,0.1934966425581179,26,3323.0,-0.3999999999999986
14210.0,21,1635.0,18.579545454545453,4.511068787385478,21,3252.0,0.18867405014100833,21,3252.0,0.7099999999999937
14215.0,29,1567.0,17.60674157303371,4.393282981120168,27,3374.0,0.17097675193685813,27,3374.0,-1.2199999999999989
14220.0,34,1556.0,17.681818181818183,4.165236201808296,33,3526.0,0.16128552028374987,33,3526.0,-1.519999999999996
14225.0,39,1730.0,19.22222222222222,4.044351981009009,39,3705.0,0.147677868368868,39,3705.0,-1.7899999999999991
14230.0,40,1465.0,15.923913043478262,3.7796399119229376,39,3700.0,0.13097509370008992,39,3700.0,0.04999999999999716
14235.0,39,1310.0,14.395604395604396,3.7490832612549023,39,3598.0,0.1273985804549032,39,3598.0,1.0200000000000031
14240.0,46,1525.0,16.944444444444443,3.786003267148591,46,3595.0,0.12356985832056802,46,3595.0,0.02999999999999403
14245.0,52,1229.0,13.965909090909092,3.228939953111373,52,3635.0,0.09388798946848083,52,3635.0,-0.3999999999999986
14250.0,52,1069.0,12.01123595505618,3.3732883057259437,52,3718.0,0.09415176885210036,52,3718.0,-0.8299999999999983
14255.0,55,1327.0,14.423913043478262,3.3673511226276056,55,3695.0,0.10161612902043358,55,3695.0,0.22999999999999687
14260.0,58,1475.0,15.86021505376344,3.2312954374914997,58,3856.0,0.09183365550394108,58,3856.0,-1.6099999999999994
14265.0,60,1536.0,16.695652173913043,2.6980741028970043,60,4026.0,0.0585293606325925,60,4026.0,-1.6999999999999957
14270.0,56,1588.0,17.644444444444446,2.8923826595845528,56,4185.0,0.0803595338672802,56,4185.0,-1.5900000000000034
14275.0,52,1621.0,18.011111111111113,3.250442049979043,52,4088.0,0.10986333828624129,52,4088.0,0.9699999999999989
14280.0,49,1637.0,17.793478260869566,3.3687858456519706,49,4107.0,0.12369516092455239,49,4107.0,-0.18999999999999773
14285.0,47,1520.0,16.52173913043478,3.118511821626738,46,4238.0,0.09584629236765127,46,4238.0,-1.3100000000000023
14290.0,48,1453.0,15.793478260869565,3.1023928615920733,48,4323.0,0.09455400161731996,48,4323.0,-0.8499999999999943
14295.0,49,1461.0,16.415730337078653,3.159204749740312,49,4499.0,0.10468610191249966,49,4499.0,-1.7600000000000051
14300.0,48,1347.0,15.306818181818182,3.180928217141073,48,4597.0,0.09801023636692385,48,4597.0,-0.9799999999999969
14305.0,45,1231.0,13.380434782608695,3.4299139817102633,45,4702.0,0.11028302049918833,45,4702.0,-1.0500000000000043
14310.0,47,1314.0,14.282608695652174,3.2971319237253103,47,4749.0,0.11147080100310762,47,4749.0,-0.46999999999999886
14315.0,50,1387.0,15.076086956521738,2.8017553097637395,50,4848.0,0.078548733504926,50,4848.0,-0.9899999999999949
14320.0,50,1468.0,15.78494623655914,2.970348090903617,50,4957.0,0.08144890707913383,50,4957.0,-1.0900000000000034
14325.0,49,1552.0,16.869565217391305,3.169044908422998,49,5061.0,0.09759004720118404,49,5061.0,-1.0399999999999991
14330.0,50,1637.0,16.876288659793815,3.4861311539446915,50,4899.0,0.12009577468807138,50,4899.0,1.6199999999999974
14335.0,50,1483.0,15.447916666666666,2.974974007623951,50,4897.0,0.09210643414193437,50,4897.0,0.020000000000003126
14340.0,53,979.0,10.197916666666666,2.7021613256605708,52,4930.0,0.06722678711793371,52,4930.0,-0.3299999999999983
14345.0,48,780.0,8.387096774193548,2.764609673999389,48,4965.0,0.08792865593959062,48,4965.0,-0.3500000000000014
14350.0,51,860.0,9.45054945054945,2.7394844811597165,51,4842.0,0.09289773319991419,51,4842.0,1.2299999999999969
14355.0,50,947.0,10.074468085106384,3.0891296914638384,50,4810.0,0.11843842928784534,50,4810.0,0.3200000000000003
14360.0,53,905.0,9.526315789473685,2.6148101179452223,53,4969.0,0.0785269727776647,53,4969.0,-1.5899999999999963
14365.0,56,939.0,9.78125,2.599092453947787,56,5095.0,0.07410608151202255,56,5095.0,-1.2600000000000051
14370.0,57,1059.0,11.03125,2.9432942579088617,57,5297.0,0.08715843229567775,57,5297.0,-2.019999999999996
14375.0,55,1108.0,12.043478260869565,2.8624945927507595,55,5419.0,0.07997125419587743,55,5419.0,-1.2199999999999989
14380.0,52,1125.0,11.96808510638298,2.958760464985428,52,5529.0,0.0800130462685955,52,5529.0,-1.1000000000000014
14385.0,51,1179.0,12.542553191489361,3.0750401229416977,51,5630.0,0.0895418468216542,51,5630.0,-1.009999999999998
14390.0,54,1242.0,13.5,2.8073469235580215,54,5432.0,0.07915931844477157,54,5432.0,1.9799999999999969
14395.0,55,1312.0,14.10752688172043,2.9996926646895967,55,5252.0,0.09803523535121522,55,5252.0,1.7999999999999972
14400.0,51,1372.0,14.595744680851064,3.4195206012154524,51,5222.0,0.10995203412009223,51,5222.0,0.30000000000000426
14405.0,49,1418.0,14.618556701030927,3.7111337929141555,48,5046.0,0.129723926172431,48,5046.0,1.759999999999998
14410.0,45,1173.0,12.21875,3.687936956147938,45,5028.0,0.1247500580909295,45,5028.0,0.17999999999999972
14415.0,46,1115.0,11.861702127659575,3.516552118975837,44,5078.0,0.1174897810626909,44,5078.0,-0.5
14420.0,44,1129.0,12.406593406593407,3.8307979727554833,44,5224.0,0.13763679235607382,44,5224.0,-1.4600000000000009
14425.0,41,1096.0,12.043956043956044,4.18167554477338,41,5285.0,0.13388933563569952,41,5285.0,-0.6099999999999994
14430.0,36,1016.0,11.164835164835164,4.63454220507522,36,5190.0,0.1499272234862197,36,5190.0,0.9500000000000028
14435.0,31,912.0,10.133333333333333,4.980828783061328,31,5079.0,0.16501073777037864,31,5079.0,1.1099999999999994
14440.0,31,608.0,6.909090909090909,4.661595129615885,31,5044.0,0.1464197502646975,31,5044.0,0.3500000000000014
14445.0,30,352.0,4.0,4.851401971121593,30,5039.0,0.1504620525785958,30,5039.0,0.04999999999999716
14450.0,33,427.0,4.908045977011494,5.12387147828571,33,4940.0,0.17042617405449523,33,4940.0,0.990000000000002
14455.0,39,537.0,6.033707865168539,4.559775220486007,39,4890.0,0.15310598247629892,39,4890.0,0.5
14460.0,43,672.0,7.636363636363637,4.0019456211165565,43,5051.0,0.11650020973160297,43,5051.0,-1.6099999999999994
14465.0,45,749.0,8.709302325581396,3.3397649552022073,45,5115.0,0.07936435598705828,45,5115.0,-0.6400000000000006
14470.0,42,769.0,9.265060240963855,3.2993519279846444,42,5019.0,0.09348682973559032,42,5019.0,0.9600000000000009
14475.0,38,770.0,9.390243902439025,3.803824742681466,38,4895.0,0.12881307147639498,38,4895.0,1.2399999999999949
14480.0,34,787.0,9.258823529411766,4.2697435318426855,34,4598.0,0.1460290547504219,34,4598.0,2.970000000000006
14485.0,35,555.0,6.529411764705882,4.014411522594779,35,4657.0,0.12967595929427145,35,4657.0,-0.5900000000000034
14490.0,39,540.0,6.27906976744186,3.8388909548724515,39,4674.0,0.11560213892426863,39,4674.0,-0.1700000000000017
14495.0,42,622.0,7.232558139534884,3.9964535106433856,42,4808.0,0.123155874004664,42,4808.0,-1.3399999999999963
14500.0,42,666.0,7.928571428571429,3.9867381025259823,42,4849.0,0.12004185054562411,42,4849.0,-0.4100000000000037
14505.0,40,665.0,7.556818181818182,3.9800798309696166,40,4881.0,0.112261628919717,40,4881.0,-0.3200000000000003
14510.0,36,647.0,7.436781609195402,4.152595822702031,36,4895.0,0.1295661944661697,36,4895.0,-0.14000000000000057
14515.0,37,406.0,4.72093023255814,3.6376250432272386,37,4985.0,0.1021759579263029,37,4985.0,-0.8999999999999986
14520.0,37,356.0,4.1395348837209305,3.860843735176441,37,5040.0,0.11977742716180365,37,5040.0,-0.5499999999999972
14525.0,39,396.0,4.771084337349397,3.818843097463049,39,5197.0,0.12602480051557963,39,5197.0,-1.5700000000000003
14530.0,37,433.0,5.034883720930233,3.881277805126962,37,5202.0,0.11953155728634744,37,5202.0,-0.05000000000000426
14535.0,37,458.0,5.4523809523809526,3.985468092732616,37,5028.0,0.13376510691108948,37,5028.0,1.740000000000002
14540.0,40,485.0,5.987654320987654,3.170949467320813,40,4861.0,0.10708106616707828,40,4861.0,1.6700000000000017
14545.0,39,517.0,6.4625,3.122732626344926,39,5053.0,0.10226444720269934,39,5053.0,-1.9200000000000017
14550.0,40,555.0,6.9375,3.183784461132782,40,5253.0,0.10169749576868038,40,5253.0,-2.0
14555.0,42,602.0,7.166666666666667,3.2750749921802784,42,5458.0,0.10270166248920795,42,5458.0,-2.049999999999997
14560.0,42,631.0,7.511904761904762,3.0593853176849666,42,5481.0,0.09428933691491825,42,5481.0,-0.23000000000000398
14565.0,42,667.0,8.036144578313253,2.756153829146143,42,5321.0,0.08725858338827923,42,5321.0,1.6000000000000014
14570.0,41,716.0,8.523809523809524,3.2437254727857305,41,5170.0,0.11951611764947971,41,5170.0,1.509999999999998
14575.0,41,766.0,9.119047619047619,3.4919063365315357,41,4866.0,0.12543285278563784,41,4866.0,3.0400000000000063
14580.0,38,624.0,7.341176470588235,3.4168851999864014,38,4983.0,0.12557085302861687,38,4983.0,-1.1700000000000017
14585.0,38,640.0,7.619047619047619,3.5720129173388067,38,5069.0,0.13234382262161343,38,5069.0,-0.8599999999999994
14590.0,39,678.0,8.168674698795181,3.5463685290474527,39,5242.0,0.11877090155057377,39,5242.0,-1.730000000000004
14595.0,39,694.0,8.675,3.4915664086376963,38,5258.0,0.11625391264855298,38,5258.0,-0.1599999999999966
14600.0,41,736.0,9.08641975308642,3.595829162741305,41,5461.0,0.111309470965365,41,5461.0,-2.030000000000001
14605.0,39,775.0,9.226190476190476,3.676976755488203,39,5302.0,0.12307620505603833,39,5302.0,1.5899999999999963
14610.0,36,802.0,9.435294117647059,3.8563942967898224,36,4963.0,0.13439348567713227,36,4963.0,3.3900000000000006
14615.0,37,822.0,9.55813953488372,4.001880397948645,37,4794.0,0.14313910645623878,37,4794.0,1.6900000000000048
14620.0,32,833.0,9.916666666666666,4.261868455690985,32,4458.0,0.16303425084678463,32,4458.0,3.3599999999999994
14625.0,29,854.0,10.289156626506024,4.514526270168992,29,4125.0,0.17517906588480572,29,4125.0,3.3299999999999983
14630.0,28,908.0,10.939759036144578,4.4926442066945755,28,3958.0,0.1825179748476157,28,3958.0,1.6700000000000017
14635.0,29,832.0,10.146341463414634,3.8294354009609766,29,4029.0,0.1571327789422551,29,4029.0,-0.7100000000000009
14640.0,32,898.0,10.819277108433734,3.817817142791107,31,4117.0,0.153876444633978,31,4117.0,-0.8800000000000026
14645.0,34,975.0,11.74698795180723,4.088377772167971,33,4278.0,0.16323176233984843,33,4278.0,-1.6099999999999994
14650.0,33,576.0,7.024390243902439,4.185306869025787,33,4261.0,0.1622188168687394,33,4261.0,0.1700000000000017
14655.0,32,344.0,4.0,4.24546510998325,32,4420.0,0.1531700493307648,32,4420.0,-1.5900000000000034
14660.0,32,476.0,5.534883720930233,4.528264416038639,32,4278.0,0.16468681418108,32,4278.0,1.4200000000000017
14665.0,37,568.0,6.528735632183908,4.346802865216695,37,4395.0,0.14766996382636863,37,4395.0,-1.1700000000000017
14670.0,45,776.0,9.023255813953488,3.980681228297954,45,4583.0,0.12349492660251457,45,4583.0,-1.8799999999999955
14675.0,50,1016.0,12.095238095238095,3.7384822463403347,50,4821.0,0.10674204051957221,50,4821.0,-2.3800000000000026
14680.0,53,1140.0,13.411764705882353,3.280310017973263,53,4881.0,0.07679479101481794,53,4881.0,-0.6000000000000014
14685.0,52,1174.0,13.651162790697674,3.305762381511146,52,4766.0,0.0831607147984557,52,4766.0,1.1500000000000057
14690.0,51,1200.0,13.953488372093023,3.2395710550488137,51,4646.0,0.08321452001242156,51,4646.0,1.1999999999999957
14695.0,47,1218.0,14.5,3.497505473045697,47,4375.0,0.10518556902302938,47,4375.0,2.710000000000001
14700.0,44,1218.0,14.853658536585366,3.881743704257701,44,4169.0,0.12892092553122447,44,4169.0,2.0600000000000023
14705.0,40,1150.0,13.855421686746988,3.8051158077351905,40,4341.0,0.12973605514156283,40,4341.0,-1.7199999999999989
14710.0,43,1132.0,13.804878048780488,3.525112610014649,43,4537.0,0.1267456150410001,43,4537.0,-1.9600000000000009
14715.0,46,1121.0,13.506024096385541,3.3703793212586084,46,4749.0,0.12272343691445912,46,4749.0,-2.1200000000000045
14720.0,43,1076.0,12.963855421686747,3.4691336088292295,43,4816.0,0.11401229607841001,43,4816.0,-0.6699999999999946
14725.0,40,988.0,11.761904761904763,3.8839300635490694,40,4726.0,0.13047257588461791,40,4726.0,0.8999999999999986
14730.0,38,888.0,10.206896551724139,4.237873889293553,38,4621.0,0.14949444411014784,38,4621.0,1.0499999999999972
14735.0,34,750.0,8.928571428571429,4.076653771954001,34,4754.0,0.14555517363563497,34,4754.0,-1.3299999999999983
14740.0,35,732.0,8.714285714285714,3.90739481468382,35,4908.0,0.13034959724972053,35,4908.0,-1.5399999999999991
14745.0,37,782.0,9.654320987654321,3.9391452576001793,37,5087.0,0.14421508851292536,37,5087.0,-1.7899999999999991
14750.0,41,901.0,10.987804878048781,3.932890939419142,41,5277.0,0.12562226055181916,41,5277.0,-1.9000000000000057
14755.0,47,1051.0,12.364705882352942,3.4581871417044208,47,5499.0,0.1051442899473308,47,5499.0,-2.219999999999999
14760.0,50,1225.0,14.411764705882353,3.2079947484929776,50,5741.0,0.0948757902437035,50,5741.0,-2.4199999999999946
14765.0,54,1414.0,16.63529411764706,2.6947965678579373,54,6000.0,0.06079850854414305,54,6000.0,-2.5900000000000034
14770.0,52,1505.0,18.580246913580247,2.456456397952052,52,6085.0,0.07233461043280287,52,6085.0,-0.8500000000000014
14775.0,48,1515.0,18.475609756097562,2.8601192506663353,48,5981.0,0.09473704353137466,48,5981.0,1.0399999999999991
14780.0,47,1559.0,18.127906976744185,3.185565826675499,47,5866.0,0.11835917772703394,47,5866.0,1.1500000000000057
14785.0,46,1614.0,19.214285714285715,3.235119426095578,46,5592.0,0.12512421803205678,46,5592.0,2.739999999999995
14790.0,50,1655.0,19.702380952380953,2.5734621140494776,50,5808.0,0.08483858177875712,50,5808.0,-2.1599999999999966
14795.0,52,1738.0,20.93975903614458,2.6824938229979196,52,6069.0,0.09716051370378177,52,6069.0,-2.6099999999999994
14800.0,55,1830.0,22.048192771084338,2.767229627645572,55,6333.0,0.09747537057926788,55,6333.0,-2.6400000000000006
14805.0,55,1913.0,21.988505747126435,2.900008903089101,55,6591.0,0.08533195728101454,55,6591.0,-2.5799999999999983
14810.0,57,2018.0,22.931818181818183,2.7090082284591044,57,6873.0,0.07789788942110551,57,6873.0,-2.8200000000000074
14815.0,60,2141.0,24.60919540229885,2.4030285951259738,60,7169.0,0.07336554357918255,60,7169.0,-2.9599999999999937
14820.0,57,1795.0,20.872093023255815,2.525229133078734,57,7195.0,0.0736076437844936,57,7195.0,-0.2600000000000051
14825.0,52,1176.0,13.674418604651162,2.9375956800968384,52,6999.0,0.10119975306960192,52,6999.0,1.960000000000008
14830.0,48,1055.0,11.853932584269662,3.3698254922012385,48,6871.0,0.1271670096151705,48,6871.0,1.2800000000000011
14835.0,49,1199.0,13.781609195402298,3.484721835106922,49,6708.0,0.13125313640477637,49,6708.0,1.6299999999999955
14840.0,59,1467.0,17.258823529411764,2.5007286669432185,58,6976.0,0.06738524725231597,58,6976.0,-2.680000000000007
14845.0,66,1780.0,20.697674418604652,2.0784409597503024,66,7291.0,0.04501046905986105,66,7291.0,-3.1499999999999915
14850.0,67,2111.0,24.83529411764706,2.138641751268511,67,7625.0,0.052829790654891934,67,7625.0,-3.3400000000000034
14855.0,65,2248.0,25.545454545454547,2.1862196795773157,65,7723.0,0.053550924501078324,65,7723.0,-0.980000000000004
14860.0,62,2240.0,25.454545454545453,2.2982415129436173,62,7586.0,0.06784255366400473,62,7586.0,1.3700000000000045
14865.0,61,2220.0,24.9438202247191,2.3401525198825373,61,7450.0,0.0697976426044385,61,7450.0,1.3599999999999994
14870.0,59,2193.0,24.640449438202246,2.7126034074063026,59,7106.0,0.08505588161062243,59,7106.0,3.4399999999999977
14875.0,54,2148.0,24.134831460674157,3.3198404010460463,54,6757.0,0.11144439128367663,54,6757.0,3.490000000000009
14880.0,49,2078.0,22.58695652173913,3.71527840056298,49,6395.0,0.13275321097717188,49,6395.0,3.6199999999999903
14885.0,45,1984.0,22.292134831460675,3.8277784971764492,45,6250.0,0.14709087493387651,45,6250.0,1.4500000000000028
14890.0,44,1721.0,20.011627906976745,3.417582842405397,43,6274.0,0.11803849342454086,43,6274.0,-0.240000000000002
14895.0,44,1474.0,17.341176470588234,3.5964177944220297,44,6493.0,0.1293867511989444,44,6493.0,-2.190000000000005
14900.0,42,1337.0,15.916666666666666,3.8630194087094067,42,6564.0,0.14209827645236597,42,6564.0,-0.7099999999999937
14905.0,39,1169.0,13.593023255813954,4.00670736974687,37,6629.0,0.15226460142383863,37,6629.0,-0.6500000000000057
14910.0,40,1030.0,12.117647058823529,3.9222195466481633,40,6827.0,0.14584260822279585,40,6827.0,-1.9799999999999898
14915.0,40,915.0,10.764705882352942,3.901293750974659,40,6919.0,0.136845118730658,40,6919.0,-0.9200000000000017
14920.0,40,907.0,11.060975609756097,4.150975868391105,40,6965.0,0.16926634009763125,40,6965.0,-0.46000000000000796
14925.0,45,1122.0,13.682926829268293,4.060491571422031,45,7121.0,0.16689019485925086,45,7121.0,-1.559999999999988
14930.0,48,1239.0,14.75,3.2787550487958312,48,7130.0,0.11455612021827129,48,7130.0,-0.09000000000000341
14935.0,47,1279.0,15.226190476190476,2.950484600805897,47,6931.0,0.10402880004246695,47,6931.0,1.9899999999999949
14940.0,48,1323.0,15.75,2.916283180008994,48,6752.0,0.09990794341342257,48,6752.0,1.7900000000000063
14945.0,45,1360.0,16.19047619047619,3.512598465005214,45,6368.0,0.11332419465097804,45,6368.0,3.8399999999999963
14950.0,42,1202.0,14.141176470588235,3.624499683540294,42,6498.0,0.11730294436776913,42,6498.0,-1.3000000000000043
14955.0,42,1201.0,13.49438202247191,3.8194509530255725,42,6614.0,0.1284614383418969,42,6614.0,-1.1599999999999966
14960.0,43,1219.0,13.544444444444444,3.901115492927992,43,6812.0,0.13017096765436947,43,6812.0,-1.980000000000004
14965.0,44,1201.0,13.647727272727273,3.744603784664534,44,6818.0,0.10655408193829216,44,6818.0,-0.060000000000002274
14970.0,42,1141.0,12.965909090909092,3.8607305095900344,42,6600.0,0.10846345442623288,42,6600.0,2.180000000000007
14975.0,38,1068.0,12.0,4.347198678184393,38,6375.0,0.14004703290322063,38,6375.0,2.25
14980.0,37,985.0,10.591397849462366,4.2879352544683105,37,6549.0,0.13260228115913744,37,6549.0,-1.7399999999999949
14985.0,39,972.0,10.68131868131868,4.202223716408295,39,6740.0,0.12783351036753712,39,6740.0,-1.9100000000000108
14990.0,43,1033.0,12.011627906976743,3.596188819144522,43,6944.0,0.10656919908576418,43,6944.0,-2.039999999999992
14995.0,41,1098.0,13.555555555555555,3.4412833130550906,41,6932.0,0.11607861106790253,41,6932.0,0.12000000000000455
15000.0,41,1153.0,14.234567901234568,3.5481732986453274,41,6704.0,0.12331979718883346,41,6704.0,2.279999999999987
15005.0,41,1208.0,14.380952380952381,3.542839408833066,41,6480.0,0.1303362844388693,41,6480.0,2.240000000000009
15010.0,39,744.0,8.75294117647059,3.358964389973561,39,6481.0,0.11561253220824894,39,6481.0,-0.010000000000005116
15015.0,35,400.0,4.819277108433735,3.2677880482074126,35,6351.0,0.11264065156371356,35,6351.0,1.3000000000000043
15020.0,38,429.0,5.168674698795181,3.5719949086909413,38,6311.0,0.1289682732118754,38,6311.0,0.3999999999999986
15025.0,40,454.0,5.604938271604938,3.118557728501301,40,6280.0,0.11146467855331757,40,6280.0,0.3100000000000023
15030.0,40,496.0,5.904761904761905,3.211390036160898,40,6261.0,0.11024405320259556,40,6261.0,0.18999999999999773
15035.0,40,541.0,6.364705882352941,3.3835777174446102,40,6240.0,0.11543776488994066,40,6240.0,0.21000000000000085
15040.0,44,574.0,6.597701149425287,2.9494417232822023,44,6427.0,0.07893341303633811,44,6427.0,-1.8699999999999974
15045.0,46,644.0,7.318181818181818,3.0792112288206357,46,6654.0,0.08682265077929929,46,6654.0,-2.2700000000000102
15050.0,48,724.0,8.418604651162791,3.0265095594072946,48,6887.0,0.09386435763479709,48,6887.0,-2.3299999999999983
15055.0,46,762.0,8.659090909090908,3.091679436431046,46,6892.0,0.09174399653537242,46,6892.0,-0.04999999999999716
15060.0,42,781.0,9.188235294117646,2.8683781830390465,42,6647.0,0.09629428779672577,42,6647.0,2.450000000000003
15065.0,45,840.0,9.882352941176471,2.757270114550309,45,6407.0,0.10163052643123596,45,6407.0,2.4000000000000057
15070.0,46,591.0,6.872093023255814,2.6813527368921855,46,6504.0,0.09256818164362628,46,6504.0,-0.9700000000000131
15075.0,43,543.0,6.464285714285714,2.689591063787002,43,6618.0,0.09472885854076561,43,6618.0,-1.1400000000000006
15080.0,45,603.0,6.8522727272727275,3.0262164511298124,45,6697.0,0.11408344110418848,45,6697.0,-0.789999999999992
15085.0,47,660.0,7.5,2.8607124620525224,47,6912.0,0.09239226975449344,47,6912.0,-2.1500000000000057
15090.0,49,777.0,9.141176470588235,2.3899662991589716,49,7153.0,0.07459672757439728,49,7153.0,-2.4099999999999966
15095.0,54,956.0,11.116279069767442,2.529276509410262,54,7415.0,0.07300896660251376,54,7415.0,-2.6200000000000045
15100.0,59,1161.0,13.344827586206897,2.4891946859729224,59,7700.0,0.07033337695623863,59,7700.0,-2.8499999999999943
15105.0,59,1274.0,14.314606741573034,2.4502222352944556,59,7749.0,0.07113180011425052,59,7749.0,-0.4899999999999949
15110.0,54,1299.0,14.761363636363637,2.6469634326109097,54,7542.0,0.08584218996826258,54,7542.0,2.069999999999993
15115.0,52,1305.0,14.829545454545455,2.730707379184059,52,7322.0,0.08447859376072282,52,7322.0,2.200000000000003
15120.0,48,1315.0,15.290697674418604,3.1373719020342485,48,6860.0,0.10721062366989556,48,6860.0,4.6200000000000045
15125.0,49,1380.0,16.046511627906977,3.4584360820274824,49,6401.0,0.12530396499505977,49,6401.0,4.589999999999989
15130.0,47,1444.0,16.40909090909091,3.460874458058812,47,6184.0,0.12979758740639244,47,6184.0,2.1700000000000017
15135.0,44,1496.0,17.0,3.381331291024816,44,5738.0,0.12667424411394657,44,5738.0,4.460000000000001
15140.0,47,1547.0,17.382022471910112,3.479909073920989,46,5570.0,0.1334105632864179,46,5570.0,1.6799999999999997
15145.0,41,1580.0,18.372093023255815,3.723747274677257,40,5200.0,0.15203646541365837,40,5200.0,3.700000000000003
15150.0,36,1591.0,18.5,4.147503436045722,36,5207.0,0.1707435940509595,36,5207.0,-0.07000000000000028
15155.0,33,1194.0,13.415730337078651,4.396297739689194,33,5167.0,0.1811581279451253,33,5167.0,0.3999999999999986
15160.0,31,713.0,8.195402298850574,4.439140397118981,28,4978.0,0.19314485528532988,28,4978.0,1.8900000000000006
15165.0,29,639.0,7.430232558139535,4.599570229617517,29,4867.0,0.18870352961594342,29,4867.0,1.1099999999999994
15170.0,30,608.0,7.069767441860465,4.362423118974329,30,4816.0,0.16955341182402894,30,4816.0,0.5100000000000051
15175.0,32,677.0,8.05952380952381,4.330850621042486,32,4752.0,0.17023669254655407,32,4752.0,0.6399999999999935
15180.0,34,748.0,8.404494382022472,4.317260075949605,34,4906.0,0.1557789871599647,34,4906.0,-1.5399999999999991
15185.0,33,773.0,8.784090909090908,3.963572734525667,33,4962.0,0.12105366290719345,33,4962.0,-0.5599999999999952
15190.0,38,825.0,9.482758620689655,3.5875843935586365,38,4990.0,0.10588543138548423,38,4990.0,-0.28000000000000114
15195.0,43,935.0,10.625,3.6234833832789977,43,5138.0,0.10199237990081145,43,5138.0,-1.480000000000004
15200.0,45,721.0,8.011111111111111,3.5673435124692148,45,5209.0,0.08690677740205316,45,5209.0,-0.7100000000000009
15205.0,41,627.0,6.815217391304348,3.766754630230721,41,5182.0,0.10305650753803845,41,5182.0,0.2700000000000031
15210.0,42,741.0,8.233333333333333,3.7983176604819353,42,5239.0,0.10832948514421961,42,5239.0,-0.5700000000000003
15215.0,46,870.0,9.886363636363637,3.4422000299298547,46,5404.0,0.07637964024409433,46,5404.0,-1.6499999999999986
15220.0,45,946.0,10.75,3.348874924998291,45,5442.0,0.07608874062400976,45,5442.0,-0.38000000000000256
15225.0,44,981.0,11.819277108433734,3.1436834467631662,44,5297.0,0.09145667411541993,44,5297.0,1.4500000000000028
15230.0,43,1015.0,11.666666666666666,3.6872178760841914,43,5149.0,0.11360897369540089,43,5149.0,1.4799999999999969
15235.0,42,1049.0,11.920454545454545,4.221566560858026,42,4840.0,0.13762735176406315,42,4840.0,3.0900000000000034
15240.0,43,1084.0,12.604651162790697,3.8876515700482157,43,4549.0,0.11977740688879222,43,4549.0,2.9099999999999966
15245.0,41,1119.0,13.011627906976743,4.236751100345092,41,4276.0,0.13922527340914045,41,4276.0,2.730000000000004
15250.0,40,1131.0,13.464285714285714,4.21239340554498,40,4471.0,0.14331714588772237,40,4471.0,-1.9500000000000028
15255.0,41,1155.0,13.430232558139535,3.995527535288337,41,4670.0,0.13661481922099455,41,4670.0,-1.990000000000002
15260.0,43,1177.0,13.375,3.8613900908679013,43,4863.0,0.12446274352977012,43,4863.0,-1.9299999999999997
15265.0,43,1173.0,13.329545454545455,3.557345938108306,43,4907.0,0.10587185317441677,43,4907.0,-0.4399999999999977
15270.0,40,1137.0,13.376470588235295,3.8985988840639942,40,4773.0,0.13218739414458375,40,4773.0,1.3400000000000034
15275.0,35,1079.0,13.158536585365853,4.296379380663973,35,4631.0,0.16281073011941388,35,4631.0,1.4199999999999946
15280.0,30,1039.0,12.369047619047619,4.682962703528933,30,4329.0,0.18687565470079673,30,4329.0,3.020000000000003
15285.0,27,833.0,10.283950617283951,4.5409262779872686,26,4378.0,0.1764916330200155,26,4378.0,-0.490000000000002
15290.0,32,886.0,11.215189873417721,4.1319927250648085,32,4415.0,0.16761826276578654,32,4415.0,-0.36999999999999744
15295.0,38,991.0,12.3875,4.064788665595441,38,4564.0,0.15940367959673582,38,4564.0,-1.490000000000002
15300.0,39,1070.0,13.375,3.8109557031030024,39,4589.0,0.12870073060930856,39,4589.0,-0.25
15305.0,37,1113.0,13.25,3.9435915551843914,37,4617.0,0.12709647467605165,37,4617.0,-0.28000000000000114
15310.0,33,1137.0,13.376470588235295,4.208621824445119,33,4623.0,0.14142491037565227,33,4623.0,-0.05999999999999517
15315.0,33,1148.0,13.348837209302326,4.105124496915355,33,4295.0,0.13677627135757653,33,4295.0,3.279999999999994
15320.0,29,1185.0,14.107142857142858,4.288978077564976,29,3981.0,0.15986877137903707,29,3981.0,3.1400000000000006
15325.0,30,1251.0,14.892857142857142,4.6492533807132155,30,3834.0,0.18622557524738206,30,3834.0,1.4699999999999989
15330.0,31,1304.0,14.818181818181818,4.408595701499831,30,3825.0,0.1678984858828075,30,3825.0,0.09000000000000341
15335.0,38,1391.0,15.988505747126437,4.01764233162372,37,3994.0,0.14227983817813414,37,3994.0,-1.6899999999999977
15340.0,39,1496.0,17.3953488372093,3.76351842187205,39,4182.0,0.13347452013783948,39,4182.0,-1.8800000000000026
15345.0,37,1566.0,18.867469879518072,3.727777471580389,37,4213.0,0.13392530608827866,37,4213.0,-0.3100000000000023
15350.0,34,1593.0,19.666666666666668,4.130062317153582,34,4089.0,0.1492045410767851,34,4089.0,1.240000000000002
15355.0,31,1624.0,19.105882352941176,4.453024890202431,31,3966.0,0.1685203106244787,31,3966.0,1.230000000000004
15360.0,32,1697.0,19.96470588235294,4.284478078360316,32,4118.0,0.15151922768393083,32,4118.0,-1.5200000000000031
15365.0,38,1803.0,21.211764705882352,3.9475891133029184,38,4296.0,0.127633861728031,38,4296.0,-1.7800000000000011
15370.0,43,1938.0,23.071428571428573,3.8481949011269214,43,4501.0,0.11905951285815398,43,4501.0,-2.049999999999997
15375.0,46,2047.0,24.36904761904762,3.5341661233061474,46,4580.0,0.10815125876646026,46,4580.0,-0.7899999999999991
15380.0,45,2127.0,24.448275862068964,3.383629806382655,45,4521.0,0.10903388414543348,45,4521.0,0.5899999999999963
15385.0,43,2200.0,25.0,3.473631231391396,43,4481.0,0.1187454498896319,43,4481.0,0.3999999999999986
15390.0,41,2264.0,25.43820224719101,3.632154939906133,41,4358.0,0.1189095869693223,41,4358.0,1.230000000000004
15395.0,39,2316.0,26.620689655172413,3.9674004652767256,39,4245.0,0.145995419010267,39,4245.0,1.1299999999999955
15400.0,35,2384.0,28.38095238095238,3.980083191316472,35,4136.0,0.1591230184824009,35,4136.0,1.0900000000000034
15405.0,37,2484.0,28.227272727272727,4.249393841304075,35,4116.0,0.17660936688183979,35,4116.0,0.20000000000000284
15410.0,35,2574.0,30.28235294117647,4.064757634062462,34,4013.0,0.17340990591735428,34,4013.0,1.029999999999994
15415.0,39,2679.0,31.151162790697676,3.7313630114011618,39,4017.0,0.1536108029938932,39,4017.0,-0.03999999999999915
15420.0,34,2772.0,31.862068965517242,4.104808845638102,33,4104.0,0.17473944649368756,33,4104.0,-0.8699999999999974
15425.0,30,2847.0,32.35227272727273,4.491147186825685,29,4169.0,0.1872962000879838,29,4169.0,-0.6499999999999986
15430.0,26,2908.0,31.956043956043956,4.660931163308034,26,4141.0,0.2000123922549627,26,4141.0,0.28000000000000114
15435.0,26,2999.0,32.59782608695652,4.330698397016048,25,4100.0,0.178854549563203,25,4100.0,0.4099999999999966
15440.0,26,3120.0,34.285714285714285,4.269118265510061,25,4149.0,0.17628276098211138,25,4149.0,-0.490000000000002
15445.0,25,2330.0,25.88888888888889,4.320530114350431,25,3946.0,0.1855127959231706,25,3946.0,2.030000000000001
15450.0,26,1409.0,16.011363636363637,4.128680192138078,25,3488.0,0.17843674677377033,25,3488.0,4.579999999999998
15455.0,28,1078.0,11.717391304347826,4.103571691574985,27,3124.0,0.17234427168023242,27,3124.0,3.640000000000004
15460.0,30,1191.0,12.945652173913043,4.102858885819557,30,2707.0,0.1626965669718809,30,2707.0,4.169999999999998
15465.0,36,1354.0,14.717391304347826,4.09434545108936,36,2517.0,0.14614878784372992,36,2517.0,1.8999999999999986
15470.0,40,1471.0,15.817204301075268,3.7319563258813533,40,2625.0,0.1040940843264923,40,2625.0,-1.0799999999999983
15475.0,43,1555.0,16.36842105263158,4.0009789997366205,43,2677.0,0.11478725654967332,43,2677.0,-0.5199999999999996
15480.0,42,1640.0,16.565656565656564,4.440912493327368,42,2736.0,0.13831435426532113,42,2736.0,-0.5899999999999999
15485.0,42,1683.0,17.350515463917525,4.3537547479448,42,2862.0,0.11952837888071198,42,2862.0,-1.2600000000000016
15490.0,46,1767.0,18.6,4.126761315537447,46,2995.0,0.09893865058051615,46,2995.0,-1.3299999999999983
15495.0,49,1877.0,19.552083333333332,4.258471702162846,49,3214.0,0.11300672163719587,49,3214.0,-2.1900000000000013
15500.0,46,1359.0,14.457446808510639,4.166662994958705,46,3217.0,0.10508478438433003,46,3217.0,-0.030000000000001137
15505.0,42,880.0,9.361702127659575,4.147208908490355,42,3042.0,0.1184007471263373,42,3042.0,1.75
15510.0,42,901.0,9.901098901098901,4.202838102368321,42,2948.0,0.1327655155420893,42,2948.0,0.9400000000000013
15515.0,44,910.0,10.581395348837209,3.4382490280792086,44,3063.0,0.08574459750501107,44,3063.0,-1.1499999999999986
15520.0,45,926.0,10.894117647058824,3.486309463668348,45,3092.0,0.08906300941661267,45,3092.0,-0.2900000000000027
15525.0,44,985.0,11.453488372093023,3.9048401508970234,44,3108.0,0.12639880298339268,44,3108.0,-0.1599999999999966
15530.0,43,1050.0,11.931818181818182,4.001295279438735,43,3044.0,0.1305445599872938,43,3044.0,0.639999999999997
15535.0,40,1109.0,12.895348837209303,4.205613917858199,40,2994.0,0.1456453057098447,40,2994.0,0.5
15540.0,39,1158.0,13.785714285714286,4.126189040278582,39,2941.0,0.1449665335472583,39,2941.0,0.5300000000000011
15545.0,36,805.0,9.470588235294118,4.108220647730673,36,2976.0,0.14066210634446355,36,2976.0,-0.3500000000000014
15550.0,34,636.0,7.571428571428571,4.37860383916729,34,2910.0,0.16568247763565686,34,2910.0,0.6600000000000001
15555.0,34,653.0,7.593023255813954,4.594828262552834,34,2936.0,0.17829854308010507,34,2936.0,-0.259999999999998
15560.0,35,678.0,8.071428571428571,4.511418656542133,35,3062.0,0.17147197553070595,35,3062.0,-1.2600000000000016
15565.0,37,667.0,7.847058823529411,4.157778170983086,37,3138.0,0.12562306925090094,37,3138.0,-0.759999999999998
15570.0,34,668.0,7.858823529411764,4.470682203055781,34,3214.0,0.1450883721359186,34,3214.0,-0.7600000000000016
15575.0,32,723.0,8.607142857142858,4.816132283450484,32,3175.0,0.16474667819368116,32,3175.0,0.39000000000000057
15580.0,33,667.0,7.847058823529411,4.530817323676416,33,3274.0,0.16492346482722195,33,3274.0,-0.990000000000002
15585.0,38,742.0,8.627906976744185,4.23637601004468,38,3396.0,0.14247523837854664,38,3396.0,-1.2199999999999989
15590.0,44,848.0,9.74712643678161,3.735432624159238,44,3600.0,0.10291579856886043,44,3600.0,-2.039999999999999
15595.0,44,734.0,8.534883720930232,3.521834224045009,44,3631.0,0.08865488542991962,44,3631.0,-0.3100000000000023
15600.0,41,507.0,5.964705882352941,3.862391403127406,41,3527.0,0.10928618851036828,41,3527.0,1.0399999999999991
15605.0,42,596.0,6.930232558139535,3.894173339619445,42,3506.0,0.129650053905886,42,3506.0,0.21000000000000085
15610.0,43,618.0,7.357142857142857,3.399000298826399,43,3593.0,0.10306971962161114,43,3593.0,-0.8699999999999974
15615.0,42,595.0,7.168674698795181,3.253176338404176,42,3566.0,0.09180967349401796,42,3566.0,0.2700000000000031
15620.0,40,617.0,7.524390243902439,3.5325150336467384,40,3528.0,0.11478510959154435,40,3528.0,0.37999999999999545
15625.0,40,661.0,8.060975609756097,3.726934793832277,40,3371.0,0.12809089061895265,40,3371.0,1.5700000000000003
15630.0,39,706.0,8.209302325581396,4.165337940598374,39,3233.0,0.14802887885342442,39,3233.0,1.3800000000000026
15635.0,39,751.0,8.83529411764706,4.217115836238055,39,3111.0,0.15336684907750459,39,3111.0,1.2199999999999989
15640.0,38,640.0,7.441860465116279,3.7834394125853605,38,3229.0,0.11964256699986357,38,3229.0,-1.1799999999999997
15645.0,39,671.0,7.988095238095238,3.926269681040867,39,3339.0,0.138856279887318,39,3339.0,-1.1000000000000014
15650.0,39,713.0,8.488095238095237,4.34374599950552,39,3528.0,0.16236016837981235,39,3528.0,-1.8900000000000006
15655.0,38,713.0,8.102272727272727,4.314362219182289,38,3597.0,0.14337525586606908,38,3597.0,-0.6899999999999977
15660.0,34,671.0,7.712643678160919,4.584436494168933,34,3538.0,0.15345867639925168,34,3538.0,0.5899999999999963
15665.0,34,621.0,7.22093023255814,4.59352257017293,34,3468.0,0.15762665045089339,34,3468.0,0.7000000000000028
15670.0,29,593.0,7.2317073170731705,4.930407254786541,29,3266.0,0.1840686201541928,29,3266.0,2.020000000000003
15675.0,25,601.0,7.5125,5.337662534079511,25,3049.0,0.20994604495054334,25,3049.0,2.169999999999998
15680.0,26,657.0,8.012195121951219,5.47977707085869,26,2956.0,0.22670859398267357,26,2956.0,0.9299999999999997
15685.0,27,714.0,8.5,5.267684019509921,27,2775.0,0.20873582552549386,27,2775.0,1.8099999999999987
15690.0,29,774.0,9.105882352941176,4.824708507784572,28,2711.0,0.17733064836209433,28,2711.0,0.6400000000000006
15695.0,29,845.0,10.180722891566266,5.007810721716322,26,2663.0,0.19757911011442864,26,2663.0,0.4800000000000004
15700.0,23,709.0,8.8625,4.9843605356231535,23,2710.0,0.19491621125622832,23,2710.0,-0.4700000000000024
15705.0,25,739.0,9.123456790123457,4.969542666041807,24,2730.0,0.21266008467943412,24,2730.0,-0.1999999999999993
15710.0,24,820.0,10.123456790123457,4.847626506733125,24,2824.0,0.1979046797466158,24,2824.0,-0.9399999999999977
15715.0,28,882.0,10.75609756097561,4.711809192896805,28,2913.0,0.16807731679937146,28,2913.0,-0.8900000000000006
15720.0,34,1042.0,12.707317073170731,4.945302566723277,34,3048.0,0.17186740664799302,34,3048.0,-1.3500000000000014
15725.0,40,1227.0,14.783132530120483,4.729825921835948,40,3227.0,0.1541732746146328,40,3227.0,-1.7900000000000027
15730.0,41,1338.0,15.928571428571429,4.247794210234388,41,3314.0,0.12071698198028374,41,3314.0,-0.8699999999999974
15735.0,41,1388.0,16.72289156626506,4.305967233213538,41,3293.0,0.1327725431986124,41,3293.0,0.21000000000000085
15740.0,43,1441.0,17.790123456790123,3.862689692671148,43,3281.0,0.1154691807719403,43,3281.0,0.11999999999999744
15745.0,43,1493.0,18.20731707317073,3.8214597322421606,43,3488.0,0.10877299179941564,43,3488.0,-2.0700000000000003
15750.0,44,1553.0,19.17283950617284,3.906089256490238,44,3705.0,0.11385420661491384,44,3705.0,-2.1699999999999946
15755.0,45,1621.0,19.53012048192771,3.802316385779929,45,3926.0,0.10917590836451552,45,3926.0,-2.210000000000001
15760.0,45,1645.0,20.308641975308642,3.3196366670936874,45,4032.0,0.09490555013424769,45,4032.0,-1.0600000000000023
15765.0,43,1629.0,20.884615384615383,2.8754452977171585,43,4022.0,0.09133773611335233,43,4022.0,0.10000000000000142
15770.0,39,1603.0,20.818181818181817,3.3534686454043756,39,4004.0,0.12971412696915768,39,4004.0,0.17999999999999972
15775.0,35,1578.0,20.763157894736842,3.7246530733521492,35,3858.0,0.1503790247242716,35,3858.0,1.4600000000000009
15780.0,32,1599.0,19.74074074074074,4.093439875454868,32,3712.0,0.16795433368738605,32,3712.0,1.4600000000000009
15785.0,29,1535.0,18.71951219512195,4.060691706581362,29,3793.0,0.15618375226727657,29,3793.0,-0.8100000000000023
15790.0,36,1627.0,20.3375,3.5027706941002315,36,3900.0,0.13302838275563966,36,3900.0,-1.0700000000000003
15795.0,41,1747.0,21.8375,3.5635984707216237,41,4096.0,0.13836496105373927,41,4096.0,-1.9600000000000009
15800.0,44,1882.0,23.234567901234566,3.678266575217976,44,4300.0,0.12483046646945388,44,4300.0,-2.039999999999999
15805.0,41,1433.0,17.05952380952381,3.806489343914948,41,4236.0,0.12835878679529167,41,4236.0,0.6400000000000006
15810.0,39,727.0,8.552941176470588,3.8294389067869132,39,3945.0,0.13059286583193974,39,3945.0,2.9099999999999966
15815.0,37,611.0,7.104651162790698,3.9700300631647454,37,3725.0,0.14089054469135523,37,3725.0,2.200000000000003
15820.0,42,804.0,9.241379310344827,4.171938940415382,42,3482.0,0.15070602723459042,42,3482.0,2.4299999999999997
15825.0,46,921.0,10.83529411764706,3.710919593251674,46,3644.0,0.1302444562769271,46,3644.0,-1.6199999999999974
15830.0,53,1175.0,13.352272727272727,3.346240450112363,53,3856.0,0.10845648578882128,53,3856.0,-2.1200000000000045
15835.0,58,1455.0,16.724137931034484,3.2912351835680904,58,4133.0,0.09720718453127339,58,4133.0,-2.769999999999996
15840.0,59,1582.0,17.977272727272727,2.748495463695893,59,4269.0,0.045831861058007815,59,4269.0,-1.3599999999999994
15845.0,57,1599.0,18.593023255813954,2.9298788662150685,57,4260.0,0.07222690742750598,57,4260.0,0.0899999999999963
15850.0,53,1597.0,19.011904761904763,3.107914261363624,53,4236.0,0.09657039134847349,53,4236.0,0.240000000000002
15855.0,49,1579.0,18.36046511627907,3.297097506686133,49,4056.0,0.10851566063223755,49,4056.0,1.7999999999999972
15860.0,47,1526.0,17.54022988505747,3.5817260400594044,47,4273.0,0.11889940765002589,47,4273.0,-2.1699999999999946
15865.0,50,1498.0,17.2183908045977,3.1765568118438883,50,4518.0,0.09500767330173555,50,4518.0,-2.450000000000003
15870.0,53,1485.0,17.267441860465116,3.0645470640602515,53,4772.0,0.08904495713304905,53,4772.0,-2.539999999999999
15875.0,51,1429.0,16.42528735632184,3.319777224461023,51,4875.0,0.08500353520974188,51,4875.0,-1.0300000000000011
15880.0,48,1329.0,14.932584269662922,3.41802543062148,48,4816.0,0.10477258727992518,48,4816.0,0.5900000000000034
15885.0,44,1214.0,14.116279069767442,3.486159555702482,44,4748.0,0.12189224574006313,44,4748.0,0.6799999999999997
15890.0,42,1083.0,12.741176470588234,3.5199736048072494,42,4532.0,0.11889828856523703,42,4532.0,2.1599999999999966
15895.0,37,976.0,11.619047619047619,4.091350120463123,37,4333.0,0.1519262520943212,37,4333.0,1.990000000000002
15900.0,33,685.0,8.25301204819277,4.109824004751743,33,4503.0,0.1475896866300085,33,4503.0,-1.7000000000000028
15905.0,34,408.0,4.8,4.259176060630564,34,4669.0,0.15623224961523421,34,4669.0,-1.6599999999999966
15910.0,36,481.0,5.795180722891566,3.988959738535012,36,4669.0,0.14187186622020856,36,4669.0,0.0
15915.0,40,339.0,4.0843373493975905,3.3293519122616155,40,4761.0,0.1007743554503861,40,4761.0,-0.9200000000000017
15920.0,44,444.0,5.349397590361446,3.3956007884590926,44,4850.0,0.12295167963978366,44,4850.0,-0.8900000000000006
15925.0,45,592.0,7.132530120481928,3.3383993112236694,45,5044.0,0.1309308439058111,45,5044.0,-1.9399999999999977
15930.0,45,658.0,7.563218390804598,3.4798142403454144,45,5121.0,0.1162435726428651,45,5121.0,-0.7700000000000031
15935.0,43,678.0,7.704545454545454,3.5217810893122814,43,5043.0,0.1222752434311995,43,5043.0,0.7800000000000011
15940.0,43,736.0,8.658823529411764,3.5256499353971575,43,4965.0,0.1263208440666146,43,4965.0,0.7800000000000011
15945.0,43,806.0,9.595238095238095,3.739420767789321,43,4749.0,0.14012844798889965,43,4749.0,2.1599999999999966
15950.0,44,773.0,8.988372093023257,3.5978696872361993,44,4906.0,0.12165092808613572,44,4906.0,-1.5700000000000003
15955.0,47,857.0,9.629213483146067,3.534368804909837,47,5092.0,0.11707291171606288,47,5092.0,-1.8599999999999994
15960.0,49,952.0,10.942528735632184,3.3442956245507283,49,5330.0,0.10837017734719599,49,5330.0,-2.3799999999999955
15965.0,49,1010.0,11.60919540229885,3.2851954880086076,49,5419.0,0.09632333960054039,49,5419.0,-0.8900000000000006
15970.0,48,1027.0,11.670454545454545,3.373285759042829,48,5347.0,0.10322019058770467,48,5347.0,0.7199999999999989
15975.0,43,1030.0,11.704545454545455,3.7505764377169326,43,5266.0,0.12889876400468092,43,5266.0,0.8100000000000023
15980.0,40,1017.0,11.426966292134832,3.9783922771015066,40,5039.0,0.14599153696311878,40,5039.0,2.269999999999996
15985.0,37,993.0,11.033333333333333,4.311779149347303,37,4823.0,0.16169310386557795,37,4823.0,2.1600000000000037
15990.0,37,780.0,8.863636363636363,3.8109546232289717,37,5003.0,0.1321869497087136,37,5003.0,-1.8000000000000043
15995.0,38,476.0,5.534883720930233,3.919991191194239,38,5189.0,0.14264357682001494,38,5189.0,-1.8599999999999994
16000.0,40,460.0,5.411764705882353,3.997570188135659,40,5151.0,0.14591523353703661,40,5151.0,0.38000000000000256
16005.0,41,545.0,6.123595505617978,3.9350420016820995,41,4936.0,0.13677177344225827,41,4936.0,2.1499999999999986
16010.0,41,460.0,5.287356321839081,3.51627237126386,41,5054.0,0.1326750388099593,41,5054.0,-1.1799999999999997
16015.0,47,582.0,6.689655172413793,3.0510780676142155,47,5206.0,0.10119031000916545,47,5206.0,-1.5200000000000031
16020.0,49,749.0,8.709302325581396,3.198327868839625,49,5377.0,0.11618778712634047,49,5377.0,-1.7100000000000009
16025.0,50,844.0,9.701149425287356,3.0565661091820067,50,5462.0,0.11764158759347401,50,5462.0,-0.8499999999999943
16030.0,47,903.0,10.033333333333333,3.4002987469466746,47,5378.0,0.12870479869600734,47,5378.0,0.8399999999999963
16035.0,47,968.0,10.876404494382022,3.577684133921497,47,5289.0,0.1364379601313521,47,5289.0,0.8900000000000006
16040.0,49,1037.0,11.522222222222222,3.41322780222601,49,5059.0,0.11634058588037749,49,5059.0,2.299999999999997
16045.0,49,1113.0,12.366666666666667,3.6190180533019194,49,4857.0,0.11956528858347266,49,4857.0,2.020000000000003
16050.0,47,1055.0,11.988636363636363,3.592907333118302,47,5092.0,0.12007834495141924,47,5092.0,-2.3500000000000014
16055.0,44,894.0,9.824175824175825,3.4466366947088964,44,5103.0,0.11813104776670975,44,5103.0,-0.10999999999999943
16060.0,43,860.0,9.24731182795699,3.4651990685482357,43,5115.0,0.11444278924345899,43,5115.0,-0.11999999999999744
16065.0,46,902.0,9.912087912087912,3.202026886496474,46,5155.0,0.1037200465210658,46,5155.0,-0.3999999999999986
16070.0,47,724.0,8.134831460674157,3.2279552002270697,47,5282.0,0.1142901548084339,47,5282.0,-1.2700000000000031
16075.0,50,757.0,8.50561797752809,3.2619903060761373,50,5389.0,0.12072073573631187,50,5389.0,-1.0700000000000003
16080.0,52,852.0,9.362637362637363,3.3724684483761975,52,5609.0,0.12725318991960213,52,5609.0,-2.200000000000003
16085.0,49,869.0,9.764044943820224,3.189846809167753,49,5803.0,0.1166207712041316,49,5803.0,-1.9399999999999977
16090.0,51,1063.0,11.9438202247191,3.0983135831682254,51,5993.0,0.09704216132077019,51,5993.0,-1.8999999999999986
16095.0,57,1338.0,15.204545454545455,3.0460224992325733,57,6267.0,0.10464440409719938,57,6267.0,-2.740000000000002
16100.0,60,1485.0,16.685393258426966,2.721847381851943,60,6365.0,0.07364940268624207,60,6365.0,-0.9799999999999969
16105.0,58,1534.0,16.67391304347826,2.8097228141456707,58,6269.0,0.08200023948176842,58,6269.0,0.9600000000000009
16110.0,55,1569.0,17.054347826086957,2.9882861030427246,55,6161.0,0.09754183955248974,55,6161.0,1.0799999999999983
16115.0,53,1457.0,15.83695652173913,2.6857474453099983,52,6229.0,0.07002605757120836,52,6229.0,-0.6799999999999997
16120.0,54,1249.0,13.43010752688172,2.774761828132742,54,6502.0,0.07299979044884124,54,6502.0,-2.729999999999997
16125.0,51,1207.0,13.263736263736265,2.9406225112185997,51,6419.0,0.09374842049082402,51,6419.0,0.8299999999999983
16130.0,52,1217.0,12.946808510638299,3.0577499270719555,52,6340.0,0.10070071501222481,52,6340.0,0.7899999999999991
16135.0,56,1181.0,12.43157894736842,2.9657080801320412,56,6567.0,0.08474857754959504,56,6567.0,-2.270000000000003
16140.0,59,1224.0,13.304347826086957,2.619123158422952,59,6839.0,0.06722786003480767,59,6839.0,-2.719999999999999
16145.0,59,1274.0,14.314606741573034,2.708253307028102,59,7132.0,0.0712605995590096,59,7132.0,-2.9299999999999926
16150.0,56,1213.0,13.629213483146067,2.949067513719328,56,7196.0,0.06564786942110924,56,7196.0,-0.6400000000000006
16155.0,51,1064.0,11.822222222222223,3.1824607064411174,51,7021.0,0.09136603465390146,51,7021.0,1.75
16160.0,46,939.0,10.55056179775281,3.416069317379748,46,6827.0,0.110025923140242,46,6827.0,1.9399999999999977
16165.0,44,865.0,9.942528735632184,3.3982292241090137,44,6422.0,0.10605691186859266,44,6422.0,4.049999999999997
16170.0,45,827.0,9.729411764705882,3.361330930160941,45,6596.0,0.1076667187252588,45,6596.0,-1.7399999999999949
16175.0,50,891.0,10.48235294117647,3.287198012793177,50,6801.0,0.10956927105218096,50,6801.0,-2.0500000000000114
16180.0,51,966.0,10.853932584269662,3.386826708187736,51,7049.0,0.10830959994088082,51,7049.0,-2.4799999999999898
16185.0,50,1000.0,11.363636363636363,3.3633858208282446,50,7083.0,0.10026003871576591,50,7083.0,-0.3400000000000034
16190.0,49,995.0,11.569767441860465,3.131963288528754,49,6895.0,0.08775526744586104,49,6895.0,1.8799999999999955
16195.0,44,975.0,11.470588235294118,3.6542393794995163,44,6693.0,0.12310397944590303,44,6693.0,2.019999999999996
16200.0,41,925.0,11.144578313253012,3.70863867621553,41,6893.0,0.12366877394039077,41,6893.0,-2.0
16205.0,41,880.0,10.476190476190476,3.6384735035824995,41,7100.0,0.12356894363032164,41,7100.0,-2.069999999999993
16210.0,41,837.0,10.207317073170731,3.531751052201643,41,7303.0,0.1259669293336164,41,7303.0,-2.030000000000001
16215.0,42,805.0,9.938271604938272,3.116943365110212,42,7303.0,0.09681053536729312,42,7303.0,0.0
16220.0,42,865.0,10.679012345679013,3.2820606057447477,42,7114.0,0.11669306016097422,42,7114.0,1.8900000000000006
16225.0,43,925.0,11.28048780487805,3.33827142608826,43,6928.0,0.12872868102678026,43,6928.0,1.8599999999999994
16230.0,41,966.0,11.5,3.2247590034312985,41,7119.0,0.11667377560217128,41,7119.0,-1.9099999999999966
16235.0,42,1024.0,12.337349397590362,3.0013276447393613,42,7329.0,0.10730870369334741,42,7329.0,-2.1000000000000085
16240.0,46,1097.0,13.05952380952381,2.8326500927348497,46,7550.0,0.09762168017608253,46,7550.0,-2.2099999999999937
16245.0,46,1039.0,12.369047619047619,2.716987276329616,46,7703.0,0.09380288680450057,46,7703.0,-1.5300000000000011
16250.0,47,1175.0,14.156626506024097,2.929840926638337,47,7848.0,0.1044081277150241,47,7848.0,-1.4500000000000028
16255.0,52,1350.0,16.071428571428573,2.655914538611369,52,8089.0,0.10339606484396398,52,8089.0,-2.4099999999999966
16260.0,54,1168.0,13.581395348837209,2.43385701363171,54,8162.0,0.07840006677190066,54,8162.0,-0.730000000000004
16265.0,53,881.0,10.126436781609195,2.429020762084101,53,8093.0,0.07162322760243665,53,8093.0,0.6899999999999977
16270.0,53,1034.0,11.885057471264368,2.7906514378399736,53,8091.0,0.0988318763843018,53,8091.0,0.020000000000010232
16275.0,54,1231.0,14.149425287356323,3.0344595037575988,54,8134.0,0.10123801746129618,54,8134.0,-0.4300000000000068
16280.0,54,1314.0,14.764044943820224,2.8629883618290277,54,8159.0,0.08617803018508613,54,8159.0,-0.25
16285.0,54,1334.0,14.98876404494382,2.9707659142969027,54,7947.0,0.09224653845023141,54,7947.0,2.1200000000000045
16290.0,55,1356.0,15.235955056179776,2.863001744185891,55,7737.0,0.07478573049618148,55,7737.0,2.0999999999999943
16295.0,53,1375.0,15.625,3.1579108854408293,53,7307.0,0.08797161722476834,53,7307.0,4.300000000000011
16300.0,49,1378.0,15.48314606741573,3.7397741362444417,49,6879.0,0.11901713164860567,49,6879.0,4.279999999999987
16305.0,46,1367.0,15.188888888888888,3.9446308737921862,46,6457.0,0.1411894750614395,46,6457.0,4.220000000000013
16310.0,40,1248.0,14.181818181818182,3.6908774549701047,40,6670.0,0.12014388314556193,40,6670.0,-2.1300000000000097
16315.0,46,1217.0,13.829545454545455,3.545080471174984,46,6891.0,0.10693627455056845,46,6891.0,-2.2099999999999937
16320.0,44,1172.0,13.471264367816092,3.801957890737424,44,7052.0,0.11459688132263134,44,7052.0,-1.6099999999999994
16325.0,40,1077.0,12.821428571428571,3.897649912772122,40,7034.0,0.12862928143167462,40,7034.0,0.1799999999999926
16330.0,37,947.0,11.141176470588235,4.18909225284936,37,6790.0,0.155739099305376,37,6790.0,2.4399999999999977
16335.0,32,797.0,9.376470588235295,4.674350439115699,32,6517.0,0.18334076142302705,32,6517.0,2.730000000000004
16340.0,30,595.0,7.2560975609756095,4.284578664341051,30,6613.0,0.15724353186562134,30,6613.0,-0.9599999999999937
16345.0,30,497.0,6.291139240506329,4.45550187242739,30,6721.0,0.15582674648987005,30,6721.0,-1.0799999999999983
16350.0,35,592.0,7.589743589743589,4.4610592198223555,35,6861.0,0.16572983556355883,35,6861.0,-1.4000000000000057
16355.0,41,712.0,8.682926829268293,3.8855008430824105,41,7051.0,0.1361342649842764,41,7051.0,-1.9000000000000057
16360.0,45,857.0,10.451219512195122,3.331927573498526,45,7266.0,0.09409433030589352,45,7266.0,-2.1499999999999915
16365.0,46,944.0,11.512195121951219,3.0742808028273765,46,7258.0,0.0794622363153457,46,7258.0,0.0799999999999983
16370.0,42,968.0,11.950617283950617,3.240929442096904,42,7003.0,0.10213305661401677,42,7003.0,2.549999999999997
16375.0,40,975.0,11.890243902439025,3.6779636717361925,40,6734.0,0.13153952579424238,40,6734.0,2.6899999999999977
16380.0,38,1003.0,11.8,3.603187005352888,38,6924.0,0.11892744213010191,38,6924.0,-1.8999999999999915
16385.0,43,1083.0,12.892857142857142,3.635068159129542,43,7129.0,0.11884671276424041,43,7129.0,-2.0500000000000114
16390.0,50,1190.0,14.512195121951219,2.8485175032132877,50,7361.0,0.07271857474410827,50,7361.0,-2.319999999999993
16395.0,52,1278.0,15.585365853658537,2.6526899318140362,52,7374.0,0.0776658809076072,52,7374.0,-0.12999999999999545
16400.0,47,1322.0,15.927710843373495,2.956171498203244,47,7136.0,0.09878955078679268,47,7136.0,2.3799999999999955
16405.0,44,1349.0,16.05952380952381,3.166192244690682,44,6885.0,0.12024076826476424,44,6885.0,2.510000000000005
16410.0,41,1359.0,16.373493975903614,3.3037566963311202,41,6397.0,0.12372175020008032,41,6397.0,4.8799999999999955
16415.0,40,1358.0,15.976470588235294,3.407493279397912,40,5935.0,0.12014374258730504,40,5935.0,4.619999999999997
16420.0,36,960.0,11.294117647058824,3.4964683783279744,36,5971.0,0.13195059047048066,36,5971.0,-0.35999999999999943
16425.0,34,795.0,9.578313253012048,3.7603589916629034,34,5915.0,0.1472155014415941,34,5915.0,0.5600000000000023
16430.0,35,858.0,10.214285714285714,4.057102550413428,35,5945.0,0.17232563659039812,35,5945.0,-0.30000000000000426
16435.0,41,959.0,11.282352941176471,3.826113634264407,41,6116.0,0.12850798550455583,41,6116.0,-1.7099999999999937
16440.0,48,1108.0,12.883720930232558,3.432599537967154,48,6342.0,0.10825944316903653,48,6342.0,-2.260000000000005
16445.0,49,1273.0,14.632183908045977,3.4505084312674295,49,6580.0,0.10489008970936582,49,6580.0,-2.3799999999999955
16450.0,48,1355.0,15.574712643678161,3.514501769881888,48,6584.0,0.10092085969721326,48,6584.0,-0.04000000000000625
16455.0,44,1367.0,15.359550561797754,3.7332803409704076,44,6342.0,0.12134454112281226,44,6342.0,2.4200000000000017
16460.0,40,1391.0,15.629213483146067,4.1281454368806445,40,6080.0,0.1475054525353722,40,6080.0,2.6200000000000045
16465.0,42,1451.0,16.488636363636363,3.938857656839184,42,5600.0,0.1317142957460771,42,5600.0,4.799999999999997
16470.0,43,1521.0,17.482758620689655,4.12308663616527,43,5197.0,0.13946754025723332,43,5197.0,4.030000000000001
16475.0,44,1591.0,18.5,4.082704489916903,44,4837.0,0.14199651721320697,44,4837.0,3.6000000000000014
16480.0,42,1515.0,17.61627906976744,3.688691550443738,41,4962.0,0.13529808746030425,41,4962.0,-1.25
16485.0,39,1536.0,18.285714285714285,3.8562585765040316,39,5054.0,0.15125341861216018,39,5054.0,-0.9200000000000017
16490.0,42,1590.0,18.705882352941178,3.850142147822836,42,5228.0,0.1348175894743604,42,5228.0,-1.740000000000002
16495.0,42,1653.0,19.22093023255814,4.049385504682627,42,5437.0,0.12735779762159408,42,5437.0,-2.0899999999999963
16500.0,41,1662.0,19.55294117647059,4.253158277244438,41,5467.0,0.1284329620974593,41,5467.0,-0.30000000000000426
16505.0,39,1624.0,18.247191011235955,4.286758020118051,39,5313.0,0.14853143780969283,39,5313.0,1.5399999999999991
16510.0,35,1631.0,18.74712643678161,4.377255880637726,35,5149.0,0.16372454869881942,35,5149.0,1.6400000000000006
16515.0,33,1676.0,19.488372093023255,4.486396560286128,33,4812.0,0.1611902256243432,33,4812.0,3.3700000000000045
16520.0,34,1751.0,20.6,4.763719746795304,34,4492.0,0.18239015900578529,34,4492.0,3.1999999999999957
16525.0,37,1828.0,21.761904761904763,4.466132326713923,36,4193.0,0.17979207380655435,36,4193.0,2.990000000000002
16530.0,37,1186.0,13.477272727272727,4.109993956906258,35,4097.0,0.14950697319455164,35,4097.0,0.9600000000000009
16535.0,32,520.0,5.842696629213483,4.492001006350723,32,3806.0,0.17012438670338348,32,3806.0,2.9099999999999966
16540.0,31,421.0,4.677777777777778,4.5681295280869545,30,3591.0,0.16807295512212264,30,3591.0,2.1500000000000057
16545.0,34,453.0,5.329411764705882,4.265793576862329,34,3730.0,0.15878741736584792,34,3730.0,-1.3900000000000006
16550.0,38,540.0,6.506024096385542,4.167311350563127,38,3903.0,0.14383335953457874,38,3903.0,-1.730000000000004
16555.0,39,673.0,7.735632183908046,4.538711181380572,39,4086.0,0.15305871702171123,39,4086.0,-1.8299999999999983
16560.0,44,873.0,9.920454545454545,4.339456597432751,44,4291.0,0.128585866954678,44,4291.0,-2.049999999999997
16565.0,47,878.0,10.209302325581396,3.816570625404267,47,4424.0,0.10230092563889041,47,4424.0,-1.3300000000000054
16570.0,50,1087.0,12.94047619047619,3.6742192050589555,50,4539.0,0.10384094362177392,50,4539.0,-1.1499999999999986
16575.0,55,1352.0,16.095238095238095,3.4683448991102646,55,4770.0,0.08866149456648506,55,4770.0,-2.3100000000000023
16580.0,56,1485.0,17.267441860465116,3.2107989172596834,56,4854.0,0.08808484808893925,56,4854.0,-0.8399999999999963
16585.0,51,1503.0,17.68235294117647,3.148907778992805,51,4731.0,0.08365281060133403,51,4731.0,1.2299999999999969
16590.0,51,1513.0,17.8,3.225268024227315,51,4641.0,0.08735011621895615,51,4641.0,0.9000000000000057
16595.0,47,1511.0,17.569767441860463,3.7409991169353067,47,4451.0,0.10947410766249178,47,4451.0,1.8999999999999986
16600.0,48,1487.0,17.702380952380953,3.461662116585572,47,4671.0,0.10670922636932564,47,4671.0,-2.200000000000003
16605.0,47,1474.0,17.341176470588234,3.292951713240629,47,4904.0,0.11052270633645499,47,4904.0,-2.3299999999999983
16610.0,49,1470.0,17.5,3.1666656556791515,49,5152.0,0.10234627625094428,49,5152.0,-2.480000000000004
16615.0,49,1428.0,16.8,2.9543496350381693,49,5238.0,0.07937047431089685,49,5238.0,-0.8599999999999994
16620.0,47,1345.0,15.63953488372093,3.1672853520385273,47,5173.0,0.0991344511586042,47,5173.0,0.6500000000000057
16625.0,43,1245.0,14.821428571428571,3.447537211935249,43,5087.0,0.13040982701692388,43,5087.0,0.8599999999999994
16630.0,40,1150.0,13.218390804597702,3.7537446127233034,40,4850.0,0.14297261276719203,40,4850.0,2.3699999999999974
16635.0,36,828.0,9.517241379310345,3.7671736185986093,36,4807.0,0.13399777302967808,36,4807.0,0.4299999999999997
16640.0,33,377.0,4.333333333333333,4.000572441159115,33,4584.0,0.14011429395336486,33,4584.0,2.229999999999997
16645.0,32,310.0,3.5632183908045976,4.568992625114683,32,4436.0,0.1682287420420255,32,4436.0,1.480000000000004
16650.0,37,365.0,4.294117647058823,4.322394137098925,37,4454.0,0.1532861168312132,37,4454.0,-0.17999999999999972
16655.0,42,413.0,4.747126436781609,3.7549081211316233,42,4501.0,0.1147458335355157,42,4501.0,-0.46999999999999886
16660.0,38,454.0,5.341176470588235,3.7920095406527863,38,4540.0,0.13280932777827853,38,4540.0,-0.39000000000000057
16665.0,38,336.0,3.9529411764705884,3.2894620961261882,38,4652.0,0.09712146782594126,38,4652.0,-1.1200000000000045
16670.0,39,371.0,4.364705882352941,3.5407711950429936,39,4770.0,0.11451299185804713,39,4770.0,-1.1799999999999997
16675.0,42,441.0,5.188235294117647,3.5253849717553,42,4967.0,0.12686741138680702,42,4967.0,-1.9699999999999989
16680.0,41,511.0,6.011764705882353,3.257772151863172,41,5005.0,0.11227894075938383,41,5005.0,-0.37999999999999545
16685.0,41,556.0,6.541176470588235,3.3969507208115215,41,4879.0,0.11556920473000046,41,4879.0,1.259999999999998
16690.0,44,606.0,6.9655172413793105,3.1143550351794898,44,4763.0,0.10067914407210546,44,4763.0,1.1599999999999966
16695.0,41,657.0,7.551724137931035,3.49148919827321,41,4513.0,0.11023651769896192,41,4513.0,2.5
16700.0,38,691.0,7.942528735632184,3.9269886013251996,38,4272.0,0.1280880226499061,38,4272.0,2.4100000000000037
16705.0,34,542.0,6.159090909090909,3.8533476150592705,34,4278.0,0.13774058862704242,34,4278.0,-0.060000000000002274
16710.0,32,336.0,3.8181818181818183,3.9323008927020298,32,4161.0,0.14824093546983183,32,4161.0,1.1700000000000017
16715.0,35,408.0,4.689655172413793,4.061624070430869,35,4129.0,0.14133110427238685,35,4129.0,0.3200000000000003
16720.0,40,356.0,4.1395348837209305,3.8045239328096945,40,4248.0,0.11767586004963067,40,4248.0,-1.1899999999999977
16725.0,45,483.0,5.682352941176471,3.808044502068042,45,4379.0,0.11424633306091243,45,4379.0,-1.3100000000000023
16730.0,47,634.0,7.204545454545454,3.880213469713396,47,4600.0,0.13116452267153714,47,4600.0,-2.210000000000001
16735.0,45,697.0,7.920454545454546,3.909811786029786,45,4667.0,0.1182183751754283,45,4667.0,-0.6700000000000017
16740.0,42,682.0,7.930232558139535,3.803588658060492,42,4559.0,0.11215768091300647,42,4559.0,1.0799999999999983
16745.0,39,675.0,7.9411764705882355,4.206160270971204,39,4443.0,0.14459300157334465,39,4443.0,1.1600000000000037
16750.0,40,720.0,8.674698795180722,4.2058272550832045,40,4180.0,0.15761314474353597,40,4180.0,2.6300000000000026
16755.0,39,765.0,8.793103448275861,4.391495866325922,39,3939.0,0.15834660373440915,39,3939.0,2.4099999999999966
16760.0,37,807.0,9.494117647058824,4.4424267732521665,37,3723.0,0.16416240622010123,37,3723.0,2.1600000000000037
16765.0,38,842.0,10.023809523809524,4.0209664241367316,38,3653.0,0.1424830927905209,38,3653.0,0.6999999999999957
16770.0,35,864.0,10.046511627906977,4.410267591802971,35,3449.0,0.16125507370801953,35,3449.0,2.039999999999999
16775.0,31,872.0,10.258823529411766,4.895807489553558,30,3359.0,0.1976613374033955,30,3359.0,0.8999999999999986
16780.0,29,862.0,10.023255813953488,4.855606298790327,29,3267.0,0.18868971801701206,29,3267.0,0.9200000000000017
16785.0,25,631.0,7.511904761904762,4.740816091320118,25,3300.0,0.19267009680282948,25,3300.0,-0.3299999999999983
16790.0,32,603.0,7.265060240963855,4.4534478816069125,28,3315.0,0.1880423887494942,28,3315.0,-0.14999999999999858
16795.0,28,641.0,7.817073170731708,4.891583068773125,28,3438.0,0.20207055063057916,28,3438.0,-1.230000000000004
16800.0,27,685.0,8.5625,5.005512328087566,26,3437.0,0.20574746697876328,26,3437.0,0.010000000000005116
16805.0,26,733.0,8.831325301204819,5.285728876089658,26,3312.0,0.21747635517288533,26,3312.0,1.25
16810.0,28,784.0,9.333333333333334,5.134359780723131,28,3198.0,0.1980970222679231,28,3198.0,1.139999999999997
16815.0,31,697.0,8.297619047619047,4.2732361898889275,31,3334.0,0.14436297374669232,31,3334.0,-1.360000000000003
16820.0,38,786.0,9.585365853658537,3.7716954007760273,38,3435.0,0.12275137133913122,38,3435.0,-1.009999999999998
16825.0,41,872.0,10.506024096385541,3.789761101572392,40,3624.0,0.11357267382655928,40,3624.0,-1.8900000000000006
16830.0,39,936.0,10.636363636363637,3.970783221416016,39,3691.0,0.11798684324029288,39,3691.0,-0.6699999999999946
16835.0,37,972.0,11.045454545454545,4.162403392426428,37,3609.0,0.12346485059259185,37,3609.0,0.8199999999999932
16840.0,36,998.0,11.604651162790697,4.16941337950362,36,3534.0,0.12898947978760508,36,3534.0,0.75
16845.0,33,1023.0,12.178571428571429,4.573125757886781,33,3337.0,0.1559957890924741,33,3337.0,1.970000000000006
16850.0,31,1031.0,12.8875,4.361210574531941,30,3415.0,0.15294041776992104,30,3415.0,-0.7800000000000011
16855.0,35,1105.0,13.641975308641975,4.172622221198562,35,3584.0,0.14512554185303445,35,3584.0,-1.6900000000000048
16860.0,40,1212.0,14.962962962962964,3.749146297637724,40,3687.0,0.12815781016326136,40,3687.0,-1.029999999999994
16865.0,42,1302.0,16.074074074074073,3.364019624107207,42,3756.0,0.11493301396548115,42,3756.0,-0.6900000000000048
16870.0,39,1353.0,16.9125,3.6712059876438987,39,3720.0,0.13587971230946205,39,3720.0,0.35999999999999943
16875.0,35,1385.0,17.531645569620252,4.089353849214624,35,3670.0,0.16237853117125395,35,3670.0,0.5
16880.0,33,1418.0,16.88095238095238,4.357676230447102,33,3503.0,0.1653470484315559,33,3503.0,1.6700000000000017
16885.0,30,1488.0,17.714285714285715,4.683835598790104,30,3336.0,0.1868511049471649,30,3336.0,1.6700000000000017
16890.0,32,1570.0,18.91566265060241,4.494879384867882,32,3196.0,0.17475633099255156,32,3196.0,1.3999999999999986
16895.0,34,1660.0,20.0,4.543922137199384,34,3171.0,0.18194745813512397,34,3171.0,0.25
16900.0,31,1563.0,18.83132530120482,4.5411429516963615,31,3152.0,0.18094988591989872,31,3152.0,0.19000000000000128
16905.0,30,1625.0,18.8953488372093,4.713676835785524,30,3208.0,0.19593844114991682,30,3208.0,-0.5599999999999987
16910.0,34,1709.0,20.105882352941176,4.699316052079317,33,3353.0,0.19080528099136287,33,3353.0,-1.4500000000000028
16915.0,33,1224.0,14.74698795180723,4.343287803128572,33,3261.0,0.15509038238791073,33,3261.0,0.9200000000000017
16920.0,32,598.0,7.119047619047619,4.864166130818591,32,2965.0,0.17918529161933233,32,2965.0,2.960000000000001
16925.0,32,560.0,6.666666666666667,5.283502367060521,32,2742.0,0.200575473851156,32,2742.0,2.229999999999997
16930.0,37,648.0,7.623529411764705,4.74872662074143,37,2794.0,0.17179872959177897,37,2794.0,-0.5199999999999996
16935.0,42,703.0,8.270588235294118,4.087719037705444,42,2881.0,0.12295912549886472,42,2881.0,-0.8699999999999974
16940.0,46,771.0,8.965116279069768,3.5358726465556,46,2979.0,0.09383738422510698,46,2979.0,-0.9800000000000004
16945.0,42,839.0,9.870588235294118,3.8613708249765,42,2891.0,0.11996578019692226,42,2891.0,0.879999999999999
16950.0,39,891.0,10.607142857142858,4.162194418982512,39,2808.0,0.14363731930218335,39,2808.0,0.8300000000000018
16955.0,35,924.0,10.620689655172415,4.375214870834078,35,2812.0,0.16545777472029727,35,2812.0,-0.0400000000000027
16960.0,32,849.0,9.872093023255815,4.416217239715172,32,2705.0,0.1596421262397253,32,2705.0,1.0700000000000003
16965.0,32,700.0,8.536585365853659,3.95837140060486,31,2556.0,0.141369449222415,31,2556.0,1.490000000000002
16970.0,32,695.0,8.580246913580247,4.177862862590903,32,2500.0,0.1689198075670717,32,2500.0,0.5599999999999987
16975.0,32,424.0,5.234567901234568,4.029794221148095,31,2535.0,0.14845894534529722,31,2535.0,-0.3500000000000014
16980.0,31,404.0,4.752941176470588,4.178149907323737,31,2679.0,0.15163753538985833,31,2679.0,-1.4399999999999977
16985.0,34,562.0,6.771084337349397,4.299293369365189,34,2649.0,0.15242735028358853,34,2649.0,0.3000000000000007
16990.0,42,751.0,9.048192771084338,4.0587946608604994,42,2732.0,0.1352874502321676,42,2732.0,-0.8300000000000018
16995.0,46,971.0,11.841463414634147,3.889291227186688,46,2937.0,0.12537456793897422,46,2937.0,-2.0500000000000007
17000.0,51,1216.0,14.829268292682928,3.610522750473738,51,3182.0,0.09794935143284932,51,3182.0,-2.4499999999999993
17005.0,55,1485.0,17.470588235294116,3.452310120547416,55,3451.0,0.08560072868687864,55,3451.0,-2.6899999999999977
17010.0,55,1654.0,19.458823529411763,3.258122240393421,55,3623.0,0.07687676422189041,55,3623.0,-1.7199999999999989
17015.0,55,1863.0,21.91764705882353,3.0088390081623047,55,3752.0,0.07321154592748494,55,3752.0,-1.2900000000000063
17020.0,56,2142.0,25.2,3.18448062402793,56,3968.0,0.09014246747691745,56,3968.0,-2.1599999999999966
17025.0,56,2174.0,26.19277108433735,2.934930054905681,56,4145.0,0.07443278519818675,56,4145.0,-1.7700000000000031
17030.0,56,2398.0,27.88372093023256,2.9722334871862857,56,4276.0,0.0868043597937387,56,4276.0,-1.3099999999999952
17035.0,57,2680.0,32.68292682926829,2.7691887863332876,57,4506.0,0.09894109265101095,57,4506.0,-2.3000000000000043
17040.0,59,2953.0,35.57831325301205,2.290554782210308,59,4779.0,0.0494214836280277,59,4779.0,-2.729999999999997
17045.0,61,3255.0,38.75,2.5119111588742618,61,5083.0,0.05384968235190674,61,5083.0,-3.039999999999999
17050.0,63,3563.0,41.917647058823526,2.5478722657044455,63,5389.0,0.057701102376257536,63,5389.0,-3.0600000000000023
17055.0,63,3863.0,44.91860465116279,2.3711470173858533,63,5689.0,0.06218866416594402,63,5689.0,-3.0
17060.0,65,4183.0,48.63953488372093,2.430083770552209,65,6011.0,0.06494287038184587,65,6011.0,-3.219999999999999
17065.0,68,4514.0,51.88505747126437,2.025350690814172,68,6340.0,0.039800504164676044,68,6340.0,-3.289999999999999
17070.0,68,4529.0,52.05747126436781,1.9641545318817963,68,6487.0,0.03968264399056087,68,6487.0,-1.470000000000006
17075.0,63,4309.0,50.694117647058825,2.2567542365171116,63,6433.0,0.05920035745578884,63,6433.0,0.5400000000000063
17080.0,58,4064.0,46.71264367816092,2.7477818380682435,58,6365.0,0.08845231973031877,58,6365.0,0.6799999999999997
17085.0,53,3794.0,45.166666666666664,2.892993821665903,53,6108.0,0.09966936453443546,53,6108.0,2.5700000000000003
17090.0,52,3508.0,42.78048780487805,2.756546188077284,52,6367.0,0.1029884635361522,52,6367.0,-2.5900000000000034
17095.0,53,3225.0,39.81481481481482,2.6639073718205286,53,6630.0,0.09003700915408701,53,6630.0,-2.6299999999999955
17100.0,53,2945.0,36.8125,2.8061577806030518,53,6894.0,0.08526589470772303,53,6894.0,-2.6400000000000006
17105.0,50,2614.0,31.878048780487806,2.9424498767676313,50,6966.0,0.0931224301528469,50,6966.0,-0.7199999999999989
17110.0,45,2229.0,27.182926829268293,3.191486872760039,45,6834.0,0.11169490005567606,45,6834.0,1.3199999999999932
17115.0,43,1831.0,22.8875,3.008711273204173,43,6680.0,0.10984838425211048,43,6680.0,1.5400000000000063
17120.0,39,1236.0,15.45,3.202093468423425,38,6776.0,0.112587869963295,38,6776.0,-0.960000000000008
17125.0,37,874.0,10.925,3.545006984341472,37,6969.0,0.12128915485018171,37,6969.0,-1.9299999999999926
17130.0,36,607.0,7.493827160493828,3.7394757347757883,36,7010.0,0.14399435417915069,36,7010.0,-0.4099999999999966
17135.0,37,448.0,5.530864197530864,3.6892509515997163,37,7145.0,0.13764229683268933,37,7145.0,-1.3500000000000085
17140.0,44,578.0,7.135802469135802,3.2069991191004834,44,7351.0,0.09287635295547972,44,7351.0,-2.0600000000000023
17145.0,47,657.0,7.9156626506024095,2.9948907217520953,47,7374.0,0.08167253211414562,47,7374.0,-0.22999999999998977
17150.0,43,678.0,8.37037037037037,3.3171238604059736,43,7194.0,0.10739646621463532,43,7194.0,1.7999999999999972
17155.0,39,681.0,8.304878048780488,3.4984110597678812,39,7001.0,0.1307059048956847,39,7001.0,1.9299999999999926
17160.0,36,668.0,8.146341463414634,3.8706362801937066,36,6606.0,0.14490420826910827,36,6606.0,3.950000000000003
17165.0,38,672.0,8.096385542168674,3.4046288274277536,38,6786.0,0.1135191485472819,38,6786.0,-1.7999999999999972
17170.0,41,736.0,9.08641975308642,3.2987561421784264,41,6985.0,0.10887926056789476,41,6985.0,-1.9899999999999949
17175.0,46,831.0,10.25925925925926,3.337783726784316,46,7206.0,0.10571733085601005,46,7206.0,-2.210000000000008
17180.0,48,899.0,10.576470588235294,3.2412318524426227,48,7235.0,0.1071053551987838,48,7235.0,-0.28999999999999204
17185.0,44,924.0,10.870588235294118,3.2480814200881296,44,7053.0,0.11023089974967272,44,7053.0,1.8199999999999932
17190.0,44,941.0,10.94186046511628,3.241265694499352,44,6868.0,0.11309401503693407,44,6868.0,1.8499999999999943
17195.0,40,789.0,9.174418604651162,3.465343714752705,40,7000.0,0.11570735421878445,40,7000.0,-1.3199999999999932
17200.0,39,777.0,9.36144578313253,3.6959127692859166,39,7113.0,0.1278601611344348,39,7113.0,-1.1299999999999955
17205.0,39,774.0,9.105882352941176,3.8327919664240393,39,7299.0,0.13792090845969515,39,7299.0,-1.8599999999999994
17210.0,37,767.0,9.353658536585366,3.756889153892864,37,7278.0,0.13294695008849805,37,7278.0,0.20999999999999375
17215.0,39,806.0,9.829268292682928,3.4846244035945255,39,7052.0,0.11338540654577481,39,7052.0,2.260000000000005
17220.0,41,855.0,10.555555555555555,3.3943593470049467,41,6831.0,0.11890740301190371,41,6831.0,2.2099999999999937
17225.0,39,856.0,10.567901234567902,3.4681879805849416,38,6990.0,0.11346847237714351,38,6990.0,-1.5900000000000034
17230.0,39,898.0,10.564705882352941,3.585805857894443,39,7189.0,0.11094417893998547,39,7189.0,-1.9899999999999949
17235.0,41,950.0,11.176470588235293,3.5532890472590353,41,7376.0,0.10907261953335573,41,7376.0,-1.8700000000000045
17240.0,43,990.0,11.647058823529411,3.069773639567106,43,7364.0,0.09618750731448651,43,7364.0,0.12000000000000455
17245.0,40,1034.0,12.457831325301205,3.334617443811203,40,7129.0,0.1084702030562977,40,7129.0,2.3499999999999943
17250.0,40,1084.0,13.060240963855422,3.7007798709961244,40,6898.0,0.12758823843208425,40,6898.0,2.3100000000000023
17255.0,40,1083.0,12.741176470588234,3.497910177210844,40,7062.0,0.11281601204045362,40,7062.0,-1.6400000000000006
17260.0,42,1137.0,13.535714285714286,3.291596695016468,42,7253.0,0.11210523015240274,42,7253.0,-1.9099999999999966
17265.0,44,1202.0,14.141176470588235,3.1502878835366706,44,7466.0,0.09661888781532643,44,7466.0,-2.1299999999999955
17270.0,43,1228.0,14.619047619047619,3.1310740627893354,43,7459.0,0.09221791625919461,43,7459.0,0.06999999999999318
17275.0,40,1264.0,15.604938271604938,3.3215870449451366,40,7222.0,0.11453753071386891,40,7222.0,2.3700000000000045
17280.0,40,1314.0,15.458823529411765,3.5442213454594946,40,6993.0,0.13008469643249165,40,6993.0,2.289999999999992
17285.0,40,783.0,9.104651162790697,3.270754923234225,40,6973.0,0.11149899836475592,40,6973.0,0.20000000000000284
17290.0,39,324.0,3.7674418604651163,3.1853478497521053,39,6807.0,0.10271889593584348,39,6807.0,1.6600000000000108
17295.0,39,329.0,3.8255813953488373,3.6396010370738234,39,6724.0,0.1289494575633189,39,6724.0,0.8299999999999983
17300.0,40,336.0,3.9529411764705884,3.587281313333335,40,6699.0,0.11382184790622679,40,6699.0,0.25
17305.0,39,345.0,4.011627906976744,3.53630612320588,39,6676.0,0.10840669966289923,39,6676.0,0.22999999999998977
17310.0,39,385.0,4.529411764705882,3.3643774402796285,39,6645.0,0.10845219210818006,39,6645.0,0.3100000000000023
17315.0,41,431.0,5.011627906976744,3.264850613278332,41,6172.0,0.10159733372777091,41,6172.0,4.730000000000004
17320.0,40,439.0,5.226190476190476,3.058738226606527,40,6340.0,0.10846965118709212,40,6340.0,-1.6799999999999997
17325.0,40,482.0,5.670588235294118,3.366946535017808,40,6535.0,0.11279633636251031,40,6535.0,-1.9499999999999957
17330.0,42,538.0,6.255813953488372,3.403267427768351,42,6742.0,0.11681671410331876,42,6742.0,-2.0700000000000074
17335.0,40,584.0,6.9523809523809526,3.2113805739306818,40,6711.0,0.10078515876772565,40,6711.0,0.3100000000000023
17340.0,43,637.0,7.583333333333333,2.9265319591181203,43,6458.0,0.09264465888929045,43,6458.0,2.530000000000001
17345.0,43,696.0,8.093023255813954,3.310824955792965,43,6216.0,0.11495168526813217,43,6216.0,2.4200000000000017
17350.0,40,563.0,6.471264367816092,3.4145011712496784,39,6333.0,0.11183261142724166,39,6333.0,-1.1700000000000017
17355.0,40,589.0,6.472527472527473,3.480984398100702,40,6538.0,0.10843127191620681,40,6538.0,-2.049999999999997
17360.0,41,641.0,7.284090909090909,3.566698691932921,41,6639.0,0.11859078978609797,41,6639.0,-1.0100000000000051
17365.0,44,713.0,8.488095238095237,2.832656799489611,44,6828.0,0.08953231302841111,44,6828.0,-1.8900000000000006
17370.0,48,867.0,10.44578313253012,2.811455383460784,48,7064.0,0.09043990552262487,48,7064.0,-2.3599999999999994
17375.0,53,1047.0,12.614457831325302,2.777292392621309,53,7317.0,0.0893689258852492,53,7317.0,-2.530000000000001
17380.0,54,1155.0,13.588235294117647,2.493904971363675,54,7337.0,0.08564136171905146,54,7337.0,-0.20000000000000284
17385.0,50,1189.0,13.825581395348838,2.8943426700550265,50,7098.0,0.10211702146905069,50,7098.0,2.3900000000000006
17390.0,51,1210.0,13.75,2.785485113273547,51,6852.0,0.09441163264169328,51,6852.0,2.460000000000008
17395.0,47,1229.0,14.290697674418604,3.12991682057515,47,6376.0,0.11317712052736398,47,6376.0,4.759999999999998
17400.0,43,1190.0,14.166666666666666,3.3003924833338267,43,6546.0,0.11999888752940768,43,6546.0,-1.6999999999999957
17405.0,48,1270.0,14.597701149425287,3.0308017066887727,48,6745.0,0.10794783478495897,48,6745.0,-1.990000000000009
17410.0,53,1374.0,15.613636363636363,2.883931034819317,53,6986.0,0.10363056330483254,53,6986.0,-2.4099999999999966
17415.0,55,1470.0,16.896551724137932,2.5302733842611653,55,7255.0,0.08613422854796336,55,7255.0,-2.6899999999999977
17420.0,56,1593.0,18.102272727272727,2.5597681957057277,56,7507.0,0.0796337120886134,56,7507.0,-2.519999999999996
17425.0,57,1728.0,19.862068965517242,2.6287726317270685,57,7795.0,0.08210645613899997,57,7795.0,-2.8800000000000097
17430.0,55,1772.0,19.910112359550563,2.7841476490475148,55,7814.0,0.09038324849577124,55,7814.0,-0.18999999999999773
17435.0,50,1732.0,19.908045977011493,2.7948201444500307,50,7549.0,0.10515335556030507,50,7549.0,2.6500000000000057
17440.0,47,1675.0,19.25287356321839,3.008179257533533,47,7271.0,0.10688910875096291,47,7271.0,2.780000000000001
17445.0,45,1634.0,19.0,3.1486937330803104,45,7479.0,0.10800087528303422,45,7479.0,-2.0800000000000125
17450.0,50,1724.0,19.816091954022987,3.231518664717444,50,7718.0,0.11292530328545168,50,7718.0,-2.3900000000000006
17455.0,56,1839.0,19.98913043478261,2.970017747860161,56,7981.0,0.09587293743842505,56,7981.0,-2.6299999999999955
17460.0,54,1484.0,16.130434782608695,2.865334312130066,54,7995.0,0.07464898037008671,54,7995.0,-0.14000000000000057
17465.0,52,899.0,10.101123595505618,2.5361996510412776,52,7813.0,0.07549157897997624,52,7813.0,1.8200000000000074
17470.0,51,834.0,9.477272727272727,2.8432824995661927,51,7713.0,0.10166756120428722,51,7713.0,1.0
17475.0,54,855.0,9.715909090909092,2.5893060493089597,54,7688.0,0.09042106239943241,54,7688.0,0.25
17480.0,55,827.0,9.087912087912088,2.5871759611341334,55,7679.0,0.07831636037524146,55,7679.0,0.0899999999999892
17485.0,50,782.0,8.688888888888888,2.8980949399286766,50,7717.0,0.09822995169256553,50,7717.0,-0.37999999999999545
17490.0,48,699.0,7.766666666666667,2.6756241399507283,48,7794.0,0.07519414541029738,48,7794.0,-0.769999999999996
17495.0,45,639.0,7.344827586206897,2.86619090602306,45,7767.0,0.09222882244111244,45,7767.0,0.269999999999996
17500.0,50,724.0,8.418604651162791,3.016635568142759,50,7843.0,0.10253796590280007,50,7843.0,-0.7600000000000051
17505.0,55,785.0,8.626373626373626,2.664000099677518,55,7874.0,0.07373549803491071,55,7874.0,-0.30999999999998806
17510.0,53,813.0,8.83695652173913,2.8568341087603955,52,7906.0,0.08195387174156606,52,7906.0,-0.3200000000000074
17515.0,53,828.0,9.303370786516854,2.2532210493303415,53,7935.0,0.05518291583158496,53,7935.0,-0.28999999999999204
17520.0,49,837.0,9.620689655172415,2.6427731945244464,49,7730.0,0.0784257310919714,49,7730.0,2.049999999999997
17525.0,44,720.0,8.372093023255815,2.7463854520962694,44,7904.0,0.08738512918109304,44,7904.0,-1.740000000000009
17530.0,44,695.0,7.808988764044944,3.1260684303450366,44,8080.0,0.10018037190019492,44,8080.0,-1.759999999999991
17535.0,44,672.0,7.636363636363637,3.0874247628815015,44,8298.0,0.09564683671062822,44,8298.0,-2.180000000000007
17540.0,44,658.0,7.651162790697675,2.712915622901272,44,8279.0,0.07300108456312063,44,8279.0,0.18999999999999773
17545.0,43,707.0,8.126436781609195,3.0695188171741843,43,8020.0,0.08985341222049457,43,8020.0,2.5900000000000034
17550.0,43,757.0,8.905882352941177,3.2047332207996706,43,7762.0,0.1113082025730108,43,7762.0,2.5799999999999983
17555.0,41,801.0,9.0,3.5628111166199963,41,7292.0,0.1257475676245966,41,7292.0,4.700000000000003
17560.0,36,826.0,9.386363636363637,3.8300368910657245,36,6858.0,0.13807575951262965,36,6858.0,4.340000000000003
17565.0,35,836.0,9.720930232558139,3.640918541001394,35,7033.0,0.1325322761455072,35,7033.0,-1.75
17570.0,36,866.0,10.188235294117646,3.620796920065622,36,7212.0,0.13047401755248167,36,7212.0,-1.7900000000000063
17575.0,41,975.0,11.337209302325581,3.530890430241465,41,7409.0,0.11951347935208896,41,7409.0,-1.9699999999999989
17580.0,41,877.0,10.080459770114942,3.5757977779909798,41,7485.0,0.12202208918120007,41,7485.0,-0.7599999999999909
17585.0,43,878.0,10.091954022988507,3.6353237063052406,43,7515.0,0.12753598044367728,43,7515.0,-0.30000000000001137
17590.0,48,1031.0,11.988372093023257,3.3051246764339486,48,7630.0,0.11433864476870073,48,7630.0,-1.1499999999999915
17595.0,48,1110.0,12.906976744186046,3.27307530143972,48,7638.0,0.10720597678659059,48,7638.0,-0.0799999999999983
17600.0,44,1116.0,13.129411764705882,3.472540989285056,44,7637.0,0.10736254246584517,44,7637.0,0.009999999999990905
17605.0,40,1121.0,12.738636363636363,3.7955956749426103,40,7610.0,0.12987495679841435,40,7610.0,0.27000000000001023
17610.0,40,1171.0,13.306818181818182,3.9732857192207773,40,7126.0,0.14117455334171128,40,7126.0,4.839999999999989
17615.0,43,1184.0,13.767441860465116,3.094754486861205,43,7290.0,0.09663639329505304,43,7290.0,-1.6400000000000006
17620.0,47,1262.0,15.023809523809524,3.0862223386623167,47,7498.0,0.10240860180766569,47,7498.0,-2.0799999999999983
17625.0,49,1352.0,16.095238095238095,3.2322219643966075,49,7736.0,0.10216191196415217,49,7736.0,-2.3799999999999955
17630.0,47,1398.0,16.25581395348837,3.16021581306928,47,7742.0,0.09087890260915184,47,7742.0,-0.060000000000002274
17635.0,45,1398.0,16.25581395348837,3.123898672837854,45,7503.0,0.09969085436853492,45,7503.0,2.3900000000000006
17640.0,42,1387.0,15.942528735632184,3.2462139356761095,42,7260.0,0.10456765411311701,42,7260.0,2.430000000000007
17645.0,40,1368.0,15.906976744186046,3.5395703684976607,40,6795.0,0.11696041167681075,40,6795.0,4.6499999999999915
17650.0,38,1239.0,14.406976744186046,3.7282182873572323,38,6929.0,0.12332717870221163,38,6929.0,-1.3400000000000034
17655.0,38,1259.0,14.471264367816092,3.735114156338173,38,7077.0,0.13505617831809238,38,7077.0,-1.4799999999999898
17660.0,39,1329.0,15.635294117647058,3.672303998181946,39,7266.0,0.1314960887237916,39,7266.0,-1.8900000000000006
17665.0,42,1413.0,16.430232558139537,3.4622546922212667,42,7246.0,0.09990891122988828,42,7246.0,0.20000000000000284
17670.0,43,1477.0,17.376470588235293,3.561958828817598,43,7012.0,0.11128855088991138,43,7012.0,2.339999999999989
17675.0,43,1541.0,17.91860465116279,3.796042613217935,43,6780.0,0.13027033477104993,43,6780.0,2.3200000000000074
17680.0,39,1591.0,17.876404494382022,4.0293174207675255,39,6345.0,0.14595942697304629,39,6345.0,4.349999999999994
17685.0,36,1626.0,18.689655172413794,4.077741343257073,36,5913.0,0.15790739807611573,36,5913.0,4.32
17690.0,35,1657.0,19.04597701149425,4.2530883099088115,35,5510.0,0.15744969021139618,35,5510.0,4.030000000000001
17695.0,34,1710.0,19.655172413793103,4.5967087250217356,33,5114.0,0.1785412018673578,33,5114.0,3.960000000000001
17700.0,32,1786.0,21.011764705882353,4.855974423811269,31,4914.0,0.1912307320798488,31,4914.0,2.0
17705.0,34,1870.0,21.49425287356322,4.44876533768016,32,4712.0,0.1778148336038459,32,4712.0,2.020000000000003
17710.0,33,1212.0,14.093023255813954,4.368448588058087,33,4871.0,0.17402437849769709,33,4871.0,-1.5900000000000034
17715.0,36,550.0,6.395348837209302,4.015211430454389,36,5030.0,0.1494429883934558,36,5030.0,-1.5899999999999963
17720.0,37,475.0,5.459770114942529,4.2787531737511255,37,5204.0,0.1630896969637711,37,5204.0,-1.740000000000002
17725.0,37,432.0,5.023255813953488,4.163209240966794,37,5306.0,0.16366423050903525,37,5306.0,-1.0200000000000031
17730.0,38,595.0,6.839080459770115,4.335572791503295,38,5397.0,0.17999930070694686,38,5397.0,-0.9099999999999966
17735.0,44,801.0,9.102272727272727,4.247286589485248,44,5581.0,0.16011409994642578,44,5581.0,-1.8400000000000034
17740.0,51,1038.0,11.795454545454545,3.607647184566416,51,5818.0,0.1186642990711461,51,5818.0,-2.3699999999999974
17745.0,55,1303.0,14.806818181818182,3.189905286200552,55,6083.0,0.08914679524124551,55,6083.0,-2.6499999999999986
17750.0,57,1470.0,16.896551724137932,2.973459776675121,57,6061.0,0.07650907885028543,57,6061.0,0.21999999999999886
17755.0,56,1559.0,17.322222222222223,3.0255801020750046,56,5805.0,0.09219635275068208,56,5805.0,2.5600000000000023
17760.0,55,1649.0,18.12087912087912,3.1378001190425953,55,5625.0,0.10856485913334384,55,5625.0,1.7999999999999972
17765.0,55,1753.0,19.696629213483146,2.6878815411055057,55,5688.0,0.07742620098063757,55,5688.0,-0.6300000000000026
17770.0,58,1763.0,20.03409090909091,2.6086261411901237,58,5569.0,0.07362942174417908,58,5569.0,1.1900000000000048
17775.0,55,1770.0,20.344827586206897,3.011979751872197,55,5451.0,0.09982552671858042,55,5451.0,1.1799999999999997
17780.0,53,1760.0,19.130434782608695,3.3693187341672335,53,5129.0,0.11358433856919993,53,5129.0,3.219999999999999
17785.0,48,1452.0,15.782608695652174,3.2196106035040164,48,5260.0,0.09591760821457052,48,5260.0,-1.3100000000000023
17790.0,50,1352.0,15.022222222222222,3.092385979344945,50,5341.0,0.09851752376700576,50,5341.0,-0.8099999999999952
17795.0,51,1329.0,15.102272727272727,3.2681100079565315,51,5523.0,0.10815406446122669,51,5523.0,-1.8200000000000003
17800.0,52,1206.0,13.4,3.3190206884935822,52,5556.0,0.09375536312209656,52,5556.0,-0.3300000000000054
17805.0,47,999.0,10.627659574468085,3.6463192234532316,47,5426.0,0.10916756994222804,47,5426.0,1.3000000000000043
17810.0,47,903.0,9.709677419354838,3.7013335072843234,47,5375.0,0.12063701384140275,47,5375.0,0.509999999999998
17815.0,52,919.0,9.77659574468085,3.5477802978410544,52,5373.0,0.10001415052277182,52,5373.0,0.020000000000003126
17820.0,52,902.0,9.698924731182796,3.4288804423932513,52,5420.0,0.08550505410749874,52,5420.0,-0.47000000000000597
17825.0,47,857.0,9.738636363636363,3.464916791095756,47,5248.0,0.10609143745992267,47,5248.0,1.720000000000006
17830.0,43,842.0,9.252747252747254,3.9602547682856004,43,5054.0,0.13019776503995834,43,5054.0,1.9399999999999977
17835.0,43,882.0,9.8,4.126907082911672,43,4722.0,0.13430778233415663,43,4722.0,3.3200000000000003
17840.0,47,928.0,10.545454545454545,3.6470602643450163,47,4449.0,0.10737458450914421,47,4449.0,2.729999999999997
17845.0,43,974.0,10.9438202247191,4.061078590334756,43,4348.0,0.13027943171232,43,4348.0,1.0100000000000051
17850.0,40,910.0,10.459770114942529,4.077745639448706,40,4506.0,0.13303128407321463,40,4506.0,-1.5800000000000054
17855.0,45,945.0,10.5,4.098521733411976,44,4673.0,0.13968732634409078,44,4673.0,-1.6699999999999946
17860.0,43,978.0,10.866666666666667,4.132938561157942,43,4882.0,0.1340987532531033,43,4882.0,-2.0900000000000034
17865.0,45,976.0,10.844444444444445,3.885327154522035,45,4935.0,0.10653188390933814,45,4935.0,-0.5300000000000011
17870.0,41,936.0,10.758620689655173,4.246657369903215,41,4829.0,0.12872061034966115,41,4829.0,1.0600000000000023
17875.0,36,871.0,10.621951219512194,4.409397339509413,36,4705.0,0.1620940692213174,36,4705.0,1.240000000000002
17880.0,31,805.0,9.583333333333334,4.773217237944708,31,4417.0,0.17943421029998566,31,4417.0,2.8799999999999955
17885.0,27,789.0,9.506024096385541,5.111085821846055,27,4118.0,0.19743857004548157,27,4118.0,2.990000000000002
17890.0,31,852.0,10.390243902439025,4.927843302754513,31,3990.0,0.1890926241549947,31,3990.0,1.2800000000000011
17895.0,33,612.0,7.463414634146342,4.407364350168799,33,4020.0,0.15971949800789584,33,4020.0,-0.30000000000000426
17900.0,34,586.0,7.0602409638554215,4.573949291822054,33,3989.0,0.16686408345261314,33,3989.0,0.3100000000000023
17905.0,35,673.0,8.108433734939759,4.624145197405574,35,4065.0,0.17625197707082432,35,4065.0,-0.759999999999998
17910.0,34,717.0,8.74390243902439,4.524982512608301,34,4086.0,0.15236661970232648,34,4086.0,-0.21000000000000085
17915.0,35,723.0,8.925925925925926,4.102674229839257,35,4110.0,0.12081971006572348,35,4110.0,-0.240000000000002
17920.0,30,738.0,9.11111111111111,4.433388188291158,30,4119.0,0.15108817388961085,30,4119.0,-0.0899999999999963
17925.0,29,796.0,9.707317073170731,4.941085820202674,29,3848.0,0.18223890798457718,29,3848.0,2.710000000000001
17930.0,29,856.0,10.19047619047619,4.890091573927423,29,3606.0,0.19219720846666907,29,3606.0,2.4199999999999946
17935.0,31,917.0,11.048192771084338,4.681827914143612,31,3502.0,0.18817337998044759,31,3502.0,1.0399999999999991
17940.0,32,982.0,11.831325301204819,4.175020943054947,31,3285.0,0.14835194909967242,31,3285.0,2.1700000000000017
17945.0,31,1050.0,12.650602409638553,4.55712239946657,29,3087.0,0.1652021005469863,29,3087.0,1.9800000000000004
17950.0,27,1095.0,13.6875,4.728627809511115,26,3004.0,0.18351058569419026,26,3004.0,0.8300000000000018
17955.0,23,1021.0,12.451219512195122,4.548648726487771,22,3063.0,0.18635246882171555,22,3063.0,-0.5899999999999999
17960.0,26,1071.0,13.3875,4.414193872626571,25,3121.0,0.18662627094164502,25,3121.0,-0.5800000000000018
17965.0,30,1186.0,14.641975308641975,4.44619364463197,28,3243.0,0.17305164762569322,28,3243.0,-1.2199999999999989
17970.0,32,881.0,10.74390243902439,4.365747982220236,32,3397.0,0.16558309377986483,32,3397.0,-1.5399999999999991
17975.0,35,608.0,7.506172839506172,4.351647051200605,35,3364.0,0.16620368050570658,35,3364.0,0.3299999999999983
17980.0,35,742.0,8.833333333333334,4.381170035178684,35,3358.0,0.15516797938878865,35,3358.0,0.060000000000002274
17985.0,37,632.0,7.614457831325301,4.260149970437783,37,3419.0,0.14104459935403796,37,3419.0,-0.6099999999999994
17990.0,46,770.0,9.27710843373494,3.552226401894554,46,3463.0,0.10405168516526245,46,3463.0,-0.44000000000000483
17995.0,54,1020.0,12.0,3.2747849556595057,54,3668.0,0.09415648800490883,54,3668.0,-2.049999999999997
18000.0,52,1145.0,13.470588235294118,3.414038488083936,52,3778.0,0.07998766350675737,52,3778.0,-1.1000000000000014
18005.0,49,1172.0,13.627906976744185,3.6007822447188937,49,3736.0,0.10567326343654802,49,3736.0,0.4200000000000017
18010.0,45,1180.0,13.882352941176471,3.798601364874709,45,3676.0,0.12533340455681072,45,3676.0,0.6000000000000014
18015.0,45,1178.0,13.540229885057471,3.8744928732359623,45,3485.0,0.10807575221407295,45,3485.0,1.9099999999999966
18020.0,41,1166.0,13.880952380952381,4.127253370694011,41,3302.0,0.13331728164285023,41,3302.0,1.8299999999999983
18025.0,38,1136.0,14.024691358024691,4.38360292247249,38,3114.0,0.15822615793406253,38,3114.0,1.8800000000000026
18030.0,35,1090.0,12.976190476190476,4.454280485294041,35,3076.0,0.1710092675362734,35,3076.0,0.379999999999999
18035.0,34,939.0,11.047058823529412,4.255353951804849,34,3181.0,0.16192757352704065,34,3181.0,-1.0499999999999972
18040.0,36,884.0,10.279069767441861,4.279680281931128,35,3297.0,0.15762657838785252,35,3297.0,-1.1600000000000001
18045.0,37,868.0,10.333333333333334,4.474823336209405,37,3475.0,0.15899415093566985,37,3475.0,-1.7800000000000011
18050.0,35,726.0,8.642857142857142,4.762578196453271,35,3436.0,0.16229346032227457,35,3436.0,0.39000000000000057
18055.0,31,499.0,5.735632183908046,5.112814408871047,31,3220.0,0.17531442336080594,31,3220.0,2.1599999999999966
18060.0,32,573.0,6.662790697674419,5.307657985970946,32,3088.0,0.19484465905964618,32,3088.0,1.3200000000000038
18065.0,40,605.0,7.117647058823529,4.449846634181417,40,3194.0,0.13917568641710348,40,3194.0,-1.0600000000000023
18070.0,46,819.0,9.75,4.248960639075118,46,3339.0,0.12121244493012358,46,3339.0,-1.4499999999999993
18075.0,51,1064.0,12.975609756097562,3.81547906617444,51,3579.0,0.10927240962538019,51,3579.0,-2.3999999999999986
18080.0,55,1333.0,15.869047619047619,3.3725813375976967,55,3848.0,0.08127964742117479,55,3848.0,-2.6899999999999977
18085.0,58,1615.0,18.77906976744186,3.173068487251737,58,4130.0,0.06239056060433222,58,4130.0,-2.8200000000000003
18090.0,58,1829.0,21.51764705882353,2.7278448851366695,58,4287.0,0.04716925310867592,58,4287.0,-1.5700000000000003
18095.0,56,2029.0,24.74390243902439,2.79932269767583,56,4374.0,0.06816337734530109,56,4374.0,-0.8700000000000045
18100.0,58,2312.0,29.265822784810126,2.555696587506095,58,4539.0,0.0795418143662286,58,4539.0,-1.6499999999999986
18105.0,57,2388.0,28.771084337349397,2.497957947947926,57,4651.0,0.06632511490028689,57,4651.0,-1.1199999999999974
18110.0,53,2308.0,27.476190476190474,2.8638962591938735,53,4583.0,0.08128279575838594,53,4583.0,0.6799999999999997
18115.0,53,2216.0,26.698795180722893,2.7712423610715207,53,4508.0,0.0817488867840126,53,4508.0,0.75
18120.0,50,2114.0,25.78048780487805,2.963155356257568,50,4302.0,0.09619679314202269,50,4302.0,2.059999999999995
18125.0,47,1955.0,23.55421686746988,3.2424841181387354,47,4508.0,0.10622764068130683,47,4508.0,-2.059999999999995
18130.0,49,1840.0,21.647058823529413,3.178818130412595,49,4741.0,0.10822702316995489,49,4741.0,-2.3299999999999983
18135.0,51,1734.0,20.4,3.168310095754005,51,4987.0,0.10329551693893076,51,4987.0,-2.460000000000001
18140.0,53,1593.0,18.523255813953487,2.9292363064281313,52,5088.0,0.07594235481734815,52,5088.0,-1.0100000000000051
18145.0,48,1408.0,16.564705882352943,3.1707370961676875,48,5185.0,0.08623821493531779,48,5185.0,-0.9699999999999989
18150.0,43,1198.0,14.261904761904763,3.632530516099462,43,5108.0,0.11872861059874895,43,5108.0,0.7700000000000031
18155.0,41,998.0,11.471264367816092,3.6712843058048126,41,5313.0,0.1183054067499906,41,5313.0,-2.0500000000000043
18160.0,41,863.0,10.397590361445783,3.5657709315708135,41,5518.0,0.1260881758521229,41,5518.0,-2.049999999999997
18165.0,42,796.0,9.590361445783133,3.221473036826569,42,5726.0,0.09174533257367241,42,5726.0,-2.0799999999999983
18170.0,41,756.0,9.45,3.17020383097366,41,5772.0,0.10303751565482644,41,5772.0,-0.46000000000000085
18175.0,41,806.0,10.333333333333334,3.128406195770866,41,5653.0,0.12073888065704204,41,5653.0,1.1899999999999977
18180.0,42,856.0,10.313253012048193,3.2159381930641544,42,5538.0,0.12355271885426632,42,5538.0,1.1499999999999986
18185.0,38,897.0,10.80722891566265,3.388224480147427,38,5275.0,0.126680578068929,38,5275.0,2.6300000000000026
18190.0,37,928.0,11.45679012345679,3.270389222747442,37,5018.0,0.1297033554452499,37,5018.0,2.5700000000000003
18195.0,33,633.0,7.719512195121951,3.540941168034339,33,5064.0,0.14293771541856476,33,5064.0,-0.46000000000000085
18200.0,34,561.0,6.678571428571429,3.6649797446787153,34,5043.0,0.14766279139117106,34,5043.0,0.21000000000000085
18205.0,35,638.0,7.4186046511627906,3.884529710728478,35,5115.0,0.15539121776411843,35,5115.0,-0.7199999999999989
18210.0,37,702.0,8.258823529411766,3.9371921364128233,37,5136.0,0.1464205043831318,37,5136.0,-0.21000000000000085
18215.0,38,743.0,8.845238095238095,3.7550614046115927,38,5002.0,0.12673416598997897,38,5002.0,1.3399999999999963
18220.0,37,786.0,9.24705882352941,4.2166561884790825,37,4867.0,0.15033182458498323,37,4867.0,1.3500000000000014
18225.0,34,816.0,9.488372093023257,4.652378736445592,34,4578.0,0.17139114631244315,34,4578.0,2.8900000000000006
18230.0,30,774.0,8.696629213483146,4.714984197347516,30,4695.0,0.17206674211966413,30,4695.0,-1.1700000000000017
18235.0,31,810.0,9.204545454545455,4.961066487356124,31,4834.0,0.17965046093643078,31,4834.0,-1.3900000000000006
18240.0,38,914.0,10.627906976744185,4.506333674560354,38,5007.0,0.1522452306392527,38,5007.0,-1.7299999999999969
18245.0,42,999.0,11.75294117647059,4.096989105890406,42,5042.0,0.12039504981524435,42,5042.0,-0.3500000000000014
18250.0,40,1053.0,13.0,3.900655501356974,40,5086.0,0.11980182806135234,40,5086.0,-0.4399999999999977
18255.0,37,1093.0,13.493827160493828,3.795962755337962,37,4954.0,0.14469577447312573,37,4954.0,1.3200000000000003
18260.0,34,1115.0,13.765432098765432,3.9576573523955982,34,4666.0,0.15321689149164333,34,4666.0,2.8800000000000026
18265.0,30,1127.0,13.74390243902439,4.088846408719353,30,4383.0,0.14738704777369013,30,4383.0,2.8299999999999983
18270.0,31,1192.0,14.716049382716049,4.500770236595306,30,4252.0,0.17772489953011913,30,4252.0,1.3099999999999952
18275.0,31,1261.0,15.7625,4.510870550344379,31,4003.0,0.18400728280273854,31,4003.0,2.490000000000002
18280.0,34,1334.0,15.694117647058823,4.439762277435076,33,3895.0,0.18820194970211612,33,3895.0,1.0799999999999983
18285.0,28,1393.0,16.98780487804878,4.39305933827694,28,3654.0,0.20167006759100853,28,3654.0,2.4100000000000037
18290.0,27,1445.0,17.839506172839506,3.9832817568889016,27,3552.0,0.1745245657838569,27,3552.0,1.019999999999996
18295.0,25,1484.0,18.097560975609756,4.316557866102299,23,3661.0,0.1970707734351416,23,3661.0,-1.0899999999999963
18300.0,23,1536.0,18.73170731707317,4.429638993152081,22,3541.0,0.19831632046284756,22,3541.0,1.2000000000000028
18305.0,20,1621.0,18.848837209302324,4.769120596297322,20,3417.0,0.20972817572825314,20,3417.0,1.2399999999999949
18310.0,20,1435.0,16.686046511627907,4.6638230736214705,19,3384.0,0.20103822826207948,19,3384.0,0.3299999999999983
18315.0,23,1461.0,16.988372093023255,4.642967927223357,23,3310.0,0.19579100329142587,23,3310.0,0.740000000000002
18320.0,29,1586.0,18.441860465116278,4.5538675380117954,29,3352.0,0.19200371446294995,29,3352.0,-0.4200000000000017
18325.0,32,1082.0,12.436781609195402,4.425687094072493,31,3507.0,0.15210415634763969,31,3507.0,-1.5499999999999972
18330.0,32,541.0,6.078651685393258,4.297570896081603,31,3414.0,0.13370464512092842,31,3414.0,0.9299999999999997
18335.0,36,562.0,6.459770114942529,3.9672734662005054,36,3346.0,0.11380135809207481,36,3346.0,0.6799999999999997
18340.0,43,740.0,8.505747126436782,3.7192265410987586,43,3325.0,0.09769223856274703,43,3325.0,0.21000000000000085
18345.0,45,843.0,9.579545454545455,3.7901243673420324,45,3400.0,0.10078829822409947,45,3400.0,-0.75
18350.0,50,908.0,10.55813953488372,3.620941042185891,50,3366.0,0.09996709052563423,50,3366.0,0.3400000000000034
18355.0,47,975.0,11.079545454545455,3.8786904477207957,47,3338.0,0.12449770751211603,47,3338.0,0.27999999999999403
18360.0,44,1024.0,11.377777777777778,3.997804046246232,44,3174.0,0.12441124842273978,44,3174.0,1.6400000000000041
18365.0,43,1000.0,11.11111111111111,3.8640682761864054,43,3350.0,0.10824510138752756,43,3350.0,-1.7600000000000016
18370.0,44,1043.0,11.852272727272727,3.935683987220021,44,3546.0,0.11872656651815007,44,3546.0,-1.9600000000000009
18375.0,46,1094.0,13.180722891566266,3.767049794120994,46,3769.0,0.12229400663077837,46,3769.0,-2.229999999999997
18380.0,44,1038.0,12.357142857142858,3.58272025077007,44,3770.0,0.11121533515308846,44,3770.0,-0.010000000000005116
18385.0,42,893.0,10.630952380952381,3.4837768037166534,42,3601.0,0.11361103494162847,42,3601.0,1.6900000000000048
18390.0,40,878.0,10.329411764705883,3.858254591529956,40,3516.0,0.1345949247972108,40,3516.0,0.8500000000000014
18395.0,42,683.0,8.130952380952381,3.516755923384827,42,3595.0,0.11998710938530482,42,3595.0,-0.7900000000000063
18400.0,45,782.0,9.421686746987952,3.5637212569109518,45,3631.0,0.11959350161823859,45,3631.0,-0.35999999999999943
18405.0,51,1022.0,11.883720930232558,3.5625012028035083,51,3778.0,0.1245877957466925,51,3778.0,-1.4699999999999989
18410.0,55,1272.0,14.620689655172415,3.1964939306008255,55,4028.0,0.09135502204355848,55,4028.0,-2.5
18415.0,61,1565.0,17.78409090909091,2.7783566069919003,61,4323.0,0.05650606784110421,61,4323.0,-2.9499999999999957
18420.0,62,1872.0,21.767441860465116,2.6707424824925106,62,4628.0,0.06513556008720227,62,4628.0,-3.0500000000000043
18425.0,62,2157.0,25.987951807228917,2.400466621873349,62,4912.0,0.056749584606109786,62,4912.0,-2.8399999999999963
18430.0,63,2469.0,28.709302325581394,2.442799867859347,63,5216.0,0.06930067914566393,63,5216.0,-3.039999999999999
18435.0,65,2788.0,31.681818181818183,2.5196888063298544,65,5533.0,0.07580585657476686,65,5533.0,-3.1700000000000017
18440.0,63,2884.0,32.77272727272727,2.0529862298033,63,5653.0,0.03733175131467891,63,5653.0,-1.2000000000000028
18445.0,61,2821.0,32.42528735632184,2.2723622366245344,61,5597.0,0.06489601583962251,61,5597.0,0.5600000000000023
18450.0,58,2741.0,31.147727272727273,2.635041224890122,58,5724.0,0.08820442421671998,58,5724.0,-1.2700000000000031
18455.0,60,2659.0,28.902173913043477,2.547061206767147,60,6024.0,0.07537272657923644,60,6024.0,-3.0
18460.0,61,2587.0,28.428571428571427,2.458757295213567,61,6320.0,0.06279694268474015,61,6320.0,-2.960000000000001
18465.0,64,2530.0,29.41860465116279,2.012401852411959,64,6638.0,0.05406480138594368,64,6638.0,-3.1799999999999926
18470.0,62,2421.0,28.48235294117647,1.9561306602119317,62,6774.0,0.05252178338596699,62,6774.0,-1.3599999999999994
18475.0,57,2256.0,26.541176470588237,2.3845021337877306,57,6715.0,0.07623098558556035,57,6715.0,0.5899999999999892
18480.0,52,2066.0,24.023255813953487,2.6883132854228498,52,6633.0,0.10855380002841027,52,6633.0,0.8200000000000074
18485.0,47,1851.0,21.523255813953487,2.9152560184753313,47,6364.0,0.1104891214133107,47,6364.0,2.6899999999999977
18490.0,46,1626.0,18.906976744186046,3.107572716569123,46,6104.0,0.11030976894268815,46,6104.0,2.6000000000000014
18495.0,40,1345.0,15.63953488372093,3.3697880571616294,40,6263.0,0.12766515704214776,40,6263.0,-1.5900000000000034
18500.0,40,1205.0,14.345238095238095,3.657334658446988,40,6431.0,0.15139553577958073,40,6431.0,-1.6799999999999997
18505.0,41,1148.0,13.666666666666666,3.64355610496133,41,6629.0,0.1459913463507759,41,6629.0,-1.980000000000004
18510.0,46,1283.0,15.094117647058823,3.4309722562145306,46,6850.0,0.1059173514823486,46,6850.0,-2.2099999999999937
18515.0,49,1381.0,16.058139534883722,3.125953568765281,49,6920.0,0.09244611998887783,49,6920.0,-0.7000000000000028
18520.0,46,1431.0,16.448275862068964,3.358020168253235,46,6824.0,0.10880117989433337,46,6824.0,0.960000000000008
18525.0,43,1469.0,16.885057471264368,3.853850541976635,43,6719.0,0.1448911603500384,43,6719.0,1.0499999999999972
18530.0,39,1080.0,12.272727272727273,3.7380034315795188,38,6674.0,0.14138553392493602,38,6674.0,0.45000000000000284
18535.0,36,484.0,5.5,3.722994044292662,36,6863.0,0.1267863149348826,36,6863.0,-1.8900000000000006
18540.0,41,411.0,4.617977528089888,3.606512236766108,41,6629.0,0.11692275906807922,41,6629.0,2.339999999999989
18545.0,44,472.0,5.425287356321839,3.2515703980610375,44,6665.0,0.1025359011519044,44,6665.0,-0.35999999999999943
18550.0,47,529.0,6.223529411764706,3.1197875414003966,47,6555.0,0.09903292636300425,47,6555.0,1.1000000000000085
18555.0,44,581.0,6.755813953488372,3.339282650340346,44,6445.0,0.12772677693492251,44,6445.0,1.0999999999999943
18560.0,40,478.0,5.494252873563219,3.2899471633526858,40,6584.0,0.11033013234022224,40,6584.0,-1.3900000000000006
18565.0,42,512.0,5.885057471264368,3.1898336345305744,42,6728.0,0.09755506505515014,42,6728.0,-1.4399999999999977
18570.0,46,564.0,6.409090909090909,3.30604100399848,46,6947.0,0.10653671584167826,46,6947.0,-2.1899999999999977
18575.0,44,576.0,6.620689655172414,3.2010364279977686,44,7116.0,0.09890788034389203,44,7116.0,-1.6899999999999977
18580.0,48,730.0,8.295454545454545,3.167115814769817,48,7305.0,0.10626314193055275,48,7305.0,-1.8900000000000006
18585.0,53,910.0,10.224719101123595,3.019927163886838,53,7558.0,0.09545527541516854,53,7558.0,-2.530000000000001
18590.0,56,1023.0,11.49438202247191,2.438305877004871,56,7642.0,0.055621446103867184,56,7642.0,-0.8400000000000034
18595.0,53,1068.0,11.866666666666667,2.7409004907390435,53,7529.0,0.0801578682152014,53,7529.0,1.1299999999999955
18600.0,50,1098.0,12.337078651685394,3.085602291523996,50,7398.0,0.10782410969460916,50,7398.0,1.3100000000000023
18605.0,47,933.0,10.141304347826088,3.2315704712384217,46,7400.0,0.0999470963672541,46,7400.0,-0.01999999999999602
18610.0,45,660.0,7.333333333333333,3.0399295938152693,45,7630.0,0.0953243778367774,45,7630.0,-2.299999999999997
18615.0,46,584.0,6.488888888888889,2.9421691936977097,46,7426.0,0.09104475864033298,46,7426.0,2.039999999999992
18620.0,51,673.0,7.477777777777778,2.851417135545948,51,7184.0,0.09676556484401244,51,7184.0,2.4200000000000017
18625.0,52,778.0,8.840909090909092,2.8820642740831754,52,7232.0,0.10189944489641764,52,7232.0,-0.47999999999998977
18630.0,55,844.0,9.173913043478262,2.6825649482485683,55,7461.0,0.08390724584765011,55,7461.0,-2.2900000000000063
18635.0,57,979.0,10.641304347826088,2.8755384697300785,57,7735.0,0.09182411974286249,57,7735.0,-2.739999999999995
18640.0,59,1119.0,12.296703296703297,2.687376875988363,59,8023.0,0.07523517036057013,59,8023.0,-2.8800000000000097
18645.0,56,1138.0,12.931818181818182,2.703537768341145,56,8080.0,0.06707096004000926,56,8080.0,-0.5699999999999932
18650.0,51,1055.0,11.988636363636363,3.1497680915746997,51,7883.0,0.08514150655792989,51,7883.0,1.9699999999999989
18655.0,47,999.0,11.1,3.551106328493733,47,7658.0,0.11647553881505014,47,7658.0,2.25
18660.0,47,1034.0,11.362637362637363,3.639771329541747,47,7204.0,0.11202274593767579,47,7204.0,4.539999999999992
18665.0,50,1076.0,11.955555555555556,3.464713552880593,50,6778.0,0.10150867026291628,50,6778.0,4.260000000000005
18670.0,45,1021.0,11.602272727272727,3.4549902682797278,45,6960.0,0.10865146155044886,45,6960.0,-1.8199999999999932
18675.0,48,1053.0,12.10344827586207,3.3664748729102345,48,7159.0,0.1163646999213257,48,7159.0,-1.990000000000009
18680.0,48,1091.0,12.397727272727273,3.4686089398941093,48,7395.0,0.12298490478779946,48,7395.0,-2.3599999999999994
18685.0,45,1083.0,12.593023255813954,3.6715133914085447,45,7395.0,0.11866677404107678,45,7395.0,0.0
18690.0,42,1026.0,12.070588235294117,3.7932156512898447,42,7154.0,0.11241862449423333,42,7154.0,2.4099999999999966
18695.0,38,954.0,11.493975903614459,4.106225783005629,38,6904.0,0.13955462405042454,38,6904.0,2.5
18700.0,33,859.0,10.349397590361447,4.675442755662117,33,6441.0,0.166190421349508,33,6441.0,4.63000000000001
18705.0,28,741.0,8.717647058823529,5.0550878240823955,28,5959.0,0.18535132541042446,28,5959.0,4.819999999999993
18710.0,25,661.0,7.963855421686747,5.354604950352985,25,5674.0,0.20972676860574938,25,5674.0,2.8500000000000014
18715.0,28,721.0,8.901234567901234,4.950927308578262,28,5207.0,0.192535135810567,28,5207.0,4.670000000000002
18720.0,30,753.0,9.296296296296296,4.655824943351034,29,5314.0,0.1707756531476928,29,5314.0,-1.0700000000000003
18725.0,34,842.0,10.658227848101266,4.747071593957589,34,5468.0,0.17524516610062854,34,5468.0,-1.5399999999999991
18730.0,34,931.0,11.784810126582279,4.466964751331975,34,5629.0,0.17308218858276306,34,5629.0,-1.6099999999999994
18735.0,32,712.0,9.012658227848101,4.359020549193004,32,5618.0,0.15595780993138403,32,5618.0,0.10999999999999943
18740.0,31,443.0,5.469135802469136,4.420396252080958,31,5481.0,0.1491454451466205,31,5481.0,1.3699999999999974
18745.0,33,586.0,7.234567901234568,4.849605277450444,33,5425.0,0.1775313121032063,33,5425.0,0.5600000000000023
18750.0,38,766.0,9.575,4.758351390068874,38,5451.0,0.16852667551856354,38,5451.0,-0.259999999999998
18755.0,43,971.0,11.987654320987655,4.08803407995549,43,5651.0,0.13800317491207442,43,5651.0,-2.0
18760.0,49,1201.0,14.646341463414634,3.535334776065576,49,5882.0,0.10431094557093298,49,5882.0,-2.3100000000000023
18765.0,55,1461.0,18.037037037037038,2.9380557497943216,55,6141.0,0.0712038731018092,55,6141.0,-2.5899999999999963
18770.0,53,1583.0,19.54320987654321,3.0872300849168983,53,6169.0,0.07202592874151323,53,6169.0,-0.28000000000000114
18775.0,50,1589.0,19.378048780487806,3.5497955597785267,50,5947.0,0.09217810310156678,50,5947.0,2.219999999999999
18780.0,47,1577.0,18.773809523809526,3.6824511799581745,47,5711.0,0.11735013879820946,47,5711.0,2.3599999999999994
18785.0,43,1547.0,18.63855421686747,3.8763579950109213,43,5237.0,0.12619882259929976,43,5237.0,4.740000000000002
18790.0,42,1506.0,18.365853658536587,3.754699914350429,42,4805.0,0.12686209227250148,42,4805.0,4.32
18795.0,38,1142.0,14.098765432098766,3.7549378794262855,38,4874.0,0.1265977729380915,38,4874.0,-0.6900000000000048
18800.0,37,972.0,12.15,3.8949894145352446,37,4876.0,0.14367584912744302,37,4876.0,-0.01999999999999602
18805.0,38,907.0,10.927710843373495,4.130382484272583,38,4967.0,0.1557646336599642,38,4967.0,-0.9100000000000037
18810.0,37,805.0,9.698795180722891,4.092977545932304,37,4960.0,0.1440061847157815,37,4960.0,0.07000000000000028
18815.0,38,669.0,8.158536585365853,3.6426935315410547,38,4954.0,0.10606382464678137,38,4954.0,0.060000000000002274
18820.0,36,559.0,6.734939759036145,3.8794650091124976,36,4938.0,0.12825903722215465,36,4938.0,0.1599999999999966
18825.0,34,475.0,5.72289156626506,4.042470822487882,34,5084.0,0.13515916329143102,34,5084.0,-1.4600000000000009
18830.0,34,470.0,5.595238095238095,3.9583831029255796,34,5247.0,0.14567898323971784,34,5247.0,-1.6299999999999955
18835.0,35,517.0,6.304878048780488,4.060552816948746,35,5416.0,0.15409641772832414,35,5416.0,-1.6899999999999977
18840.0,39,581.0,7.0,3.513829433284699,39,5406.0,0.09951662147319498,39,5406.0,0.09999999999999432
18845.0,41,626.0,7.634146341463414,3.301488027114679,41,5219.0,0.10221435605393607,41,5219.0,1.8700000000000045
18850.0,39,670.0,8.170731707317072,3.549098067211722,39,5038.0,0.12680690961793223,39,5038.0,1.8099999999999952
18855.0,38,690.0,8.414634146341463,3.223734996809742,38,5213.0,0.11380563207114923,38,5213.0,-1.75
18860.0,39,727.0,8.759036144578314,3.2844728162178938,39,5407.0,0.10783664802728886,39,5407.0,-1.9399999999999977
18865.0,44,784.0,9.44578313253012,2.8939903468256505,44,5611.0,0.08774385916353918,44,5611.0,-2.039999999999999
18870.0,43,852.0,10.518518518518519,2.779480966450811,43,5625.0,0.08709183600478303,43,5625.0,-0.14000000000000057
18875.0,42,901.0,11.123456790123457,2.9635552567504866,42,5642.0,0.09386774994984827,42,5642.0,-0.1700000000000017
18880.0,42,951.0,11.321428571428571,3.268077251756647,42,5456.0,0.12232158755712337,42,5456.0,1.8599999999999994
18885.0,43,796.0,9.476190476190476,2.81847886977397,43,5576.0,0.09770296519736038,43,5576.0,-1.1999999999999957
18890.0,45,831.0,9.776470588235295,2.5838332955597116,45,5724.0,0.07694404674701583,45,5724.0,-1.480000000000004
18895.0,47,904.0,10.635294117647058,2.9484118647414808,47,5889.0,0.091585130334742,47,5889.0,-1.6499999999999986
18900.0,45,928.0,11.317073170731707,2.921004457926177,45,5909.0,0.10520397858526913,45,5909.0,-0.20000000000000284
18905.0,41,928.0,11.047619047619047,3.0481282349103345,41,5701.0,0.1140383903807124,41,5701.0,2.0800000000000054
18910.0,42,973.0,11.447058823529412,3.275730219151877,42,5488.0,0.12252188452858015,42,5488.0,2.1299999999999955
18915.0,43,575.0,6.764705882352941,2.80341816395105,43,5526.0,0.08490327647716478,43,5526.0,-0.37999999999999545
18920.0,40,347.0,4.08235294117647,3.2294321566516415,40,5459.0,0.10508383100294558,40,5459.0,0.6699999999999946
18925.0,43,395.0,4.593023255813954,3.6121320832967,43,5485.0,0.12234391312227812,43,5485.0,-0.259999999999998
18930.0,43,406.0,4.613636363636363,3.4243190916913444,43,5480.0,0.1054758256623155,43,5480.0,0.05000000000000426
18935.0,39,406.0,4.666666666666667,3.8211272560313705,39,5252.0,0.12376291844132305,39,5252.0,2.279999999999994
18940.0,41,445.0,5.114942528735632,3.6814268555254595,41,5030.0,0.11235786160276184,41,5030.0,2.220000000000006
18945.0,40,494.0,5.811764705882353,3.793759134059384,40,4643.0,0.12389208462477394,40,4643.0,3.8699999999999974
18950.0,38,530.0,6.091954022988506,4.2957658638878,38,4304.0,0.1459170164357863,38,4304.0,3.3900000000000006
18955.0,34,552.0,6.2727272727272725,4.431192978136821,34,4165.0,0.16378264814180213,34,4165.0,1.3900000000000006
18960.0,31,426.0,4.953488372093023,4.364703533070016,31,4260.0,0.16178813330424596,31,4260.0,-0.9500000000000028
18965.0,35,457.0,5.506024096385542,3.931562491986434,35,4360.0,0.1415617418117521,35,4360.0,-1.0
18970.0,38,560.0,6.746987951807229,4.125850349676618,38,4534.0,0.14842545836158952,38,4534.0,-1.740000000000002
18975.0,39,548.0,6.682926829268292,4.155585935725063,39,4629.0,0.14038293351850778,39,4629.0,-0.9499999999999957
18980.0,38,612.0,7.2,4.510691921350577,38,4688.0,0.14973539804172128,38,4688.0,-0.5900000000000034
18985.0,41,733.0,8.623529411764705,4.359453960510127,41,4831.0,0.1477892034010887,41,4831.0,-1.4299999999999997
18990.0,42,774.0,9.325301204819278,3.6962901039529554,42,4869.0,0.11253641793809621,42,4869.0,-0.37999999999999545
18995.0,38,786.0,9.703703703703704,4.033021673377054,38,4742.0,0.1343602023998678,38,4742.0,1.269999999999996
19000.0,38,821.0,10.012195121951219,4.590384998944371,38,4612.0,0.15646499164865244,38,4612.0,1.3000000000000043
19005.0,39,856.0,10.070588235294117,4.529940051380969,39,4327.0,0.1486169278388532,39,4327.0,2.8499999999999943
19010.0,38,891.0,10.36046511627907,4.583431778009826,38,4060.0,0.14059737520360588,38,4060.0,2.6700000000000017
19015.0,38,924.0,11.132530120481928,4.366534627141435,38,3813.0,0.1362056643026757,38,3813.0,2.469999999999999
19020.0,37,948.0,11.703703703703704,4.442539123194108,36,3580.0,0.15723130711258324,36,3580.0,2.3300000000000054
19025.0,32,947.0,11.8375,4.770308341407475,31,3477.0,0.18776786145169244,31,3477.0,1.029999999999994
19030.0,30,935.0,11.402439024390244,4.837498859891397,28,3353.0,0.2007670190990272,28,3353.0,1.240000000000002
19035.0,24,900.0,10.843373493975903,5.1094026563125405,24,3234.0,0.21123873564266674,24,3234.0,1.1899999999999977
19040.0,25,787.0,9.597560975609756,4.682126537910038,25,3298.0,0.1869024192398063,25,3298.0,-0.6399999999999935
19045.0,27,780.0,9.512195121951219,4.887857249421267,27,3405.0,0.20231228111245325,27,3405.0,-1.0700000000000003
19050.0,30,846.0,10.575,4.981002420631184,28,3537.0,0.20434881335746274,28,3537.0,-1.3200000000000003
19055.0,27,902.0,11.135802469135802,4.805783092322977,26,3530.0,0.20055967557440998,26,3530.0,0.07000000000000028
19060.0,26,950.0,11.728395061728396,4.941362787955147,26,3401.0,0.2016790427245655,26,3401.0,1.2899999999999991
19065.0,31,1009.0,12.304878048780488,4.763666719947344,31,3292.0,0.17552632664065046,31,3292.0,1.0899999999999963
19070.0,32,621.0,7.481927710843373,4.42685948974428,32,3430.0,0.1355201555749518,32,3430.0,-1.3799999999999955
19075.0,36,410.0,5.061728395061729,4.194857597480029,36,3599.0,0.13236464200497092,36,3599.0,-1.6900000000000048
19080.0,37,480.0,5.783132530120482,4.110354011023384,37,3444.0,0.12821259796627055,37,3444.0,1.5500000000000043
19085.0,37,560.0,6.746987951807229,4.288366615114696,37,3374.0,0.1379140822081553,37,3374.0,0.6999999999999957
19090.0,40,670.0,8.170731707317072,3.8433306874378155,40,3405.0,0.11683244365415361,40,3405.0,-0.30999999999999517
19095.0,42,554.0,6.674698795180723,3.794297535398501,41,3504.0,0.09756538674482963,41,3504.0,-0.990000000000002
19100.0,42,646.0,8.075,3.785397995415604,42,3718.0,0.10205133802606264,42,3718.0,-2.1400000000000006
19105.0,44,835.0,10.060240963855422,3.7183570915375515,44,3783.0,0.11285838053773219,44,3783.0,-0.6499999999999986
19110.0,47,1021.0,12.7625,3.2484280516954174,47,3956.0,0.10152277190273903,47,3956.0,-1.730000000000004
19115.0,54,1273.0,15.9125,2.6906613478093067,54,4160.0,0.06808295249024818,54,4160.0,-2.039999999999999
19120.0,57,1553.0,19.17283950617284,2.9836494957907798,57,4438.0,0.08118470006034163,57,4438.0,-2.780000000000001
19125.0,56,1670.0,20.120481927710845,3.07127917617208,56,4547.0,0.07164091862757412,56,4547.0,-1.0899999999999963
19130.0,52,1660.0,19.761904761904763,3.17038862833256,52,4474.0,0.0919314263657198,52,4474.0,0.7299999999999969
19135.0,48,1633.0,19.914634146341463,3.342168272359659,48,4387.0,0.11620534679516643,48,4387.0,0.8700000000000045
19140.0,48,1594.0,19.4390243902439,3.128261785523646,48,4128.0,0.1041411961562654,48,4128.0,2.5899999999999963
19145.0,45,1547.0,19.098765432098766,3.475831935470008,45,4030.0,0.1341636111888443,45,4030.0,0.980000000000004
19150.0,42,1483.0,18.085365853658537,3.9044439356123855,42,3772.0,0.15364939298141836,42,3772.0,2.5799999999999983
19155.0,39,1271.0,15.130952380952381,3.6663585780780115,38,3885.0,0.1380938899371406,38,3885.0,-1.1300000000000026
19160.0,39,1164.0,13.857142857142858,3.95229322786188,38,3979.0,0.15371189109866523,38,3979.0,-0.9399999999999977
19165.0,42,1085.0,12.764705882352942,3.812237584255139,42,4161.0,0.12938640556934877,42,4161.0,-1.8200000000000003
19170.0,41,974.0,11.595238095238095,3.8473090238107037,41,4203.0,0.11963493001443917,41,4203.0,-0.4200000000000017
19175.0,36,827.0,10.085365853658537,4.396897818323951,36,4077.0,0.14670842834621917,36,4077.0,1.259999999999998
19180.0,31,710.0,8.352941176470589,4.8656024284070405,31,3936.0,0.1785978013873871,31,3936.0,1.4100000000000037
19185.0,26,625.0,7.352941176470588,5.186575568065207,26,3645.0,0.19127070050029443,26,3645.0,2.9099999999999966
19190.0,24,586.0,7.146341463414634,5.14126119391229,24,3384.0,0.19657793034891913,24,3384.0,2.6099999999999994
19195.0,25,635.0,7.7439024390243905,5.436064053729179,25,3263.0,0.21463100233255583,25,3263.0,1.2100000000000009
19200.0,27,687.0,8.481481481481481,5.28152467550126,26,3051.0,0.20194768451556588,26,3051.0,2.120000000000001
19205.0,28,739.0,8.903614457831326,4.9508336491756735,26,2864.0,0.19464198209587263,26,2864.0,1.870000000000001
19210.0,23,779.0,9.860759493670885,4.834433413685397,23,2792.0,0.20772205445988765,23,2792.0,0.7199999999999989
19215.0,20,434.0,5.564102564102564,4.611131551442961,20,2739.0,0.19026536829766544,20,2739.0,0.5300000000000011
19220.0,19,285.0,3.7012987012987013,4.855730966054053,19,2606.0,0.22192426951944763,19,2606.0,1.3300000000000018
19225.0,19,320.0,4.102564102564102,5.437611789881295,19,2568.0,0.24366510683946357,19,2568.0,0.379999999999999
19230.0,23,375.0,4.573170731707317,5.094392300180577,23,2631.0,0.2201520345958753,23,2631.0,-0.629999999999999
19235.0,28,505.0,6.0843373493975905,5.13467306943004,28,2755.0,0.20880469162448753,28,2755.0,-1.240000000000002
19240.0,36,664.0,7.811764705882353,4.779987789544084,36,2907.0,0.15667183669845802,36,2907.0,-1.5199999999999996
19245.0,37,761.0,9.168674698795181,4.581260120356931,37,2965.0,0.12790481577248392,37,2965.0,-0.5799999999999983
19250.0,37,801.0,9.88888888888889,4.632562307107871,37,2905.0,0.12895696009222812,37,2905.0,0.5999999999999979
19255.0,37,841.0,10.132530120481928,4.775486248272386,37,2846.0,0.14556024181465282,37,2846.0,0.5899999999999999
19260.0,38,880.0,10.731707317073171,4.432382462459851,38,3030.0,0.12726234518849425,38,3030.0,-1.8399999999999999
19265.0,41,931.0,11.6375,3.923025228961221,41,3226.0,0.10384896715533763,41,3226.0,-1.9599999999999973
19270.0,42,993.0,12.569620253164556,3.9231273216516285,42,3433.0,0.1036099326080321,42,3433.0,-2.0700000000000003
19275.0,40,1011.0,13.12987012987013,3.7877232921091815,40,3510.0,0.10901305355817441,40,3510.0,-0.7700000000000031
19280.0,38,983.0,12.2875,3.7873495562251827,38,3448.0,0.1277264703045426,38,3448.0,0.6200000000000045
19285.0,33,936.0,12.155844155844155,3.8909340448900984,33,3372.0,0.15377965490094456,33,3372.0,0.759999999999998
19290.0,33,908.0,11.792207792207792,3.748887603522745,33,3181.0,0.13249768171686613,33,3181.0,1.9100000000000001
19295.0,29,935.0,12.466666666666667,4.159859342101321,29,2992.0,0.16531209095894467,29,2992.0,1.889999999999997
19300.0,29,997.0,13.118421052631579,4.629354534534105,29,2804.0,0.1943896966636925,29,2804.0,1.8800000000000026
19305.0,30,1065.0,13.481012658227849,4.531782926547705,29,2740.0,0.20033786539577958,29,2740.0,0.6400000000000006
19310.0,31,903.0,11.430379746835444,4.158483359665102,31,2779.0,0.1766053754975854,31,2779.0,-0.39000000000000057
19315.0,32,903.0,11.727272727272727,4.031217462923244,30,2767.0,0.17455319235410302,30,2767.0,0.11999999999999744
19320.0,33,981.0,12.417721518987342,4.565016513028945,33,2848.0,0.18148873655716374,33,2848.0,-0.8099999999999987
19325.0,31,1018.0,12.725,4.663419870831204,31,2894.0,0.1868989219055496,31,2894.0,-0.46000000000000085
19330.0,29,1043.0,12.71951219512195,4.680603356599235,29,2925.0,0.1797996572722211,29,2925.0,-0.3099999999999987
19335.0,28,1097.0,13.378048780487806,4.916199569795871,28,2950.0,0.1829019875431587,28,2950.0,-0.25
19340.0,31,1159.0,13.797619047619047,4.830805695091162,31,2772.0,0.17814067618439108,31,2772.0,1.7800000000000011
19345.0,31,1229.0,14.987804878048781,4.787316548640101,31,2622.0,0.18788934774039115,31,2622.0,1.5
19350.0,32,1265.0,15.617283950617283,4.337304568474507,32,2751.0,0.1550504750930391,32,2751.0,-1.2900000000000027
19355.0,34,1345.0,16.204819277108435,4.095194236649209,34,2911.0,0.1503944288699999,34,2911.0,-1.5999999999999979
19360.0,37,1436.0,17.095238095238095,4.06061161770116,37,3084.0,0.1504781614556389,37,3084.0,-1.7300000000000004
19365.0,37,1492.0,17.761904761904763,3.768915486760662,37,3155.0,0.10709177180246811,37,3155.0,-0.7100000000000009
19370.0,34,1515.0,18.475609756097562,4.050960732802697,34,3112.0,0.13292749411149582,34,3112.0,0.4299999999999997
19375.0,30,1566.0,19.097560975609756,4.534391084515548,30,3091.0,0.16949985927161618,30,3091.0,0.21000000000000085
19380.0,30,1640.0,19.294117647058822,4.63429909939555,30,2998.0,0.17684729386269019,30,2998.0,0.9299999999999997
19385.0,30,1058.0,12.74698795180723,4.28679097495116,29,2900.0,0.1622153713529081,29,2900.0,0.9800000000000004
19390.0,35,522.0,6.289156626506024,3.972364835181478,35,3066.0,0.1311532212122868,35,3066.0,-1.6600000000000001
19395.0,37,525.0,6.402439024390244,3.9565985141860094,37,2828.0,0.13256797175710414,37,2828.0,2.379999999999999
19400.0,38,630.0,7.5,4.235651566165761,38,2679.0,0.16494826250227443,38,2679.0,1.490000000000002
19405.0,40,700.0,8.333333333333334,3.7864239132567143,40,2834.0,0.1408521524729541,40,2834.0,-1.5500000000000007
19410.0,44,845.0,10.180722891566266,3.558474138182901,44,3036.0,0.12858288551921693,44,3036.0,-2.0199999999999996
19415.0,47,1024.0,12.487804878048781,3.278500150377093,47,3263.0,0.11550875890013527,47,3263.0,-2.270000000000003
19420.0,52,1266.0,15.071428571428571,3.283181667093958,52,3509.0,0.09994340154275536,52,3509.0,-2.460000000000001
19425.0,53,1410.0,16.785714285714285,3.2331921890014264,53,3658.0,0.09190706239512145,53,3658.0,-1.4899999999999949
19430.0,53,1475.0,17.352941176470587,2.9719380852294135,53,3695.0,0.09384782591179767,53,3695.0,-0.37000000000000455
19435.0,51,1535.0,18.058823529411764,3.28284206543165,51,3723.0,0.11521022375514761,51,3723.0,-0.27999999999999403
19440.0,50,1207.0,14.034883720930232,2.783340298968268,50,3822.0,0.07629092926792147,50,3822.0,-0.990000000000002
19445.0,48,1085.0,12.916666666666666,2.9761553323242973,48,3838.0,0.0940965458869502,48,3838.0,-0.1600000000000037
19450.0,49,1128.0,13.428571428571429,3.299594654652053,49,3949.0,0.1129654548756424,49,3949.0,-1.1099999999999994
19455.0,50,1132.0,13.31764705882353,2.9346142430681006,50,4069.0,0.09380082203506372,50,4069.0,-1.1999999999999957
19460.0,47,1095.0,12.586206896551724,3.128951005408854,47,4059.0,0.09587131137737935,47,4059.0,0.09999999999999432
19465.0,46,1048.0,12.186046511627907,3.1055228750800077,46,4045.0,0.10065617358409905,46,4045.0,0.14000000000000057
19470.0,43,958.0,11.011494252873563,3.277325118730387,43,4235.0,0.09792209185592239,43,4235.0,-1.8999999999999986
19475.0,45,918.0,10.674418604651162,3.428314269224372,45,4454.0,0.10970020287581764,45,4454.0,-2.1899999999999977
19480.0,48,942.0,10.351648351648352,3.4236412629048165,48,4683.0,0.10856309636207905,48,4683.0,-2.289999999999999
19485.0,46,983.0,10.922222222222222,3.2968643420642283,46,4788.0,0.09460008892158486,46,4788.0,-1.0500000000000043
19490.0,44,1027.0,11.670454545454545,3.2507601756683253,44,4758.0,0.09914626797037411,44,4758.0,0.30000000000000426
19495.0,45,1101.0,12.952941176470588,3.3050656851743825,45,4735.0,0.11653540790335135,45,4735.0,0.22999999999999687
19500.0,45,888.0,10.447058823529412,3.1754005243101835,44,4734.0,0.10622561000575236,44,4734.0,0.00999999999999801
19505.0,41,500.0,5.747126436781609,3.131965796926558,41,4952.0,0.10663448236114839,41,4952.0,-2.1799999999999997
19510.0,40,474.0,5.448275862068965,3.10257403542988,40,4769.0,0.11562422374539844,40,4769.0,1.8300000000000054
19515.0,43,365.0,4.195402298850575,2.6808615459894276,43,4886.0,0.09071587254132074,43,4886.0,-1.1700000000000017
19520.0,48,476.0,5.471264367816092,2.8393920731485527,48,5055.0,0.09124900610171906,48,5055.0,-1.6899999999999977
19525.0,53,656.0,7.809523809523809,2.5913394259513254,53,5232.0,0.09246104851585984,53,5232.0,-1.7700000000000031
19530.0,57,807.0,9.067415730337078,2.522627976327272,57,5473.0,0.0867092073937323,57,5473.0,-2.4099999999999966
19535.0,59,1018.0,11.311111111111112,2.4113716836613452,59,5746.0,0.07346553256858454,59,5746.0,-2.730000000000004
19540.0,62,1244.0,13.67032967032967,2.255617624609412,62,6046.0,0.06549251530747371,62,6046.0,-3.0
19545.0,60,1387.0,15.241758241758241,2.445334035250519,60,6168.0,0.060762368322353356,60,6168.0,-1.2199999999999989
19550.0,56,1481.0,16.640449438202246,2.8090646377436443,56,6156.0,0.08839377595827895,56,6156.0,0.11999999999999744
19555.0,60,1756.0,19.296703296703296,2.9421906575244683,60,6222.0,0.09383982104917155,60,6222.0,-0.6599999999999966
19560.0,65,1890.0,20.76923076923077,2.3219785280551988,65,6357.0,0.06032278098510515,65,6357.0,-1.3500000000000014
19565.0,65,1913.0,21.255555555555556,2.032552236034807,65,6329.0,0.044310594526389094,65,6329.0,0.28000000000000114
19570.0,62,1928.0,21.186813186813186,2.5967626953075915,62,6290.0,0.07133834087302605,62,6290.0,0.39000000000000057
19575.0,58,1928.0,21.42222222222222,2.9986226315913482,58,6075.0,0.09141476397101009,58,6075.0,2.1499999999999986
19580.0,53,1796.0,19.52173913043478,3.1949934098273416,53,6296.0,0.10141281846048507,53,6296.0,-2.210000000000001
19585.0,53,1761.0,19.35164835164835,3.4159611657293905,53,6507.0,0.11293093328956239,53,6507.0,-2.1099999999999923
19590.0,55,1729.0,19.426966292134832,3.0602124804806925,55,6772.0,0.08611177750323613,55,6772.0,-2.6500000000000057
19595.0,54,1667.0,18.943181818181817,3.0741557482818536,54,7014.0,0.0831371837780602,54,7014.0,-2.4200000000000017
19600.0,53,1631.0,18.74712643678161,3.3434816650400334,53,7277.0,0.0870863713464672,53,7277.0,-2.6299999999999955
19605.0,53,1596.0,17.93258426966292,3.451807602406868,53,7539.0,0.09679434635200006,53,7539.0,-2.6200000000000045
19610.0,50,1465.0,16.647727272727273,3.320010541621287,50,7601.0,0.09004421061331953,50,7601.0,-0.6200000000000045
19615.0,48,1257.0,14.788235294117648,3.1113411489191636,48,7458.0,0.0904463760372926,48,7458.0,1.4300000000000068
19620.0,43,1034.0,12.457831325301205,3.554677949102208,43,7299.0,0.12856737187689804,43,7299.0,1.5900000000000034
19625.0,39,868.0,10.716049382716049,3.92984921534593,39,6930.0,0.14947060239521343,39,6930.0,3.6899999999999977
19630.0,41,903.0,10.75,3.8455049279081712,41,7116.0,0.13947212568126688,41,7116.0,-1.8599999999999994
19635.0,47,973.0,11.583333333333334,3.355988219635436,47,7338.0,0.11793510196788999,47,7338.0,-2.219999999999999
19640.0,50,1063.0,12.963414634146341,2.934405812672108,50,7576.0,0.09711176972204827,50,7576.0,-2.3800000000000097
19645.0,49,1127.0,14.0875,2.8057046445006093,49,7795.0,0.09116160609707287,49,7795.0,-2.1899999999999977
19650.0,51,1227.0,15.148148148148149,2.957911501105266,51,8042.0,0.10137965208931621,51,8042.0,-2.469999999999999
19655.0,52,1332.0,15.670588235294117,2.935776085604036,52,8295.0,0.10357038598133314,52,8295.0,-2.530000000000001
19660.0,51,1351.0,15.894117647058824,2.902961048421479,51,8338.0,0.09699518759318351,51,8338.0,-0.4299999999999926
19665.0,50,1301.0,15.305882352941177,2.8192686701745866,50,8165.0,0.08802111999613554,50,8165.0,1.7299999999999898
19670.0,45,1263.0,15.216867469879517,3.252586618262713,45,7983.0,0.12407538465049829,45,7983.0,1.8200000000000074
19675.0,41,1267.0,15.451219512195122,3.6878192254424107,41,7581.0,0.1425302401690628,41,7581.0,4.019999999999996
19680.0,41,1322.0,15.372093023255815,3.973984820353263,41,7176.0,0.15227631360762325,41,7176.0,4.049999999999997
19685.0,42,1377.0,15.827586206896552,3.6905101114696968,42,6983.0,0.14035865839113837,42,6983.0,1.9300000000000068
19690.0,43,1415.0,16.845238095238095,3.272944541013149,43,7172.0,0.11815993871482759,43,7172.0,-1.8900000000000006
19695.0,46,1482.0,17.85542168674699,3.1759584265832563,46,7399.0,0.12109466104529203,46,7399.0,-2.269999999999996
19700.0,46,1557.0,18.98780487804878,3.2955823018341857,46,7619.0,0.13153102438145883,46,7619.0,-2.200000000000003
19705.0,45,1588.0,18.46511627906977,3.5125376679983473,45,7635.0,0.12751683182041826,45,7635.0,-0.1599999999999966
19710.0,42,1573.0,18.080459770114942,3.724545452063719,42,7432.0,0.13135812975877997,42,7432.0,2.030000000000001
19715.0,40,1546.0,17.770114942528735,3.907005393186903,40,7221.0,0.14218635790384965,40,7221.0,2.1099999999999994
19720.0,35,1525.0,17.528735632183906,4.446068785189801,35,6794.0,0.1628970148216604,35,6794.0,4.269999999999996
19725.0,31,1540.0,18.11764705882353,4.8965746182872465,31,6364.0,0.18907334142836932,31,6364.0,4.299999999999997
19730.0,31,1615.0,18.352272727272727,5.078773978664599,31,6138.0,0.20175577551823284,31,6138.0,2.259999999999998
19735.0,36,1681.0,19.32183908045977,4.364447592939342,35,6283.0,0.15592604073381583,35,6283.0,-1.4499999999999957
19740.0,42,1793.0,20.848837209302324,4.012662745473138,41,6481.0,0.13906820705413164,41,6481.0,-1.980000000000004
19745.0,42,1920.0,22.857142857142858,3.923138166405335,42,6688.0,0.14232397002056743,42,6688.0,-2.069999999999993
19750.0,41,1479.0,17.819277108433734,4.019996526700034,41,6624.0,0.1363251902044698,41,6624.0,0.6400000000000006
19755.0,38,791.0,9.19767441860465,4.107644799857865,38,6354.0,0.1481174162938885,38,6354.0,2.6999999999999957
19760.0,35,678.0,7.793103448275862,4.292731299853535,35,6134.0,0.16041051138639828,35,6134.0,2.1999999999999957
19765.0,39,855.0,9.827586206896552,4.181655448706212,39,5895.0,0.14846379666258847,39,5895.0,2.3900000000000006
19770.0,45,962.0,11.057471264367816,3.8933270174391583,45,5886.0,0.12656942042851294,45,5886.0,0.09000000000000341
19775.0,48,1016.0,11.813953488372093,3.699952975907062,48,5683.0,0.12080864253449983,48,5683.0,2.030000000000001
19780.0,47,1071.0,12.310344827586206,3.6935900145081595,47,5483.0,0.12273757557049156,47,5483.0,2.0
19785.0,47,1107.0,12.724137931034482,3.4566361849955176,47,5699.0,0.09858613070986715,47,5699.0,-2.1600000000000037
19790.0,50,1171.0,13.306818181818182,3.307324241454287,50,5945.0,0.0814401591733859,50,5945.0,-2.460000000000001
19795.0,52,1246.0,14.658823529411764,3.1412493880237093,52,6198.0,0.08252132585180832,52,6198.0,-2.529999999999994
19800.0,50,993.0,11.821428571428571,3.158707243210468,50,6320.0,0.08484535027618464,50,6320.0,-1.220000000000006
19805.0,50,940.0,10.681818181818182,3.2050894597049435,50,6370.0,0.09774306641911547,50,6370.0,-0.5
19810.0,49,1005.0,11.420454545454545,3.3083866312202086,49,6512.0,0.10938225036080325,49,6512.0,-1.4200000000000017
19815.0,51,989.0,11.367816091954023,2.7893127889605718,51,6523.0,0.07516618827846139,51,6523.0,-0.10999999999999943
19820.0,50,917.0,10.540229885057471,2.8982540983936054,50,6538.0,0.07356276626186807,50,6538.0,-0.14999999999999147
19825.0,47,878.0,10.091954022988507,3.0743976547518597,47,6533.0,0.09454672678772441,47,6533.0,0.04999999999999716
19830.0,43,891.0,10.01123595505618,3.2799562994620555,43,6050.0,0.1143765070908272,43,6050.0,4.829999999999998
19835.0,41,933.0,10.976470588235294,3.3713559912170856,41,5595.0,0.14089857060453354,41,5595.0,4.549999999999997
19840.0,44,966.0,11.232558139534884,2.9645332340621113,44,5784.0,0.09718207775268148,44,5784.0,-1.8900000000000006
19845.0,48,1045.0,12.294117647058824,3.006255827919958,48,6021.0,0.1074592011499877,48,6021.0,-2.3699999999999974
19850.0,49,1134.0,13.186046511627907,3.2782811409046193,49,6262.0,0.10756230294615196,49,6262.0,-2.4099999999999966
19855.0,49,1182.0,13.133333333333333,3.155741614585863,49,6273.0,0.09382071626586555,49,6273.0,-0.10999999999999943
19860.0,45,1189.0,13.21111111111111,3.3101555736997765,45,6048.0,0.1045351535036279,45,6048.0,2.25
19865.0,42,1180.0,13.258426966292134,3.5345520359148117,42,5810.0,0.1216365192844069,42,5810.0,2.3799999999999955
19870.0,38,1153.0,13.406976744186046,3.7725404746573243,38,5354.0,0.1343077211493094,38,5354.0,4.560000000000002
19875.0,33,1105.0,13.0,4.394338408018326,33,4897.0,0.1670323583595804,33,4897.0,4.57
19880.0,29,1092.0,12.551724137931034,4.574838463210947,29,4742.0,0.18145242813677817,29,4742.0,1.5499999999999972
19885.0,28,1161.0,13.5,4.474559451215568,28,4590.0,0.18060153270001084,28,4590.0,1.5200000000000031
19890.0,33,882.0,10.255813953488373,4.036067756441537,32,4598.0,0.1539484232375725,32,4598.0,-0.0799999999999983
19895.0,38,503.0,5.91764705882353,3.814104650404044,37,4781.0,0.1388944782124873,37,4781.0,-1.8300000000000054
19900.0,41,583.0,7.109756097560975,3.710277803307133,41,4975.0,0.139258416479905,41,4975.0,-1.9399999999999977
19905.0,38,647.0,7.523255813953488,3.9089257938256963,37,4948.0,0.14637379431412736,37,4948.0,0.2700000000000031
19910.0,34,432.0,4.9655172413793105,3.9192473205533664,34,5005.0,0.14268197306778602,34,5005.0,-0.5700000000000003
19915.0,39,498.0,5.790697674418604,3.623934592571682,39,5020.0,0.1340905426091632,39,5020.0,-0.15000000000000568
19920.0,45,713.0,8.290697674418604,3.797549738710311,45,5162.0,0.14735086079419304,45,5162.0,-1.4199999999999946
19925.0,48,848.0,9.976470588235294,3.570515207168399,48,5223.0,0.12838542037608844,48,5223.0,-0.6099999999999994
19930.0,49,919.0,10.325842696629213,3.3638841073873778,49,5295.0,0.10283736427484906,49,5295.0,-0.720000000000006
19935.0,50,989.0,10.988888888888889,3.0562044873963248,50,5363.0,0.09150545315228018,50,5363.0,-0.6799999999999997
19940.0,53,1058.0,11.755555555555556,2.6398471934935785,53,5606.0,0.06840573438268628,53,5606.0,-2.4299999999999997
19945.0,55,1154.0,12.68131868131868,2.877632423173089,55,5879.0,0.08379816946676337,55,5879.0,-2.729999999999997
19950.0,56,1257.0,14.123595505617978,2.8040674468369717,56,6155.0,0.08465504606707237,56,6155.0,-2.759999999999998
19955.0,56,1314.0,14.43956043956044,2.6485244575713818,56,6259.0,0.07245439803289212,56,6259.0,-1.0400000000000063
19960.0,51,1322.0,14.688888888888888,2.7062560722612794,51,6180.0,0.08766350960112194,51,6180.0,0.7900000000000063
19965.0,49,1317.0,14.472527472527473,2.812044066854257,49,6092.0,0.09264382258381844,49,6092.0,0.8799999999999955
19970.0,48,1123.0,12.477777777777778,2.735248224679516,48,6072.0,0.08506211085364683,48,6072.0,0.20000000000000284
19975.0,46,795.0,9.034090909090908,2.7210685966217705,46,6067.0,0.08944903657229292,46,6067.0,0.04999999999999716
19980.0,43,623.0,6.771739130434782,3.204191798976966,43,5869.0,0.11281086835198127,43,5869.0,1.980000000000004
19985.0,47,682.0,7.413043478260869,2.8441126639069974,47,6074.0,0.09624713667354355,47,6074.0,-2.0500000000000043
19990.0,55,838.0,9.311111111111112,2.3466905017084048,55,6334.0,0.0675368946235186,55,6334.0,-2.6000000000000014
19995.0,59,1042.0,11.45054945054945,2.5098928168233154,59,6621.0,0.0681015543253287,59,6621.0,-2.8699999999999903
20000.0,61,1176.0,13.066666666666666,2.4070423525423355,61,6730.0,0.06114660111279283,61,6730.0,-1.0900000000000034
20005.0,59,1245.0,13.24468085106383,2.717030267769946,59,6645.0,0.08106817650149026,59,6645.0,0.8499999999999943
20010.0,54,1295.0,13.77659574468085,2.870705628637858,54,6573.0,0.09131781852362715,54,6573.0,0.7199999999999989
20015.0,52,1330.0,14.615384615384615,2.837798618116218,52,6332.0,0.092665546087354,52,6332.0,2.4100000000000037
20020.0,48,1365.0,15.166666666666666,3.3568832587024726,48,6090.0,0.11970556351624154,48,6090.0,2.4200000000000017
20025.0,49,1455.0,16.166666666666668,3.3904242786864405,49,6006.0,0.1300688781766178,49,6006.0,0.8399999999999963
20030.0,50,1413.0,15.03191489361702,3.271373798205444,50,6253.0,0.11916859773295253,50,6253.0,-2.469999999999999
20035.0,49,1268.0,13.634408602150538,3.1417855248429953,48,6271.0,0.11524830404722168,48,6271.0,-0.17999999999999972
20040.0,50,1273.0,13.688172043010752,2.952720095428111,50,6305.0,0.10134250851915971,50,6305.0,-0.3399999999999963
20045.0,50,1317.0,14.315217391304348,3.1450797930018775,50,6384.0,0.10918786791862556,50,6384.0,-0.7900000000000063
20050.0,49,1331.0,14.626373626373626,3.498978297960417,49,6285.0,0.12384889969947223,49,6285.0,0.990000000000002
20055.0,44,1331.0,14.159574468085106,4.011389521572186,44,6175.0,0.15365702002853973,44,6175.0,1.1000000000000014
20060.0,40,1245.0,13.532608695652174,3.9478016480455027,40,6337.0,0.13518815042123727,40,6337.0,-1.6199999999999974
20065.0,43,1271.0,14.280898876404494,3.7033090865260894,43,6527.0,0.12269803225356186,43,6527.0,-1.8999999999999986
20070.0,48,1421.0,15.96629213483146,3.695877311683881,48,6756.0,0.12516029571732049,48,6756.0,-2.2900000000000063
20075.0,51,1041.0,11.43956043956044,3.5145713621129775,51,6800.0,0.10014275949338156,51,6800.0,-0.4399999999999977
20080.0,50,763.0,8.204301075268818,3.3550166607637886,50,6708.0,0.1057509488747582,50,6708.0,0.9200000000000017
20085.0,50,913.0,10.144444444444444,3.165524441035393,50,6705.0,0.10969225785823584,50,6705.0,0.030000000000001137
20090.0,54,1093.0,12.144444444444444,2.9608980533994687,54,6766.0,0.08646781002120774,54,6766.0,-0.6099999999999994
20095.0,55,1180.0,12.967032967032967,2.8785555031916,55,6839.0,0.08555850740856395,55,6839.0,-0.730000000000004
20100.0,51,1208.0,13.274725274725276,3.075649070094197,51,6712.0,0.09467783557031867,51,6712.0,1.269999999999996
20105.0,49,1273.0,13.542553191489361,3.4229214881785692,49,6578.0,0.11813261868970065,49,6578.0,1.3400000000000034
20110.0,50,1146.0,12.456521739130435,3.0575410785766697,49,6576.0,0.09633404625317439,49,6576.0,0.01999999999999602
20115.0,55,896.0,9.73913043478261,2.552738294083287,55,6842.0,0.06246653380200678,55,6842.0,-2.6599999999999966
20120.0,52,813.0,8.83695652173913,2.8732031030042946,52,6673.0,0.08120345981751982,52,6673.0,1.6899999999999977
20125.0,51,888.0,9.652173913043478,3.117152171119757,51,6455.0,0.09992517069973737,51,6455.0,2.180000000000007
20130.0,53,975.0,10.15625,3.336942807754605,53,6504.0,0.10478195948211148,53,6504.0,-0.4900000000000091
20135.0,56,996.0,10.16326530612245,3.045907185498559,56,6564.0,0.07876866149321488,56,6564.0,-0.5999999999999943
20140.0,55,973.0,10.135416666666666,2.9668928106635897,55,6427.0,0.07833041267138237,55,6427.0,1.3700000000000045
20145.0,51,938.0,9.97872340425532,3.400405704206548,51,6280.0,0.10144811429883073,51,6280.0,1.4699999999999989
20150.0,46,878.0,9.543478260869565,3.8161734443287854,46,5919.0,0.12090084669783845,46,5919.0,3.6099999999999994
20155.0,41,657.0,7.3,3.6306367204059193,41,6056.0,0.12227243888883017,41,6056.0,-1.3700000000000045
20160.0,41,629.0,6.988888888888889,3.840497628662773,41,6158.0,0.13202875248645432,41,6158.0,-1.019999999999996
20165.0,48,730.0,8.021978021978022,3.6004132553197556,48,6368.0,0.10225870028712335,48,6368.0,-2.1000000000000014
20170.0,50,808.0,8.977777777777778,3.3785982684117597,50,6406.0,0.08696824961259148,50,6406.0,-0.38000000000000256
20175.0,46,843.0,9.579545454545455,3.589701298071617,46,6227.0,0.10511399688372786,46,6227.0,1.7899999999999991
20180.0,43,863.0,9.483516483516484,3.8831467038297025,43,6073.0,0.13191363600938827,43,6073.0,1.5400000000000063
20185.0,39,868.0,9.644444444444444,4.153628752688887,39,5746.0,0.14407065425186122,39,5746.0,3.269999999999996
20190.0,37,689.0,7.655555555555556,4.097840259603693,36,5803.0,0.13373446170479011,36,5803.0,-0.5700000000000003
20195.0,35,516.0,6.070588235294117,3.8735620092919736,35,5985.0,0.13095285281537847,35,5985.0,-1.8200000000000003
20200.0,34,527.0,6.2,4.3806421628731425,34,5947.0,0.1535152462233782,34,5947.0,0.38000000000000256
20205.0,39,637.0,7.406976744186046,4.095588240631037,39,5977.0,0.14995932946932444,39,5977.0,-0.30000000000000426
20210.0,45,712.0,8.090909090909092,3.5606717301122925,45,5995.0,0.11205233982989343,45,5995.0,-0.17999999999999972
20215.0,45,745.0,8.465909090909092,3.3340974747913137,44,5824.0,0.10259859468386022,44,5824.0,1.7100000000000009
20220.0,39,765.0,9.0,3.7462547861320146,39,5634.0,0.13248280732736095,39,5634.0,1.8999999999999986
20225.0,35,771.0,9.289156626506024,4.183880938091005,35,5254.0,0.14755100766038587,35,5254.0,3.8000000000000043
20230.0,31,783.0,9.104651162790697,4.830902106826549,31,4879.0,0.17440256305972965,31,4879.0,3.75
20235.0,31,832.0,9.674418604651162,4.974041323981614,31,4515.0,0.183482238599405,31,4515.0,3.6400000000000006
20240.0,36,892.0,10.619047619047619,4.401027413769276,35,4180.0,0.16167395804536522,35,4180.0,3.3500000000000014
20245.0,35,953.0,11.081395348837209,4.607908736079992,34,4024.0,0.17156319323515382,34,4024.0,1.5599999999999952
20250.0,33,1012.0,11.905882352941177,4.823561838658373,32,3857.0,0.19669140667737994,32,3857.0,1.6700000000000017
20255.0,28,1049.0,11.920454545454545,4.951811078043861,27,3689.0,0.20088085497599356,27,3689.0,1.6799999999999997
20260.0,25,1071.0,12.170454545454545,5.147240285982651,23,3670.0,0.2170371590073949,23,3670.0,0.18999999999999773
20265.0,29,952.0,10.942528735632184,4.528125182207741,29,3728.0,0.1754374536708499,29,3728.0,-0.5799999999999983
20270.0,26,993.0,11.821428571428571,4.867069678868002,26,3772.0,0.2094458417046381,26,3772.0,-0.4399999999999977
20275.0,28,1096.0,13.530864197530864,4.933547072941443,27,3899.0,0.22280443320420903,27,3899.0,-1.2700000000000031
20280.0,29,746.0,8.880952380952381,4.856077574416348,29,3858.0,0.1996799973428385,29,3858.0,0.4100000000000037
20285.0,30,543.0,6.3882352941176475,5.03797152990565,30,3703.0,0.19616196048611628,30,3703.0,1.5499999999999972
20290.0,35,704.0,8.282352941176471,4.532242458518376,35,3639.0,0.1472829709076121,35,3639.0,0.6400000000000006
20295.0,41,899.0,10.702380952380953,4.411554895268786,41,3696.0,0.12471906163908208,41,3696.0,-0.5700000000000003
20300.0,46,1082.0,13.036144578313253,4.039290952756753,46,3741.0,0.10428647805155762,46,3741.0,-0.44999999999999574
20305.0,48,1118.0,12.850574712643677,3.870437443719455,48,3974.0,0.09464829131908867,48,3974.0,-2.3300000000000054
20310.0,44,1143.0,13.447058823529412,3.947195824357251,44,3851.0,0.10678021943128241,44,3851.0,1.230000000000004
20315.0,42,1156.0,13.761904761904763,3.778981841146563,42,3734.0,0.09857353793055681,42,3734.0,1.1699999999999946
20320.0,40,1161.0,13.987951807228916,3.900256764402562,40,3649.0,0.115105451413352,40,3649.0,0.8500000000000014
20325.0,36,1148.0,14.35,4.097008914372582,36,3555.0,0.14579233690720556,36,3555.0,0.9400000000000048
20330.0,34,1079.0,13.0,4.0985712405955566,34,3699.0,0.13658731673634184,34,3699.0,-1.4400000000000048
20335.0,36,1056.0,13.037037037037036,3.94252686632786,36,3866.0,0.13891762016607664,36,3866.0,-1.6699999999999946
20340.0,39,1041.0,12.695121951219512,3.6516693015565163,39,4048.0,0.11160678195763772,39,4048.0,-1.8200000000000003
20345.0,37,985.0,12.3125,3.6717190990650783,37,4086.0,0.10503961415793286,37,4086.0,-0.38000000000000256
20350.0,34,919.0,11.632911392405063,3.8534747690549227,34,3961.0,0.13030841466489668,34,3961.0,1.25
20355.0,30,903.0,11.012195121951219,4.2277811105457594,30,3815.0,0.16109384982770097,30,3815.0,1.4600000000000009
20360.0,28,936.0,11.27710843373494,4.241581063988119,28,3517.0,0.15712219400328,28,3517.0,2.979999999999997
20365.0,29,993.0,11.963855421686747,4.369292039459845,29,3238.0,0.1611363797216667,29,3238.0,2.789999999999999
20370.0,28,891.0,10.865853658536585,4.190922621568846,28,3302.0,0.15626207365581243,28,3302.0,-0.6400000000000006
20375.0,32,953.0,11.621951219512194,4.364144245954216,32,3368.0,0.16967318306209977,32,3368.0,-0.6599999999999966
20380.0,38,1048.0,12.186046511627907,4.329341279085124,38,3533.0,0.16050072322191863,38,3533.0,-1.6499999999999986
20385.0,37,669.0,7.964285714285714,4.067106421735316,37,3541.0,0.13081937727043863,37,3541.0,-0.0799999999999983
20390.0,37,402.0,4.843373493975903,3.957864411792285,37,3412.0,0.12164967487235906,37,3412.0,1.2899999999999991
20395.0,37,501.0,6.109756097560975,4.2456985533839555,37,3375.0,0.14827972105931825,37,3375.0,0.36999999999999744
20400.0,40,615.0,7.321428571428571,4.356051815784578,40,3414.0,0.14430641423512064,40,3414.0,-0.39000000000000057
20405.0,39,675.0,7.758620689655173,4.128374417948036,39,3440.0,0.13057143691019266,39,3440.0,-0.259999999999998
20410.0,38,694.0,8.069767441860465,4.16877052872815,38,3313.0,0.1396696122400147,38,3313.0,1.269999999999996
20415.0,40,718.0,8.348837209302326,4.0879077418515495,40,3213.0,0.12316721164255036,40,3213.0,1.0
20420.0,43,721.0,8.48235294117647,3.768736299930632,43,3390.0,0.09746483258582544,43,3390.0,-1.769999999999996
20425.0,46,775.0,9.337349397590362,3.6894451889706956,46,3612.0,0.09533475771315592,46,3612.0,-2.219999999999999
20430.0,48,840.0,10.120481927710843,3.417537107125591,48,3845.0,0.10386445896937647,48,3845.0,-2.3300000000000054
20435.0,46,861.0,10.373493975903614,3.2216312622784153,46,3923.0,0.08557996404042431,46,3923.0,-0.779999999999994
20440.0,47,843.0,9.91764705882353,3.0743258721769213,47,3856.0,0.08485574704427898,47,3856.0,0.6699999999999946
20445.0,42,816.0,9.714285714285714,3.4239351286714297,42,3804.0,0.1174124072937168,42,3804.0,0.5200000000000031
20450.0,40,684.0,8.142857142857142,3.4712495996100046,39,3957.0,0.1124340280953037,39,3957.0,-1.5300000000000011
20455.0,42,641.0,7.367816091954023,3.3879688405697337,42,4168.0,0.10684710617761628,42,4168.0,-2.1099999999999994
20460.0,42,612.0,7.285714285714286,3.5030012197021203,42,4325.0,0.12082271657033218,42,4325.0,-1.5700000000000003
20465.0,41,583.0,7.2875,2.793604103401603,41,4386.0,0.09019552584867346,41,4386.0,-0.6099999999999994
20470.0,38,567.0,7.0875,3.288535407370257,38,4300.0,0.11033894739051797,38,4300.0,0.8599999999999994
20475.0,38,607.0,7.782051282051282,3.486970994895602,38,4208.0,0.13465544585918005,38,4208.0,0.9200000000000017
20480.0,38,375.0,4.573170731707317,3.3237957603059347,38,4283.0,0.11940161590006344,38,4283.0,-0.75
20485.0,37,346.0,4.168674698795181,3.3128178911920005,37,4309.0,0.11209886127486958,37,4309.0,-0.2600000000000051
20490.0,41,391.0,4.654761904761905,3.2372176046448877,41,4442.0,0.10382369019873572,41,4442.0,-1.3299999999999983
20495.0,42,453.0,5.392857142857143,3.3309023912490905,42,4652.0,0.09815932159612803,42,4652.0,-2.1000000000000014
20500.0,40,486.0,6.0,3.470124159625814,40,4699.0,0.1024383175552077,40,4699.0,-0.46999999999999886
20505.0,40,511.0,6.156626506024097,3.5280637001664443,40,4594.0,0.11347716036178657,40,4594.0,1.0500000000000043
20510.0,40,535.0,6.369047619047619,3.632955159418079,40,4491.0,0.1263457700419223,40,4491.0,1.0300000000000011
20515.0,39,552.0,6.4941176470588236,3.6027304705445338,39,4243.0,0.11487385762585105,39,4243.0,2.479999999999997
20520.0,36,562.0,6.690476190476191,4.041251063819052,36,4008.0,0.14179044615497066,36,4008.0,2.3500000000000014
20525.0,32,559.0,6.654761904761905,4.49376774223886,32,3906.0,0.16756152918979764,32,3906.0,1.019999999999996
20530.0,29,380.0,4.4186046511627906,4.382667544669764,29,3971.0,0.15646689433995706,29,3971.0,-0.6499999999999986
20535.0,33,417.0,4.905882352941177,4.440140641287361,33,4030.0,0.16458708686386647,33,4030.0,-0.5899999999999963
20540.0,40,500.0,6.172839506172839,3.806623614878949,40,4190.0,0.13622797179938959,40,4190.0,-1.6000000000000014
20545.0,38,546.0,6.658536585365853,3.994571896493936,38,4234.0,0.12950762202359414,38,4234.0,-0.44000000000000483
20550.0,35,546.0,6.658536585365853,4.544125814833625,35,4124.0,0.15129954206815344,35,4124.0,1.1000000000000014
20555.0,31,531.0,6.321428571428571,4.942590346144913,31,4008.0,0.181650610310273,31,4008.0,1.1600000000000037
20560.0,26,493.0,6.012195121951219,5.268419378451611,26,3754.0,0.19634411821472694,26,3754.0,2.539999999999999
20565.0,27,482.0,6.10126582278481,4.782843784358172,27,3880.0,0.16907118147602843,27,3880.0,-1.259999999999998
20570.0,32,552.0,6.9,4.867006117290785,32,4031.0,0.1684686457206001,32,4031.0,-1.5100000000000051
20575.0,38,647.0,7.890243902439025,4.529411981119667,38,4206.0,0.1369705482908266,38,4206.0,-1.75
20580.0,39,716.0,8.523809523809524,4.148773608580179,39,4259.0,0.1220582953524691,39,4259.0,-0.5300000000000011
20585.0,35,744.0,9.185185185185185,4.176916546646006,35,4169.0,0.14333403313789328,35,4169.0,0.9000000000000057
20590.0,33,757.0,9.582278481012658,3.9045090077362907,33,4069.0,0.13637857475465642,33,4069.0,1.0
20595.0,31,765.0,9.935064935064934,4.160240077106498,31,3838.0,0.15385975604628915,31,3838.0,2.309999999999995
20600.0,29,778.0,10.103896103896103,4.607459096901452,29,3592.0,0.18647751244260136,29,3592.0,2.460000000000001
20605.0,26,828.0,10.222222222222221,4.844882604818891,26,3351.0,0.19754102247362723,26,3351.0,2.4100000000000037
20610.0,27,884.0,10.91358024691358,4.9545420424151665,27,3244.0,0.21052278040198782,27,3244.0,1.0700000000000003
20615.0,28,942.0,11.924050632911392,4.418515369969217,28,3034.0,0.16995676203737758,28,3034.0,2.099999999999998
20620.0,31,622.0,7.9743589743589745,4.354098385721713,31,3177.0,0.17448227396514152,31,3177.0,-1.4299999999999997
20625.0,33,510.0,6.538461538461538,4.42146960756603,32,3327.0,0.17332408259053586,32,3327.0,-1.5000000000000036
20630.0,35,597.0,7.280487804878049,4.523251441347088,33,3485.0,0.17053477159703934,33,3485.0,-1.5799999999999983
20635.0,31,409.0,4.987804878048781,4.463803745705623,31,3533.0,0.16269457731688053,31,3533.0,-0.4799999999999969
20640.0,35,489.0,5.963414634146342,4.348835871067809,35,3532.0,0.16307168717755033,35,3532.0,0.00999999999999801
20645.0,39,674.0,8.320987654320987,4.447153861237503,39,3640.0,0.1745505130946436,39,3640.0,-1.0799999999999983
20650.0,42,794.0,9.802469135802468,4.238102160906288,42,3665.0,0.15913507012070954,42,3665.0,-0.25
20655.0,42,870.0,10.357142857142858,4.081464051080365,42,3583.0,0.1367484988500918,42,3583.0,0.8200000000000003
20660.0,48,1095.0,13.035714285714286,3.80336601432681,48,3607.0,0.13093966472179322,48,3607.0,-0.240000000000002
20665.0,52,1209.0,14.392857142857142,3.018016666277998,52,3696.0,0.07199151631315567,52,3696.0,-0.8900000000000006
20670.0,50,1242.0,14.963855421686747,3.260158760799086,50,3642.0,0.09067784058731564,50,3642.0,0.5399999999999991
20675.0,47,1257.0,15.329268292682928,3.70780821236465,47,3576.0,0.11962862482077895,47,3576.0,0.6600000000000037
20680.0,44,1254.0,14.581395348837209,3.9595980762096454,44,3357.0,0.1314138605361061,44,3357.0,2.1899999999999977
20685.0,39,1233.0,14.172413793103448,4.369052053516407,39,3136.0,0.14437022904692498,39,3136.0,2.210000000000001
20690.0,39,1201.0,14.46987951807229,4.080972841917126,39,2943.0,0.1318589122265241,39,2943.0,1.9299999999999997
20695.0,36,1162.0,14.0,4.183348071202592,36,2891.0,0.14535480112849636,36,2891.0,0.5199999999999996
20700.0,34,1103.0,13.130952380952381,4.480917312846257,34,2829.0,0.16728842363210605,34,2829.0,0.620000000000001
20705.0,31,924.0,10.620689655172415,4.597373056400726,30,2929.0,0.1730740542077154,30,2929.0,-1.0
20710.0,32,854.0,10.047058823529412,4.539454805071488,31,3031.0,0.17883497374637933,31,3031.0,-1.0199999999999996
20715.0,35,846.0,9.952941176470588,4.416507502165616,35,3192.0,0.1682727456231854,35,3192.0,-1.610000000000003
20720.0,34,596.0,7.011764705882353,4.469660257115488,34,3233.0,0.1584379752843648,34,3233.0,-0.4099999999999966
20725.0,32,605.0,7.117647058823529,4.981181847099768,32,3210.0,0.17617101018224907,32,3210.0,0.22999999999999687
20730.0,35,762.0,8.86046511627907,5.044231737833276,35,3290.0,0.18652155880930807,35,3290.0,-0.7999999999999972
20735.0,38,739.0,8.694117647058823,4.7364746002854625,38,3344.0,0.1613737483794259,38,3344.0,-0.5399999999999991
20740.0,42,789.0,9.282352941176471,4.103056904304317,42,3343.0,0.11877749918276806,42,3343.0,0.00999999999999801
20745.0,47,1014.0,11.790697674418604,3.979525434251079,47,3447.0,0.10831467208332353,47,3447.0,-1.0399999999999991
20750.0,52,1264.0,14.870588235294118,3.7366838212960958,52,3671.0,0.09523606855955581,52,3671.0,-2.240000000000002
20755.0,54,1491.0,17.337209302325583,3.4774675175213896,54,3903.0,0.08017180868919134,54,3903.0,-2.3200000000000003
20760.0,54,1753.0,20.86904761904762,3.3970337402736197,54,4154.0,0.0888948143071526,54,4154.0,-2.509999999999998
20765.0,57,2025.0,24.397590361445783,2.907641517352369,57,4423.0,0.05881419871201616,57,4423.0,-2.6899999999999977
20770.0,55,2109.0,26.3625,2.617219166182763,55,4532.0,0.05856250838158651,55,4532.0,-1.0900000000000034
20775.0,52,2044.0,25.234567901234566,3.086442709768332,52,4457.0,0.07398641770497931,52,4457.0,0.75
20780.0,49,1962.0,23.08235294117647,3.4966610966068497,49,4372.0,0.10345684208553702,49,4372.0,0.8500000000000014
20785.0,45,1862.0,22.166666666666668,3.7898547817474912,45,4132.0,0.11890155653492673,45,4132.0,2.3999999999999986
20790.0,43,1749.0,21.072289156626507,3.7811038729638096,43,3916.0,0.12027823683425569,43,3916.0,2.1600000000000037
20795.0,41,1629.0,20.11111111111111,3.9423155996995356,41,3729.0,0.1451400350917334,41,3729.0,1.8699999999999974
20800.0,39,1495.0,18.45679012345679,4.027409749712923,39,3672.0,0.1554605977917861,39,3672.0,0.5700000000000003
20805.0,36,1349.0,16.05952380952381,4.382127424592101,36,3482.0,0.16957110867265676,36,3482.0,1.8999999999999986
20810.0,31,1179.0,14.378048780487806,4.649793248361258,31,3402.0,0.18430618392575127,31,3402.0,0.7999999999999972
20815.0,26,984.0,12.148148148148149,4.545828243789824,26,3417.0,0.17171338600302036,26,3417.0,-0.14999999999999858
20820.0,25,797.0,9.9625,4.826412990231748,25,3320.0,0.1880035913816533,25,3320.0,0.9699999999999989
20825.0,21,644.0,8.473684210526315,5.058446882493978,19,3201.0,0.21639537929645145,19,3201.0,1.1900000000000048
20830.0,14,514.0,6.589743589743589,5.227357131653757,14,3161.0,0.22599109341548904,14,3161.0,0.3999999999999986
20835.0,12,384.0,4.987012987012987,5.488603399504038,11,3181.0,0.24147154330812864,11,3181.0,-0.1999999999999993
20840.0,18,457.0,5.935064935064935,5.126744964106223,18,3232.0,0.2119075570705437,18,3232.0,-0.5100000000000016
20845.0,27,568.0,7.376623376623376,4.772177137512998,24,3337.0,0.2022081378128147,24,3337.0,-1.0499999999999972
20850.0,25,435.0,5.64935064935065,4.589661612566003,25,3355.0,0.16285422281015982,25,3355.0,-0.17999999999999972
20855.0,28,515.0,6.602564102564102,4.482084106660067,28,3341.0,0.16196319906845089,28,3341.0,0.14000000000000057
20860.0,33,670.0,8.58974358974359,4.464382702995202,33,3440.0,0.16043076445621077,33,3440.0,-0.990000000000002
20865.0,41,856.0,10.974358974358974,3.8961854662640425,41,3625.0,0.11694504186152675,41,3625.0,-1.8500000000000014
20870.0,45,1071.0,13.556962025316455,3.815746604698251,45,3840.0,0.09661387303485111,45,3840.0,-2.1499999999999986
20875.0,50,1311.0,16.59493670886076,3.749969349713313,50,4080.0,0.08280829740151124,50,4080.0,-2.3999999999999986
20880.0,49,1425.0,17.378048780487806,3.6651380243325624,49,4175.0,0.08616164074545841,49,4175.0,-0.9500000000000028
20885.0,46,1430.0,17.65432098765432,3.553436842146576,46,4102.0,0.09476224323539431,46,4102.0,0.7299999999999969
20890.0,45,1425.0,17.59259259259259,3.47203305838932,45,4025.0,0.0953767993415759,45,4025.0,0.7700000000000031
20895.0,43,1375.0,17.1875,3.341362288200608,43,4211.0,0.08941404377472953,43,4211.0,-1.8599999999999994
20900.0,44,1362.0,17.025,3.5752554839396566,44,4424.0,0.10300975953524433,44,4424.0,-2.1300000000000026
20905.0,45,1353.0,16.9125,3.4641095952882757,45,4643.0,0.11290125707424918,45,4643.0,-2.1899999999999977
20910.0,43,1300.0,16.666666666666668,3.246168935316215,43,4704.0,0.10061080377583642,43,4704.0,-0.6099999999999994
20915.0,43,1206.0,15.662337662337663,2.8242228721559153,43,4602.0,0.09266538237838033,43,4602.0,1.019999999999996
20920.0,39,1104.0,14.337662337662337,3.279164325227778,39,4497.0,0.12608700271022444,39,4497.0,1.0500000000000043
20925.0,37,956.0,12.256410256410257,3.435554162357776,37,4651.0,0.11888054277787,37,4651.0,-1.5399999999999991
20930.0,38,910.0,11.234567901234568,3.561233637737009,38,4833.0,0.12079972483152789,38,4833.0,-1.8200000000000003
20935.0,41,940.0,11.463414634146341,3.419928710578105,41,5028.0,0.11665298498604702,41,5028.0,-1.9500000000000028
20940.0,40,988.0,12.197530864197532,3.056932198794911,40,5067.0,0.0969896410104073,40,5067.0,-0.39000000000000057
20945.0,40,1036.0,12.95,3.159448592977998,40,4946.0,0.1068184679345186,40,4946.0,1.2100000000000009
20950.0,40,1086.0,13.746835443037975,3.4086857543134057,40,4832.0,0.129576364779912,40,4832.0,1.1400000000000006
20955.0,40,1135.0,13.511904761904763,3.7036962399227695,40,4578.0,0.13577883372628285,40,4578.0,2.539999999999999
20960.0,36,1170.0,13.764705882352942,3.8591370171604167,36,4326.0,0.13326687510680818,36,4326.0,2.520000000000003
20965.0,36,1200.0,14.117647058823529,3.7928906706650825,36,4220.0,0.13900928189963474,36,4220.0,1.0599999999999952
20970.0,33,1225.0,14.759036144578314,4.180260653973725,33,3984.0,0.16596963214170418,33,3984.0,2.3599999999999994
20975.0,31,1259.0,15.168674698795181,4.4933732715415955,30,3875.0,0.19524875099101366,30,3875.0,1.0900000000000034
20980.0,31,1331.0,15.658823529411764,4.528821236568044,29,3643.0,0.20051388766684464,29,3643.0,2.3200000000000003
20985.0,30,1391.0,16.759036144578314,4.24162241142143,28,3554.0,0.1850785954712572,28,3554.0,0.8900000000000006
20990.0,29,847.0,10.083333333333334,4.190597688122866,29,3693.0,0.1628965140067455,29,3693.0,-1.3900000000000006
20995.0,30,384.0,4.517647058823529,4.54051025994411,30,3826.0,0.17348669296658284,30,3826.0,-1.3299999999999983
21000.0,36,424.0,4.988235294117647,4.523925385245793,33,3981.0,0.1741405986407724,33,3981.0,-1.5500000000000043
21005.0,36,556.0,6.465116279069767,4.5530600586602334,35,4146.0,0.17857955275731696,35,4146.0,-1.6499999999999986
21010.0,40,736.0,8.658823529411764,4.228268319273207,39,4328.0,0.15740975318976086,39,4328.0,-1.8200000000000003
21015.0,43,823.0,9.459770114942529,3.786529702886158,43,4068.0,0.1257986071666489,43,4068.0,2.6000000000000014
21020.0,43,918.0,10.674418604651162,3.652790978150698,43,4272.0,0.11510226412917281,43,4272.0,-2.039999999999999
21025.0,47,1123.0,13.369047619047619,3.4775963096884124,47,4128.0,0.1145112364854819,47,4128.0,1.4399999999999977
21030.0,51,1362.0,16.023529411764706,3.2737113360354315,51,4089.0,0.11482076967671617,51,4089.0,0.39000000000000057
21035.0,54,1339.0,15.569767441860465,2.962132294144471,54,4127.0,0.08958263891636148,54,4127.0,-0.38000000000000256
21040.0,56,1542.0,18.141176470588235,2.7348256608547112,56,4239.0,0.08093467370444696,56,4239.0,-1.1199999999999974
21045.0,58,1829.0,21.267441860465116,2.985189547165163,58,4453.0,0.08073795989306219,58,4453.0,-2.1400000000000006
21050.0,58,2080.0,24.470588235294116,2.985487252150984,58,4651.0,0.07718228962526505,58,4651.0,-1.9799999999999969
21055.0,58,2337.0,26.258426966292134,3.161632916664549,58,4817.0,0.08375040452102701,58,4817.0,-1.6600000000000037
21060.0,59,2627.0,29.51685393258427,3.2040560100001105,59,5067.0,0.08774680451791783,59,5067.0,-2.5
21065.0,60,2703.0,30.71590909090909,2.6100584049257525,60,5174.0,0.047262096313463536,60,5174.0,-1.0700000000000003
21070.0,57,2623.0,29.806818181818183,2.9811913181163674,57,5090.0,0.06782774408540719,57,5090.0,0.8400000000000034
21075.0,54,2526.0,28.704545454545453,3.3276776161409614,54,4992.0,0.09712190286120027,54,4992.0,0.9799999999999969
21080.0,50,2143.0,23.293478260869566,3.450167280741243,50,5133.0,0.10021325107575413,50,5133.0,-1.4099999999999966
21085.0,49,1960.0,21.53846153846154,3.499926094072513,49,5225.0,0.09417627949535023,49,5225.0,-0.9200000000000017
21090.0,53,1845.0,20.730337078651687,3.1098889265081806,53,5421.0,0.0788631061557424,53,5421.0,-1.9600000000000009
21095.0,55,1710.0,19.0,3.0233236610640746,55,5661.0,0.06736904582851021,55,5661.0,-2.3999999999999986
21100.0,56,1617.0,18.168539325842698,3.2482075335885776,56,5935.0,0.07797050893002332,56,5935.0,-2.740000000000002
21105.0,56,1527.0,17.352272727272727,3.0697163731844284,56,6213.0,0.08807804165704165,56,6213.0,-2.780000000000001
21110.0,53,1345.0,15.823529411764707,2.855742437297668,53,6275.0,0.07706803342686327,53,6275.0,-0.6199999999999974
21115.0,51,1134.0,13.5,2.6647859444761814,51,6138.0,0.07317110113734504,51,6138.0,1.3699999999999974
21120.0,46,967.0,11.650602409638553,3.1642328342424944,46,6014.0,0.11045518821631706,46,6014.0,1.240000000000002
21125.0,41,832.0,10.146341463414634,3.6165844694868294,41,5687.0,0.12931364664106865,41,5687.0,3.270000000000003
21130.0,37,744.0,8.75294117647059,4.145332189572891,37,5354.0,0.15038465742396756,37,5354.0,3.3299999999999983
21135.0,37,779.0,9.385542168674698,4.315669464946728,37,5038.0,0.16504818171908264,37,5038.0,3.1599999999999966
21140.0,40,818.0,10.098765432098766,3.548138414391289,40,4911.0,0.13220034125784283,40,4911.0,1.2700000000000031
21145.0,36,851.0,10.378048780487806,3.9807150864120464,36,4786.0,0.15749240117538982,36,4786.0,1.25
21150.0,36,832.0,10.4,3.956977694993243,35,4927.0,0.16295721021372264,35,4927.0,-1.4100000000000037
21155.0,37,855.0,10.301204819277109,4.001456347857555,36,5104.0,0.156287414989912,36,5104.0,-1.769999999999996
21160.0,37,889.0,10.710843373493976,4.1565055349972635,37,5288.0,0.15406891278248155,37,5288.0,-1.8400000000000034
21165.0,37,782.0,9.536585365853659,4.057342691895983,36,5397.0,0.14551889724997555,36,5397.0,-1.0899999999999963
21170.0,36,809.0,9.865853658536585,4.3893551800871125,36,5508.0,0.15808313678486158,36,5508.0,-1.1099999999999994
21175.0,37,903.0,11.2875,4.436318675143111,37,5684.0,0.1627981340999878,37,5684.0,-1.7600000000000051
21180.0,40,1008.0,12.444444444444445,4.225061142285498,40,5701.0,0.15101666687419504,40,5701.0,-0.1699999999999946
21185.0,41,1053.0,12.841463414634147,4.124208550546506,41,5545.0,0.15107787742751874,41,5545.0,1.5599999999999952
21190.0,43,1104.0,13.463414634146341,3.583285623073564,43,5401.0,0.11484324076288778,43,5401.0,1.4400000000000048
21195.0,43,784.0,9.8,3.3570067079784223,43,5471.0,0.10601094482959746,43,5471.0,-0.7000000000000028
21200.0,41,649.0,8.320512820512821,3.5208751365551834,41,5444.0,0.12473764506185489,41,5444.0,0.2700000000000031
21205.0,43,702.0,8.560975609756097,3.6315611000074295,43,5510.0,0.1299166707387088,43,5510.0,-0.6600000000000037
21210.0,44,711.0,8.670731707317072,3.512458130175423,44,5690.0,0.12076751855559238,44,5690.0,-1.7999999999999972
21215.0,46,781.0,9.524390243902438,3.3889372219440705,46,5897.0,0.10764717568236029,46,5897.0,-2.0700000000000003
21220.0,49,862.0,10.775,3.030539979950389,49,6131.0,0.09100318102637514,49,6131.0,-2.3400000000000034
21225.0,48,859.0,10.475609756097562,3.1907295623316867,48,6172.0,0.08325388743507492,48,6172.0,-0.4099999999999966
21230.0,44,796.0,9.364705882352942,3.400365886515943,44,6003.0,0.10716011486192455,44,6003.0,1.6899999999999977
21235.0,40,772.0,9.08235294117647,3.6719782003776578,40,5817.0,0.13067184921098307,40,5817.0,1.8599999999999994
21240.0,40,795.0,9.464285714285714,3.497329791302777,40,5433.0,0.11400956753913208,40,5433.0,3.8400000000000034
21245.0,41,845.0,9.825581395348838,3.967693150973352,41,5064.0,0.1328462337557361,41,5064.0,3.6899999999999977
21250.0,40,895.0,10.783132530120483,4.083880393731607,40,4737.0,0.14915083006837165,40,4737.0,3.270000000000003
21255.0,38,810.0,9.418604651162791,3.8055718368076183,38,4854.0,0.13839992429813466,38,4854.0,-1.1700000000000017
21260.0,39,828.0,9.741176470588234,3.749110767879241,39,4947.0,0.1487157836729596,39,4947.0,-0.9299999999999997
21265.0,42,878.0,10.452380952380953,3.645012589288482,42,5129.0,0.1394370881752804,42,5129.0,-1.8200000000000003
21270.0,42,894.0,10.642857142857142,3.7934446807627387,41,5147.0,0.1280290003757155,41,5147.0,-0.17999999999999972
21275.0,38,866.0,10.30952380952381,4.220317065510609,38,5349.0,0.1325950310645334,38,5349.0,-2.020000000000003
21280.0,33,811.0,9.541176470588235,4.409980103348344,33,5150.0,0.1617911786908897,33,5150.0,1.990000000000002
21285.0,28,737.0,8.670588235294117,4.842105524738982,28,4761.0,0.18594516075244322,28,4761.0,3.8900000000000006
21290.0,28,707.0,8.416666666666666,4.864540009913411,28,4896.0,0.18805194484043988,28,4896.0,-1.3500000000000014
21295.0,34,785.0,9.457831325301205,4.534693354281778,34,5055.0,0.15664206981781995,34,5055.0,-1.5899999999999963
21300.0,40,890.0,10.72289156626506,4.207159826902631,40,5240.0,0.12280369602568328,40,5240.0,-1.8500000000000014
21305.0,41,969.0,11.4,3.786059512616339,41,5254.0,0.1042958203112176,41,5254.0,-0.14000000000000057
21310.0,38,1011.0,11.894117647058824,3.940559347367839,38,5080.0,0.12710880806002017,38,5080.0,1.740000000000002
21315.0,37,1041.0,12.392857142857142,3.736715623864419,37,4900.0,0.1216906057187812,37,4900.0,1.7999999999999972
21320.0,35,1063.0,13.2875,3.8155321370457074,35,4550.0,0.14325403088590297,35,4550.0,3.5
21325.0,30,1100.0,14.102564102564102,4.258817041858526,30,4203.0,0.1714285897218654,30,4203.0,3.469999999999999
21330.0,30,1165.0,14.382716049382717,4.520092339347717,30,3867.0,0.18082755790682015,30,3867.0,3.3599999999999994
21335.0,31,1232.0,15.024390243902438,4.597048248017143,30,3544.0,0.18686306587204954,30,3544.0,3.230000000000004
21340.0,35,1304.0,15.902439024390244,4.22335519132374,34,3389.0,0.1721154368791497,34,3389.0,1.5499999999999972
21345.0,33,1383.0,17.2875,4.15571056301862,33,3425.0,0.18071885732824652,33,3425.0,-0.35999999999999943
21350.0,34,1473.0,18.185185185185187,4.420942251484348,34,3585.0,0.18204749888434835,34,3585.0,-1.6000000000000014
21355.0,35,1571.0,18.48235294117647,4.518691681514328,35,3759.0,0.17622984273770487,35,3759.0,-1.740000000000002
21360.0,36,1394.0,16.4,4.17520922259685,36,3818.0,0.15927746501820744,36,3818.0,-0.5899999999999963
21365.0,36,1461.0,17.188235294117646,4.161604449932268,36,3832.0,0.15909526733431095,36,3832.0,-0.14000000000000057
21370.0,40,1650.0,19.642857142857142,4.3262952227254665,40,3943.0,0.17481629241271865,40,3943.0,-1.1099999999999994
21375.0,43,1252.0,14.729411764705882,4.267329607733241,43,3929.0,0.1590313405661917,43,3929.0,0.14000000000000057
21380.0,44,899.0,10.101123595505618,4.135643723237848,44,3753.0,0.15426184203669396,44,3753.0,1.759999999999998
21385.0,46,1056.0,11.733333333333333,3.9004207887868,46,3678.0,0.14171497939270242,46,3678.0,0.75
21390.0,53,1305.0,14.829545454545455,3.3401936678553663,53,3653.0,0.10228155593394643,53,3653.0,0.25
21395.0,54,1409.0,16.38372093023256,2.95162286004166,54,3843.0,0.08062977099230516,54,3843.0,-1.8999999999999986
21400.0,56,1673.0,19.229885057471265,3.096010892007936,56,4032.0,0.0833546183794057,56,4032.0,-1.8900000000000006
21405.0,56,1951.0,21.677777777777777,3.1357516793530578,56,4299.0,0.08896378017354108,56,4299.0,-2.6700000000000017
21410.0,55,2039.0,22.406593406593405,3.211197521374457,55,4399.0,0.07559645408783942,55,4399.0,-1.0
21415.0,53,1987.0,22.07777777777778,3.2503146606973345,53,4314.0,0.07501504718719536,53,4314.0,0.8500000000000014
21420.0,50,1923.0,22.103448275862068,3.358604190704685,50,4236.0,0.09683078364868562,50,4236.0,0.7800000000000011
21425.0,48,1846.0,21.2183908045977,3.5896135864450627,48,4027.0,0.11103781999059523,48,4027.0,2.0899999999999963
21430.0,43,1751.0,19.24175824175824,4.112630165435961,43,3821.0,0.13977475727149977,43,3821.0,2.0600000000000023
21435.0,39,1509.0,16.95505617977528,3.7612888641508113,39,3966.0,0.12803957894592316,39,3966.0,-1.4499999999999957
21440.0,43,1395.0,15.674157303370787,3.61373556157297,43,4109.0,0.10655036958871696,43,4109.0,-1.4300000000000068
21445.0,44,1292.0,14.681818181818182,3.914022819563,44,4323.0,0.12849854152273216,44,4323.0,-2.1399999999999935
21450.0,44,1150.0,12.92134831460674,4.004563772956482,44,4389.0,0.11485304244422831,44,4389.0,-0.6600000000000037
21455.0,41,969.0,10.887640449438202,4.055060054185798,41,4299.0,0.13171568306111495,41,4299.0,0.8999999999999986
21460.0,35,808.0,9.28735632183908,4.355534136447475,35,4192.0,0.15628432428778619,35,4192.0,1.0700000000000003
21465.0,33,688.0,8.289156626506024,4.219808751353614,33,3938.0,0.149171445139078,33,3938.0,2.539999999999999
21470.0,28,614.0,7.487804878048781,4.883233033303323,28,3673.0,0.18105360911423427,28,3673.0,2.6500000000000057
21475.0,26,583.0,7.2875,5.220131882600133,25,3401.0,0.2071514801929056,25,3401.0,2.719999999999999
21480.0,27,520.0,6.341463414634147,4.938150113871517,25,3463.0,0.19525524284227577,25,3463.0,-0.6200000000000045
21485.0,31,575.0,6.845238095238095,4.7836192655288166,31,3542.0,0.1898486740061706,31,3542.0,-0.7899999999999991
21490.0,34,659.0,7.845238095238095,4.512827549720827,33,3697.0,0.16726419952444713,33,3697.0,-1.5499999999999972
21495.0,35,716.0,8.95,4.099352448336658,35,3732.0,0.14511431583544362,35,3732.0,-0.3500000000000014
21500.0,31,727.0,8.975308641975309,4.372725386645605,31,3740.0,0.15709289544381858,31,3740.0,-0.0799999999999983
21505.0,26,725.0,8.734939759036145,4.861682538704046,26,3622.0,0.1885026849534844,26,3622.0,1.1799999999999997
21510.0,24,761.0,9.395061728395062,5.234093163443268,24,3398.0,0.2033962082358994,24,3398.0,2.240000000000002
21515.0,26,810.0,10.125,4.896863017387844,26,3194.0,0.19424182818116986,26,3194.0,2.0399999999999956
21520.0,29,493.0,6.1625,4.5362635417604045,29,3327.0,0.18097836194355463,29,3327.0,-1.3300000000000018
21525.0,33,278.0,3.432098765432099,4.194417172016707,33,3484.0,0.14501995729888334,33,3484.0,-1.5700000000000003
21530.0,35,362.0,4.258823529411765,4.2578181090630665,35,3484.0,0.14279272438041643,35,3484.0,0.0
21535.0,33,386.0,4.541176470588235,4.249541407042083,33,3634.0,0.1322259640658175,33,3634.0,-1.5
21540.0,40,482.0,5.738095238095238,3.989960642396532,40,3815.0,0.12823728043630872,40,3815.0,-1.8099999999999952
21545.0,42,627.0,7.646341463414634,3.7220967297101692,42,4020.0,0.12382935447863283,42,4020.0,-2.0500000000000043
21550.0,41,736.0,8.975609756097562,3.7870085979194936,41,4092.0,0.11591937788361215,41,4092.0,-0.7199999999999989
21555.0,41,796.0,9.476190476190476,3.884933244828043,41,4026.0,0.13582317692072154,41,4026.0,0.6600000000000037
21560.0,42,856.0,10.7,3.467687765735614,42,3965.0,0.13781262003085543,42,3965.0,0.6099999999999994
21565.0,44,925.0,11.419753086419753,3.277666994298543,44,3798.0,0.11480275500532502,44,3798.0,1.6700000000000017
21570.0,42,997.0,12.308641975308642,3.7757295649424045,42,3648.0,0.14039639479537444,42,3648.0,1.5
21575.0,40,1055.0,13.1875,4.11893264611811,40,3491.0,0.15541654713332761,40,3491.0,1.5700000000000003
21580.0,39,1097.0,13.378048780487806,4.059802477586501,38,3340.0,0.16552232381960455,38,3340.0,1.509999999999998
21585.0,35,1101.0,13.265060240963855,4.137015133706813,34,3494.0,0.16331244722571406,34,3494.0,-1.5399999999999991
21590.0,39,1137.0,13.698795180722891,3.87954680302582,37,3668.0,0.14522254263062045,37,3668.0,-1.740000000000002
21595.0,39,1180.0,14.216867469879517,4.217661765340134,39,3864.0,0.16494132905674028,39,3864.0,-1.9600000000000009
21600.0,41,1246.0,14.658823529411764,4.131711236409642,41,4060.0,0.14700289117396464,41,4060.0,-1.9600000000000009
21605.0,39,1310.0,14.886363636363637,4.225305442285117,39,4127.0,0.1536958757131408,39,4127.0,-0.6700000000000017
21610.0,36,1375.0,15.804597701149426,4.222451811985465,36,4064.0,0.15107557192102147,36,4064.0,0.6300000000000026
21615.0,39,1465.0,17.235294117647058,4.248563972247631,39,4012.0,0.1549805871402837,39,4012.0,0.5200000000000031
21620.0,40,1176.0,13.517241379310345,4.149257590437933,40,4054.0,0.1417820661063813,40,4054.0,-0.4200000000000017
21625.0,40,1084.0,12.604651162790697,4.124017217113938,40,4021.0,0.1423992857666763,40,4021.0,0.3299999999999983
21630.0,45,1199.0,13.322222222222223,3.951104638012496,45,4092.0,0.13187092582650561,45,4092.0,-0.7100000000000009
21635.0,46,1031.0,11.455555555555556,3.5791162411814628,46,4067.0,0.09800409908710128,46,4067.0,0.25
21640.0,46,662.0,7.355555555555555,3.48084224956749,46,3845.0,0.09255148952910841,46,3845.0,2.219999999999999
21645.0,42,603.0,6.8522727272727275,3.864385319804509,42,3696.0,0.12348008779978763,42,3696.0,1.490000000000002
21650.0,44,720.0,8.372093023255815,3.981974822146706,44,3551.0,0.1321446878087278,44,3551.0,1.4500000000000028
21655.0,46,820.0,9.425287356321839,3.404720445737438,46,3737.0,0.1049806816913461,46,3737.0,-1.8599999999999994
21660.0,51,1049.0,12.057471264367816,3.2338983697685135,51,3968.0,0.10389934112947455,51,3968.0,-2.3100000000000023
21665.0,57,1318.0,14.977272727272727,2.8983543441909547,57,4234.0,0.07163902042754836,57,4234.0,-2.6600000000000037
21670.0,59,1462.0,16.804597701149426,2.795213392991959,59,4361.0,0.05839174920500087,59,4361.0,-1.269999999999996
21675.0,56,1501.0,17.25287356321839,3.1542662692958174,56,4328.0,0.07371326070198496,56,4328.0,0.3299999999999983
21680.0,54,1523.0,17.1123595505618,3.4155538583604788,54,4282.0,0.09748164121890508,54,4282.0,0.46000000000000085
21685.0,49,1527.0,17.352272727272727,3.438791366172156,49,4079.0,0.09830573972587192,49,4079.0,2.030000000000001
21690.0,50,1524.0,17.318181818181817,3.351304008926754,50,4326.0,0.09671302571106816,50,4326.0,-2.469999999999999
21695.0,51,1527.0,17.551724137931036,3.2722104391470603,51,4580.0,0.09405056076168011,51,4580.0,-2.539999999999999
21700.0,54,1539.0,17.8953488372093,3.2427051787481442,54,4841.0,0.08758341185628282,54,4841.0,-2.6099999999999994
21705.0,52,1508.0,16.755555555555556,3.3753002712763527,52,4941.0,0.09098227323973235,52,4941.0,-1.0
21710.0,49,1433.0,16.471264367816094,3.0749600714181704,49,4887.0,0.09655291141680257,49,4887.0,0.5399999999999991
21715.0,48,1351.0,15.894117647058824,3.0596162934450377,48,4853.0,0.10584277993531184,48,4853.0,0.3399999999999963
21720.0,43,1251.0,14.717647058823529,3.6194383947403717,43,4688.0,0.13109490114668176,43,4688.0,1.6499999999999986
21725.0,38,1141.0,13.423529411764706,4.309487487592585,38,4503.0,0.16113313912302785,38,4503.0,1.8500000000000014
21730.0,33,793.0,9.44047619047619,3.93795135725222,33,4546.0,0.15274976278677999,33,4546.0,-0.4299999999999997
21735.0,30,638.0,7.780487804878049,4.140118610109848,30,4499.0,0.17395357445594636,30,4499.0,0.46999999999999886
21740.0,37,733.0,8.939024390243903,4.025147971612196,37,4556.0,0.1576655815708567,37,4556.0,-0.5700000000000003
21745.0,42,587.0,7.158536585365853,3.637608555155717,42,4585.0,0.1134193888500902,42,4585.0,-0.28999999999999915
21750.0,38,427.0,5.144578313253012,4.092846042649738,38,4517.0,0.13571856877848387,38,4517.0,0.6799999999999997
21755.0,39,545.0,6.264367816091954,4.3678588242711855,39,4528.0,0.1501472688043798,39,4528.0,-0.10999999999999943
21760.0,42,643.0,7.390804597701149,4.212797602188888,42,4696.0,0.13985904586899733,42,4696.0,-1.6799999999999997
21765.0,47,811.0,9.32183908045977,3.634929272381157,47,4903.0,0.0976729293484445,47,4903.0,-2.0700000000000003
21770.0,49,1040.0,12.235294117647058,3.5771309859654123,49,5139.0,0.10714674656615354,49,5139.0,-2.3599999999999994
21775.0,51,1191.0,14.011764705882353,3.5099571504620157,51,5334.0,0.09989206316655615,51,5334.0,-1.9500000000000028
21780.0,57,1461.0,16.602272727272727,3.008992747528785,57,5574.0,0.0766847218137019,57,5574.0,-2.3999999999999986
21785.0,60,1755.0,20.17241379310345,2.804492795949996,60,5855.0,0.07424144408400984,60,5855.0,-2.809999999999995
21790.0,62,1883.0,22.152941176470588,2.2659758306909548,62,5975.0,0.05400312362899035,62,5975.0,-1.2000000000000028
21795.0,60,1886.0,23.0,2.043075655128033,60,6097.0,0.04817581420844404,60,6097.0,-1.2199999999999989
21800.0,55,1870.0,22.804878048780488,2.354712427114215,55,6199.0,0.0689080855357898,55,6199.0,-1.0200000000000031
21805.0,53,1824.0,21.209302325581394,2.576792757715511,53,6452.0,0.07722062692726958,53,6452.0,-2.529999999999994
21810.0,55,1794.0,21.105882352941176,2.554381409022574,55,6724.0,0.08308352807692723,55,6724.0,-2.719999999999999
21815.0,58,1773.0,20.61627906976744,2.217282254692399,58,7001.0,0.06641279976654522,58,7001.0,-2.7700000000000102
21820.0,60,1768.0,20.8,2.016908442362353,60,7296.0,0.04878349373705603,60,7296.0,-2.9499999999999886
21825.0,59,1708.0,20.094117647058823,2.2058822054221254,59,7400.0,0.057045386405231546,59,7400.0,-1.0400000000000063
21830.0,54,1583.0,18.195402298850574,2.392494071189211,54,7291.0,0.08026826880868818,54,7291.0,1.0900000000000034
21835.0,49,1433.0,16.858823529411765,2.6624663060515052,49,7154.0,0.10834984199234964,49,7154.0,1.3699999999999903
21840.0,47,1265.0,15.05952380952381,2.600691761734252,47,6812.0,0.09428450379236662,47,6812.0,3.4200000000000017
21845.0,43,1087.0,13.096385542168674,3.092297754152998,43,6475.0,0.11525365222060402,43,6475.0,3.3700000000000045
21850.0,37,952.0,11.46987951807229,3.7574925819739797,37,6134.0,0.1456407933283019,37,6134.0,3.4099999999999966
21855.0,35,598.0,6.953488372093023,3.888197197289453,35,6307.0,0.1473123126628637,35,6307.0,-1.7299999999999969
21860.0,42,462.0,5.5,3.570425784838066,41,6500.0,0.13266768201422077,41,6500.0,-1.9299999999999997
21865.0,47,563.0,6.783132530120482,2.975371484947835,47,6557.0,0.10673868869789893,47,6557.0,-0.5699999999999932
21870.0,43,591.0,7.035714285714286,3.406004368851262,43,6751.0,0.1235443663181383,43,6751.0,-1.940000000000012
21875.0,45,679.0,8.083333333333334,3.735966348984201,45,6968.0,0.137261183041213,45,6968.0,-2.1700000000000017
21880.0,48,811.0,9.32183908045977,3.7720779340331636,48,7198.0,0.1383895291161845,48,7198.0,-2.299999999999997
21885.0,45,850.0,9.883720930232558,3.8243748834032916,45,7228.0,0.12389096799850485,45,7228.0,-0.29999999999999716
21890.0,43,839.0,9.988095238095237,3.741293713646609,43,7044.0,0.12018383081998646,43,7044.0,1.8400000000000034
21895.0,45,909.0,10.951807228915662,3.845877857044338,45,6868.0,0.13761142193576037,45,6868.0,1.759999999999991
21900.0,44,979.0,11.939024390243903,3.893100859958159,44,6501.0,0.13563525027834605,44,6501.0,3.6700000000000017
21905.0,44,1049.0,12.488095238095237,3.921671288485222,44,6150.0,0.13986061417656337,44,6150.0,3.510000000000005
21910.0,40,1107.0,13.178571428571429,3.913289237626855,40,5809.0,0.14243675680704607,40,5809.0,3.4099999999999966
21915.0,42,1161.0,13.658823529411764,3.7200462096967164,42,5661.0,0.13835776942399486,42,5661.0,1.480000000000004
21920.0,37,1198.0,14.261904761904763,3.9569083192587042,37,5323.0,0.15546705628595026,37,5323.0,3.3800000000000026
21925.0,35,891.0,10.734939759036145,4.107225454565883,34,5358.0,0.17221492749147752,34,5358.0,-0.3500000000000014
21930.0,32,782.0,9.093023255813954,4.493929208990644,32,5328.0,0.18684734551231164,32,5328.0,0.29999999999999716
21935.0,33,791.0,9.091954022988507,4.645832397097823,33,5383.0,0.18786718711943218,33,5383.0,-0.5499999999999972
21940.0,37,803.0,9.125,3.8775881929176204,36,5367.0,0.14403885980089276,36,5367.0,0.1599999999999966
21945.0,37,852.0,9.681818181818182,4.081415008121135,37,5554.0,0.15040876766172362,37,5554.0,-1.8699999999999974
21950.0,35,919.0,10.811764705882354,4.426087464892745,35,5542.0,0.16851828480984624,35,5542.0,0.11999999999999744
21955.0,35,994.0,11.295454545454545,4.658388091272797,35,5335.0,0.17061155254659713,35,5335.0,2.0700000000000003
21960.0,36,1069.0,11.877777777777778,4.612299899101341,36,5152.0,0.1636991218826465,36,5152.0,1.8299999999999983
21965.0,39,1154.0,12.68131868131868,4.176090168822862,39,4815.0,0.12518878436586872,39,4815.0,3.3700000000000045
21970.0,40,958.0,10.764044943820224,3.968827175311831,40,5009.0,0.1157407884586929,40,5009.0,-1.9400000000000048
21975.0,40,574.0,6.597701149425287,3.9203749715027354,39,4965.0,0.1238433398349874,39,4965.0,0.44000000000000483
21980.0,38,515.0,5.722222222222222,3.743218103757092,38,4936.0,0.12163177609230602,38,4936.0,0.28999999999999915
21985.0,35,575.0,6.46067415730337,3.5574168944843603,35,4907.0,0.11484627176984352,35,4907.0,0.28999999999999915
21990.0,38,461.0,5.2988505747126435,3.444948010898636,38,4987.0,0.12184338283368991,38,4987.0,-0.7999999999999972
21995.0,44,602.0,7.08235294117647,3.1228757642416247,44,5192.0,0.09973615879914423,44,5192.0,-2.0500000000000043
22000.0,48,808.0,9.395348837209303,3.301404066804824,48,5299.0,0.1095815371168159,48,5299.0,-1.0700000000000003
22005.0,50,945.0,10.617977528089888,3.2492651838869864,50,5333.0,0.10978756282429662,50,5333.0,-0.3399999999999963
22010.0,50,1020.0,11.460674157303371,3.1811678026762644,50,5177.0,0.1061496927880306,50,5177.0,1.5599999999999952
22015.0,52,1103.0,12.534090909090908,3.034515197331922,52,5078.0,0.10262022740332412,52,5078.0,0.990000000000002
22020.0,53,1192.0,13.545454545454545,3.183977000188463,53,4826.0,0.1043110141482965,53,4826.0,2.520000000000003
22025.0,50,1268.0,14.574712643678161,3.4889753349844104,50,4574.0,0.12255576934765514,50,4574.0,2.519999999999996
22030.0,45,1324.0,14.54945054945055,3.8421615055169203,45,4321.0,0.14194777167926043,45,4321.0,2.530000000000001
22035.0,44,1235.0,13.571428571428571,3.674484380360133,44,4538.0,0.1312748758626575,44,4538.0,-2.1700000000000017
22040.0,51,1077.0,11.966666666666667,3.191824439707623,50,4773.0,0.10715710347501421,50,4773.0,-2.3499999999999943
22045.0,50,1052.0,11.688888888888888,3.298587194591779,50,4783.0,0.1146187195914585,50,4783.0,-0.10000000000000142
22050.0,44,751.0,8.252747252747254,3.64731160172519,44,4891.0,0.12048389104638298,44,4891.0,-1.0799999999999983
22055.0,42,610.0,6.48936170212766,3.896093133999529,42,4910.0,0.1384973495752513,42,4910.0,-0.19000000000000483
22060.0,48,703.0,7.641304347826087,3.6135459884603103,48,5028.0,0.1335157479515372,48,5028.0,-1.1799999999999997
22065.0,51,790.0,8.494623655913978,3.365761148381554,51,5093.0,0.1067015240734104,51,5093.0,-0.6499999999999986
22070.0,49,864.0,9.391304347826088,3.6175256462320204,49,5167.0,0.10846352797680517,49,5167.0,-0.740000000000002
22075.0,50,954.0,10.258064516129032,3.7191580544722824,50,5233.0,0.11962882032159819,50,5233.0,-0.6599999999999966
22080.0,50,834.0,8.872340425531915,3.3135125068650266,50,5376.0,0.10620823136566639,50,5376.0,-1.4299999999999997
22085.0,53,874.0,9.5,2.951720480170751,53,5489.0,0.09577417450082083,53,5489.0,-1.1300000000000026
22090.0,56,993.0,10.793478260869565,2.7978141900072315,56,5700.0,0.07767532900171502,56,5700.0,-2.1099999999999994
22095.0,57,998.0,10.731182795698924,2.7728837485664823,57,5734.0,0.0652673266406797,57,5734.0,-0.3400000000000034
22100.0,52,906.0,10.066666666666666,2.8676028289275557,52,5564.0,0.08678639759639313,52,5564.0,1.7000000000000028
22105.0,50,863.0,9.279569892473118,3.198094099095381,50,5457.0,0.1097968323673157,50,5457.0,1.0700000000000003
22110.0,51,851.0,9.150537634408602,2.9256503453647857,51,5649.0,0.08855300846343239,51,5649.0,-1.9200000000000017
22115.0,59,973.0,10.576086956521738,2.464215297391353,59,5863.0,0.0662179980537081,59,5863.0,-2.1400000000000006
22120.0,61,1148.0,12.344086021505376,2.503250654482835,61,6158.0,0.0682024400807411,61,6158.0,-2.9499999999999957
22125.0,60,1249.0,13.43010752688172,2.4716364563445232,60,6241.0,0.06077981643308461,60,6241.0,-0.8299999999999983
22130.0,57,1288.0,13.416666666666666,2.884618389924974,57,6097.0,0.07658637002123227,57,6097.0,1.4399999999999977
22135.0,56,1337.0,14.376344086021506,2.711717257282826,56,5945.0,0.09165569058686432,56,5945.0,1.519999999999996
22140.0,58,1303.0,14.16304347826087,2.3919488208725372,58,6058.0,0.06536777258927044,58,6058.0,-1.1299999999999955
22145.0,56,1208.0,13.274725274725276,2.4377624549276087,56,6197.0,0.06908204071666312,56,6197.0,-1.3900000000000006
22150.0,56,1241.0,13.48913043478261,2.7464261378487054,56,6344.0,0.07587384553727454,56,6344.0,-1.4699999999999989
22155.0,56,1290.0,13.578947368421053,3.0566199936056075,56,6420.0,0.09463909979249031,56,6420.0,-0.7600000000000051
22160.0,59,1223.0,12.873684210526315,2.92074782625568,59,6707.0,0.07841504813950555,59,6707.0,-2.8699999999999903
22165.0,59,1279.0,13.606382978723405,2.6980515978267814,59,6890.0,0.0610295791708282,59,6890.0,-1.8300000000000125
22170.0,59,1344.0,14.76923076923077,2.8342462175040795,59,7165.0,0.07043555876160876,59,7165.0,-2.75
22175.0,56,1298.0,14.919540229885058,2.705998259891117,56,7233.0,0.08316020619823895,56,7233.0,-0.6799999999999926
22180.0,51,1158.0,13.01123595505618,3.0257540155219953,51,7071.0,0.09903039095770039,51,7071.0,1.6200000000000045
22185.0,46,993.0,11.413793103448276,3.3890050625722177,46,6921.0,0.11964525871013239,46,6921.0,1.5
22190.0,47,877.0,10.31764705882353,2.9775634351387383,47,7148.0,0.0916585554250547,47,7148.0,-2.2700000000000102
22195.0,53,952.0,11.2,2.808099885830231,53,7398.0,0.08093449023000866,53,7398.0,-2.5
22200.0,56,1051.0,12.364705882352942,2.700137203886717,56,7672.0,0.06965458789323513,56,7672.0,-2.739999999999995
22205.0,55,1019.0,11.44943820224719,2.77030741556258,55,7835.0,0.07715947825391138,55,7835.0,-1.6299999999999955
22210.0,55,1006.0,11.431818181818182,2.751959725449912,55,7937.0,0.08922760018417367,55,7937.0,-1.0200000000000102
22215.0,57,1110.0,12.758620689655173,2.5522521047623363,57,8115.0,0.07863091130944477,57,8115.0,-1.7800000000000011
22220.0,56,1129.0,12.977011494252874,2.6261514483253223,56,8179.0,0.06708148866893181,56,8179.0,-0.6400000000000006
22225.0,51,1069.0,12.576470588235294,2.91407588942992,51,8012.0,0.09342490395524733,51,8012.0,1.6700000000000017
22230.0,46,984.0,11.310344827586206,3.2914178344491773,46,7826.0,0.11833090985194587,46,7826.0,1.8599999999999994
22235.0,43,859.0,10.349397590361447,3.1283098225966275,43,8025.0,0.10773197567089071,43,8025.0,-1.9899999999999949
22240.0,46,807.0,9.841463414634147,2.7710568186918634,46,8246.0,0.08828612584568934,46,8246.0,-2.2099999999999937
22245.0,51,902.0,11.135802469135802,2.544496747028206,51,8490.0,0.07987139714944946,51,8490.0,-2.440000000000012
22250.0,53,970.0,11.686746987951807,2.600979972393242,53,8529.0,0.06960708075412078,53,8529.0,-0.39000000000000057
22255.0,49,995.0,11.436781609195402,2.943623835030022,49,8341.0,0.09411482446237227,49,8341.0,1.8800000000000097
22260.0,46,1005.0,11.420454545454545,3.1523475973065014,46,8141.0,0.10704816378865438,46,8141.0,2.0
22265.0,47,1013.0,11.64367816091954,2.9354102711864054,47,8374.0,0.09216088038054043,47,8374.0,-2.3299999999999983
22270.0,47,1023.0,11.895348837209303,3.004377636856747,47,8609.0,0.09255647937656475,47,8609.0,-2.3500000000000085
22275.0,47,1033.0,12.44578313253012,3.0514023842367575,47,8844.0,0.09230570978516309,47,8844.0,-2.3499999999999943
22280.0,47,1045.0,12.151162790697674,3.0760894254911135,47,9079.0,0.09536779999840547,47,9079.0,-2.3500000000000085
22285.0,45,927.0,10.905882352941177,2.928762638566958,45,9224.0,0.09273889121282478,45,9224.0,-1.4499999999999886
22290.0,51,1069.0,12.726190476190476,2.466188322643595,51,9356.0,0.08069110030436785,51,9356.0,-1.3200000000000074
22295.0,56,1263.0,15.402439024390244,2.250961825049161,56,9600.0,0.08283308672114864,56,9600.0,-2.4399999999999977
22300.0,57,1468.0,17.686746987951807,2.3334333143873764,57,9880.0,0.07808635729328277,57,9880.0,-2.799999999999997
22305.0,56,1557.0,17.896551724137932,2.5121257123083933,56,9910.0,0.0730496203512295,56,9910.0,-0.29999999999999716
22310.0,52,1554.0,17.862068965517242,2.6785628418640592,52,9676.0,0.08104180557804073,52,9676.0,2.339999999999989
22315.0,51,1571.0,18.48235294117647,2.653477039659731,51,9433.0,0.08931755709193621,51,9433.0,2.430000000000007
22320.0,51,1626.0,19.59036144578313,2.867842352204711,51,8965.0,0.10550287035580186,51,8965.0,4.679999999999993
22325.0,51,1680.0,20.0,3.11037248223366,51,8512.0,0.11575682362389733,51,8512.0,4.530000000000001
22330.0,48,1721.0,19.556818181818183,3.377252889317359,48,8290.0,0.12703371385526455,48,8290.0,2.219999999999999
22335.0,46,1747.0,19.629213483146067,3.7189356847206807,46,7823.0,0.13389591787345906,46,7823.0,4.670000000000002
22340.0,46,1768.0,19.865168539325843,3.6476853424687907,44,7594.0,0.13115235820701682,44,7594.0,2.2900000000000063
22345.0,39,1763.0,20.5,3.9306496417822285,38,7345.0,0.16233625732028192,38,7345.0,2.489999999999995
22350.0,35,1740.0,20.714285714285715,4.293772499375254,35,7097.0,0.17807034047593334,35,7097.0,2.480000000000004
22355.0,30,1689.0,19.413793103448278,4.494815921569579,29,6812.0,0.1834371979958847,29,6812.0,2.8499999999999943
22360.0,23,1025.0,12.058823529411764,4.700662306606989,23,6718.0,0.1980276821195174,23,6718.0,0.9399999999999977
22365.0,20,427.0,5.144578313253012,4.6787650371340765,20,6450.0,0.19426344726800537,20,6450.0,2.680000000000007
22370.0,21,355.0,4.329268292682927,5.098298627756552,20,6272.0,0.21724210201940547,20,6272.0,1.7800000000000011
22375.0,27,284.0,3.506172839506173,4.525267630747999,27,6305.0,0.18514483825800496,27,6305.0,-0.3299999999999983
22380.0,31,408.0,4.744186046511628,4.443387700255602,31,6356.0,0.16916800740969987,31,6356.0,-0.5100000000000051
22385.0,35,573.0,6.741176470588235,4.171079957824405,35,6491.0,0.14823784704307488,35,6491.0,-1.3499999999999943
22390.0,39,676.0,7.952941176470588,3.8339549834239173,39,6438.0,0.101582882388149,39,6438.0,0.5300000000000011
22395.0,39,726.0,8.541176470588235,4.291806668647882,39,6162.0,0.11094721103724611,39,6162.0,2.759999999999998
22400.0,40,776.0,9.023255813953488,4.5854118493941325,40,5892.0,0.13256811713448388,40,5892.0,2.6999999999999957
22405.0,39,826.0,9.177777777777777,4.910433065914047,39,5412.0,0.1512446223961358,39,5412.0,4.800000000000004
22410.0,38,870.0,9.886363636363637,4.719751392821959,38,5601.0,0.12978158936443412,38,5601.0,-1.8900000000000006
22415.0,42,927.0,10.779069767441861,4.455704347939224,42,5803.0,0.1199350173436905,42,5803.0,-2.020000000000003
22420.0,44,994.0,11.55813953488372,4.349098462721266,44,6015.0,0.11459153407792524,44,6015.0,-2.1199999999999974
22425.0,41,912.0,10.857142857142858,4.215082396637418,41,6077.0,0.11159263225915536,41,6077.0,-0.6200000000000045
22430.0,41,808.0,9.734939759036145,3.9210013358891422,41,6048.0,0.129865282004751,41,6048.0,0.29000000000000625
22435.0,40,864.0,10.536585365853659,3.8822446357712,40,6114.0,0.12866624073721925,40,6114.0,-0.6600000000000037
22440.0,43,680.0,8.5,3.194558687177064,43,6202.0,0.09742313257485664,43,6202.0,-0.8800000000000026
22445.0,43,767.0,9.833333333333334,3.2539914002302535,43,6238.0,0.10731897122066303,43,6238.0,-0.35999999999999943
22450.0,47,992.0,12.717948717948717,3.481747141861948,47,6379.0,0.1203613362180323,47,6379.0,-1.4099999999999966
22455.0,50,1104.0,13.62962962962963,3.2031082439731273,50,6362.0,0.10323432373264131,50,6362.0,0.1700000000000017
22460.0,49,1127.0,13.74390243902439,3.4367098208592335,49,6090.0,0.10615325345627995,49,6090.0,2.719999999999999
22465.0,48,1138.0,13.878048780487806,3.3100555414034245,48,5812.0,0.10277488389493189,48,5812.0,2.780000000000001
22470.0,45,1143.0,14.11111111111111,3.578910946906964,45,5289.0,0.11530275659366172,45,5289.0,5.229999999999997
22475.0,41,1131.0,14.1375,3.85955743947567,41,4765.0,0.1386585246192184,41,4765.0,5.240000000000002
22480.0,38,1103.0,13.130952380952381,4.166197658079204,38,4247.0,0.16112174101708238,38,4247.0,5.18
22485.0,35,1056.0,12.571428571428571,4.202194778851463,35,4001.0,0.16774806197054024,35,4001.0,2.460000000000001
22490.0,34,999.0,11.75294117647059,4.213876476213084,34,3602.0,0.15587203614220277,34,3602.0,3.989999999999995
22495.0,32,852.0,10.023529411764706,4.4037523120437685,32,3712.0,0.15966499172255286,32,3712.0,-1.0999999999999943
22500.0,33,784.0,9.560975609756097,4.380808028555044,33,3838.0,0.1743930356652892,33,3838.0,-1.2600000000000051
22505.0,36,734.0,8.738095238095237,4.285026145040725,36,4011.0,0.18128063696588032,36,4011.0,-1.7299999999999969
22510.0,33,683.0,8.130952380952381,4.36367058746152,32,3979.0,0.1656734075578517,32,3979.0,0.3200000000000003
22515.0,30,639.0,7.607142857142857,4.591076382109922,30,3783.0,0.168821605160159,30,3783.0,1.9600000000000009
22520.0,27,636.0,7.571428571428571,5.2236885670748885,27,3585.0,0.20642775683550355,27,3585.0,1.9799999999999969
22525.0,26,690.0,8.313253012048193,5.309469308783477,26,3262.0,0.21308597931296885,26,3262.0,3.230000000000004
22530.0,29,748.0,8.904761904761905,4.932494323766444,28,3119.0,0.20159532399997193,28,3119.0,1.4299999999999962
22535.0,28,806.0,9.710843373493976,4.708908155298807,27,2865.0,0.18672426019577174,27,2865.0,2.5400000000000027
22540.0,32,866.0,10.433734939759036,4.3935622972223864,29,2754.0,0.16169940373517722,29,2754.0,1.1099999999999994
22545.0,26,920.0,11.358024691358025,4.537065077525723,26,2769.0,0.17441240349084655,26,2769.0,-0.15000000000000213
22550.0,23,962.0,11.731707317073171,4.71932740017291,23,2790.0,0.18487072047373934,23,2790.0,-0.2099999999999973
22555.0,18,986.0,11.879518072289157,4.841904629621843,18,2799.0,0.19074134247566465,18,2799.0,-0.08999999999999986
22560.0,16,661.0,8.160493827160494,4.576266370339314,15,2720.0,0.19539797958328448,15,2720.0,0.7899999999999991
22565.0,18,482.0,5.950617283950617,4.245913370909898,17,2540.0,0.17248328225964865,17,2540.0,1.8000000000000007
22570.0,22,573.0,7.074074074074074,4.667599325481776,22,2465.0,0.19574097127551926,22,2465.0,0.75
22575.0,26,591.0,7.481012658227848,4.159070017084625,26,2518.0,0.16344783141284058,26,2518.0,-0.5300000000000011
22580.0,32,736.0,8.761904761904763,4.158941474155219,32,2623.0,0.14240659244079393,32,2623.0,-1.0500000000000007
22585.0,36,906.0,10.658823529411764,4.139305366447005,36,2786.0,0.1200073582176519,36,2786.0,-1.629999999999999
22590.0,40,1015.0,12.228915662650602,3.7227362846298835,40,2864.0,0.07666882416879306,40,2864.0,-0.7800000000000011
22595.0,41,1075.0,13.109756097560975,3.9088031731450448,41,2837.0,0.10293452075660421,41,2837.0,0.2699999999999996
22600.0,42,1135.0,13.674698795180722,4.226982131293804,42,2816.0,0.12922605601744697,42,2816.0,0.21000000000000085
22605.0,41,1183.0,13.755813953488373,4.122389269155279,41,3009.0,0.11716708417902418,41,3009.0,-1.9299999999999997
22610.0,43,1250.0,14.880952380952381,3.9656741202291035,43,3223.0,0.11539666361680802,43,3223.0,-2.139999999999997
22615.0,46,1330.0,16.02409638554217,3.50022684984433,46,3446.0,0.08684263271354808,46,3446.0,-2.230000000000004
22620.0,46,966.0,11.63855421686747,3.4980249119989355,46,3506.0,0.09056682235594948,46,3506.0,-0.6000000000000014
22625.0,42,737.0,9.329113924050633,3.401139455241495,42,3436.0,0.11382526807428055,42,3436.0,0.7000000000000028
22630.0,43,803.0,9.91358024691358,3.4912758012428626,43,3454.0,0.1307168940862594,43,3454.0,-0.17999999999999972
22635.0,44,798.0,9.851851851851851,3.166790179966211,44,3534.0,0.11032504062533788,44,3534.0,-0.8000000000000043
22640.0,43,789.0,9.74074074074074,3.0453579833956494,43,3484.0,0.09461542440358667,43,3484.0,0.5
22645.0,42,831.0,10.25925925925926,3.4788347171808973,42,3430.0,0.12203669765523507,42,3430.0,0.5400000000000063
22650.0,41,886.0,10.938271604938272,3.795106359961219,41,3265.0,0.13308095470099685,41,3265.0,1.6499999999999986
22655.0,41,941.0,11.202380952380953,3.982594200544215,41,3117.0,0.14180248479609478,41,3117.0,1.4799999999999969
22660.0,38,990.0,11.927710843373495,4.104496691193636,38,2981.0,0.15099455216466962,38,2981.0,1.360000000000003
22665.0,39,1031.0,12.421686746987952,3.916351669422285,39,2962.0,0.15225968727284694,39,2962.0,0.18999999999999773
22670.0,35,1056.0,12.571428571428571,4.093075035755617,35,2936.0,0.15786561944522554,35,2936.0,0.26000000000000156
22675.0,33,1070.0,12.738095238095237,4.590461790767494,32,2907.0,0.18847547237707826,32,2907.0,0.28999999999999915
22680.0,30,1065.0,12.529411764705882,4.540327193177843,28,2777.0,0.1897248327517763,28,2777.0,1.3000000000000007
22685.0,26,980.0,11.264367816091953,4.562131602001885,25,2857.0,0.19033714243728114,25,2857.0,-0.8000000000000007
22690.0,29,982.0,11.28735632183908,4.4728657462052555,29,2978.0,0.1772618671787425,29,2978.0,-1.2100000000000009
22695.0,31,1051.0,12.364705882352942,4.6292762192821355,30,3126.0,0.19171141588813811,30,3126.0,-1.4800000000000004
22700.0,28,787.0,9.258823529411766,4.9256655845737445,28,3097.0,0.18995555694771027,28,3097.0,0.2900000000000027
22705.0,28,598.0,6.873563218390805,5.081296830143145,28,2965.0,0.19815357948348844,28,2965.0,1.3200000000000003
22710.0,34,753.0,8.755813953488373,4.897924276387198,34,2903.0,0.19197536929730408,34,2903.0,0.6199999999999974
22715.0,39,849.0,9.872093023255815,4.051437156168353,39,2968.0,0.12477285225484264,39,2968.0,-0.6499999999999986
22720.0,42,909.0,10.694117647058823,3.8511312778986246,42,3060.0,0.10526440318441932,42,3060.0,-0.9200000000000017
22725.0,42,969.0,11.535714285714286,3.8871822689232296,42,3164.0,0.11755372660418285,42,3164.0,-1.0399999999999991
22730.0,42,1028.0,11.55056179775281,4.068516642801973,42,3077.0,0.13032265599134232,42,3077.0,0.870000000000001
22735.0,38,1075.0,12.35632183908046,4.219083160077318,38,3001.0,0.1490812911613988,38,3001.0,0.759999999999998
22740.0,37,1033.0,12.297619047619047,3.612055701563543,37,3094.0,0.10751617556364643,37,3094.0,-0.9299999999999997
22745.0,36,1032.0,12.141176470588235,3.9726638166962958,36,3164.0,0.13434385717472458,36,3164.0,-0.6999999999999993
22750.0,37,1065.0,12.831325301204819,4.17619917166327,37,3317.0,0.14698019560145442,37,3317.0,-1.5300000000000011
22755.0,38,1058.0,12.447058823529412,3.8259233577793323,37,3397.0,0.13082925500435813,37,3397.0,-0.7999999999999972
22760.0,34,1012.0,12.047619047619047,3.7316193449481054,34,3577.0,0.11946599090724211,34,3577.0,-1.8000000000000043
22765.0,33,1003.0,11.94047619047619,3.7165861682566543,33,3530.0,0.11962546877180552,33,3530.0,0.47000000000000597
22770.0,30,1045.0,12.74390243902439,4.036347756298392,30,3372.0,0.14609395531326408,30,3372.0,1.5799999999999983
22775.0,30,1109.0,13.36144578313253,4.506961474022006,30,3311.0,0.17849320117882342,30,3311.0,0.6099999999999994
22780.0,30,1161.0,13.344827586206897,4.336572191399725,30,3341.0,0.15846210459023083,30,3341.0,-0.29999999999999716
22785.0,36,1247.0,14.5,3.945258582950388,36,3510.0,0.13945467235659362,36,3510.0,-1.6900000000000048
22790.0,42,1364.0,16.04705882352941,3.406777256760583,42,3707.0,0.10324230701350051,42,3707.0,-1.9699999999999989
22795.0,43,1456.0,16.735632183908045,3.6616140209846515,43,3802.0,0.10382921244088637,43,3802.0,-0.9500000000000028
22800.0,38,1503.0,17.68235294117647,3.91795333043137,38,3778.0,0.13405580144677182,38,3778.0,0.240000000000002
22805.0,35,1533.0,17.224719101123597,4.222954587181597,35,3743.0,0.15425467235736573,35,3743.0,0.3500000000000014
22810.0,31,1568.0,18.022988505747126,4.247868100156045,31,3604.0,0.15866813765488388,31,3604.0,1.3900000000000006
22815.0,34,1423.0,16.741176470588236,3.7497375053201916,34,3666.0,0.12941667637148083,34,3666.0,-0.6199999999999974
22820.0,34,1479.0,17.4,4.12577454620575,34,3705.0,0.15345233261198943,34,3705.0,-0.39000000000000057
22825.0,39,1594.0,18.53488372093023,4.313976371100369,39,3856.0,0.15999473475953038,39,3856.0,-1.5100000000000051
22830.0,41,1143.0,12.842696629213483,4.053554166872467,41,3807.0,0.12913424425059428,41,3807.0,0.490000000000002
22835.0,41,550.0,6.25,3.825204394962995,41,3574.0,0.12107471078890278,41,3574.0,2.3299999999999983
22840.0,40,522.0,6.069767441860465,3.700977912076853,40,3409.0,0.12455990918888253,40,3409.0,1.6499999999999986
22845.0,42,658.0,7.741176470588235,3.8971189267122472,42,3250.0,0.13286840647956757,42,3250.0,1.5900000000000034
22850.0,43,810.0,9.529411764705882,3.889173665564503,43,3310.0,0.13397069777933104,43,3310.0,-0.6000000000000014
22855.0,45,897.0,10.193181818181818,3.382096849864006,45,3394.0,0.11608578291171873,45,3394.0,-0.8399999999999963
22860.0,44,917.0,10.303370786516854,3.6484041083930188,44,3355.0,0.12030542474840478,44,3355.0,0.39000000000000057
22865.0,47,942.0,10.466666666666667,3.5836831500898176,47,3317.0,0.10739190682129918,47,3317.0,0.37999999999999545
22870.0,46,975.0,10.955056179775282,3.9218823800845635,46,3167.0,0.10912239321131194,46,3167.0,1.5
22875.0,42,993.0,11.413793103448276,4.36445678142482,42,3024.0,0.13518017186638415,42,3024.0,1.4300000000000033
22880.0,41,955.0,10.852272727272727,4.151033247064752,41,3225.0,0.13125521507136206,41,3225.0,-2.0100000000000016
22885.0,42,963.0,11.068965517241379,3.9701086378204367,42,3434.0,0.12330538166682546,42,3434.0,-2.0900000000000034
22890.0,43,955.0,10.730337078651685,3.8977738685223122,43,3607.0,0.11632933140993065,43,3607.0,-1.7299999999999969
22895.0,44,932.0,10.590909090909092,3.847505117078799,44,3694.0,0.10158147243677107,44,3694.0,-0.8699999999999974
22900.0,41,872.0,10.13953488372093,4.004944654676583,41,3652.0,0.1271059781273581,41,3652.0,0.4199999999999946
22905.0,37,797.0,9.267441860465116,4.22868503353873,37,3598.0,0.15902473276029988,37,3598.0,0.5400000000000063
22910.0,32,701.0,8.24705882352941,4.610085948440771,32,3411.0,0.1819731456261551,32,3411.0,1.8699999999999974
22915.0,30,637.0,7.864197530864198,4.364571895049928,30,3224.0,0.16776597976350338,30,3224.0,1.8699999999999974
22920.0,27,627.0,7.7407407407407405,5.047881864109138,26,3146.0,0.20973037539012263,26,3146.0,0.7800000000000011
22925.0,27,687.0,8.69620253164557,5.078085044995929,27,2979.0,0.211614458292924,27,2979.0,1.6700000000000017
22930.0,29,661.0,8.060975609756097,4.454173755484326,29,3114.0,0.17645837412063897,29,3114.0,-1.3500000000000014
22935.0,35,752.0,9.283950617283951,4.11312742802712,34,3273.0,0.1597866100468186,34,3273.0,-1.5899999999999963
22940.0,39,859.0,10.7375,3.6279329999341767,39,3450.0,0.13461555019241594,39,3450.0,-1.7700000000000031
22945.0,36,928.0,11.45679012345679,3.968954828228415,36,3520.0,0.14887418599711227,36,3520.0,-0.7000000000000028
22950.0,34,959.0,11.839506172839506,4.264183163762796,34,3476.0,0.16531606535683482,34,3476.0,0.44000000000000483
22955.0,30,1022.0,12.313253012048193,4.528350246217212,30,3424.0,0.18841163171617392,30,3424.0,0.519999999999996
22960.0,30,1097.0,13.05952380952381,4.589481407603303,30,3276.0,0.18628927219819402,30,3276.0,1.480000000000004
22965.0,33,1180.0,14.047619047619047,4.427966262730924,33,3139.0,0.17423977680145275,33,3139.0,1.3699999999999974
22970.0,34,1270.0,15.119047619047619,4.458778396473123,34,3118.0,0.18028382945550137,34,3118.0,0.21000000000000085
22975.0,37,1280.0,15.058823529411764,4.19457181354775,35,3188.0,0.15263188871799885,35,3188.0,-0.6999999999999993
22980.0,37,1283.0,14.415730337078651,4.229949417083498,35,3371.0,0.15258173142728648,35,3371.0,-1.8300000000000018
22985.0,38,1380.0,15.681818181818182,4.2457571096738596,38,3560.0,0.1527949890355302,38,3560.0,-1.8900000000000006
22990.0,44,1137.0,12.920454545454545,3.8799419106975352,44,3764.0,0.12244254202000245,44,3764.0,-2.039999999999999
22995.0,41,1115.0,12.965116279069768,4.041466538568658,41,3688.0,0.12701168005008265,41,3688.0,0.759999999999998
23000.0,42,1305.0,15.535714285714286,4.233380912823412,42,3710.0,0.14820903865480956,42,3710.0,-0.21999999999999886
23005.0,46,1434.0,16.870588235294118,3.715909771417305,46,3810.0,0.1361787003784195,46,3810.0,-1.0
23010.0,48,1514.0,17.6046511627907,3.4329568521600664,48,3813.0,0.11823993368086966,48,3813.0,-0.030000000000001137
23015.0,50,1605.0,19.107142857142858,3.179111681289098,50,3827.0,0.10477603930492833,50,3827.0,-0.14000000000000057
23020.0,48,1157.0,13.939759036144578,3.085049618761913,48,3870.0,0.0954260990093943,48,3870.0,-0.4299999999999997
23025.0,44,811.0,9.771084337349398,3.398844209703359,44,3765.0,0.11358329928202962,44,3765.0,1.0500000000000043
23030.0,46,863.0,10.034883720930232,3.5658412637819903,46,3748.0,0.13281540052515745,46,3748.0,0.1700000000000017
23035.0,46,849.0,9.872093023255815,3.1414201028979014,46,3892.0,0.10505330255125406,46,3892.0,-1.4400000000000048
23040.0,49,912.0,10.604651162790697,3.0344801220384667,49,4040.0,0.08669147558915007,49,4040.0,-1.4799999999999969
23045.0,51,1010.0,11.60919540229885,3.2643490962222472,51,4269.0,0.09479919438659357,51,4269.0,-2.289999999999999
23050.0,51,1024.0,11.636363636363637,3.246486237787384,51,4380.0,0.0876677071220284,51,4380.0,-1.1099999999999994
23055.0,47,1011.0,11.233333333333333,3.408694427410574,47,4333.0,0.10465749467758576,47,4333.0,0.46999999999999886
23060.0,43,1040.0,11.685393258426966,3.707066200738414,43,4272.0,0.12395306930588694,43,4272.0,0.6099999999999994
23065.0,45,1105.0,12.415730337078651,3.6023988397357245,45,4086.0,0.11217641840392227,45,4086.0,1.8599999999999994
23070.0,46,1012.0,11.632183908045977,3.3438418663082414,46,4144.0,0.10582032468677471,46,4144.0,-0.5799999999999983
23075.0,44,734.0,8.340909090909092,3.4953146972144684,44,4225.0,0.10641330818825472,44,4225.0,-0.8100000000000023
23080.0,46,793.0,8.910112359550562,3.504894658641021,46,4317.0,0.11625019390610272,46,4317.0,-0.9200000000000017
23085.0,48,830.0,9.12087912087912,3.1996699119245173,48,4404.0,0.09547823052479579,48,4404.0,-0.8699999999999974
23090.0,48,846.0,9.195652173913043,3.2255210468919744,48,4357.0,0.09339109799305391,48,4357.0,0.46999999999999886
23095.0,45,851.0,9.455555555555556,3.730399626568555,45,4299.0,0.12005144503871083,45,4299.0,0.5799999999999983
23100.0,42,839.0,9.755813953488373,3.84592838998383,42,4101.0,0.13666487029053978,42,4101.0,1.980000000000004
23105.0,36,810.0,9.0,4.43972730952479,36,3906.0,0.16639433236883447,36,3906.0,1.9499999999999957
23110.0,33,810.0,9.0,4.505653799381969,33,3705.0,0.16696907476499728,33,3705.0,2.010000000000005
23115.0,33,874.0,10.045977011494253,4.331462966318024,33,3663.0,0.16960694757405628,33,3663.0,0.4199999999999946
23120.0,32,704.0,8.186046511627907,4.31501390391752,32,3559.0,0.16303806866348816,32,3559.0,1.0399999999999991
23125.0,33,513.0,5.896551724137931,4.32081205431975,33,3452.0,0.1719107252327629,33,3452.0,1.0700000000000003
23130.0,36,606.0,6.808988764044944,4.564319410542921,35,3437.0,0.18676690935628987,35,3437.0,0.15000000000000568
23135.0,36,572.0,6.355555555555555,3.9560796067159867,35,3541.0,0.14550897909505253,35,3541.0,-1.0399999999999991
23140.0,39,684.0,7.7727272727272725,3.858134842779629,39,3671.0,0.14171675901520223,39,3671.0,-1.3000000000000043
23145.0,42,834.0,9.477272727272727,4.118388207314466,42,3865.0,0.15269899677109294,42,3865.0,-1.9399999999999977
23150.0,41,834.0,9.477272727272727,4.517142519124831,41,3902.0,0.14760568525581413,41,3902.0,-0.37000000000000455
23155.0,41,787.0,8.648351648351648,4.7086139225140355,41,3831.0,0.15589270527691546,41,3831.0,0.7100000000000009
23160.0,47,1007.0,11.065934065934066,4.35520842617901,47,3866.0,0.14115527209205717,47,3866.0,-0.3499999999999943
23165.0,52,1123.0,12.206521739130435,3.5331606956789394,52,3974.0,0.0794206256734356,52,3974.0,-1.0800000000000054
23170.0,52,1170.0,12.857142857142858,3.7273144589300875,52,3969.0,0.08386526337409066,52,3969.0,0.05000000000000426
23175.0,49,1202.0,13.50561797752809,4.046651071631816,49,3949.0,0.11354529784969383,49,3949.0,0.19999999999999574
23180.0,46,1215.0,13.351648351648352,4.051374794455637,46,3780.0,0.12070856899036253,46,3780.0,1.6900000000000048
23185.0,42,1062.0,11.932584269662922,4.064137029963459,42,3887.0,0.1297361148343882,42,3887.0,-1.0700000000000003
23190.0,44,977.0,11.36046511627907,3.639080424832253,44,3946.0,0.11449209415398788,44,3946.0,-0.5900000000000034
23195.0,45,979.0,11.654761904761905,3.6540913165405193,45,4094.0,0.119301261497612,45,4094.0,-1.4799999999999969
23200.0,44,939.0,11.178571428571429,3.753583055199941,44,4174.0,0.11525946721463773,44,4174.0,-0.8000000000000043
23205.0,41,853.0,9.918604651162791,3.7365163257658645,41,4246.0,0.11160461197609363,41,4246.0,-0.7199999999999989
23210.0,39,750.0,8.823529411764707,3.6741655759417613,39,4300.0,0.12353825469535751,39,4300.0,-0.5399999999999991
23215.0,40,640.0,7.529411764705882,3.2225847442759243,40,4476.0,0.09737713874954426,40,4476.0,-1.759999999999998
23220.0,42,613.0,7.127906976744186,3.4396580165241795,42,4683.0,0.11013296723666223,42,4683.0,-2.0700000000000003
23225.0,43,661.0,7.686046511627907,3.6330898200607744,43,4896.0,0.11518286007899443,43,4896.0,-2.1300000000000026
23230.0,44,760.0,8.837209302325581,3.4326399737655673,44,5112.0,0.10493376406038356,44,5112.0,-2.1599999999999966
23235.0,46,846.0,10.071428571428571,3.159361815602529,46,5182.0,0.10370097430207117,46,5182.0,-0.7000000000000028
23240.0,49,894.0,10.642857142857142,2.4815356750871924,49,5103.0,0.07556087745706584,49,5103.0,0.7899999999999991
23245.0,46,944.0,11.654320987654321,2.5681739159646355,46,5022.0,0.10773844559734487,46,5022.0,0.8100000000000023
23250.0,42,977.0,12.061728395061728,2.9321218072566695,42,4779.0,0.11802635450752527,42,4779.0,2.4299999999999997
23255.0,41,726.0,8.642857142857142,2.884148050305815,40,4827.0,0.11546800193431667,40,4827.0,-0.480000000000004
23260.0,44,548.0,6.372093023255814,2.98741736509064,43,5030.0,0.1156040211779941,43,5030.0,-2.029999999999994
23265.0,45,616.0,7.333333333333333,2.55585817518055,45,5120.0,0.0883682670516769,45,5120.0,-0.9000000000000057
23270.0,46,673.0,7.91764705882353,2.8861095454656382,46,5176.0,0.10830808691161677,46,5176.0,-0.5599999999999952
23275.0,49,735.0,8.546511627906977,2.950037635223449,49,5099.0,0.10885326370952368,49,5099.0,0.769999999999996
23280.0,47,794.0,8.822222222222223,3.4014887779652843,47,5026.0,0.12532242606681895,47,5026.0,0.730000000000004
23285.0,42,834.0,9.266666666666667,3.8210275530518056,42,4798.0,0.13986080384724867,42,4798.0,2.280000000000001
23290.0,39,557.0,6.329545454545454,3.66384832343344,39,4876.0,0.12031727886497488,39,4876.0,-0.7800000000000011
23295.0,37,483.0,5.551724137931035,3.9293318659933982,37,4891.0,0.14102700813493438,37,4891.0,-0.14999999999999858
23300.0,38,513.0,6.107142857142857,4.1028421717692165,38,4998.0,0.16063175958947437,38,4998.0,-1.0700000000000003
23305.0,42,595.0,6.9186046511627906,3.7982328680790056,42,5040.0,0.13532377766276138,42,5040.0,-0.4200000000000017
23310.0,41,650.0,7.471264367816092,3.6554152546388194,41,4934.0,0.118812852465191,41,4934.0,1.0599999999999952
23315.0,40,702.0,8.068965517241379,3.66292263237929,40,4824.0,0.12409224521159776,40,4824.0,1.1000000000000014
23320.0,38,747.0,8.788235294117648,3.775973012093972,38,4571.0,0.13898147000574157,38,4571.0,2.530000000000001
23325.0,35,775.0,9.011627906976743,4.219331771995675,35,4320.0,0.1659380387970241,35,4320.0,2.509999999999998
23330.0,33,629.0,7.067415730337078,4.066747590566645,33,4484.0,0.15930107639697555,33,4484.0,-1.6400000000000006
23335.0,33,447.0,5.022471910112359,4.171893548401559,33,4473.0,0.15702739494916462,33,4473.0,0.11000000000000654
23340.0,35,521.0,5.788888888888889,4.25028938147537,35,4488.0,0.14578804760162536,35,4488.0,-0.15000000000000568
23345.0,40,626.0,6.955555555555556,3.9593923469610286,40,4532.0,0.12586477426099368,40,4532.0,-0.4399999999999977
23350.0,42,757.0,8.50561797752809,4.117751955213023,42,4463.0,0.1385880129626987,42,4463.0,0.6899999999999977
23355.0,43,821.0,9.329545454545455,3.735038629865565,43,4511.0,0.12379097932497408,43,4511.0,-0.4799999999999969
23360.0,39,829.0,9.420454545454545,4.040200492655507,39,4408.0,0.14641962697383665,39,4408.0,1.0300000000000011
23365.0,39,855.0,9.827586206896552,3.8681521224297084,39,4294.0,0.12849432799673083,39,4294.0,1.1400000000000006
23370.0,38,925.0,10.755813953488373,4.225678532455911,38,4055.0,0.14579972437655445,38,4055.0,2.3900000000000006
23375.0,39,936.0,11.011764705882353,4.220182119363649,38,4177.0,0.14319552792042,38,4177.0,-1.220000000000006
23380.0,42,1003.0,11.269662921348315,3.971836777224244,42,4387.0,0.12448896508665211,42,4387.0,-2.0999999999999943
23385.0,47,1106.0,12.426966292134832,3.751418555190601,47,4529.0,0.11218522786415201,47,4529.0,-1.4200000000000017
23390.0,48,1179.0,13.551724137931034,3.148232593567562,48,4613.0,0.08869909925486939,48,4613.0,-0.8400000000000034
23395.0,45,1215.0,14.127906976744185,3.3385303120170757,45,4542.0,0.11376201807305583,45,4542.0,0.7100000000000009
23400.0,41,1233.0,14.172413793103448,3.87719030255707,41,4453.0,0.13796955321672916,41,4453.0,0.8900000000000006
23405.0,39,1235.0,14.034090909090908,3.9459021810050703,39,4220.0,0.1440264297267221,39,4220.0,2.3299999999999983
23410.0,37,1190.0,13.370786516853933,3.857022013124624,36,4366.0,0.135990500148331,36,4366.0,-1.4599999999999937
23415.0,40,1245.0,14.147727272727273,3.440754259723718,40,4563.0,0.11468148016347064,40,4563.0,-1.970000000000006
23420.0,42,1359.0,15.80232558139535,3.6206331904068367,42,4743.0,0.12745553496964468,42,4743.0,-1.7999999999999972
23425.0,47,1509.0,17.75294117647059,3.4045905779903443,47,4969.0,0.1219589678206077,47,4969.0,-2.259999999999998
23430.0,50,1618.0,17.977777777777778,3.161378130342648,50,5054.0,0.10205877778039334,50,5054.0,-0.8500000000000014
23435.0,46,1679.0,18.655555555555555,3.2287693465567537,46,4982.0,0.10332482137039468,46,4982.0,0.7199999999999989
23440.0,44,1730.0,19.22222222222222,3.391524778605043,44,4905.0,0.11086752396586433,44,4905.0,0.7700000000000031
23445.0,42,1772.0,19.47252747252747,3.8799581889444545,42,4693.0,0.13138839739690394,42,4693.0,2.1199999999999974
23450.0,40,1822.0,20.021978021978022,4.32737492635186,40,4482.0,0.1559154416478153,40,4482.0,2.1099999999999994
23455.0,37,1901.0,20.89010989010989,4.3882534392576025,37,4278.0,0.1673370421127705,37,4278.0,2.039999999999999
23460.0,38,1987.0,22.325842696629213,4.079903753629018,38,4225.0,0.1600028543992959,38,4225.0,0.5300000000000011
23465.0,40,2080.0,23.636363636363637,3.7070850896144063,40,4074.0,0.13439376960090244,40,4074.0,1.509999999999998
23470.0,37,2171.0,24.39325842696629,4.0826190733895045,37,4153.0,0.15545612476816076,37,4153.0,-0.7899999999999991
23475.0,33,2244.0,25.5,4.3739976905026206,33,4103.0,0.17985777411477416,33,4103.0,0.5
23480.0,32,2304.0,25.318681318681318,4.545088393091298,30,3954.0,0.18757040496279706,30,3954.0,1.490000000000002
23485.0,30,2345.0,25.76923076923077,4.526985984793062,29,3937.0,0.187559592193914,29,3937.0,0.1700000000000017
23490.0,27,2401.0,26.677777777777777,4.465833227060755,27,4067.0,0.17845945106478667,27,4067.0,-1.3000000000000043
23495.0,23,2493.0,28.01123595505618,4.909130544134051,23,4035.0,0.19788843583289303,23,4035.0,0.3200000000000003
23500.0,23,2608.0,29.636363636363637,5.057836507500516,23,3992.0,0.21253635475212196,23,3992.0,0.4299999999999997
23505.0,29,2187.0,24.032967032967033,4.375543607189798,26,3911.0,0.18104727605490395,26,3911.0,0.8100000000000023
23510.0,24,1817.0,19.967032967032967,4.102540192187514,24,3678.0,0.16286096474727696,24,3678.0,2.3299999999999983
23515.0,30,1926.0,21.4,4.168041646249785,29,3545.0,0.16044093244012103,29,3545.0,1.3299999999999983
23520.0,34,1922.0,21.355555555555554,4.101191097366151,34,3627.0,0.13112873750201884,34,3627.0,-0.8200000000000003
23525.0,43,2107.0,23.41111111111111,3.881867703970891,43,3823.0,0.10786321794394578,43,3823.0,-1.9599999999999937
23530.0,45,2319.0,25.206521739130434,3.835229369685979,45,3942.0,0.11341241641228185,45,3942.0,-1.1900000000000048
23535.0,48,1747.0,19.197802197802197,3.5880540173661664,48,3881.0,0.11261422690283464,48,3881.0,0.6099999999999994
23540.0,51,1129.0,12.271739130434783,3.43492912948027,51,3617.0,0.09700188235523129,51,3617.0,2.6400000000000006
23545.0,52,1102.0,11.849462365591398,3.695165982973453,52,3455.0,0.11052434775333196,52,3455.0,1.6200000000000045
23550.0,52,1226.0,13.472527472527473,3.5826880964109082,52,3593.0,0.10431629539687481,52,3593.0,-1.3800000000000026
23555.0,55,1269.0,13.5,3.3619969535576817,55,3749.0,0.08138311451506614,55,3749.0,-1.5600000000000023
23560.0,51,1302.0,14.0,3.3750037180150603,51,3897.0,0.09283364529509246,51,3897.0,-1.4799999999999969
23565.0,52,1325.0,14.095744680851064,3.325103638085456,52,3826.0,0.08715965742743964,52,3826.0,0.7100000000000009
23570.0,48,1278.0,14.359550561797754,3.1378252895034753,48,3875.0,0.0971038112770119,48,3875.0,-0.490000000000002
23575.0,44,1173.0,13.482758620689655,3.2990431913728555,44,3786.0,0.11330679361011617,44,3786.0,0.8900000000000006
23580.0,44,1147.0,12.744444444444444,3.62054325956705,44,3774.0,0.12810325238071868,44,3774.0,0.11999999999999744
23585.0,46,1097.0,12.188888888888888,3.3694526341752655,45,3878.0,0.0999041658639534,45,3878.0,-1.0399999999999991
23590.0,49,1022.0,11.355555555555556,2.933062602984252,49,4119.0,0.07435524582065693,49,4119.0,-2.4099999999999966
23595.0,44,966.0,10.977272727272727,3.131520577532477,44,4100.0,0.09709160579640393,44,4100.0,0.18999999999999773
23600.0,42,800.0,8.98876404494382,3.2963389765548086,42,4242.0,0.10276398634315796,42,4242.0,-1.4200000000000017
23605.0,42,838.0,9.108695652173912,3.2722599980280838,42,4391.0,0.1016739894323624,42,4391.0,-1.4899999999999949
23610.0,46,954.0,10.258064516129032,3.129495906881237,46,4560.0,0.09732248061187772,46,4560.0,-1.6900000000000048
23615.0,49,1057.0,11.48913043478261,2.7264662271173403,49,4665.0,0.0784167505868026,49,4665.0,-1.0499999999999972
23620.0,49,1137.0,12.633333333333333,2.8519624422854526,49,4649.0,0.09593994138244398,49,4649.0,0.1599999999999966
23625.0,49,1217.0,13.373626373626374,3.2032759663411223,49,4638.0,0.10882137973915422,49,4638.0,0.10999999999999943
23630.0,48,1292.0,13.74468085106383,3.3324219250430547,48,4512.0,0.1123728109377523,48,4512.0,1.2600000000000051
23635.0,43,1350.0,14.516129032258064,3.4485112779863405,43,4382.0,0.12115382409035591,43,4382.0,1.2999999999999972
23640.0,43,1401.0,15.228260869565217,3.494912858893999,43,4270.0,0.12219100354256529,43,4270.0,1.1199999999999974
23645.0,42,1458.0,15.67741935483871,3.6952772370152016,42,4274.0,0.13293470925246742,42,4274.0,-0.03999999999999915
23650.0,39,1151.0,12.648351648351648,3.6823175083652453,39,4245.0,0.13777113189576584,39,4245.0,0.28999999999999915
23655.0,38,719.0,7.648936170212766,3.994785417829158,37,4048.0,0.15893296234848495,37,4048.0,1.970000000000006
23660.0,39,759.0,8.161290322580646,4.086631397091499,39,3953.0,0.15986049553080636,39,3953.0,0.9499999999999957
23665.0,43,646.0,6.872340425531915,3.8588342202303942,43,4004.0,0.12881849274308588,43,4004.0,-0.509999999999998
23670.0,42,530.0,5.760869565217392,4.092549278919618,42,4084.0,0.12937729279650068,42,4084.0,-0.8000000000000043
23675.0,42,660.0,7.252747252747253,4.4812741286350155,42,4090.0,0.15210382835672887,42,4090.0,-0.05999999999999517
23680.0,44,698.0,7.425531914893617,4.31941187197253,44,4242.0,0.14371898267022307,44,4242.0,-1.5200000000000031
23685.0,49,933.0,10.141304347826088,4.064508344529182,49,4423.0,0.13306027188092956,49,4423.0,-1.8099999999999952
23690.0,57,1199.0,13.032608695652174,3.45990494755261,57,4687.0,0.09750604132442085,57,4687.0,-2.6400000000000006
23695.0,58,1350.0,14.673913043478262,3.1072047145151047,58,4828.0,0.06742803177578424,58,4828.0,-1.4100000000000037
23700.0,56,1405.0,15.10752688172043,3.5041705598218775,56,4823.0,0.0788250893844359,56,4823.0,0.05000000000000426
23705.0,52,1442.0,15.340425531914894,3.7502827346204635,52,4805.0,0.1050825779167488,52,4805.0,0.17999999999999972
23710.0,49,1462.0,16.244444444444444,3.6100765554594547,49,4647.0,0.10383179767016947,49,4647.0,1.5799999999999983
23715.0,48,1473.0,16.93103448275862,3.5429675592231726,48,4493.0,0.10454429356883248,48,4493.0,1.5399999999999991
23720.0,44,1472.0,17.31764705882353,3.805660208924293,44,4347.0,0.12531597039399367,44,4347.0,1.4600000000000009
23725.0,40,1451.0,16.872093023255815,4.3258144752111525,40,4306.0,0.15894705296570386,40,4306.0,0.4099999999999966
23730.0,39,1414.0,15.71111111111111,4.310651010685648,38,4248.0,0.15756439522519922,38,4248.0,0.5800000000000054
23735.0,35,1356.0,15.235955056179776,4.327537933401336,34,4177.0,0.16286472223890103,34,4177.0,0.7099999999999937
23740.0,34,1288.0,14.804597701149426,4.093311498268251,32,4114.0,0.15705972992594705,32,4114.0,0.6300000000000026
23745.0,34,1187.0,13.64367816091954,4.172972398966776,34,4265.0,0.15869469376324327,34,4265.0,-1.509999999999998
23750.0,36,1188.0,13.813953488372093,4.235308220113854,35,4433.0,0.17082908017507623,35,4433.0,-1.6799999999999997
23755.0,35,1266.0,14.224719101123595,4.4466364614245695,35,4610.0,0.17167942981943152,35,4610.0,-1.7700000000000031
23760.0,33,1148.0,13.195402298850574,4.398199184073133,33,4615.0,0.16079160438409806,33,4615.0,-0.04999999999999716
23765.0,36,1089.0,12.662790697674419,4.2182209003129545,36,4539.0,0.1493286828132966,36,4539.0,0.759999999999998
23770.0,42,1284.0,14.590909090909092,4.318966266161698,42,4568.0,0.1510630572380682,42,4568.0,-0.28999999999999915
23775.0,46,1414.0,16.63529411764706,3.649032456057787,46,4644.0,0.11530354427784067,46,4644.0,-0.759999999999998
23780.0,47,1495.0,16.988636363636363,3.432060208381579,47,4739.0,0.09934228235385788,47,4739.0,-0.9500000000000028
23785.0,47,1575.0,17.897727272727273,3.3861289705732385,47,4832.0,0.10054846930949879,47,4832.0,-0.9299999999999997
23790.0,50,1663.0,18.897727272727273,3.175463520267712,50,4670.0,0.09087080411307491,50,4670.0,1.6199999999999974
23795.0,47,1648.0,18.942528735632184,3.1844877553841573,47,4831.0,0.09360111113624477,47,4831.0,-1.6099999999999994
23800.0,47,1684.0,19.58139534883721,3.219176950293598,47,5068.0,0.09590876289375602,47,5068.0,-2.3699999999999974
23805.0,48,1765.0,19.831460674157302,3.3947653539190314,48,5218.0,0.10762808444427278,48,5218.0,-1.5
23810.0,49,1416.0,16.09090909090909,2.9866201895584212,49,5197.0,0.09698903151183277,49,5197.0,0.21000000000000085
23815.0,49,837.0,9.404494382022472,2.8226035212204357,49,5204.0,0.0759689324911447,49,5204.0,-0.07000000000000028
23820.0,46,731.0,8.306818181818182,2.9927461691856196,46,5227.0,0.08983632002265325,46,5227.0,-0.23000000000000398
23825.0,46,839.0,9.755813953488373,3.197157931854603,46,5097.0,0.11911463128249954,46,5097.0,1.3000000000000043
23830.0,48,1015.0,11.153846153846153,3.3997756665284338,48,4951.0,0.12771501467079574,48,4951.0,1.4600000000000009
23835.0,53,1075.0,11.813186813186814,2.7823292008727107,53,5200.0,0.08069211063896731,53,5200.0,-2.490000000000002
23840.0,58,1269.0,14.1,2.3171262663238914,58,5368.0,0.061503192937115904,58,5368.0,-1.6799999999999997
23845.0,61,1561.0,17.53932584269663,2.363858703927881,61,5579.0,0.0657131657359021,61,5579.0,-2.1099999999999994
23850.0,67,1881.0,20.9,2.40633375221154,67,5782.0,0.06544112551673505,67,5782.0,-2.030000000000001
23855.0,67,2035.0,21.881720430107528,2.3453747977619996,67,5926.0,0.06533737114351214,67,5926.0,-1.4399999999999977
23860.0,64,2059.0,21.904255319148938,2.3669783416937173,64,6066.0,0.05994028113438837,64,6066.0,-1.3999999999999986
23865.0,64,2073.0,22.29032258064516,2.1308370899665925,64,6198.0,0.04484152020282538,64,6198.0,-1.3200000000000003
23870.0,61,2079.0,22.35483870967742,2.4331138468904236,61,6144.0,0.06527713363102507,61,6144.0,0.5399999999999991
23875.0,57,2066.0,22.21505376344086,2.745879544974099,57,5908.0,0.08057759740059574,57,5908.0,2.3599999999999994
23880.0,53,2036.0,21.659574468085108,3.0931338265930175,53,6011.0,0.10166005710006705,53,6011.0,-1.0300000000000011
23885.0,48,1981.0,21.301075268817204,3.2321801385516764,48,5747.0,0.10646908250808562,48,5747.0,2.6400000000000006
23890.0,46,1909.0,20.75,3.327251318759072,46,5640.0,0.1176211584049838,46,5640.0,1.0700000000000003
23895.0,41,1819.0,20.211111111111112,3.683049951524922,41,5360.0,0.12782500587797785,41,5360.0,2.799999999999997
23900.0,37,1705.0,19.15730337078652,4.026798389720825,36,5069.0,0.14941397292978048,36,5069.0,2.9100000000000037
23905.0,31,1354.0,14.87912087912088,4.2695690530396275,31,5084.0,0.16093692670895238,31,5084.0,-0.15000000000000568
23910.0,28,986.0,10.955555555555556,4.322451866247741,28,4996.0,0.16328407682662416,28,4996.0,0.8800000000000026
23915.0,31,847.0,9.51685393258427,4.489470047270739,30,4988.0,0.16804805617855734,30,4988.0,0.0799999999999983
23920.0,31,508.0,5.839080459770115,4.518179625209908,30,5013.0,0.16047663125585862,30,5013.0,-0.25
23925.0,32,554.0,6.517647058823529,4.63397897680948,32,5069.0,0.16083421262060446,32,5069.0,-0.5599999999999952
23930.0,37,723.0,8.033333333333333,4.7994846772624085,37,5150.0,0.16586412053449012,37,5150.0,-0.8100000000000023
23935.0,41,831.0,9.443181818181818,4.096522516946399,41,5163.0,0.12688877054334233,41,5163.0,-0.13000000000000256
23940.0,44,896.0,10.181818181818182,3.900171791563108,44,5018.0,0.11643831789183273,44,5018.0,1.4500000000000028
23945.0,44,966.0,11.10344827586207,4.0981546690219055,44,4906.0,0.1332092123632558,44,4906.0,1.1199999999999974
23950.0,45,1036.0,11.772727272727273,4.171231806363114,45,4650.0,0.13125078389459818,45,4650.0,2.5600000000000023
23955.0,42,1103.0,12.255555555555556,4.3370967636463895,42,4418.0,0.14343442950347798,42,4418.0,2.3200000000000003
23960.0,39,1154.0,13.418604651162791,4.414053627012127,39,4336.0,0.16659846228821304,39,4336.0,0.8200000000000003
23965.0,39,1194.0,14.214285714285714,3.77323169151672,39,4117.0,0.1480445420115114,39,4117.0,2.1899999999999977
23970.0,36,1226.0,14.595238095238095,4.151609139120204,36,3901.0,0.16163412606134095,36,3901.0,2.1600000000000037
23975.0,31,1071.0,12.6,4.468038400185752,31,3961.0,0.17932374162944345,31,3961.0,-0.6000000000000014
23980.0,31,1018.0,11.837209302325581,4.645450793090172,30,3981.0,0.19485056703401318,30,3981.0,-0.20000000000000284
23985.0,32,1027.0,11.804597701149426,4.77764794087782,32,4084.0,0.18964770362748062,32,4084.0,-1.0300000000000011
23990.0,32,707.0,8.220930232558139,4.503124306035616,32,4081.0,0.15499557873330946,32,4081.0,0.030000000000001137
23995.0,30,567.0,6.670588235294118,4.784420356870221,30,4095.0,0.16450116970952333,30,4095.0,-0.14000000000000057
24000.0,35,732.0,8.511627906976743,5.18846852541321,35,4030.0,0.18495728998548394,35,4030.0,0.6500000000000057
24005.0,42,836.0,9.28888888888889,4.687436105022795,42,4071.0,0.15145981437465442,42,4071.0,-0.4100000000000037
24010.0,42,892.0,10.136363636363637,4.246539710644618,42,4129.0,0.12022008239964392,42,4129.0,-0.5799999999999983
24015.0,45,954.0,10.96551724137931,3.710867647458,45,4192.0,0.08933051221924211,45,4192.0,-0.6300000000000026
24020.0,44,1023.0,11.895348837209303,3.920966612984359,44,3972.0,0.11373009841080027,44,3972.0,2.200000000000003
24025.0,43,806.0,9.264367816091953,3.955819702080821,42,4032.0,0.1092047200641834,42,4032.0,-0.6000000000000014
24030.0,40,637.0,7.238636363636363,3.8525081892543795,40,4236.0,0.11213222800040001,40,4236.0,-2.039999999999999
24035.0,40,666.0,7.744186046511628,3.4793561238524724,40,4199.0,0.09937899744033218,40,4199.0,0.36999999999999744
24040.0,42,714.0,8.5,3.366474358978519,42,4240.0,0.10555531266864653,42,4240.0,-0.4099999999999966
24045.0,43,714.0,8.814814814814815,2.892482317928335,43,4290.0,0.08671362191055206,43,4290.0,-0.5
24050.0,39,670.0,8.271604938271604,3.2664617928939297,39,4181.0,0.11283665109464042,39,4181.0,1.0899999999999963
24055.0,37,651.0,7.658823529411765,3.752412460027043,37,4059.0,0.13954401068106276,37,4059.0,1.2199999999999989
24060.0,32,679.0,7.988235294117647,3.866676722194805,32,3785.0,0.14044857892041668,32,3785.0,2.740000000000002
24065.0,35,747.0,8.788235294117648,3.9379819752961853,35,3527.0,0.14075663159551177,35,3527.0,2.5799999999999983
24070.0,33,620.0,7.209302325581396,4.104570301602896,33,3550.0,0.14613717333473802,33,3550.0,-0.22999999999999687
24075.0,35,518.0,5.954022988505747,4.149687083514077,35,3502.0,0.14834127040956144,35,3502.0,0.4799999999999969
24080.0,39,608.0,6.909090909090909,4.0811633411850865,39,3555.0,0.15223752827179074,39,3555.0,-0.529999999999994
24085.0,40,671.0,7.625,4.08248153762334,40,3594.0,0.14142845517895924,40,3594.0,-0.39000000000000057
24090.0,40,702.0,8.068965517241379,3.7606733757348643,40,3640.0,0.09988093827926035,40,3640.0,-0.46000000000000085
24095.0,38,724.0,8.134831460674157,4.127495369618051,38,3675.0,0.12311491031532787,38,3675.0,-0.3500000000000014
24100.0,34,729.0,8.379310344827585,4.37924654660766,34,3396.0,0.14931812826282015,34,3396.0,2.789999999999999
24105.0,31,754.0,8.47191011235955,4.518465492927009,31,3120.0,0.16932225475610996,31,3120.0,2.7600000000000016
24110.0,28,524.0,5.954545454545454,4.396368805176905,28,3147.0,0.15668513841516987,28,3147.0,-0.2699999999999996
24115.0,32,526.0,6.045977011494253,4.123802149880289,32,3135.0,0.1468652277137546,32,3135.0,0.11999999999999744
24120.0,38,626.0,7.113636363636363,4.159418790389974,38,3238.0,0.1410008557104287,38,3238.0,-1.0300000000000011
24125.0,39,510.0,6.0,3.8224193573807517,39,3312.0,0.11992753958801981,39,3312.0,-0.7399999999999949
24130.0,38,507.0,5.827586206896552,4.073405258760373,38,3324.0,0.13072686930039112,38,3324.0,-0.12000000000000455
24135.0,39,624.0,7.341176470588235,4.134774918277018,39,3413.0,0.13672107405213155,39,3413.0,-0.8900000000000006
24140.0,42,669.0,7.77906976744186,3.6069008110200413,42,3445.0,0.10022396713219073,42,3445.0,-0.3200000000000003
24145.0,39,702.0,8.258823529411766,3.8164328343470153,39,3353.0,0.10675114291868186,39,3353.0,0.9200000000000017
24150.0,38,746.0,8.674418604651162,4.355041227835486,38,3296.0,0.13787141429627342,38,3296.0,0.5700000000000003
24155.0,38,791.0,8.988636363636363,4.49746620087257,38,3121.0,0.15236149343499875,38,3121.0,1.75
24160.0,39,836.0,9.393258426966293,4.4684211753251075,39,2967.0,0.14479772182064607,39,2967.0,1.5399999999999991
24165.0,42,890.0,10.348837209302326,4.053114463563562,42,2852.0,0.12990178037608016,42,2852.0,1.1500000000000021
24170.0,40,944.0,11.105882352941176,4.135714691515874,39,2854.0,0.14804806249618052,39,2854.0,-0.019999999999999574
24175.0,36,885.0,10.411764705882353,4.224005189985684,36,2987.0,0.15399592951404156,36,2987.0,-1.3300000000000018
24180.0,38,921.0,10.586206896551724,4.3600199759534854,37,3126.0,0.16587449678001287,37,3126.0,-1.3900000000000006
24185.0,39,962.0,11.057471264367816,4.3059587471705925,39,3310.0,0.15768651320866645,39,3310.0,-1.8399999999999999
24190.0,39,966.0,11.364705882352942,3.886423498555708,39,3393.0,0.12395125598688037,39,3393.0,-0.8299999999999983
24195.0,37,935.0,11.130952380952381,4.370461489412177,37,3366.0,0.14332628800113476,37,3366.0,0.2700000000000031
24200.0,32,918.0,11.060240963855422,4.904947688394674,32,3314.0,0.1811767256384739,32,3314.0,0.519999999999996
24205.0,28,574.0,7.0,4.927608088845237,28,3304.0,0.18592524343828912,28,3304.0,0.10000000000000142
24210.0,29,406.0,4.891566265060241,4.665864798187629,29,3199.0,0.15959036937053878,29,3199.0,1.0500000000000007
24215.0,37,492.0,5.857142857142857,4.290841535818374,37,3201.0,0.1376125610305925,37,3201.0,-0.019999999999999574
24220.0,41,562.0,6.771084337349397,3.6705624167916415,41,3272.0,0.10128386762048454,41,3272.0,-0.7100000000000009
24225.0,40,608.0,7.414634146341464,3.7326798442910123,40,3357.0,0.09785713034742632,40,3357.0,-0.8500000000000014
24230.0,36,635.0,7.383720930232558,3.9726244363795753,36,3422.0,0.12112424465512857,36,3422.0,-0.6499999999999986
24235.0,34,604.0,6.942528735632184,3.9377586437078493,34,3534.0,0.11608954082362852,34,3534.0,-1.1200000000000045
24240.0,36,626.0,7.4523809523809526,3.633502280123485,36,3660.0,0.11205420746421589,36,3660.0,-1.259999999999998
24245.0,39,713.0,8.695121951219512,3.5568905954408,39,3845.0,0.1125841527009425,39,3845.0,-1.8500000000000014
24250.0,42,738.0,9.11111111111111,3.4647943030161676,42,3992.0,0.10206695426732655,42,3992.0,-1.4699999999999989
24255.0,47,878.0,10.839506172839506,3.0540980273893985,47,4172.0,0.0951469371746085,47,4172.0,-1.7999999999999972
24260.0,48,1036.0,12.95,2.899588637166798,48,4408.0,0.09534064824300871,48,4408.0,-2.3599999999999994
24265.0,48,1105.0,13.8125,2.551889583720878,48,4502.0,0.05669578010750261,48,4502.0,-0.9400000000000048
24270.0,46,1103.0,13.617283950617283,2.7771885502406946,46,4448.0,0.07856853505759959,46,4448.0,0.5400000000000063
24275.0,42,1102.0,13.439024390243903,3.3418542637275688,42,4381.0,0.1157164763480059,42,4381.0,0.6699999999999946
24280.0,43,1143.0,13.447058823529412,3.2842522318937806,43,4588.0,0.10716634722557951,43,4588.0,-2.0700000000000003
24285.0,47,1212.0,14.428571428571429,3.00675270327945,47,4815.0,0.08570313045450911,47,4815.0,-2.269999999999996
24290.0,55,1313.0,15.447058823529412,2.669589144794178,55,5071.0,0.06951682506861867,55,5071.0,-2.5600000000000023
24295.0,54,1389.0,16.535714285714285,2.419523465136705,54,5198.0,0.07066305305348765,54,5198.0,-1.269999999999996
24300.0,51,1421.0,16.916666666666668,2.6701743851854993,51,5170.0,0.086568901744628,51,5170.0,0.27999999999999403
24305.0,48,1437.0,16.329545454545453,3.121909257179337,48,5130.0,0.110602421903111,48,5130.0,0.4000000000000057
24310.0,47,1443.0,16.586206896551722,2.9515892315756633,47,5366.0,0.09408914819061116,47,5366.0,-2.3599999999999994
24315.0,49,1455.0,17.321428571428573,2.641232731793297,49,5608.0,0.08062259294832898,49,5608.0,-2.4200000000000017
24320.0,49,1470.0,17.5,2.8525566296120917,49,5853.0,0.0895899093262927,49,5853.0,-2.450000000000003
24325.0,46,1436.0,17.728395061728396,2.7512585975652484,46,5936.0,0.0928390194880127,46,5936.0,-0.8299999999999983
24330.0,42,1403.0,16.702380952380953,3.066802481501329,42,5842.0,0.11439736721887495,42,5842.0,0.9399999999999977
24335.0,43,1463.0,17.211764705882352,3.196164847565376,43,5741.0,0.12524025632315183,43,5741.0,1.0100000000000051
24340.0,42,1526.0,17.95294117647059,3.131883262295545,42,5507.0,0.10847582221543217,42,5507.0,2.3399999999999963
24345.0,41,1587.0,18.67058823529412,3.574288126343624,41,5288.0,0.13156282531081154,41,5288.0,2.1899999999999977
24350.0,39,1635.0,19.464285714285715,3.8932464389416155,39,5070.0,0.15312893039768546,39,5070.0,2.1799999999999997
24355.0,36,1669.0,19.406976744186046,3.9539538849473392,35,4991.0,0.16528085853688265,35,4991.0,0.7900000000000063
24360.0,34,1697.0,20.202380952380953,3.655638489752783,34,5140.0,0.15023176588865436,34,5140.0,-1.490000000000002
24365.0,41,1811.0,21.305882352941175,3.69608458298869,40,5333.0,0.1495775454875898,40,5333.0,-1.9299999999999997
24370.0,44,1948.0,22.91764705882353,3.70036907253458,44,5542.0,0.13589036809069566,44,5542.0,-2.0900000000000034
24375.0,43,1410.0,16.20689655172414,3.9620539206452325,43,5509.0,0.13261737743985053,43,5509.0,0.3299999999999983
24380.0,39,836.0,9.186813186813186,4.207827636895184,39,5263.0,0.1469959885245043,39,5263.0,2.460000000000001
24385.0,38,819.0,9.306818181818182,4.263598021688937,38,5101.0,0.1632360146612698,38,5101.0,1.6200000000000045
24390.0,43,986.0,11.204545454545455,3.999730531325797,43,5301.0,0.13532352620556354,43,5301.0,-2.0
24395.0,53,1231.0,14.313953488372093,3.5295675722187116,53,5547.0,0.11961302138766533,53,5547.0,-2.460000000000001
24400.0,58,1505.0,17.298850574712645,3.2480555686756203,58,5822.0,0.09040604935955196,58,5822.0,-2.75
24405.0,62,1805.0,19.835164835164836,2.9350810564082646,62,6121.0,0.07019335556245136,62,6121.0,-2.990000000000002
24410.0,62,1760.0,19.555555555555557,2.7567661773368024,62,6293.0,0.06369276097392085,62,6293.0,-1.7199999999999989
24415.0,62,1921.0,21.829545454545453,2.454042504869697,62,6384.0,0.0617842072282707,62,6384.0,-0.9100000000000037
24420.0,64,2236.0,25.701149425287355,2.5805357427182822,64,6579.0,0.07907273560746325,64,6579.0,-1.9500000000000028
24425.0,65,2359.0,27.430232558139537,2.2503527322904033,65,6706.0,0.067702087887004,65,6706.0,-1.269999999999996
24430.0,62,2340.0,26.292134831460675,2.2116669948529037,62,6830.0,0.061262756634813516,62,6830.0,-1.2399999999999949
24435.0,58,2301.0,26.147727272727273,2.2968495402501845,58,6933.0,0.07590750794727531,58,6933.0,-1.0300000000000011
24440.0,55,2249.0,25.556818181818183,2.2823207762736115,55,6647.0,0.07103845687293402,55,6647.0,2.8599999999999994
24445.0,55,2191.0,25.183908045977013,2.4576625266888126,55,6360.0,0.09531304976518223,55,6360.0,2.8699999999999974
24450.0,51,2116.0,24.045454545454547,2.937497642999662,51,6255.0,0.10790704861456209,51,6255.0,1.0500000000000043
24455.0,49,1974.0,21.456521739130434,3.1858588036522724,48,6282.0,0.11021726033401363,48,6282.0,-0.2700000000000031
24460.0,51,1886.0,20.5,3.1104986017845544,51,6520.0,0.10460908501917042,51,6520.0,-2.3800000000000026
24465.0,51,1800.0,19.565217391304348,3.1108850389385436,51,6769.0,0.10143735435400612,51,6769.0,-2.489999999999995
24470.0,48,1672.0,18.17391304347826,3.453599349509546,48,6825.0,0.10053562436120671,48,6825.0,-0.5600000000000023
24475.0,43,1499.0,16.84269662921348,3.832779769707955,43,6673.0,0.11875876623252477,43,6673.0,1.519999999999996
24480.0,38,1352.0,14.695652173913043,4.288416948618517,38,6499.0,0.14492747373250106,38,6499.0,1.740000000000009
24485.0,33,1242.0,13.8,4.368426518831839,33,6165.0,0.14712757411543123,33,6165.0,3.3399999999999963
24490.0,34,1195.0,13.426966292134832,4.314384447468516,34,6330.0,0.14367239734461415,34,6330.0,-1.6499999999999986
24495.0,38,1304.0,14.988505747126437,4.349839208330071,38,6514.0,0.15150289076974446,38,6514.0,-1.8400000000000034
24500.0,43,1439.0,16.929411764705883,4.2652823198248795,43,6719.0,0.13819202594375213,43,6719.0,-2.049999999999997
24505.0,46,1369.0,15.382022471910112,3.835981543272151,46,6838.0,0.11557317124683864,46,6838.0,-1.1899999999999977
24510.0,47,1468.0,16.681818181818183,3.448454080262237,47,6924.0,0.10407731115410249,47,6924.0,-0.8599999999999994
24515.0,51,1644.0,18.896551724137932,3.215457451423379,51,7107.0,0.0994197315850174,51,7107.0,-1.8299999999999983
24520.0,50,1438.0,16.72093023255814,3.156766538896477,50,7090.0,0.09652037414798677,50,7090.0,0.1699999999999875
24525.0,48,982.0,11.552941176470588,3.2611917623974906,48,6863.0,0.10849512516938485,48,6863.0,2.2700000000000102
24530.0,45,975.0,11.079545454545455,3.620139093632608,45,6712.0,0.13243424825379807,45,6712.0,1.509999999999991
24535.0,51,1215.0,14.294117647058824,3.2575912557391473,51,6558.0,0.12010311966272162,51,6558.0,1.5400000000000063
24540.0,57,1483.0,17.24418604651163,2.859166701459799,57,6628.0,0.08805017539558889,57,6628.0,-0.7000000000000028
24545.0,61,1782.0,20.96470588235294,2.386908376627709,61,6910.0,0.07413589289628318,61,6910.0,-2.819999999999993
24550.0,59,1903.0,22.127906976744185,2.4892533037120623,59,6987.0,0.060440894285522975,59,6987.0,-0.7700000000000102
24555.0,56,1886.0,20.725274725274726,2.8515147155647558,56,6834.0,0.08304364826215177,56,6834.0,1.5300000000000011
24560.0,52,1853.0,20.141304347826086,3.4595370879732408,52,6663.0,0.10518488885907637,52,6663.0,1.710000000000008
24565.0,51,1807.0,19.857142857142858,3.416696578199398,51,6273.0,0.08923866180320056,51,6273.0,3.8999999999999986
24570.0,49,1756.0,19.08695652173913,4.0324511142508905,49,5897.0,0.11101231844483939,49,5897.0,3.759999999999998
24575.0,45,1587.0,17.831460674157302,3.8775528277329956,45,6075.0,0.11563058418329518,45,6075.0,-1.7800000000000011
24580.0,45,1512.0,16.8,3.8914155430603694,45,6257.0,0.1176596537490479,45,6257.0,-1.8200000000000003
24585.0,45,1437.0,16.329545454545453,4.118667399703091,45,6479.0,0.13537672125554762,45,6479.0,-2.220000000000006
24590.0,45,1339.0,15.39080459770115,3.8763789875043644,45,6680.0,0.09080901626059909,45,6680.0,-2.009999999999991
24595.0,45,1264.0,14.69767441860465,4.161142510182097,45,6907.0,0.11386845860612714,45,6907.0,-2.269999999999996
24600.0,45,1189.0,13.988235294117647,4.30011996545491,45,7130.0,0.1281855705095398,45,7130.0,-2.230000000000004
24605.0,42,919.0,10.94047619047619,4.1089919862565925,42,7261.0,0.11889365717076965,42,7261.0,-1.3100000000000023
24610.0,41,862.0,10.91139240506329,3.975571691073127,41,7363.0,0.13781367315113408,41,7363.0,-1.019999999999996
24615.0,42,903.0,11.576923076923077,3.7544814019164985,42,7550.0,0.12313502091191082,42,7550.0,-1.8700000000000045
24620.0,46,998.0,12.96103896103896,3.2786402072275656,46,7531.0,0.10090853744066752,46,7531.0,0.18999999999999773
24625.0,47,1008.0,12.759493670886076,3.3638566808234796,47,7271.0,0.09513021318279577,47,7271.0,2.6000000000000085
24630.0,45,1017.0,12.7125,3.54762339131281,45,7005.0,0.11521149604222178,45,7005.0,2.6599999999999966
24635.0,42,1012.0,13.142857142857142,3.520577984778686,42,6494.0,0.12207297703858931,42,6494.0,5.109999999999999
24640.0,40,994.0,12.909090909090908,3.552861718077229,40,6005.0,0.12125543055571923,40,6005.0,4.890000000000001
24645.0,39,969.0,12.265822784810126,3.9678758711061604,39,5569.0,0.1467646347977713,39,5569.0,4.359999999999999
24650.0,34,927.0,11.734177215189874,4.331037463694992,34,5340.0,0.16007191914798075,34,5340.0,2.289999999999999
24655.0,32,871.0,10.621951219512194,4.546704644801764,32,4925.0,0.17847302141061963,32,4925.0,4.149999999999999
24660.0,30,799.0,9.626506024096386,4.7778856670673475,30,4699.0,0.1913886908508502,30,4699.0,2.259999999999998
24665.0,27,713.0,8.802469135802468,4.505668503554677,27,4650.0,0.17436118312036983,27,4650.0,0.490000000000002
24670.0,24,615.0,7.6875,4.86459515280716,24,4423.0,0.1968006933056976,24,4423.0,2.270000000000003
24675.0,20,500.0,6.4935064935064934,5.146072209330019,18,4177.0,0.22761979504868496,18,4177.0,2.4599999999999937
24680.0,13,400.0,5.128205128205129,5.200255628661552,13,4074.0,0.237849514622528,13,4074.0,1.0300000000000011
24685.0,9,345.0,4.5394736842105265,5.475338427917301,8,3959.0,0.2555929425373082,8,3959.0,1.1499999999999986
24690.0,11,389.0,5.0519480519480515,5.152061883033676,11,3673.0,0.22239633376327844,11,3673.0,2.8600000000000065
24695.0,16,454.0,5.896103896103896,4.905402825783948,13,3416.0,0.20858878015428217,13,3416.0,2.5700000000000003
24700.0,11,499.0,6.48051948051948,4.8004177873976355,11,3321.0,0.19511792143640772,11,3321.0,0.9499999999999957
24705.0,11,554.0,7.102564102564102,4.524575014498195,11,3213.0,0.18470476060857605,11,3213.0,1.0799999999999983
24710.0,16,410.0,5.256410256410256,4.409894834536602,12,3269.0,0.18498954214520635,12,3269.0,-0.5599999999999952
24715.0,22,458.0,5.7974683544303796,3.8717371927334936,21,3352.0,0.13952986766463024,21,3352.0,-0.8300000000000054
24720.0,26,570.0,7.215189873417722,3.846696141365973,26,3468.0,0.13100936300610472,26,3468.0,-1.1599999999999966
24725.0,27,664.0,8.512820512820513,3.9714636324716057,27,3431.0,0.13907828740962896,27,3431.0,0.36999999999999744
24730.0,28,735.0,9.423076923076923,3.9785983476751015,28,3268.0,0.14745266747715338,28,3268.0,1.6300000000000026
24735.0,29,806.0,10.075,3.9876622428002735,29,3146.0,0.14769016553910447,29,3146.0,1.2199999999999989
24740.0,31,589.0,7.3625,3.4106482590797995,30,3172.0,0.1115290926538472,30,3172.0,-0.259999999999998
24745.0,32,592.0,7.493670886075949,3.590073123681952,32,3145.0,0.1330635803319071,32,3145.0,0.2699999999999996
24750.0,37,702.0,8.775,3.945789582918544,37,3240.0,0.1447650095426595,37,3240.0,-0.9499999999999993
24755.0,40,788.0,9.493975903614459,3.7259091612627726,40,3294.0,0.12578432961405267,40,3294.0,-0.5399999999999991
24760.0,37,835.0,10.182926829268293,3.8410753691891077,37,3349.0,0.12519351970161113,37,3349.0,-0.5500000000000043
24765.0,34,866.0,10.560975609756097,3.8504851514427076,34,3387.0,0.12588777302219423,34,3387.0,-0.37999999999999545
24770.0,34,587.0,7.246913580246914,3.628406224666011,34,3427.0,0.12215360144698048,34,3427.0,-0.4000000000000057
24775.0,35,574.0,6.9156626506024095,3.9043396152558,35,3407.0,0.13776462112001991,35,3407.0,0.20000000000000284
24780.0,39,679.0,7.988235294117647,3.895615913400908,39,3503.0,0.13520392190371464,39,3503.0,-0.9600000000000009
24785.0,42,758.0,8.91764705882353,3.53538422326315,42,3560.0,0.10010509067377908,42,3560.0,-0.5700000000000003
24790.0,41,804.0,9.348837209302326,3.5582675726672375,41,3470.0,0.09069612864414807,41,3470.0,0.8999999999999986
24795.0,39,841.0,9.894117647058824,3.830316582858677,39,3371.0,0.1282890621525743,39,3371.0,0.990000000000002
24800.0,36,774.0,9.439024390243903,3.608567940150191,36,3372.0,0.12483869455280305,36,3372.0,-0.00999999999999801
24805.0,33,384.0,4.626506024096385,3.57656111244299,33,3386.0,0.12146158489262616,33,3386.0,-0.14000000000000057
24810.0,35,400.0,4.819277108433735,3.7990645595685315,35,3298.0,0.13164325358748483,35,3298.0,0.8800000000000026
24815.0,42,463.0,5.447058823529412,3.215988647119394,42,3331.0,0.0880087730559046,42,3331.0,-0.3300000000000054
24820.0,43,522.0,6.141176470588236,3.5311994990529003,43,3239.0,0.10027139360582124,43,3239.0,0.9200000000000017
24825.0,41,575.0,6.927710843373494,3.706272587951403,41,3145.0,0.12997568724398664,41,3145.0,0.9400000000000013
24830.0,37,434.0,5.105882352941176,3.6148374817833107,37,3257.0,0.12131311684335154,37,3257.0,-1.120000000000001
24835.0,37,442.0,5.2,3.708167190795401,37,3337.0,0.12650040937884802,37,3337.0,-0.7999999999999972
24840.0,39,487.0,5.729411764705882,3.4980396018087556,39,3508.0,0.11278514572321088,39,3508.0,-1.7100000000000009
24845.0,41,558.0,6.642857142857143,3.3783795956744958,40,3548.0,0.10144733141680799,40,3548.0,-0.3999999999999986
24850.0,42,610.0,7.439024390243903,3.295188459778736,42,3761.0,0.10414345354306752,42,3761.0,-2.1300000000000026
24855.0,43,660.0,7.586206896551724,3.347735583827643,43,3643.0,0.11175892396374613,43,3643.0,1.1799999999999997
24860.0,40,516.0,5.863636363636363,3.2485695002915165,40,3768.0,0.10327638732153285,40,3768.0,-1.25
24865.0,42,539.0,6.195402298850575,3.003581391954967,42,3860.0,0.09174194580634382,42,3860.0,-0.9200000000000017
24870.0,44,596.0,7.011764705882353,3.0250303730002415,44,4055.0,0.10498169761053974,44,4055.0,-1.9499999999999957
24875.0,44,633.0,7.275862068965517,3.050997500549579,44,4098.0,0.09537366141771521,44,4098.0,-0.4299999999999997
24880.0,41,667.0,7.411111111111111,3.392148930795755,41,4039.0,0.11061206058116531,41,4039.0,0.5899999999999963
24885.0,41,707.0,8.126436781609195,3.4886610568846437,41,3985.0,0.12755562493823708,41,3985.0,0.5399999999999991
24890.0,44,751.0,8.534090909090908,3.2060061509249973,44,3822.0,0.10002453411972868,44,3822.0,1.6300000000000026
24895.0,40,551.0,6.261363636363637,3.402750303379325,40,3856.0,0.1080011392509127,40,3856.0,-0.3400000000000034
24900.0,37,307.0,3.5697674418604652,3.4074899455447722,37,3901.0,0.11575729921728242,37,3901.0,-0.44999999999999574
24905.0,38,334.0,3.752808988764045,3.683600740204519,38,3866.0,0.12679144883762092,38,3866.0,0.3500000000000014
24910.0,39,353.0,3.966292134831461,3.6797983285277094,39,3922.0,0.12128553288673477,39,3922.0,-0.5600000000000023
24915.0,41,390.0,4.431818181818182,3.4694973974413603,41,3857.0,0.10639954447048097,41,3857.0,0.6499999999999986
24920.0,42,440.0,5.0,3.748599077068705,42,3818.0,0.1264112657294377,42,3818.0,0.39000000000000057
24925.0,38,478.0,5.623529411764705,4.169536006089809,38,3687.0,0.14510631911500269,38,3687.0,1.3100000000000023
24930.0,34,501.0,5.758620689655173,4.719263827154846,34,3541.0,0.17329865995815627,34,3541.0,1.4600000000000009
24935.0,31,503.0,5.91764705882353,4.720993091727702,30,3374.0,0.1837294324464259,30,3374.0,1.6699999999999946
24940.0,31,443.0,5.402439024390244,4.320743059482207,29,3464.0,0.1621844583357709,29,3464.0,-0.8999999999999986
24945.0,34,513.0,6.2560975609756095,4.453488991418725,34,3596.0,0.16805661568087374,34,3596.0,-1.3200000000000003
24950.0,39,612.0,7.373493975903615,4.216201729597979,38,3771.0,0.15758146218488148,38,3771.0,-1.75
24955.0,38,588.0,6.837209302325581,4.268361606576624,37,3839.0,0.14616639578858656,37,3839.0,-0.6799999999999997
24960.0,35,575.0,6.764705882352941,4.312343975752249,35,3903.0,0.15185959050797643,35,3903.0,-0.6400000000000006
24965.0,37,678.0,8.071428571428571,4.146765835405735,37,3988.0,0.1412242117341463,37,3988.0,-0.8500000000000014
24970.0,42,739.0,8.694117647058823,3.894840402974756,42,4049.0,0.12263980513209397,42,4049.0,-0.6099999999999994
24975.0,39,783.0,9.433734939759036,4.125930106067218,39,3976.0,0.14641172700701263,39,3976.0,0.730000000000004
24980.0,39,833.0,9.916666666666666,4.244932549617054,39,3906.0,0.16579994806042672,39,3906.0,0.6999999999999957
24985.0,40,883.0,10.267441860465116,4.304587801520376,40,3723.0,0.15748431730673562,40,3723.0,1.8300000000000054
24990.0,42,937.0,10.895348837209303,3.9404443544568815,42,3551.0,0.12671503493646666,42,3551.0,1.7199999999999989
24995.0,40,994.0,11.975903614457831,4.105754211115902,40,3398.0,0.1475399415463494,40,3398.0,1.5300000000000011
25000.0,36,1034.0,12.765432098765432,4.2922667365948435,36,3359.0,0.17005206768715542,36,3359.0,0.38999999999999346
25005.0,32,1002.0,11.928571428571429,4.365459398091393,32,3380.0,0.16998701953973652,32,3380.0,-0.20999999999999375
25010.0,34,1019.0,12.130952380952381,4.369367850382399,34,3529.0,0.18054474489323818,34,3529.0,-1.490000000000002
25015.0,35,1043.0,12.71951219512195,3.9992755764017813,35,3697.0,0.16310359758939416,35,3697.0,-1.6799999999999997
25020.0,35,688.0,8.390243902439025,4.18159578771404,34,3717.0,0.15613582590874628,34,3717.0,-0.20000000000000284
25025.0,32,553.0,6.662650602409639,4.780875350883174,32,3649.0,0.17770948765188513,32,3649.0,0.6799999999999997
25030.0,34,686.0,7.795454545454546,4.953629493773334,34,3665.0,0.18858097398791002,34,3665.0,-0.1599999999999966
25035.0,37,667.0,7.666666666666667,4.579156696278201,37,3720.0,0.16328009639109953,37,3720.0,-0.5500000000000043
25040.0,41,722.0,8.494117647058824,4.169474521066487,41,3719.0,0.13491118510683012,41,3719.0,0.010000000000005116
25045.0,46,942.0,11.214285714285714,4.028887346116475,46,3824.0,0.13369551096588642,46,3824.0,-1.0500000000000043
25050.0,51,1054.0,12.255813953488373,3.597599844598335,51,3915.0,0.09980262100297116,51,3915.0,-0.9099999999999966
25055.0,48,1081.0,12.011111111111111,3.8158340440761207,48,3860.0,0.09881391781654239,48,3860.0,0.5499999999999972
25060.0,45,1091.0,12.397727272727273,3.996819355272581,45,3788.0,0.11530141034403774,45,3788.0,0.7199999999999989
25065.0,44,1005.0,11.686046511627907,3.4920820973772373,44,3945.0,0.08352900474826391,44,3945.0,-1.5700000000000003
25070.0,45,1002.0,12.072289156626505,3.528522554603582,45,4101.0,0.10022235301056083,45,4101.0,-1.5599999999999952
25075.0,46,1009.0,12.156626506024097,3.690306220419508,46,4323.0,0.11228051579376944,46,4323.0,-2.219999999999999
25080.0,46,964.0,11.476190476190476,3.414105621027497,46,4513.0,0.0998000065104534,46,4513.0,-1.9000000000000057
25085.0,46,973.0,11.72289156626506,3.429319343777357,46,4729.0,0.10932231144476184,46,4729.0,-2.1599999999999966
25090.0,49,991.0,11.939759036144578,2.942609143226766,49,4965.0,0.08411229896693864,49,4965.0,-2.3599999999999994
25095.0,51,1020.0,12.289156626506024,2.9727765229351686,51,5214.0,0.07531629145692498,51,5214.0,-2.490000000000002
25100.0,53,1074.0,13.097560975609756,2.8640636345392174,53,5474.0,0.08045500442585657,53,5474.0,-2.6000000000000014
25105.0,54,1197.0,13.918604651162791,2.8156886364915854,54,5740.0,0.08118096094219013,54,5740.0,-2.6599999999999966
25110.0,53,1255.0,15.304878048780488,2.6108546995345674,53,5821.0,0.079678029950464,53,5821.0,-0.8100000000000023
25115.0,50,1251.0,15.444444444444445,2.3939782623582837,50,5705.0,0.07218432518967145,50,5705.0,1.1600000000000037
25120.0,52,1286.0,15.876543209876543,2.6665156535385335,52,5600.0,0.09411532752937289,52,5600.0,1.0499999999999972
25125.0,52,1320.0,15.903614457831326,3.039533214098085,52,5320.0,0.10357225662508865,52,5320.0,2.799999999999997
25130.0,49,1340.0,15.952380952380953,3.237715099482266,49,5043.0,0.1209372098759084,49,5043.0,2.770000000000003
25135.0,46,1328.0,16.0,3.0313005018550343,46,5257.0,0.1177488776263317,46,5257.0,-2.1400000000000006
25140.0,49,1341.0,16.555555555555557,2.6082312683468043,49,5498.0,0.09446505990151385,49,5498.0,-2.4099999999999966
25145.0,49,1361.0,16.80246913580247,3.025633080802521,49,5740.0,0.11632685562188892,49,5740.0,-2.4200000000000017
25150.0,46,1333.0,16.45679012345679,3.4060213817444955,46,5794.0,0.10910721233173112,46,5794.0,-0.5399999999999991
25155.0,41,1253.0,15.096385542168674,3.692366912602977,41,5647.0,0.13104405227358876,41,5647.0,1.4699999999999989
25160.0,36,1148.0,13.831325301204819,4.221832960093332,36,5475.0,0.16278531466285953,36,5475.0,1.7199999999999989
25165.0,34,690.0,8.313253012048193,3.9488513531944562,33,5504.0,0.13260698660421166,33,5504.0,-0.28999999999999915
25170.0,32,394.0,4.864197530864198,3.992965991737172,32,5671.0,0.13269178922379649,32,5671.0,-1.6700000000000017
25175.0,31,315.0,3.9873417721518987,4.351208292981636,31,5598.0,0.1581628965511336,31,5598.0,0.730000000000004
25180.0,38,374.0,4.675,3.719034295548751,38,5582.0,0.13323778504532352,38,5582.0,0.1599999999999966
25185.0,38,414.0,5.111111111111111,3.568491144073609,38,5391.0,0.12695321385388103,38,5391.0,1.9100000000000037
25190.0,39,459.0,5.597560975609756,3.4213682934176823,39,5215.0,0.11029048109920901,39,5215.0,1.759999999999998
25195.0,36,499.0,6.2375,3.6476622034809503,36,4893.0,0.1299127147455052,36,4893.0,3.219999999999999
25200.0,32,344.0,4.246913580246914,3.9749257309981854,32,4978.0,0.14158336056761767,32,4978.0,-0.8500000000000014
25205.0,34,353.0,4.2023809523809526,3.9612570800289157,34,5045.0,0.1455314193887507,34,5045.0,-0.6700000000000017
25210.0,35,431.0,5.130952380952381,4.0632779338379335,35,5200.0,0.1523003127645064,35,5200.0,-1.5499999999999972
25215.0,39,500.0,6.024096385542169,3.767312420339864,39,5217.0,0.12101937015740627,39,5217.0,-0.1700000000000017
25220.0,40,547.0,6.670731707317073,3.75330793754885,40,5078.0,0.11140928371936958,40,5078.0,1.3900000000000006
25225.0,39,592.0,7.0476190476190474,4.175725845483439,39,4940.0,0.14178340508612786,39,4940.0,1.3800000000000026
25230.0,36,614.0,7.1395348837209305,4.011132258204477,36,5112.0,0.12893216399182647,36,5112.0,-1.7199999999999989
25235.0,38,651.0,7.569767441860465,3.8362160602658477,38,5301.0,0.12071190663039208,38,5301.0,-1.8900000000000006
25240.0,43,718.0,8.547619047619047,3.4707165648366356,43,5504.0,0.10975010577001625,43,5504.0,-2.030000000000001
25245.0,41,787.0,9.597560975609756,3.4452682666661496,41,5536.0,0.11269535034525432,41,5536.0,-0.3200000000000003
25250.0,41,842.0,10.395061728395062,3.516433328341165,41,5390.0,0.12327303304037653,41,5390.0,1.4600000000000009
25255.0,42,897.0,10.552941176470588,3.4794986407960105,42,5250.0,0.12561710318758845,42,5250.0,1.3999999999999986
25260.0,40,701.0,8.44578313253012,3.154955544526453,39,5288.0,0.1143111686552744,39,5288.0,-0.38000000000000256
25265.0,38,502.0,6.048192771084337,2.8153981106103654,38,5485.0,0.0918106624186901,38,5485.0,-1.9699999999999989
25270.0,39,540.0,6.428571428571429,3.2379397894675868,39,5424.0,0.11151407798038496,39,5424.0,0.6099999999999994
25275.0,42,573.0,6.741176470588235,3.156231227863821,42,5444.0,0.1047878698202808,42,5444.0,-0.19999999999999574
25280.0,41,624.0,7.255813953488372,3.221580499958279,41,5300.0,0.11432008153664541,41,5300.0,1.4399999999999977
25285.0,41,679.0,7.988235294117647,3.329412479503001,41,5164.0,0.12755930115220496,41,5164.0,1.3599999999999994
25290.0,42,738.0,8.68235294117647,3.121665131157528,42,4878.0,0.10756583041200761,42,4878.0,2.8599999999999994
25295.0,39,792.0,9.209302325581396,3.699738113300045,39,4593.0,0.13415979776329107,39,4593.0,2.8500000000000014
25300.0,37,784.0,9.011494252873563,3.7946711460101015,37,4743.0,0.13963530800547128,37,4743.0,-1.5
25305.0,38,823.0,9.352272727272727,3.6799257465558126,38,4927.0,0.13802382652165,38,4927.0,-1.8400000000000034
25310.0,39,910.0,10.340909090909092,3.645804774688912,39,5119.0,0.1318262215633449,39,5119.0,-1.9199999999999946
25315.0,43,674.0,7.573033707865169,3.691442380355043,43,5178.0,0.11029110393527652,43,5178.0,-0.5900000000000034
25320.0,45,651.0,7.3977272727272725,3.663714290584615,45,5172.0,0.11483990113676304,45,5172.0,0.060000000000002274
25325.0,46,801.0,9.0,3.915899472316234,46,5266.0,0.13536506787094688,46,5266.0,-0.9399999999999977
25330.0,48,961.0,10.677777777777777,3.651730930593447,48,5465.0,0.12777334337010476,48,5465.0,-1.990000000000002
25335.0,47,1026.0,11.52808988764045,3.6136327550039717,47,5511.0,0.1139706255120547,47,5511.0,-0.46000000000000085
25340.0,45,1040.0,12.093023255813954,3.4321996139055524,45,5547.0,0.1081378303007794,45,5547.0,-0.35999999999999943
25345.0,46,1093.0,12.858823529411765,3.51454382018337,46,5395.0,0.11120124248066482,46,5395.0,1.519999999999996
25350.0,47,1148.0,13.505882352941176,3.4508191434084226,47,5256.0,0.12279154758854305,47,5256.0,1.3900000000000006
25355.0,45,1202.0,13.976744186046512,3.3731651191327394,45,4953.0,0.12299145977769944,45,4953.0,3.030000000000001
25360.0,44,984.0,11.310344827586206,3.3284710918276676,44,4997.0,0.11729888492172531,44,4997.0,-0.4399999999999977
25365.0,46,704.0,8.0,3.164715868685343,46,5220.0,0.0988613434303082,46,5220.0,-2.230000000000004
25370.0,47,732.0,8.224719101123595,3.350901085904413,47,5273.0,0.09992135978835495,47,5273.0,-0.529999999999994
25375.0,43,731.0,8.5,3.421611048991722,43,5320.0,0.11311217290825547,43,5320.0,-0.47000000000000597
25380.0,45,708.0,8.045454545454545,3.3036201717526357,45,5494.0,0.115585232674474,45,5494.0,-1.7399999999999949
25385.0,50,775.0,8.707865168539326,3.237154151745266,50,5723.0,0.11059837148592962,50,5723.0,-2.289999999999999
25390.0,54,870.0,10.0,2.839611007062228,54,5985.0,0.08951246554543138,54,5985.0,-2.6200000000000045
25395.0,51,871.0,10.011494252873563,2.9925025727722065,51,6175.0,0.09011266822319312,51,6175.0,-1.8999999999999986
25400.0,51,1057.0,12.149425287356323,3.3860966305328986,51,6351.0,0.10763415551646817,51,6351.0,-1.759999999999998
25405.0,55,1321.0,15.011363636363637,3.2314084390168136,55,6607.0,0.1121615782952698,55,6607.0,-2.559999999999995
25410.0,60,1611.0,18.732558139534884,2.8109458573044894,60,6897.0,0.08739962035089915,60,6897.0,-2.9000000000000057
25415.0,67,1930.0,22.705882352941178,1.9352523319702584,67,7216.0,0.03678497124676724,67,7216.0,-3.1899999999999977
25420.0,66,2085.0,23.96551724137931,2.029952385295338,66,7319.0,0.044973859374280556,66,7319.0,-1.0300000000000011
25425.0,62,2105.0,24.476744186046513,2.218370707952557,62,7184.0,0.06561013812898539,62,7184.0,1.3499999999999943
25430.0,58,2108.0,23.42222222222222,2.6483802795314273,58,7035.0,0.0874465771740852,58,7035.0,1.490000000000009
25435.0,55,2095.0,23.53932584269663,2.855478282687988,55,6665.0,0.09797399141898323,55,6665.0,3.6999999999999886
25440.0,54,2070.0,23.258426966292134,2.9066667408145865,54,6312.0,0.10019253822577828,54,6312.0,3.5300000000000082
25445.0,52,2040.0,23.181818181818183,3.1826799570126174,52,6041.0,0.1207627512487925,52,6041.0,2.710000000000001
25450.0,47,1990.0,22.613636363636363,3.5732081216884732,47,5967.0,0.13608360715205528,47,5967.0,0.7399999999999949
25455.0,46,1913.0,21.255555555555556,3.6292361068877104,46,6187.0,0.13960684890871503,46,6187.0,-2.1999999999999957
25460.0,46,1843.0,20.707865168539325,3.7691577739464956,46,6414.0,0.13663020953565327,46,6414.0,-2.270000000000003
25465.0,46,1776.0,19.95505617977528,3.7036481103579604,46,6639.0,0.12043789740527266,46,6639.0,-2.25
25470.0,45,1440.0,16.363636363636363,3.908478043290191,45,6635.0,0.1243198370913211,45,6635.0,0.04000000000000625
25475.0,40,905.0,10.773809523809524,4.022532229957968,40,6842.0,0.1375762303619937,40,6842.0,-2.0700000000000074
25480.0,37,718.0,8.447058823529412,4.279805956920774,37,6618.0,0.15604160780693138,37,6618.0,2.239999999999995
25485.0,41,739.0,8.694117647058823,4.117279285032267,41,6810.0,0.14147185224247746,41,6810.0,-1.9199999999999875
25490.0,52,977.0,11.630952380952381,3.482223262050317,52,7049.0,0.10780651200431522,52,7049.0,-2.3900000000000006
25495.0,58,1252.0,14.729411764705882,3.130927568890516,58,7324.0,0.08369609497496136,58,7324.0,-2.75
25500.0,59,1498.0,18.048192771084338,2.5509468018656856,59,7427.0,0.06963190583916959,59,7427.0,-1.0300000000000011
25505.0,57,1708.0,19.86046511627907,2.7396586499430726,57,7407.0,0.084807292414499,57,7407.0,0.20000000000000284
25510.0,57,1974.0,22.689655172413794,2.985641672865514,57,7464.0,0.09718083785868649,57,7464.0,-0.5700000000000074
25515.0,60,2084.0,24.232558139534884,2.3359168437050055,60,7539.0,0.05973836154611316,60,7539.0,-0.75
25520.0,60,2080.0,24.761904761904763,2.3540714277071033,60,7411.0,0.06327152024539655,60,7411.0,1.2800000000000011
25525.0,56,2060.0,24.523809523809526,2.7558255469296546,56,7264.0,0.09157630311079755,56,7264.0,1.4699999999999989
25530.0,52,2021.0,23.229885057471265,3.129584989948516,52,6897.0,0.1112005288744935,52,6897.0,3.6700000000000017
25535.0,49,1905.0,21.896551724137932,3.1032442914822362,49,7046.0,0.10371126467609958,49,7046.0,-1.4899999999999949
25540.0,52,1802.0,20.477272727272727,2.673400873426091,52,7295.0,0.07711828320572618,52,7295.0,-2.490000000000009
25545.0,52,1751.0,19.674157303370787,3.050332299641777,52,7421.0,0.08875037707679788,52,7421.0,-1.259999999999991
25550.0,54,1666.0,18.719101123595507,3.142310297605973,54,7460.0,0.09489420332658696,54,7460.0,-0.39000000000000057
25555.0,50,1546.0,16.804347826086957,3.4167328288127607,50,7282.0,0.10970366813712033,50,7282.0,1.7800000000000011
25560.0,45,1401.0,15.741573033707866,3.569258300965657,45,7083.0,0.12532657109903272,45,7083.0,1.9899999999999949
25565.0,44,1202.0,13.659090909090908,3.3169597152240957,43,7248.0,0.09881265406640564,43,7248.0,-1.6500000000000057
25570.0,42,1087.0,12.63953488372093,3.3579181231632664,42,7468.0,0.10799839867730757,42,7468.0,-2.200000000000003
25575.0,42,1037.0,12.2,3.5751263461665035,42,7616.0,0.12427139961478512,42,7616.0,-1.4799999999999898
25580.0,43,1056.0,12.279069767441861,3.3617387531157235,43,7823.0,0.12404290598780975,43,7823.0,-2.0700000000000074
25585.0,45,777.0,9.141176470588235,3.1390210586094267,45,7880.0,0.11302021961456943,45,7880.0,-0.5699999999999932
25590.0,48,682.0,7.930232558139535,2.7296644152193497,48,7852.0,0.08673598885253753,48,7852.0,0.28000000000000114
25595.0,50,853.0,9.918604651162791,2.9978501527235464,50,7924.0,0.10789916272381887,50,7924.0,-0.7199999999999989
25600.0,51,926.0,10.767441860465116,2.77461446958017,51,7932.0,0.08680974385479334,51,7932.0,-0.0799999999999983
25605.0,49,924.0,10.5,2.743535204628025,49,7942.0,0.08625032350655816,49,7942.0,-0.10000000000000853
25610.0,47,929.0,10.322222222222223,3.004990747397981,47,7935.0,0.10147884940921457,47,7935.0,0.07000000000000739
25615.0,45,965.0,10.842696629213483,3.2859372106508915,45,7446.0,0.11691446399754099,45,7446.0,4.890000000000001
25620.0,47,1012.0,11.370786516853933,3.2828644558131312,47,6973.0,0.10965589670508377,47,6973.0,4.72999999999999
25625.0,47,1066.0,11.844444444444445,3.5440146694961343,47,6751.0,0.11957028862457401,47,6751.0,2.219999999999999
25630.0,44,1107.0,12.032608695652174,3.864940416112586,43,6308.0,0.14056429991873404,43,6308.0,4.430000000000007
25635.0,42,1134.0,12.741573033707866,3.702899064697202,42,5873.0,0.13895703049904118,42,5873.0,4.350000000000001
25640.0,42,1153.0,13.102272727272727,3.592340545388779,40,5665.0,0.1344543403764115,40,5665.0,2.0799999999999983
25645.0,35,1058.0,12.022727272727273,3.9810840067420115,35,5651.0,0.15066617764912862,35,5651.0,0.14000000000000057
25650.0,37,1057.0,12.149425287356323,4.250601315693428,36,5831.0,0.15805358469575967,36,5831.0,-1.8000000000000043
25655.0,37,1058.0,12.022727272727273,4.3184473887571775,36,5997.0,0.1643796568841422,36,5997.0,-1.6599999999999966
25660.0,34,1011.0,11.620689655172415,4.365537490981774,34,5970.0,0.15894652189755065,34,5970.0,0.269999999999996
25665.0,32,978.0,11.505882352941176,4.377942038765235,32,5725.0,0.15782125841940733,32,5725.0,2.450000000000003
25670.0,31,1062.0,12.795180722891565,4.750623898693025,31,5472.0,0.18264185168884645,31,5472.0,2.530000000000001
25675.0,32,1148.0,14.0,4.7866400322942715,31,5033.0,0.19325818215876392,31,5033.0,4.390000000000001
25680.0,33,993.0,11.546511627906977,4.451217664976139,33,5053.0,0.1699945321489005,33,5053.0,-0.20000000000000284
25685.0,34,957.0,11.258823529411766,4.078091523449252,33,5023.0,0.157206070300911,33,5023.0,0.30000000000000426
25690.0,40,1070.0,12.738095238095237,3.8485475513791103,40,5102.0,0.14224528317716686,40,5102.0,-0.7900000000000063
25695.0,42,746.0,8.987951807228916,3.796472761763064,42,5130.0,0.1261018535743514,42,5130.0,-0.27999999999999403
25700.0,39,582.0,6.847058823529411,4.182021312396767,39,5043.0,0.1353852490197258,39,5043.0,0.8699999999999974
25705.0,39,706.0,8.022727272727273,4.347258805517658,39,5053.0,0.14741158988116942,39,5053.0,-0.10000000000000142
25710.0,41,673.0,7.825581395348837,3.933709441614093,41,5138.0,0.12085355585823247,41,5138.0,-0.8500000000000014
25715.0,45,809.0,9.406976744186046,3.718110552641394,45,5186.0,0.10057360311696877,45,5186.0,-0.4799999999999969
25720.0,51,1049.0,12.19767441860465,3.64071662445391,51,5354.0,0.11141755240309485,51,5354.0,-1.6799999999999997
25725.0,53,1176.0,13.674418604651162,3.3628590948248713,53,5388.0,0.08597665463141785,53,5388.0,-0.3400000000000034
25730.0,50,1209.0,13.584269662921349,3.5626192369271625,50,5200.0,0.10067837480490124,50,5200.0,1.8800000000000026
25735.0,47,1226.0,13.775280898876405,3.873804984054853,47,5000.0,0.11176968970039936,47,5000.0,2.0
25740.0,47,1232.0,14.0,3.625254506942076,47,4585.0,0.0959704647239155,47,4585.0,4.149999999999999
25745.0,43,1229.0,14.126436781609195,4.124006050191819,43,4213.0,0.1259869086073533,43,4213.0,3.719999999999999
25750.0,39,1207.0,14.2,4.430632140469111,39,3924.0,0.15588303536803996,39,3924.0,2.8900000000000006
25755.0,37,1171.0,13.459770114942529,4.34939890100466,37,3799.0,0.16198489235775693,37,3799.0,1.25
25760.0,33,1113.0,12.647727272727273,4.435594802818931,33,3661.0,0.16290988535290074,33,3661.0,1.3800000000000026
25765.0,35,1049.0,12.341176470588236,4.222978323341318,34,3527.0,0.15932157598067007,34,3527.0,1.3399999999999963
25770.0,30,972.0,11.435294117647059,4.5076362926876365,28,3248.0,0.1659207154346283,28,3248.0,2.7900000000000063
25775.0,25,671.0,7.988095238095238,4.828682034638921,24,3276.0,0.1964856854535208,24,3276.0,-0.28000000000000114
25780.0,26,586.0,6.659090909090909,5.028287598292198,26,3254.0,0.2031551491444524,26,3254.0,0.21999999999999886
25785.0,26,619.0,7.2823529411764705,4.92569641584452,25,3326.0,0.20284809739220733,25,3326.0,-0.7199999999999989
25790.0,28,668.0,8.048192771084338,4.285706653827672,27,3306.0,0.17159754722263715,27,3306.0,0.19999999999999574
25795.0,35,752.0,9.170731707317072,4.1929307149439445,34,3467.0,0.16400297354618204,34,3467.0,-1.6099999999999994
25800.0,35,813.0,9.678571428571429,4.175237083803042,35,3613.0,0.15084626635841691,35,3613.0,-1.4600000000000009
25805.0,33,585.0,6.6477272727272725,4.111487818740965,33,3633.0,0.1360616281071517,33,3633.0,-0.19999999999999574
25810.0,34,414.0,4.704545454545454,4.1403944500030025,34,3549.0,0.1352015194126027,34,3549.0,0.8399999999999963
25815.0,40,492.0,5.72093023255814,3.888286374006802,40,3575.0,0.1151400945373243,40,3575.0,-0.259999999999998
25820.0,46,601.0,6.988372093023256,3.65748482970649,46,3727.0,0.09547048706514365,46,3727.0,-1.5200000000000031
25825.0,44,660.0,7.857142857142857,3.6901394301716177,44,3774.0,0.10322195838012031,44,3774.0,-0.46999999999999886
25830.0,40,663.0,7.8,3.7077058461927104,40,3656.0,0.10684790893530453,40,3656.0,1.1799999999999997
25835.0,37,653.0,7.682352941176471,4.079612327066009,37,3555.0,0.1272634047563795,37,3555.0,1.0100000000000051
25840.0,37,680.0,7.906976744186046,4.093572273338017,37,3314.0,0.11601731860034549,37,3314.0,2.4099999999999966
25845.0,35,723.0,8.310344827586206,4.575251448448436,35,3083.0,0.13300905316600262,35,3083.0,2.3100000000000023
25850.0,31,752.0,9.060240963855422,4.777440443013508,31,2853.0,0.16324852637525453,31,2853.0,2.299999999999997
25855.0,30,801.0,9.535714285714286,4.641066485116579,30,2774.0,0.17328267674645192,30,2774.0,0.7900000000000027
25860.0,31,850.0,10.119047619047619,4.579361245949655,31,2627.0,0.17373570465892854,31,2627.0,1.4699999999999989
25865.0,30,534.0,6.433734939759036,4.395241315705296,29,2771.0,0.1640033227952033,29,2771.0,-1.4400000000000013
25870.0,34,427.0,5.271604938271605,4.408794849341431,34,2933.0,0.16081042569470771,34,2933.0,-1.6199999999999974
25875.0,35,501.0,6.2625,4.576357007787244,34,3100.0,0.17315708653251302,34,3100.0,-1.6700000000000017
25880.0,34,547.0,6.590361445783133,4.584191332761988,33,3117.0,0.17459225892616764,33,3117.0,-0.1700000000000017
25885.0,28,512.0,6.2439024390243905,4.416788396029171,28,3148.0,0.17586026941176866,28,3148.0,-0.3099999999999987
25890.0,32,556.0,6.698795180722891,4.349482142422796,32,3081.0,0.16691160234378388,32,3081.0,0.6700000000000017
25895.0,35,628.0,7.476190476190476,4.633356248301721,35,3035.0,0.18261046870854666,35,3035.0,0.4599999999999973
25900.0,36,671.0,7.988095238095238,4.4460533803691815,36,3059.0,0.15873147543142582,36,3059.0,-0.23999999999999844
25905.0,38,703.0,8.174418604651162,4.016711011848756,38,3114.0,0.12930284148931806,38,3114.0,-0.5500000000000007
25910.0,41,797.0,9.488095238095237,3.962294782548922,41,3118.0,0.13321130071389187,41,3118.0,-0.03999999999999915
25915.0,44,868.0,10.585365853658537,3.12696920331447,44,3213.0,0.09329889348415962,44,3213.0,-0.9500000000000028
25920.0,42,909.0,11.085365853658537,3.4569352792573302,42,3193.0,0.10810177889667047,42,3193.0,0.20000000000000284
25925.0,39,932.0,11.365853658536585,3.8438547349506886,39,3160.0,0.13700049199964037,39,3160.0,0.3299999999999983
25930.0,36,890.0,10.470588235294118,3.8187293137151794,35,3266.0,0.12912977962379504,35,3266.0,-1.0599999999999952
25935.0,35,906.0,10.785714285714286,3.7867849580019572,35,3449.0,0.1270326709102504,35,3449.0,-1.8300000000000054
25940.0,39,1003.0,11.94047619047619,3.6604784479312644,39,3545.0,0.11502428083918297,39,3545.0,-0.9600000000000009
25945.0,45,1097.0,13.05952380952381,3.251950464019974,45,3633.0,0.09724966937177827,45,3633.0,-0.8799999999999955
25950.0,44,1167.0,13.892857142857142,3.455061507422148,44,3610.0,0.10711411892770115,44,3610.0,0.22999999999999687
25955.0,41,1230.0,14.30232558139535,3.7873616782933164,41,3585.0,0.13336950928745153,41,3585.0,0.25
25960.0,38,997.0,11.729411764705882,3.3730217964437483,38,3665.0,0.10997073969766279,38,3665.0,-0.7999999999999972
25965.0,40,972.0,11.435294117647059,3.2063054070727603,40,3695.0,0.1064335851941531,40,3695.0,-0.30000000000000426
25970.0,41,1041.0,12.24705882352941,3.4556658864488563,41,3828.0,0.12410369754581811,41,3828.0,-1.3299999999999983
25975.0,44,1171.0,13.776470588235295,3.3785628730298205,44,4038.0,0.11024605073834141,44,4038.0,-2.1000000000000014
25980.0,46,1265.0,14.375,3.320307189594747,46,4133.0,0.10303679298986161,46,4133.0,-0.9499999999999957
25985.0,47,1320.0,15.0,3.150541798327126,47,4104.0,0.09923992044812803,47,4104.0,0.28999999999999915
25990.0,46,1372.0,15.415730337078651,3.172651959133663,46,4077.0,0.0987983049392639,46,4077.0,0.269999999999996
25995.0,43,1283.0,14.579545454545455,3.1364466118103604,42,4227.0,0.09759262431497005,42,4227.0,-1.5
26000.0,43,1312.0,14.909090909090908,3.3274215976323984,43,4449.0,0.10345663421044438,43,4449.0,-2.219999999999999
26005.0,46,1383.0,14.870967741935484,3.4767492662587967,46,4580.0,0.11019513229429694,46,4580.0,-1.3099999999999952
26010.0,46,921.0,10.233333333333333,3.1959672437299624,46,4592.0,0.09846749076067818,46,4592.0,-0.12000000000000455
26015.0,49,557.0,6.258426966292135,2.881667162581112,49,4467.0,0.08079344780681535,49,4467.0,1.25
26020.0,52,674.0,7.406593406593407,3.236180054316347,52,4442.0,0.09703363582520257,52,4442.0,0.25
26025.0,53,744.0,8.175824175824175,3.102410064270009,53,4549.0,0.08373528885462336,53,4549.0,-1.0700000000000003
26030.0,53,759.0,8.340659340659341,3.020201238050717,53,4667.0,0.07952214308066914,53,4667.0,-1.1799999999999997
26035.0,49,756.0,8.49438202247191,2.902779414576507,49,4766.0,0.0899313974394772,49,4766.0,-0.9899999999999949
26040.0,47,742.0,8.528735632183908,2.869782668148084,47,4568.0,0.0934972136386857,47,4568.0,1.9799999999999969
26045.0,43,754.0,8.870588235294118,3.238477154925695,43,4373.0,0.12792529239736136,43,4373.0,1.9500000000000028
26050.0,43,814.0,9.465116279069768,3.519438526373049,43,4324.0,0.1365717153938474,43,4324.0,0.4899999999999949
26055.0,44,874.0,9.604395604395604,3.799362708144214,43,4156.0,0.14330251829059854,43,4156.0,1.6799999999999997
26060.0,41,921.0,10.233333333333333,3.7825946918637574,41,3996.0,0.14304255109744016,41,3996.0,1.6000000000000014
26065.0,41,958.0,10.764044943820224,3.5287187831679017,39,3948.0,0.13603813843347762,39,3948.0,0.480000000000004
26070.0,38,989.0,11.112359550561798,3.905219637563534,37,3908.0,0.14617382726424966,37,3908.0,0.3999999999999986
26075.0,32,990.0,11.25,4.261197940386218,30,3954.0,0.16522725939363564,30,3954.0,-0.46000000000000085
26080.0,26,969.0,11.011363636363637,4.438103526519517,26,3988.0,0.17676581745735534,26,3988.0,-0.3400000000000034
26085.0,21,926.0,10.64367816091954,4.455435634073052,21,3991.0,0.1764216385190108,21,3991.0,-0.02999999999999403
26090.0,23,925.0,10.632183908045977,4.518454156760034,20,3886.0,0.1775324456866423,20,3886.0,1.0499999999999972
26095.0,21,1010.0,11.477272727272727,4.914519713650549,20,3789.0,0.20308017493013283,20,3789.0,0.9699999999999989
26100.0,22,1101.0,12.80232558139535,4.959062019209007,20,3685.0,0.20773344009701442,20,3685.0,1.0399999999999991
26105.0,22,953.0,10.707865168539326,4.496534087399767,22,3612.0,0.17684535130991602,22,3612.0,0.730000000000004
26110.0,20,747.0,8.586206896551724,4.284178632594743,20,3421.0,0.17352201814414192,20,3421.0,1.9099999999999966
26115.0,27,861.0,10.011627906976743,4.034306294831676,26,3337.0,0.15571996112900058,26,3337.0,0.8400000000000034
26120.0,32,690.0,8.023255813953488,3.7431051955694423,32,3356.0,0.12099776100295645,32,3356.0,-0.19000000000000483
26125.0,35,750.0,8.720930232558139,3.949928060564298,35,3337.0,0.1440855852308189,35,3337.0,0.19000000000000483
26130.0,39,935.0,10.50561797752809,4.239065227758273,39,3426.0,0.1463087880132197,39,3426.0,-0.8900000000000006
26135.0,42,800.0,8.88888888888889,4.278937370427232,42,3498.0,0.12019587126969142,42,3498.0,-0.7199999999999989
26140.0,46,878.0,9.977272727272727,3.970675293159155,46,3502.0,0.09877213792771768,46,3502.0,-0.04000000000000625
26145.0,52,1123.0,12.617977528089888,4.024725920709432,52,3628.0,0.1050197104856284,52,3628.0,-1.259999999999998
26150.0,53,1249.0,14.35632183908046,3.745037045514728,53,3751.0,0.0917092796613915,53,3751.0,-1.2299999999999969
26155.0,49,1272.0,14.454545454545455,3.749955180850094,49,3731.0,0.09706225694647523,49,3731.0,0.19999999999999574
26160.0,46,1277.0,14.511363636363637,4.069964609622048,46,3698.0,0.11829622472903764,46,3698.0,0.3300000000000054
26165.0,45,1269.0,14.1,4.076309257705992,45,3535.0,0.1115413817808239,45,3535.0,1.6299999999999955
26170.0,41,1252.0,14.39080459770115,4.399710943138314,41,3369.0,0.13554760455856735,41,3369.0,1.6600000000000037
26175.0,39,1161.0,13.821428571428571,4.224427392929766,39,3566.0,0.13681183814798012,39,3566.0,-1.9699999999999989
26180.0,39,1119.0,13.321428571428571,3.7220024770061295,39,3713.0,0.12363298706867197,39,3713.0,-1.470000000000006
26185.0,39,1082.0,13.195121951219512,3.699666861100452,39,3880.0,0.13097978572395613,39,3880.0,-1.6699999999999946
26190.0,39,1006.0,12.268292682926829,3.592687277826456,39,3939.0,0.11930535955827332,39,3939.0,-0.5900000000000034
26195.0,37,905.0,11.17283950617284,3.8437319197162814,37,3867.0,0.149131008126296,37,3867.0,0.7199999999999989
26200.0,34,837.0,10.08433734939759,4.2767942403039765,34,3782.0,0.16150019253257195,34,3782.0,0.8500000000000014
26205.0,30,819.0,9.413793103448276,4.685710903721031,30,3559.0,0.17510620227189228,30,3559.0,2.229999999999997
26210.0,27,869.0,10.223529411764705,4.906934003511095,27,3333.0,0.19499727610735867,27,3333.0,2.260000000000005
26215.0,29,732.0,8.926829268292684,4.3885583444027105,29,3381.0,0.1677397564643597,29,3381.0,-0.480000000000004
26220.0,34,788.0,9.380952380952381,4.3963157729560765,34,3414.0,0.16967804843301723,34,3414.0,-0.3299999999999983
26225.0,37,890.0,10.72289156626506,4.24757904420578,37,3555.0,0.15942914977195563,37,3555.0,-1.4099999999999966
26230.0,37,969.0,11.267441860465116,4.160107098179054,37,3613.0,0.14152575329146236,37,3613.0,-0.5800000000000054
26235.0,34,1004.0,11.811764705882354,4.472081036818783,34,3531.0,0.15447309699469494,34,3531.0,0.8200000000000003
26240.0,33,1026.0,11.930232558139535,4.439938282219023,33,3437.0,0.15147353308402703,33,3437.0,0.9400000000000048
26245.0,30,1055.0,12.267441860465116,4.7536702005820635,30,3223.0,0.1678110282680405,30,3223.0,2.1400000000000006
26250.0,28,730.0,8.588235294117647,4.894404457609223,28,3163.0,0.17125500619615144,28,3163.0,0.5999999999999979
26255.0,28,360.0,4.090909090909091,4.934249574789631,28,2977.0,0.17937137316578258,28,2977.0,1.8599999999999994
26260.0,33,422.0,4.795454545454546,4.854320799700706,33,2880.0,0.17871866038791437,33,2880.0,0.9699999999999989
26265.0,39,486.0,5.651162790697675,3.973753079740801,39,2925.0,0.11176031233442155,39,2925.0,-0.4499999999999993
26270.0,39,538.0,6.404761904761905,4.025507266309741,39,2996.0,0.11116971903553244,39,2996.0,-0.7100000000000009
26275.0,35,572.0,7.061728395061729,4.03628588179201,35,3057.0,0.13015055267062478,35,3057.0,-0.6099999999999994
26280.0,33,589.0,6.929411764705883,4.2688655140636245,33,2873.0,0.14892776351964856,33,2873.0,1.8399999999999999
26285.0,28,561.0,6.759036144578313,3.8877362356285885,28,2912.0,0.1400183716003453,28,2912.0,-0.39000000000000057
26290.0,33,592.0,7.0476190476190474,3.8871708584555345,33,2920.0,0.13084223582216334,33,2920.0,-0.0799999999999983
26295.0,38,692.0,8.141176470588235,4.12358843741766,38,3039.0,0.14023330807378784,38,3039.0,-1.1900000000000013
26300.0,43,770.0,9.058823529411764,3.7316286886536494,42,3111.0,0.10548219448698677,42,3111.0,-0.7199999999999989
26305.0,40,814.0,9.576470588235294,3.6329593556249,40,3321.0,0.10466933572692211,40,3321.0,-2.1000000000000014
26310.0,36,837.0,9.964285714285714,3.5453708643062094,36,3287.0,0.10777570066639193,36,3287.0,0.3400000000000034
26315.0,36,853.0,10.402439024390244,3.3247638893643896,36,3146.0,0.11247114348044362,36,3146.0,1.4099999999999966
26320.0,33,879.0,10.464285714285714,3.9372976395284045,33,3100.0,0.14976395029465997,33,3100.0,0.46000000000000085
26325.0,30,760.0,8.941176470588236,4.052171371924943,30,3064.0,0.14219631104402647,30,3064.0,0.35999999999999943
26330.0,33,816.0,9.379310344827585,4.1172317414442,33,3129.0,0.1555883640181921,33,3129.0,-0.6499999999999986
26335.0,38,911.0,10.717647058823529,3.9268758759603295,38,3292.0,0.1460822003101643,38,3292.0,-1.6300000000000026
26340.0,43,987.0,11.476744186046512,3.314476008069858,43,3373.0,0.08913682172221041,43,3373.0,-0.8099999999999952
26345.0,39,1032.0,12.0,3.7900218730417032,39,3339.0,0.11158528267782765,39,3339.0,0.3399999999999963
26350.0,35,1060.0,12.183908045977011,4.307836369909461,35,3294.0,0.14324431503063967,35,3294.0,0.45000000000000284
26355.0,32,1072.0,12.181818181818182,4.494676909620613,32,3141.0,0.1625455041625066,32,3141.0,1.5299999999999976
26360.0,30,967.0,10.865168539325843,4.361915145893327,30,3232.0,0.15259686287250793,30,3232.0,-0.9100000000000001
26365.0,34,1037.0,11.919540229885058,4.154000298893008,34,3328.0,0.1386084128806552,34,3328.0,-0.9600000000000009
26370.0,38,1140.0,13.255813953488373,4.2040097786870785,38,3504.0,0.14656844052720525,38,3504.0,-1.759999999999998
26375.0,39,1218.0,14.329411764705883,4.049269007508909,39,3581.0,0.13492551056958726,39,3581.0,-0.7700000000000031
26380.0,39,1268.0,14.247191011235955,4.071904919855719,39,3551.0,0.1294004036888284,39,3551.0,0.30000000000000426
26385.0,37,1311.0,14.897727272727273,4.332224727788024,37,3526.0,0.1578011531128998,37,3526.0,0.25
26390.0,38,1319.0,15.337209302325581,3.555796872707735,38,3679.0,0.1066944442950695,38,3679.0,-1.5300000000000011
26395.0,37,1359.0,15.620689655172415,3.808583544235603,37,3866.0,0.11962358973025472,37,3866.0,-1.8699999999999974
26400.0,39,1441.0,16.75581395348837,3.919977978651791,39,4055.0,0.13178222605670675,39,4055.0,-1.8900000000000006
26405.0,41,1525.0,17.528735632183906,3.849050140055485,41,4146.0,0.12168743203773616,41,4146.0,-0.9100000000000037
26410.0,42,1580.0,18.160919540229884,3.517870334850399,42,4133.0,0.111846812883701,42,4133.0,0.13000000000000256
26415.0,43,1643.0,19.32941176470588,3.2503123945512664,43,4132.0,0.10379972157491969,43,4132.0,0.00999999999999801
26420.0,42,1698.0,20.70731707317073,3.0523730943889005,42,4337.0,0.09984344774089378,42,4337.0,-2.049999999999997
26425.0,43,1761.0,21.475609756097562,3.156286144187345,43,4552.0,0.10722818757946322,43,4552.0,-2.1500000000000057
26430.0,46,1834.0,21.080459770114942,3.1883401235883695,46,4772.0,0.10710466148519167,46,4772.0,-2.1999999999999957
26435.0,45,1244.0,14.136363636363637,3.0511837309310583,45,4743.0,0.09246946993539708,45,4743.0,0.28999999999999915
26440.0,46,645.0,7.5,2.7668796177211687,46,4506.0,0.09316641631232717,46,4506.0,2.3699999999999974
26445.0,47,627.0,7.376470588235295,2.9672693319676067,47,4368.0,0.11246484101896868,47,4368.0,1.3800000000000026
26450.0,54,796.0,9.364705882352942,2.624958015157535,54,4612.0,0.09711285272595827,54,4612.0,-2.4399999999999977
26455.0,59,1005.0,11.292134831460674,2.434054692787308,59,4899.0,0.07497073606375151,59,4899.0,-2.8700000000000045
26460.0,61,1230.0,13.666666666666666,2.3236436893584136,61,5196.0,0.064637119203972,61,5196.0,-2.969999999999999
26465.0,62,1333.0,14.97752808988764,2.008741519985398,62,5357.0,0.04981759805825396,62,5357.0,-1.6099999999999994
26470.0,58,1367.0,15.895348837209303,2.1619860824949613,58,5355.0,0.07532805209637666,58,5355.0,0.020000000000003126
26475.0,58,1432.0,16.847058823529412,2.2973877945446213,58,5352.0,0.08982207210228911,58,5352.0,0.02999999999999403
26480.0,58,1496.0,16.622222222222224,2.5642578459038408,58,5220.0,0.09570032332702119,58,5220.0,1.3200000000000003
26485.0,54,1546.0,16.98901098901099,3.005727596353311,54,5087.0,0.11240927668604268,54,5087.0,1.3300000000000054
26490.0,53,1586.0,17.23913043478261,3.0183206664574067,53,4951.0,0.10892388681033421,53,4951.0,1.3599999999999994
26495.0,49,1379.0,14.98913043478261,3.1794046705806487,49,5106.0,0.106969843047065,49,5106.0,-1.5500000000000043
26500.0,47,1349.0,14.824175824175825,3.656262177910055,47,5210.0,0.13459543500347848,47,5210.0,-1.0399999999999991
26505.0,48,1361.0,14.793478260869565,3.825652858647111,48,5404.0,0.1363043812447514,48,5404.0,-1.9399999999999977
26510.0,45,1303.0,14.640449438202246,3.764468421424882,45,5588.0,0.13097556837699798,45,5588.0,-1.8400000000000034
26515.0,47,1309.0,14.707865168539326,3.8876509398604555,47,5803.0,0.11888893829366559,47,5803.0,-2.1499999999999986
26520.0,47,1319.0,14.988636363636363,4.121179415208136,47,6033.0,0.12400734068409244,47,6033.0,-2.299999999999997
26525.0,44,1238.0,14.395348837209303,4.124587869431834,44,6104.0,0.12491412319306712,44,6104.0,-0.7100000000000009
26530.0,40,1142.0,13.279069767441861,4.1879034710751295,40,6002.0,0.1445636893705692,40,6002.0,1.019999999999996
26535.0,40,1197.0,13.918604651162791,4.3002814412994095,40,5899.0,0.15387023980730544,40,5899.0,1.0300000000000011
26540.0,43,1258.0,14.295454545454545,4.022012911387924,43,5654.0,0.12688874286582824,43,5654.0,2.450000000000003
26545.0,43,1327.0,15.430232558139535,3.97454124730056,43,5436.0,0.1320621869092841,43,5436.0,2.1799999999999997
26550.0,42,1090.0,12.674418604651162,3.9591258600246055,42,5644.0,0.12584060441037442,42,5644.0,-2.0799999999999983
26555.0,41,644.0,7.402298850574713,3.6920946441708713,41,5595.0,0.12735811426377555,41,5595.0,0.4899999999999949
26560.0,39,534.0,6.137931034482759,3.697279412129853,39,5558.0,0.12457256444108451,39,5558.0,0.37000000000000455
26565.0,37,555.0,6.529411764705882,3.6825209151051426,37,5534.0,0.12620040321119125,37,5534.0,0.23999999999999488
26570.0,40,516.0,6.070588235294117,3.617614279718484,40,5673.0,0.11960066918944658,40,5673.0,-1.3899999999999935
26575.0,47,591.0,6.952941176470588,3.6146454008899243,47,5863.0,0.11691077506415554,47,5863.0,-1.9000000000000057
26580.0,48,717.0,8.241379310344827,3.5752221728351348,48,6099.0,0.12091896309449487,48,6099.0,-2.3599999999999994
26585.0,48,800.0,9.090909090909092,3.453752299024435,48,6166.0,0.11024161211428932,48,6166.0,-0.6699999999999946
26590.0,46,852.0,10.023529411764706,3.2554324775510524,46,6058.0,0.10628231768331203,46,6058.0,1.0799999999999983
26595.0,48,921.0,10.83529411764706,3.4489436803229956,48,5958.0,0.11945417692690946,48,5958.0,1.0
26600.0,49,991.0,11.523255813953488,3.472712498215886,49,5695.0,0.11489522295806026,49,5695.0,2.6299999999999955
26605.0,47,1060.0,11.777777777777779,3.795102851605655,47,5448.0,0.12787219824508209,47,5448.0,2.470000000000006
26610.0,44,1115.0,12.816091954022989,3.7848311011923172,44,5203.0,0.1388187606319331,44,5203.0,2.4499999999999957
26615.0,44,1161.0,13.5,3.4487088672263937,44,5114.0,0.128276079777792,44,5114.0,0.8900000000000006
26620.0,44,1170.0,13.295454545454545,3.585113765956777,44,5298.0,0.1306517094006514,44,5298.0,-1.8399999999999963
26625.0,44,1214.0,13.954022988505747,3.7462746096884842,43,5510.0,0.15146844604669396,43,5510.0,-2.1200000000000045
26630.0,45,1264.0,14.044444444444444,3.910856750203975,45,5730.0,0.14983749563706147,45,5730.0,-2.1999999999999957
26635.0,45,1115.0,12.38888888888889,3.7083646063995936,45,5862.0,0.1210675187260689,45,5862.0,-1.3200000000000003
26640.0,46,1156.0,12.98876404494382,3.80693658037311,46,5974.0,0.12128114249710813,46,5974.0,-1.1200000000000045
26645.0,46,1271.0,14.280898876404494,4.114891538007104,46,6181.0,0.13680913705870187,46,6181.0,-2.0700000000000003
26650.0,44,1192.0,13.545454545454545,4.2381642598610485,44,6140.0,0.1351605704594997,44,6140.0,0.4100000000000037
26655.0,44,1007.0,11.188888888888888,4.253079126715123,44,5906.0,0.14325945759475112,44,5906.0,2.3399999999999963
26660.0,46,1011.0,11.359550561797754,3.9468909682337094,46,5752.0,0.1371342159217188,46,5752.0,1.5399999999999991
26665.0,52,1254.0,14.413793103448276,3.2079376486984974,52,5603.0,0.09758116398940016,52,5603.0,1.490000000000002
26670.0,55,1371.0,15.579545454545455,3.100021560896354,55,5674.0,0.07754258441369899,55,5674.0,-0.7100000000000009
26675.0,53,1387.0,15.942528735632184,3.1820379620219073,53,5561.0,0.08633186818589489,53,5561.0,1.1300000000000026
26680.0,51,1387.0,15.411111111111111,3.4571711950577435,51,5435.0,0.11296065876700331,51,5435.0,1.259999999999998
26685.0,46,1369.0,15.556818181818182,3.7793489686785877,46,5108.0,0.12969893965436632,46,5108.0,3.270000000000003
26690.0,45,1339.0,15.39080459770115,3.6277462395041824,45,4790.0,0.11587558025259248,45,4790.0,3.1799999999999997
26695.0,43,1226.0,13.931818181818182,3.70833396091094,43,5007.0,0.11961173380759128,43,5007.0,-2.1700000000000017
26700.0,46,1127.0,13.104651162790697,3.5492530204805903,46,5115.0,0.11562746839478845,46,5115.0,-1.0799999999999983
26705.0,42,1054.0,11.842696629213483,3.5665599560913104,42,5331.0,0.12249020935777194,42,5331.0,-2.1600000000000037
26710.0,43,1009.0,11.21111111111111,3.9645003817072726,43,5360.0,0.13102638650263962,43,5360.0,-0.28999999999999915
26715.0,45,920.0,10.337078651685394,3.4573410143891814,45,5387.0,0.10245378342603947,45,5387.0,-0.269999999999996
26720.0,44,806.0,9.264367816091953,3.5971318852950818,44,5231.0,0.11269391216222312,44,5231.0,1.5599999999999952
26725.0,39,719.0,8.458823529411765,4.098030304320372,39,5048.0,0.15273893684099976,39,5048.0,1.8300000000000054
26730.0,35,618.0,7.186046511627907,3.9498859877365837,34,5158.0,0.1457912835252888,34,5158.0,-1.1000000000000014
26735.0,34,596.0,6.930232558139535,4.006465296789369,34,5334.0,0.13467977359663397,34,5334.0,-1.7600000000000051
26740.0,41,691.0,8.034883720930232,3.737024770532529,41,5438.0,0.11283365909791475,41,5438.0,-1.0399999999999991
26745.0,46,578.0,6.8,3.25822768690988,46,5556.0,0.08749145827319169,46,5556.0,-1.1799999999999997
26750.0,47,675.0,8.231707317073171,3.2160487847744053,47,5652.0,0.09718567657505456,47,5652.0,-0.9600000000000009
26755.0,49,820.0,9.761904761904763,3.2962881028235618,49,5852.0,0.11128606986949705,49,5852.0,-2.0
26760.0,47,876.0,10.428571428571429,3.1554620943198466,47,5872.0,0.10180841695041498,47,5872.0,-0.19999999999999574
26765.0,48,863.0,10.034883720930232,2.9348516048949707,48,5890.0,0.07029964408181459,48,5890.0,-0.17999999999999972
26770.0,44,846.0,9.952941176470588,3.0848310333715445,44,5896.0,0.08532859734757256,44,5896.0,-0.060000000000002274
26775.0,41,863.0,10.273809523809524,3.4437474120473826,41,5465.0,0.11458171170590829,41,5465.0,4.310000000000002
26780.0,40,906.0,10.413793103448276,3.7542316789907666,40,5055.0,0.13990904179122163,40,5055.0,4.100000000000001
26785.0,41,935.0,10.872093023255815,3.3277797169419356,41,5240.0,0.11044673266928257,41,5240.0,-1.8500000000000014
26790.0,48,1006.0,11.69767441860465,2.9216282248813554,48,5469.0,0.09408126798912908,48,5469.0,-2.289999999999999
26795.0,49,1091.0,12.540229885057471,3.147253899747156,49,5706.0,0.09601715272883793,49,5706.0,-2.3700000000000045
26800.0,48,1031.0,11.850574712643677,3.2637914043720073,48,5877.0,0.0941045668339191,48,5877.0,-1.7100000000000009
26805.0,48,1103.0,12.67816091954023,3.171137673580802,48,6026.0,0.1072941999999575,48,6026.0,-1.4899999999999949
26810.0,48,1188.0,13.655172413793103,3.264008129990499,48,6251.0,0.11537201591920423,48,6251.0,-2.25
26815.0,50,1277.0,14.848837209302326,2.9483920553669236,50,6495.0,0.08706638494971745,50,6495.0,-2.440000000000005
26820.0,50,1374.0,16.16470588235294,3.0504931040699357,50,6745.0,0.08893915242567041,50,6745.0,-2.5
26825.0,51,1523.0,18.13095238095238,3.0942438179661296,51,6996.0,0.09006984258987306,51,6996.0,-2.509999999999991
26830.0,52,1367.0,15.534090909090908,3.094601363717379,52,7096.0,0.09405327714658002,52,7096.0,-1.0
26835.0,53,1399.0,16.267441860465116,2.9420040927756053,53,7108.0,0.09782665891962394,53,7108.0,-0.12000000000000455
26840.0,60,1681.0,20.011904761904763,2.3573296698668504,60,7226.0,0.078623574202292,60,7226.0,-1.1800000000000068
26845.0,63,1811.0,22.085365853658537,1.8239587958424814,63,7272.0,0.04785213314598656,63,7272.0,-0.45999999999999375
26850.0,59,1819.0,21.91566265060241,2.2897204392518344,59,7136.0,0.06823292333472117,59,7136.0,1.3599999999999994
26855.0,56,1811.0,20.816091954022987,2.792726110722829,56,6991.0,0.09309707927418967,56,6991.0,1.4500000000000028
26860.0,54,1787.0,20.078651685393258,3.0864392172917188,54,6634.0,0.09543366469001228,54,6634.0,3.569999999999993
26865.0,53,1755.0,20.406976744186046,2.944400964953181,53,6288.0,0.09021710125915024,53,6288.0,3.460000000000001
26870.0,48,1710.0,20.357142857142858,3.302428121203911,48,5949.0,0.11992337300031394,48,5949.0,3.3900000000000006
26875.0,43,1640.0,19.523809523809526,3.7553424594624807,43,5787.0,0.14179418339572697,43,5787.0,1.6200000000000045
26880.0,39,1547.0,17.7816091954023,4.209882532327849,39,5429.0,0.16484288366759448,39,5429.0,3.5799999999999983
26885.0,34,1307.0,15.19767441860465,4.20610775762203,34,5520.0,0.15985623661654663,34,5520.0,-0.9100000000000037
26890.0,34,1153.0,13.406976744186046,4.296692571656031,34,5581.0,0.15879908633231452,34,5581.0,-0.6099999999999994
26895.0,35,1029.0,12.25,4.590127144547146,35,5732.0,0.17648085418759193,35,5732.0,-1.509999999999998
26900.0,32,795.0,9.695121951219512,4.835466826000204,31,5839.0,0.18114826568692033,31,5839.0,-1.0700000000000003
26905.0,31,672.0,8.0,5.129648225497034,31,5952.0,0.18521580254982398,31,5952.0,-1.1300000000000026
26910.0,32,639.0,7.888888888888889,5.425022999862016,32,6098.0,0.20004320328497605,32,6098.0,-1.4599999999999937
26915.0,36,722.0,9.139240506329115,4.656230833743733,36,6055.0,0.14628812361643162,36,6055.0,0.4299999999999997
26920.0,38,757.0,9.4625,4.734074106545824,38,5822.0,0.14374071681768613,38,5822.0,2.3299999999999983
26925.0,37,792.0,10.025316455696203,4.642515078553628,37,5592.0,0.1497875015647887,37,5592.0,2.299999999999997
26930.0,38,564.0,6.962962962962963,4.205332650972463,37,5664.0,0.1273199930979543,37,5664.0,-0.7199999999999989
26935.0,38,534.0,6.592592592592593,4.271822265780435,38,5857.0,0.12699432341866937,38,5857.0,-1.9299999999999997
26940.0,41,571.0,6.963414634146342,3.91350193161493,41,5887.0,0.10473843287240658,41,5887.0,-0.29999999999999716
26945.0,41,583.0,7.379746835443038,3.4839147572128173,41,5875.0,0.10037650701683433,41,5875.0,0.11999999999999744
26950.0,38,555.0,7.302631578947368,3.563125122395406,38,5651.0,0.12359379964189073,38,5651.0,2.240000000000002
26955.0,35,509.0,6.6103896103896105,3.620214475553479,35,5430.0,0.14377421076629693,35,5430.0,2.210000000000001
26960.0,32,399.0,5.181818181818182,3.6376573526842995,31,5531.0,0.13797314356977305,31,5531.0,-1.0100000000000051
26965.0,34,361.0,4.628205128205129,3.302946144521867,34,5699.0,0.10780342547835471,34,5699.0,-1.6799999999999997
26970.0,36,398.0,5.037974683544304,3.4879516758456153,36,5811.0,0.11518076291413855,36,5811.0,-1.1199999999999974
26975.0,37,456.0,5.846153846153846,3.3479285584148326,37,5784.0,0.11505045667395133,37,5784.0,0.269999999999996
26980.0,37,491.0,5.987804878048781,3.653311435164496,37,5557.0,0.12932076382719968,37,5557.0,2.270000000000003
26985.0,38,526.0,6.337349397590361,3.9369342913723764,38,5335.0,0.1437555839697012,38,5335.0,2.219999999999999
26990.0,36,554.0,6.7560975609756095,3.7792420380686798,36,4922.0,0.1292100177264497,36,4922.0,4.130000000000003
26995.0,33,575.0,7.012195121951219,4.192950364875085,33,4522.0,0.152498502041996,33,4522.0,4.0
27000.0,29,405.0,5.0625,4.162900329792545,29,4593.0,0.16285212643376729,29,4593.0,-0.7100000000000009
27005.0,31,418.0,5.036144578313253,3.9563129798583168,31,4653.0,0.1620209868809057,31,4653.0,-0.6000000000000014
27010.0,33,492.0,5.927710843373494,4.311071745594109,33,4804.0,0.1739728677165782,33,4804.0,-1.509999999999998
27015.0,37,552.0,6.650602409638554,3.8268756708125835,37,4775.0,0.11538980065792194,37,4775.0,0.28999999999999915
27020.0,38,596.0,7.2682926829268295,3.9436710713241747,38,4583.0,0.12498799835577715,38,4583.0,1.9200000000000017
27025.0,34,626.0,7.542168674698795,4.458688758428202,34,4401.0,0.15714452355787606,34,4401.0,1.8200000000000003
27030.0,31,641.0,7.453488372093023,4.745288520406681,31,4045.0,0.17803467022551347,31,4045.0,3.559999999999995
27035.0,27,643.0,7.746987951807229,4.9071954887566305,27,3691.0,0.19540449746619015,27,3691.0,3.5400000000000063
27040.0,27,642.0,7.734939759036145,4.782915597022392,27,3797.0,0.1700332388041028,27,3797.0,-1.0600000000000023
27045.0,32,719.0,8.768292682926829,4.727039341706559,32,3950.0,0.17067138124911974,32,3950.0,-1.5300000000000011
27050.0,37,816.0,9.951219512195122,4.423305177986028,37,4113.0,0.1554710541879681,37,4113.0,-1.6300000000000026
27055.0,38,892.0,10.74698795180723,4.101155064744042,38,4122.0,0.13302193657523484,38,4122.0,-0.0899999999999963
27060.0,35,927.0,11.304878048780488,4.277989956166513,35,3944.0,0.15788417871133514,35,3944.0,1.7800000000000011
27065.0,31,946.0,11.397590361445783,4.239040083476255,31,3754.0,0.1551941518307884,31,3754.0,1.8999999999999986
27070.0,29,580.0,6.9879518072289155,4.348816793809326,29,3756.0,0.15055567953717847,29,3756.0,-0.020000000000003126
27075.0,28,452.0,5.794871794871795,4.1968367687396375,28,3662.0,0.16690413938945423,28,3662.0,0.9400000000000048
27080.0,33,537.0,6.548780487804878,4.355288839555389,33,3675.0,0.1743377572173037,33,3675.0,-0.13000000000000256
27085.0,38,601.0,7.329268292682927,3.8742471445091304,38,3668.0,0.15005884185669804,38,3668.0,0.07000000000000028
27090.0,39,644.0,7.950617283950617,3.235599127216713,39,3675.0,0.10218873129177257,39,3675.0,-0.07000000000000028
27095.0,38,687.0,8.5875,3.3025445238380513,38,3701.0,0.1099833923281476,38,3701.0,-0.259999999999998
27100.0,34,716.0,8.839506172839506,3.7679069807180934,34,3402.0,0.13308130855859607,34,3402.0,2.989999999999995
27105.0,31,674.0,8.21951219512195,3.607993106909133,31,3509.0,0.14104832178357474,31,3509.0,-1.0700000000000003
27110.0,32,716.0,8.626506024096386,3.7627972044860107,32,3628.0,0.13906874940405003,32,3628.0,-1.1899999999999977
27115.0,40,816.0,9.714285714285714,3.535064418873498,40,3806.0,0.12111356809675904,40,3806.0,-1.7800000000000011
27120.0,42,896.0,10.541176470588235,3.4942063005629205,42,3841.0,0.10084782798508952,42,3841.0,-0.3499999999999943
27125.0,40,943.0,10.965116279069768,3.6675768618449056,40,3882.0,0.10335706608256491,40,3882.0,-0.4100000000000037
27130.0,37,975.0,11.206896551724139,3.884033580298635,37,3737.0,0.13321204446661228,37,3737.0,1.4500000000000028
27135.0,34,988.0,11.761904761904763,3.82556153268637,34,3507.0,0.14106416165926614,34,3507.0,2.299999999999997
27140.0,33,997.0,11.869047619047619,3.6991657744858695,33,3335.0,0.1303641038148949,33,3335.0,1.7199999999999989
27145.0,30,1047.0,12.31764705882353,4.20222815422849,30,3279.0,0.1590098466561367,30,3279.0,0.5600000000000023
27150.0,31,1116.0,13.285714285714286,4.496086348540494,29,3132.0,0.18236927097250072,29,3132.0,1.4699999999999989
27155.0,31,1177.0,13.686046511627907,4.327434448487149,30,3009.0,0.18128179704570443,30,3009.0,1.2300000000000004
27160.0,31,1243.0,14.453488372093023,4.223224121134499,30,2975.0,0.17480492484581822,30,2975.0,0.33999999999999986
27165.0,36,812.0,9.44186046511628,3.7568380186839496,33,3130.0,0.14002061408131278,33,3130.0,-1.5500000000000007
27170.0,36,476.0,5.534883720930233,4.028235547227611,35,3304.0,0.14988211928626166,35,3304.0,-1.7399999999999984
27175.0,38,541.0,6.290697674418604,4.124638848533416,37,3460.0,0.15595861506611722,37,3460.0,-1.5600000000000023
27180.0,38,625.0,7.1022727272727275,4.29561769057241,37,3447.0,0.16017542083761016,37,3447.0,0.13000000000000256
27185.0,36,449.0,5.2823529411764705,4.075529611624512,35,3500.0,0.15193754793916112,35,3500.0,-0.5300000000000011
27190.0,38,528.0,6.211764705882353,4.109298741685998,38,3521.0,0.15131289014751861,38,3521.0,-0.21000000000000085
27195.0,41,679.0,7.988235294117647,4.187388927985422,41,3658.0,0.15179968892165988,41,3658.0,-1.3699999999999974
27200.0,48,869.0,10.345238095238095,3.56840318760889,48,3669.0,0.11189200931052815,48,3669.0,-0.10999999999999943
27205.0,48,1084.0,12.318181818181818,3.611116563581841,48,3579.0,0.10798058023582739,48,3579.0,0.8999999999999986
27210.0,52,1329.0,15.102272727272727,3.526946488502837,52,3591.0,0.10495375172372873,52,3591.0,-0.11999999999999744
27215.0,55,1597.0,18.35632183908046,3.3123189662289874,55,3680.0,0.08813465415472865,55,3680.0,-0.8900000000000006
27220.0,57,1712.0,19.454545454545453,3.098972061989511,57,3816.0,0.06856865774895775,57,3816.0,-1.3599999999999994
27225.0,52,1706.0,19.60919540229885,3.2917783011667496,52,3806.0,0.08916784615376507,52,3806.0,0.09999999999999432
27230.0,49,1683.0,18.7,3.7654450642321127,49,3781.0,0.11651816958535734,49,3781.0,0.25
27235.0,45,1642.0,18.65909090909091,3.8718878816249283,45,3617.0,0.12008978297163334,45,3617.0,1.6400000000000006
27240.0,46,1529.0,17.179775280898877,3.414293190476273,46,3802.0,0.09265647778245499,46,3802.0,-1.8500000000000014
27245.0,47,1483.0,16.852272727272727,3.535424931959055,47,4011.0,0.10543740430117159,47,4011.0,-2.0899999999999963
27250.0,48,1445.0,16.802325581395348,3.7313649884473477,48,4245.0,0.11311128268967885,48,4245.0,-2.3400000000000034
27255.0,47,1363.0,15.314606741573034,3.5676563337354934,47,4337.0,0.09918782415510882,47,4337.0,-0.9199999999999946
27260.0,42,1233.0,14.011363636363637,3.7184445233254255,42,4274.0,0.11704553590753386,42,4274.0,0.6299999999999955
27265.0,41,1091.0,12.540229885057471,3.6162466732379923,41,4202.0,0.11806055166517951,41,4202.0,0.7199999999999989
27270.0,40,973.0,11.183908045977011,3.90487599165878,40,4012.0,0.13066248452896967,40,4012.0,1.9000000000000057
27275.0,35,896.0,10.541176470588235,4.459920914330549,35,3836.0,0.16477525828209527,35,3836.0,1.759999999999998
27280.0,30,855.0,9.94186046511628,4.611523788933688,30,3648.0,0.18119825913198756,30,3648.0,1.8800000000000026
27285.0,28,839.0,9.755813953488373,4.643701710143394,28,3768.0,0.18723395410300622,28,3768.0,-1.2000000000000028
27290.0,34,918.0,10.8,4.336420595266134,34,3927.0,0.1635090855933241,34,3927.0,-1.5900000000000034
27295.0,39,1028.0,12.385542168674698,4.082628812336673,39,4110.0,0.14372155136757378,39,4110.0,-1.8299999999999983
27300.0,38,1106.0,13.654320987654321,4.198649896839066,38,4178.0,0.14206776241716423,38,4178.0,-0.6799999999999997
27305.0,34,1139.0,13.890243902439025,4.3234429284371965,34,4106.0,0.15959323419045515,34,4106.0,0.7199999999999989
27310.0,31,1153.0,13.726190476190476,4.754387570311193,31,4023.0,0.18366051901083158,31,4023.0,0.8300000000000054
27315.0,30,1182.0,13.905882352941177,4.637784728515031,30,3821.0,0.16463811379066087,30,3821.0,2.019999999999996
27320.0,29,1256.0,14.952380952380953,5.000280826468761,29,3631.0,0.18766207133296137,29,3631.0,1.8999999999999986
27325.0,28,849.0,10.353658536585366,5.026093099135579,28,3590.0,0.1863853253870317,28,3590.0,0.4100000000000037
27330.0,29,595.0,6.9186046511627906,4.841336216436587,29,3437.0,0.17399154190018093,29,3437.0,1.5300000000000011
27335.0,33,680.0,8.095238095238095,4.514802643762322,33,3387.0,0.16519114519103384,33,3387.0,0.5
27340.0,36,444.0,5.285714285714286,4.120431872141181,36,3429.0,0.12509744723951677,36,3429.0,-0.4200000000000017
27345.0,35,387.0,4.719512195121951,4.29931507041321,35,3389.0,0.13742779732665486,35,3389.0,0.3999999999999986
27350.0,37,499.0,6.085365853658536,4.637156718328551,37,3437.0,0.15734196702471606,37,3437.0,-0.4799999999999969
27355.0,39,599.0,6.965116279069767,4.335709019420233,39,3587.0,0.13405390370845433,39,3587.0,-1.5
27360.0,43,804.0,9.458823529411765,4.124790119075289,43,3782.0,0.1174359974453353,43,3782.0,-1.9500000000000028
27365.0,50,1040.0,12.53012048192771,3.565293342622541,50,4016.0,0.09977363545948009,50,4016.0,-2.3399999999999963
27370.0,52,1167.0,14.231707317073171,3.1552020905833777,52,4123.0,0.07994033866148104,52,4123.0,-1.0700000000000003
27375.0,52,1206.0,14.53012048192771,3.310450278146805,52,4088.0,0.0868862738257633,52,4088.0,0.3499999999999943
27380.0,47,1230.0,14.30232558139535,3.7000732661066627,47,4040.0,0.11040019176074616,47,4040.0,0.480000000000004
27385.0,44,1237.0,14.903614457831326,3.7233122318500818,44,3835.0,0.12731252358890835,44,3835.0,2.049999999999997
27390.0,44,1136.0,14.024691358024691,3.102819550090579,43,3987.0,0.09045454653072607,43,3987.0,-1.519999999999996
27395.0,48,1141.0,13.74698795180723,3.309461626432235,48,4216.0,0.09785336814936388,48,4216.0,-2.289999999999999
27400.0,45,1133.0,13.987654320987655,3.3373318320461656,45,4403.0,0.10402857627872444,45,4403.0,-1.8700000000000045
27405.0,46,1101.0,13.265060240963855,3.302496531103997,46,4472.0,0.11428458702397992,46,4472.0,-0.6899999999999977
27410.0,43,1026.0,12.214285714285714,3.316868781152946,43,4386.0,0.10668567421993747,43,4386.0,0.8599999999999994
27415.0,42,942.0,11.214285714285714,3.3460653422547257,42,4293.0,0.11136591625891057,42,4293.0,0.9299999999999997
27420.0,40,856.0,9.953488372093023,3.7934714871876194,40,4060.0,0.13503632210662656,40,4060.0,2.3299999999999983
27425.0,36,551.0,6.63855421686747,3.876828037915741,36,4097.0,0.14147776819184682,36,4097.0,-0.36999999999999744
27430.0,32,332.0,3.9058823529411764,4.122613842545549,32,4038.0,0.15925425105892374,32,4038.0,0.5899999999999963
27435.0,33,368.0,4.433734939759036,4.478388782207245,33,4048.0,0.17919253797112855,33,4048.0,-0.09999999999999432
27440.0,37,427.0,5.083333333333333,3.8832567028757006,37,4073.0,0.12077450714543551,37,4073.0,-0.25
27445.0,42,478.0,5.759036144578313,3.5589479507667523,42,4127.0,0.09635451654317033,42,4127.0,-0.5400000000000063
27450.0,38,519.0,6.253012048192771,3.900867271977849,38,4170.0,0.12095955039631315,38,4170.0,-0.4299999999999997
27455.0,34,542.0,6.2298850574712645,4.276621256384555,34,3909.0,0.14323487015497105,34,3909.0,2.6099999999999994
27460.0,31,549.0,6.383720930232558,4.32257552250122,31,3654.0,0.1549480597977625,31,3654.0,2.5500000000000043
27465.0,32,572.0,6.729411764705882,4.094953798435827,32,3543.0,0.1570356164990086,32,3543.0,1.1099999999999994
27470.0,30,632.0,7.614457831325301,4.38695226080238,30,3313.0,0.1815658700396697,30,3313.0,2.299999999999997
27475.0,31,698.0,8.512195121951219,4.295924827424366,30,3107.0,0.1795589490905799,30,3107.0,2.0600000000000023
27480.0,35,769.0,8.839080459770114,4.051492205032973,33,3137.0,0.16274473835198267,33,3137.0,-0.3000000000000007
27485.0,29,611.0,7.104651162790698,4.130883488269101,28,3186.0,0.16757098356373823,28,3186.0,-0.48999999999999844
27490.0,29,634.0,7.458823529411765,4.007931002338898,28,3203.0,0.15997869193833936,28,3203.0,-0.1700000000000017
27495.0,30,693.0,8.25,4.297269584015888,30,3322.0,0.17181370849577207,30,3322.0,-1.1899999999999977
27500.0,32,507.0,5.895348837209302,4.441098181199536,32,3473.0,0.1605647294125097,32,3473.0,-1.509999999999998
27505.0,34,535.0,6.149425287356322,4.491647156806489,34,3496.0,0.1599836261593681,34,3496.0,-0.23000000000000398
27510.0,33,664.0,7.72093023255814,4.576400987330062,33,3558.0,0.1617411348744882,33,3558.0,-0.6199999999999974
27515.0,40,844.0,9.813953488372093,4.358031275139914,40,3581.0,0.14521553428185696,40,3581.0,-0.23000000000000398
27520.0,46,1054.0,12.4,3.8884980609207314,46,3733.0,0.13138253095357108,46,3733.0,-1.519999999999996
27525.0,47,1166.0,13.55813953488372,3.618625968419962,47,3825.0,0.08916186285106299,47,3825.0,-0.9200000000000017
27530.0,46,1200.0,13.48314606741573,3.744399501366698,46,3785.0,0.09966420920378002,46,3785.0,0.3999999999999986
27535.0,46,1235.0,13.876404494382022,4.083964748518874,46,3751.0,0.11879211828612486,46,3751.0,0.3400000000000034
27540.0,46,1264.0,14.202247191011235,3.8917345240085366,46,3588.0,0.10418862322511377,46,3588.0,1.6299999999999955
27545.0,43,1286.0,15.129411764705882,4.24949351513515,43,3431.0,0.14566771172724308,43,3431.0,1.5700000000000003
27550.0,38,1289.0,14.988372093023257,4.532730137802442,38,3391.0,0.1554649707505333,38,3391.0,0.4000000000000057
27555.0,39,1272.0,14.964705882352941,4.0888642494722385,39,3582.0,0.14416420070809904,39,3582.0,-1.9100000000000037
27560.0,39,1267.0,15.265060240963855,3.8778614226978423,39,3761.0,0.14200583272855533,39,3761.0,-1.7899999999999991
27565.0,43,1276.0,15.011764705882353,3.8739707125714893,43,3966.0,0.13506142150128367,43,3966.0,-2.049999999999997
27570.0,41,1243.0,14.623529411764705,3.8954570721952524,41,4042.0,0.12364213503471275,41,4042.0,-0.7600000000000051
27575.0,38,1167.0,13.569767441860465,4.329670306780402,38,3979.0,0.15207079946922067,38,3979.0,0.6300000000000026
27580.0,36,1118.0,12.850574712643677,4.496825117275931,36,3900.0,0.1632310802284561,36,3900.0,0.7899999999999991
27585.0,31,1113.0,13.094117647058823,4.733613759380538,31,3693.0,0.17489930540610513,31,3693.0,2.0700000000000003
27590.0,30,1140.0,13.902439024390244,4.634674004575716,30,3605.0,0.17624561175878992,30,3605.0,0.8800000000000026
27595.0,30,1210.0,15.125,4.769847439903266,30,3422.0,0.20096069119004079,30,3422.0,1.8299999999999983
27600.0,32,1281.0,16.0125,4.643542258983176,32,3259.0,0.18785573295203428,32,3259.0,1.6299999999999955
27605.0,34,1357.0,16.154761904761905,4.53685543078695,32,3207.0,0.1834242641503686,32,3207.0,0.5200000000000031
27610.0,27,1409.0,17.182926829268293,4.430746452121184,27,3070.0,0.18115928885695035,27,3070.0,1.370000000000001
27615.0,29,1465.0,17.865853658536587,4.38504752783212,27,3116.0,0.18233618325605905,27,3116.0,-0.46000000000000085
27620.0,24,962.0,11.590361445783133,4.592284669733626,24,3019.0,0.18523228375919681,24,3019.0,0.9699999999999989
27625.0,21,461.0,5.488095238095238,4.974644184232032,21,2751.0,0.20736410127046395,21,2751.0,2.6799999999999997
27630.0,21,496.0,5.7011494252873565,5.296381990900675,21,2551.0,0.2269823225000963,21,2551.0,2.0
27635.0,29,620.0,7.294117647058823,4.936755982644239,29,2417.0,0.20178082092839514,29,2417.0,1.3399999999999999
27640.0,36,471.0,5.541176470588235,3.9431239218585943,35,2448.0,0.1442950482331366,35,2448.0,-0.3099999999999987
27645.0,36,552.0,6.4941176470588236,4.066002270451067,36,2438.0,0.14436907021035192,36,2438.0,0.10000000000000142
27650.0,41,742.0,8.833333333333334,4.207741350514168,41,2546.0,0.14134775954705073,41,2546.0,-1.0800000000000018
27655.0,44,908.0,10.68235294117647,3.889137693479395,44,2700.0,0.10723604613137544,44,2700.0,-1.5399999999999991
27660.0,49,1138.0,13.080459770114942,4.0500171858168885,49,2896.0,0.09638445371098107,49,2896.0,-1.9600000000000009
27665.0,52,1386.0,15.931034482758621,3.8278237967485933,52,3123.0,0.0709720147672473,52,3123.0,-2.2699999999999996
27670.0,51,1624.0,18.666666666666668,3.7945785428738135,51,3361.0,0.0750211270585691,51,3361.0,-2.379999999999999
27675.0,52,1883.0,21.8953488372093,3.9470343195328934,52,3618.0,0.09269554494037531,52,3618.0,-2.5700000000000003
27680.0,55,2150.0,24.15730337078652,3.853542960631858,55,3883.0,0.09281969891116686,55,3883.0,-2.6499999999999986
27685.0,52,2219.0,25.50574712643678,3.657129430943641,52,4004.0,0.07960409107500746,52,4004.0,-1.2100000000000009
27690.0,51,2145.0,24.941860465116278,3.543583708760443,51,3976.0,0.08419857257871416,51,3976.0,0.28000000000000114
27695.0,48,2060.0,24.819277108433734,3.4463717959938673,48,3939.0,0.09772363986795818,48,3939.0,0.36999999999999744
27700.0,45,1961.0,24.5125,3.63267665871505,45,3762.0,0.11508239150794056,45,3762.0,1.7700000000000031
27705.0,41,1844.0,22.216867469879517,4.077511047065442,41,3588.0,0.1422746587650157,41,3588.0,1.7399999999999949
27710.0,37,1707.0,20.817073170731707,4.213345816926932,37,3408.0,0.1638240782460997,37,3408.0,1.8000000000000043
27715.0,37,1558.0,19.72151898734177,3.696847107618732,37,3345.0,0.13900345144117682,37,3345.0,0.6299999999999955
27720.0,35,1403.0,17.759493670886076,3.9894847704740655,35,3165.0,0.15870316852257682,35,3165.0,1.8000000000000043
27725.0,30,1226.0,15.325,4.417605074842366,30,3093.0,0.1765238631603261,30,3093.0,0.7199999999999989
27730.0,26,1049.0,12.792682926829269,4.5598168443146925,26,3115.0,0.18806806510427,26,3115.0,-0.21999999999999886
27735.0,27,566.0,6.819277108433735,4.446598544944773,27,3247.0,0.1863271271573324,27,3247.0,-1.3200000000000003
27740.0,32,366.0,4.463414634146342,4.017153911985972,30,3382.0,0.15953380919510085,30,3382.0,-1.3500000000000014
27745.0,31,395.0,4.8765432098765435,4.304068901255293,31,3527.0,0.17106177482159507,31,3527.0,-1.4500000000000028
27750.0,33,497.0,6.135802469135802,4.66483858157431,32,3690.0,0.18646406309153077,32,3690.0,-1.6299999999999955
27755.0,34,546.0,6.578313253012048,4.543208811214405,34,3792.0,0.17117083773781738,34,3792.0,-1.0200000000000031
27760.0,40,731.0,8.702380952380953,4.200157057700712,40,3920.0,0.14663537101990995,40,3920.0,-1.2800000000000011
27765.0,46,948.0,11.560975609756097,3.4794117767619674,46,4135.0,0.10833424757053409,46,4135.0,-2.1499999999999986
27770.0,49,1080.0,13.333333333333334,3.209071300365228,49,4231.0,0.08278066913832265,49,4231.0,-0.9600000000000009
27775.0,49,1140.0,14.074074074074074,3.404446944971168,49,4338.0,0.08655427860266403,49,4338.0,-1.0700000000000003
27780.0,48,1197.0,14.421686746987952,3.4491295362619274,48,4301.0,0.1083360216794037,48,4301.0,0.37000000000000455
27785.0,44,1239.0,14.927710843373495,3.5841265949937253,44,4129.0,0.11400907400149794,44,4129.0,1.7199999999999989
27790.0,43,1270.0,15.487804878048781,3.402221242651834,43,3959.0,0.10700530051996861,43,3959.0,1.6999999999999957
27795.0,40,1292.0,15.75609756097561,3.8613165136755074,40,3935.0,0.13853639464038392,40,3935.0,0.240000000000002
27800.0,38,1296.0,15.614457831325302,4.169067796967675,38,3798.0,0.15289571474118438,38,3798.0,1.3700000000000045
27805.0,37,1273.0,15.154761904761905,3.965402413079779,36,3963.0,0.15415828533129775,36,3963.0,-1.6500000000000057
27810.0,39,1270.0,15.119047619047619,3.99268676707374,38,4144.0,0.15326290355341302,38,4144.0,-1.8099999999999952
27815.0,41,1275.0,15.178571428571429,3.744125533117567,40,4327.0,0.13418510642298995,40,4327.0,-1.8300000000000054
27820.0,42,1336.0,15.717647058823529,3.9836019979229684,42,4537.0,0.13224303262364082,42,4537.0,-2.0999999999999943
27825.0,40,1136.0,13.523809523809524,4.1437853242000084,40,4605.0,0.13016057199225822,40,4605.0,-0.6799999999999997
27830.0,39,1191.0,13.689655172413794,4.325482923730284,39,4605.0,0.14870488384115718,39,4605.0,0.0
27835.0,43,1395.0,16.22093023255814,4.105096944074433,43,4709.0,0.1447647406889628,43,4709.0,-1.0400000000000063
27840.0,50,1525.0,17.329545454545453,3.538242127138868,50,4804.0,0.10697921696176454,50,4804.0,-0.9499999999999957
27845.0,49,1595.0,18.546511627906977,3.479016412313116,49,4776.0,0.10999171713684677,49,4776.0,0.28000000000000114
27850.0,49,1665.0,19.58823529411765,3.5934722738640716,49,4742.0,0.12167709732258299,49,4742.0,0.3399999999999963
27855.0,48,1733.0,19.919540229885058,3.5985780936839653,48,4572.0,0.1217149243594835,48,4572.0,1.7000000000000028
27860.0,45,1786.0,20.528735632183906,3.771506228665976,45,4403.0,0.1341690323683177,45,4403.0,1.6899999999999977
27865.0,43,1804.0,20.976744186046513,3.5935605763278966,43,4596.0,0.12598401584655547,43,4596.0,-1.9299999999999997
27870.0,46,1853.0,21.8,3.29649425666931,46,4824.0,0.11525803270365276,46,4824.0,-2.280000000000001
27875.0,47,1908.0,22.186046511627907,3.5902746141457675,47,5052.0,0.12690324645788176,47,5052.0,-2.280000000000001
27880.0,49,1971.0,21.65934065934066,3.653061072380457,49,5288.0,0.11022099997814323,49,5288.0,-2.3599999999999994
27885.0,47,1980.0,22.0,3.628374252578257,47,5383.0,0.11115751283281328,47,5383.0,-0.9499999999999957
27890.0,46,1944.0,21.84269662921348,3.3291436821326057,46,5330.0,0.10311675713479335,46,5330.0,0.5300000000000011
27895.0,44,1946.0,22.113636363636363,3.5996782730888723,44,5277.0,0.12669351758411915,44,5277.0,0.529999999999994
27900.0,40,1498.0,16.831460674157302,3.761165283151006,40,5177.0,0.12655064016042927,40,5177.0,1.0
27905.0,38,779.0,8.655555555555555,3.850319593398249,38,5088.0,0.1398953431941998,38,5088.0,0.8900000000000006
27910.0,39,514.0,5.840909090909091,3.3691952937845,39,5019.0,0.12388719950924973,39,5019.0,0.6900000000000048
27915.0,47,582.0,6.613636363636363,2.7595625859635224,47,5083.0,0.08723691136296063,47,5083.0,-0.6400000000000006
27920.0,49,650.0,7.386363636363637,2.8237941982436,49,5034.0,0.08956183153704772,49,5034.0,0.4899999999999949
27925.0,48,724.0,8.418604651162791,3.0823646065555352,48,4996.0,0.11577072260789682,48,4996.0,0.38000000000000256
27930.0,44,781.0,8.677777777777777,3.4951755925975942,44,4824.0,0.12954146310097334,44,4824.0,1.7199999999999989
27935.0,44,761.0,8.362637362637363,3.2958155258025092,44,4994.0,0.11598596544143315,44,4994.0,-1.6999999999999957
27940.0,44,815.0,8.858695652173912,3.2388958876205187,44,5194.0,0.10820193129142622,44,5194.0,-2.0
27945.0,47,932.0,10.241758241758241,3.341214557272651,47,5424.0,0.11426844299876433,47,5424.0,-2.3000000000000043
27950.0,51,1100.0,12.087912087912088,3.3562669754511187,51,5670.0,0.10213231542951304,51,5670.0,-2.460000000000001
27955.0,53,971.0,10.329787234042554,3.19657358506076,53,5807.0,0.0976472989534767,53,5807.0,-1.3699999999999974
27960.0,56,1036.0,11.02127659574468,2.9169542757850673,56,5874.0,0.09754839663194229,56,5874.0,-0.6700000000000017
27965.0,58,1242.0,13.35483870967742,2.712844235519603,58,6042.0,0.0928454148920883,58,6042.0,-1.6799999999999997
27970.0,59,1293.0,13.75531914893617,2.7038576087171484,59,6044.0,0.08131292924211377,59,6044.0,-0.01999999999999602
27975.0,55,1225.0,13.172043010752688,3.0745657540697895,55,5816.0,0.09698675639494427,55,5816.0,2.280000000000001
27980.0,51,1217.0,12.946808510638299,3.3945481189880966,51,5655.0,0.12226172217455829,51,5655.0,1.6099999999999994
27985.0,56,1487.0,16.16304347826087,3.2479417567878905,56,5469.0,0.11060961442006062,56,5469.0,1.8599999999999994
27990.0,64,1744.0,18.5531914893617,2.591756444021412,64,5730.0,0.06529838285241045,64,5730.0,-2.6099999999999994
27995.0,69,2076.0,22.322580645161292,2.2883027699537584,69,6066.0,0.045888049233442064,69,6066.0,-3.3599999999999994
28000.0,69,2418.0,26.571428571428573,2.344078670391674,69,6387.0,0.053688313709924516,69,6387.0,-3.210000000000001
28005.0,68,2719.0,28.621052631578948,2.5533270526705643,68,6609.0,0.06367503452399025,68,6609.0,-2.220000000000006
28010.0,67,3008.0,32.0,2.506993754101763,67,6778.0,0.06924505157495518,67,6778.0,-1.6899999999999977
28015.0,71,3350.0,35.26315789473684,2.405392150654568,71,7024.0,0.0531206052910799,71,7024.0,-2.4599999999999937
28020.0,71,3705.0,40.27173913043478,2.326589965636037,71,7364.0,0.05261959895959769,71,7364.0,-3.4000000000000057
28025.0,68,3784.0,41.582417582417584,2.412082145130737,68,7496.0,0.05128852937003677,68,7496.0,-1.3199999999999932
28030.0,63,3659.0,39.77173913043478,2.6083799484854366,63,7395.0,0.06487569587086131,63,7395.0,1.009999999999991
28035.0,58,3509.0,38.98888888888889,2.9445945150137485,58,7274.0,0.08730733822008674,58,7274.0,1.210000000000008
28040.0,55,3338.0,37.08888888888889,2.986302210167616,55,6953.0,0.08082642523079737,55,6953.0,3.2099999999999937
28045.0,51,3152.0,35.81818181818182,3.4098074725040757,51,6641.0,0.10249135411551315,51,6641.0,3.1200000000000045
28050.0,47,2943.0,33.827586206896555,3.898166496957529,46,6330.0,0.13701190801512902,46,6330.0,3.1099999999999994
28055.0,44,2697.0,30.303370786516854,3.7812016927978047,43,6549.0,0.1275825194904529,43,6549.0,-2.1899999999999977
28060.0,43,2460.0,27.954545454545453,4.050686883557337,43,6765.0,0.13500986159172557,43,6765.0,-2.160000000000011
28065.0,43,2215.0,26.058823529411764,3.5475166845406583,43,6961.0,0.1137120403283722,43,6961.0,-1.9599999999999937
28070.0,44,1983.0,24.182926829268293,3.5602131215751465,44,7183.0,0.12422075321977126,44,7183.0,-2.219999999999999
28075.0,42,1692.0,20.88888888888889,3.7499294642997634,41,7194.0,0.13397519119859694,41,7194.0,-0.10999999999999943
28080.0,36,1335.0,16.28048780487805,4.110856994013259,36,6988.0,0.15746190144486846,36,6988.0,2.0600000000000023
28085.0,31,979.0,11.939024390243903,4.649810945369302,31,6765.0,0.18190728566265893,31,6765.0,2.2299999999999898
28090.0,29,725.0,9.177215189873417,4.3643394809341585,29,6356.0,0.1669441533022105,29,6356.0,4.090000000000003
28095.0,30,469.0,6.012820512820513,4.290076958439733,30,6380.0,0.17394553885539318,30,6380.0,-0.23999999999999488
28100.0,33,431.0,5.3875,4.417001939320684,33,6354.0,0.17010220401759538,33,6354.0,0.259999999999998
28105.0,37,511.0,6.083333333333333,4.317883603674545,37,6438.0,0.15759779977993543,37,6438.0,-0.8399999999999963
28110.0,37,560.0,6.829268292682927,4.272039832010055,37,6431.0,0.14242931854315993,37,6431.0,0.06999999999999318
28115.0,37,570.0,7.037037037037037,3.6849772246044816,37,6422.0,0.09956885512114441,37,6422.0,0.09000000000000341
28120.0,35,572.0,6.975609756097561,3.989456848792026,35,6403.0,0.12226437140752976,35,6403.0,0.18999999999999773
28125.0,30,556.0,6.95,4.1772852918678955,30,5980.0,0.14809231157197617,30,5980.0,4.230000000000004
28130.0,27,556.0,6.619047619047619,4.537759664251591,27,5555.0,0.17326030311975985,27,5555.0,4.25
28135.0,26,595.0,7.083333333333333,4.563443243697112,26,5317.0,0.18075382423306702,26,5317.0,2.3799999999999955
28140.0,33,579.0,6.732558139534884,4.186594894484168,31,5272.0,0.14801661825735749,31,5272.0,0.45000000000000284
28145.0,37,661.0,7.686046511627907,4.120497597018244,35,5438.0,0.13994920850974044,35,5438.0,-1.6600000000000037
28150.0,36,742.0,8.833333333333334,4.106283065809679,36,5568.0,0.13605487969314323,36,5568.0,-1.2999999999999972
28155.0,37,792.0,9.428571428571429,3.978948571601749,36,5563.0,0.14214263702712182,36,5563.0,0.04999999999999716
28160.0,33,807.0,9.494117647058824,4.12678157544994,33,5349.0,0.14410515465065052,33,5349.0,2.1400000000000006
28165.0,32,823.0,9.91566265060241,4.130164691557629,32,5133.0,0.1502495044600833,32,5133.0,2.1600000000000037
28170.0,29,878.0,10.707317073170731,4.481030936694846,29,4746.0,0.16781804979528067,29,4746.0,3.8699999999999974
28175.0,28,785.0,9.691358024691358,4.548900752043751,28,4815.0,0.1739491185694279,28,4815.0,-0.6899999999999977
28180.0,33,853.0,10.035294117647059,4.605757705776043,33,4870.0,0.17684472200273693,33,4870.0,-0.5500000000000043
28185.0,37,958.0,11.13953488372093,4.51800019340564,37,5031.0,0.16274056065808634,37,5031.0,-1.6099999999999994
28190.0,42,1044.0,12.428571428571429,3.6314070170782022,42,5041.0,0.10493496239077933,42,5041.0,-0.09999999999999432
28195.0,40,1106.0,13.325301204819278,3.8161475049469322,40,4879.0,0.1127582458487625,40,4879.0,1.6199999999999974
28200.0,38,1153.0,13.726190476190476,4.241444292450195,38,4709.0,0.1449950266991079,38,4709.0,1.6999999999999957
28205.0,33,690.0,7.840909090909091,4.20368718795195,33,4694.0,0.14028534037510432,33,4694.0,0.15000000000000568
28210.0,30,368.0,4.329411764705882,4.13629746852624,30,4550.0,0.14380432112706001,30,4550.0,1.4399999999999977
28215.0,35,446.0,5.247058823529412,4.122282207665131,35,4503.0,0.14598678058822304,35,4503.0,0.46999999999999886
28220.0,41,516.0,6.070588235294117,3.7484481746599156,41,4501.0,0.11412497764071504,41,4501.0,0.020000000000003126
28225.0,41,571.0,6.6395348837209305,3.9072795758936576,41,4330.0,0.11753864274233888,41,4330.0,1.7100000000000009
28230.0,39,623.0,7.329411764705882,3.8658989951371443,39,4159.0,0.13513934828100516,39,4159.0,1.7099999999999937
28235.0,37,598.0,7.035294117647059,3.6479510095018535,37,4304.0,0.12083288078546882,37,4304.0,-1.4499999999999957
28240.0,41,641.0,7.630952380952381,3.2153404698323285,41,4479.0,0.10169396476970217,41,4479.0,-1.75
28245.0,42,704.0,8.380952380952381,3.266845457263465,42,4684.0,0.10317324088472195,42,4684.0,-2.0500000000000043
28250.0,41,543.0,6.464285714285714,3.3184263808917276,41,4764.0,0.10454275327273434,41,4764.0,-0.7999999999999972
28255.0,43,560.0,6.436781609195402,3.5092947070268417,43,4781.0,0.11720866247796881,43,4781.0,-0.1700000000000017
28260.0,48,715.0,8.218390804597702,3.3306933973704504,48,4907.0,0.11025383182085496,48,4907.0,-1.259999999999998
28265.0,52,803.0,9.125,2.9292803927477804,52,4946.0,0.0829394756068969,52,4946.0,-0.39000000000000057
28270.0,48,823.0,9.247191011235955,3.1957008050769415,48,4766.0,0.08207113077430904,48,4766.0,1.8000000000000043
28275.0,45,830.0,9.651162790697674,3.487464980137966,45,4577.0,0.11368891560454476,45,4577.0,1.8899999999999935
28280.0,42,832.0,9.454545454545455,3.7310323488819135,42,4182.0,0.12864890280116173,42,4182.0,3.950000000000003
28285.0,39,864.0,9.931034482758621,4.11017066897195,39,3807.0,0.14817805828755365,39,3807.0,3.75
28290.0,42,890.0,10.229885057471265,3.596634906262631,42,3985.0,0.11137678242253202,42,3985.0,-1.7800000000000011
28295.0,48,966.0,11.232558139534884,3.2934627763106663,48,4214.0,0.11236578209100823,48,4214.0,-2.289999999999999
28300.0,48,1049.0,12.057471264367816,3.5124059445870017,48,4445.0,0.1179663083084157,48,4445.0,-2.3100000000000023
28305.0,50,1144.0,12.853932584269662,3.500641991762412,50,4688.0,0.10429205259548485,50,4688.0,-2.4299999999999997
28310.0,48,1186.0,13.790697674418604,3.4364587090505676,48,4730.0,0.10958772550850865,48,4730.0,-0.4199999999999946
28315.0,46,1172.0,13.788235294117648,3.2391503772310264,46,4555.0,0.09797609970407392,46,4555.0,1.75
28320.0,41,1142.0,13.435294117647059,3.793067814554124,41,4439.0,0.13364266000864317,41,4439.0,1.1599999999999966
28325.0,36,1089.0,12.964285714285714,4.304206332755385,36,4265.0,0.15936408947584582,36,4265.0,1.740000000000002
28330.0,32,733.0,8.623529411764705,4.310444392601294,32,4250.0,0.16411037113238508,32,4250.0,0.14999999999999858
28335.0,32,457.0,5.506024096385542,4.143187995565577,32,4125.0,0.15570825926762694,32,4125.0,1.25
28340.0,40,542.0,6.376470588235295,3.9156415723097098,40,4099.0,0.13393924383522246,40,4099.0,0.259999999999998
28345.0,44,623.0,7.506024096385542,3.4858400409781303,44,4281.0,0.1003470417468941,44,4281.0,-1.8200000000000003
28350.0,47,758.0,9.475,3.341139120631527,47,4507.0,0.10110493942900037,47,4507.0,-2.259999999999998
28355.0,48,900.0,10.714285714285714,3.5042076371699205,48,4742.0,0.11085709279370441,48,4742.0,-2.3500000000000014
28360.0,48,954.0,11.093023255813954,3.5218630757073965,48,4834.0,0.10919651314697358,48,4834.0,-0.9200000000000017
28365.0,45,941.0,10.94186046511628,3.2026357714673757,45,4776.0,0.09063812658956058,45,4776.0,0.5800000000000054
28370.0,43,973.0,11.183908045977011,3.753812207676037,43,4717.0,0.12132871835255325,43,4717.0,0.5899999999999963
28375.0,42,1031.0,12.129411764705882,3.996746281510188,42,4513.0,0.1345140287759867,42,4513.0,2.039999999999999
28380.0,42,1091.0,12.83529411764706,4.018398667737013,42,4327.0,0.1480881512671119,42,4327.0,1.8599999999999994
28385.0,43,820.0,9.647058823529411,3.4609627484114065,43,4537.0,0.11585627471263388,43,4537.0,-2.0999999999999943
28390.0,45,733.0,8.831325301204819,2.9544795091911236,45,4622.0,0.0908981199668588,45,4622.0,-0.8500000000000014
28395.0,44,792.0,9.658536585365853,2.970576115931093,44,4721.0,0.09889012046853773,44,4721.0,-0.990000000000002
28400.0,41,809.0,9.74698795180723,3.497313403125716,41,4790.0,0.12155645229315772,41,4790.0,-0.6899999999999977
28405.0,42,795.0,9.244186046511627,3.681370727933789,42,4718.0,0.1450181729523946,42,4718.0,0.7199999999999989
28410.0,38,770.0,8.850574712643677,4.031672456264495,38,4636.0,0.15171096627296649,38,4636.0,0.8200000000000003
28415.0,38,527.0,6.057471264367816,3.5716163657060855,38,4682.0,0.11812386322563583,38,4682.0,-0.46000000000000085
28420.0,35,371.0,4.364705882352941,3.906194670098325,35,4659.0,0.14018151498350856,35,4659.0,0.22999999999999687
28425.0,36,440.0,5.238095238095238,4.229461415957617,36,4712.0,0.16013551445022947,36,4712.0,-0.529999999999994
28430.0,40,480.0,5.517241379310345,3.8393661519352804,40,4780.0,0.13226309578134807,40,4780.0,-0.6799999999999997
28435.0,43,538.0,6.113636363636363,3.8319438324210866,43,4802.0,0.13018975231439736,43,4802.0,-0.22000000000000597
28440.0,48,695.0,7.808988764044944,3.4966506225892537,48,4940.0,0.10203522564932671,48,4940.0,-1.3799999999999955
28445.0,49,703.0,8.080459770114942,3.3108324226443955,49,5105.0,0.09095038649368303,49,5105.0,-1.6499999999999986
28450.0,49,868.0,10.093023255813954,3.467476016312024,49,5262.0,0.09398634618389477,49,5262.0,-1.5700000000000003
28455.0,52,1054.0,11.977272727272727,3.2436504722252475,52,5503.0,0.09962895979925798,52,5503.0,-2.4100000000000037
28460.0,50,1156.0,13.28735632183908,3.1335633059964123,50,5574.0,0.09121997532058063,50,5574.0,-0.7100000000000009
28465.0,52,1184.0,13.60919540229885,3.0074118235221396,52,5467.0,0.07628379686580067,52,5467.0,1.0700000000000003
28470.0,53,1223.0,14.388235294117647,2.9682605577944705,53,5375.0,0.09125898679635057,53,5375.0,0.9200000000000017
28475.0,52,1258.0,14.459770114942529,3.3957892719683107,52,5122.0,0.10403704422806961,52,5122.0,2.530000000000001
28480.0,47,1136.0,12.483516483516484,3.5120481235174714,47,5284.0,0.1073580510018987,47,5284.0,-1.6200000000000045
28485.0,49,1131.0,12.707865168539326,3.485829074794551,49,5429.0,0.1132459215370698,49,5429.0,-1.4499999999999957
28490.0,51,1155.0,13.275862068965518,3.1438090533381278,51,5658.0,0.09108859431199104,51,5658.0,-2.289999999999999
28495.0,50,1143.0,13.137931034482758,3.372464903324597,50,5733.0,0.08932436455220463,50,5733.0,-0.75
28500.0,45,1078.0,12.833333333333334,3.7041332655428953,45,5604.0,0.10964093539969319,45,5604.0,1.2899999999999991
28505.0,40,988.0,11.623529411764705,3.99072156155702,40,5452.0,0.13809063148023296,40,5452.0,1.519999999999996
28510.0,36,701.0,8.345238095238095,4.0188940019703425,35,5553.0,0.13369181528470842,35,5553.0,-1.009999999999998
28515.0,36,550.0,6.5476190476190474,3.7780530781877273,36,5736.0,0.10357081311806482,36,5736.0,-1.8299999999999983
28520.0,36,440.0,5.301204819277109,4.125844851590276,36,5800.0,0.12736167246953997,36,5800.0,-0.6400000000000006
28525.0,36,365.0,4.5625,4.005827584364455,36,5791.0,0.12708278489912,36,5791.0,0.09000000000000341
28530.0,36,395.0,4.817073170731708,4.085399873899527,36,5598.0,0.1326937104404888,36,5598.0,1.9299999999999997
28535.0,36,425.0,5.379746835443038,3.630535926259918,36,5408.0,0.1308796794016922,36,5408.0,1.8999999999999986
28540.0,37,308.0,3.802469135802469,3.263480524161711,37,5514.0,0.09773778044088889,37,5514.0,-1.0600000000000023
28545.0,36,332.0,4.15,3.5481638476211033,36,5620.0,0.1158335893400344,36,5620.0,-1.0600000000000023
28550.0,38,367.0,4.6455696202531644,3.5856293207724237,38,5800.0,0.1268276543518693,38,5800.0,-1.7999999999999972
28555.0,37,354.0,4.265060240963855,3.6083340605868948,37,5932.0,0.11336994395016231,37,5932.0,-1.3200000000000003
28560.0,40,465.0,5.7407407407407405,3.537371129261846,40,6076.0,0.11703323201284928,40,6076.0,-1.4399999999999977
28565.0,46,607.0,7.493827160493828,3.0300585110793152,46,6292.0,0.09604076182511638,46,6292.0,-2.1600000000000037
28570.0,49,685.0,8.25301204819277,3.00513052772174,49,6322.0,0.0819657430921948,49,6322.0,-0.29999999999999716
28575.0,45,690.0,8.313253012048193,3.3624258327065135,45,6129.0,0.09934586243924808,45,6129.0,1.9299999999999997
28580.0,42,680.0,8.0,3.556423056093089,42,5926.0,0.11995480436711231,42,5926.0,2.030000000000001
28585.0,40,641.0,7.72289156626506,3.618648841313844,40,6110.0,0.12005445410567105,40,6110.0,-1.8400000000000034
28590.0,43,658.0,8.024390243902438,3.288358775501309,43,6316.0,0.1016897653803233,43,6316.0,-2.059999999999995
28595.0,48,738.0,9.11111111111111,3.1070203091070003,48,6545.0,0.09255445467956137,48,6545.0,-2.2900000000000063
28600.0,52,831.0,10.25925925925926,2.8954649546484417,52,6788.0,0.075937660698578,52,6788.0,-2.4299999999999926
28605.0,53,941.0,11.202380952380953,2.865761904847894,53,7050.0,0.08233069021621636,53,7050.0,-2.6200000000000045
28610.0,55,1061.0,12.939024390243903,2.5160065248828065,55,7318.0,0.08036328010025351,55,7318.0,-2.680000000000007
28615.0,55,966.0,12.075,1.9587500153391126,55,7498.0,0.054282406762794264,55,7498.0,-1.7999999999999972
28620.0,54,1056.0,13.2,2.330743379117075,54,7646.0,0.07350538580682367,54,7646.0,-1.4799999999999898
28625.0,54,1176.0,14.7,2.6244886420417535,54,7883.0,0.0879648207826984,54,7883.0,-2.3700000000000045
28630.0,51,1157.0,14.283950617283951,2.535334874962628,51,7897.0,0.08467875352184408,51,7897.0,-0.14000000000000057
28635.0,47,1076.0,13.45,2.8044951331832166,47,7645.0,0.09899531555829372,47,7645.0,2.519999999999996
28640.0,49,1091.0,13.810126582278482,2.579626864996387,49,7396.0,0.08865002390730678,49,7396.0,2.490000000000009
28645.0,50,1115.0,13.9375,2.8633415903664883,50,6932.0,0.0941641560835825,50,6932.0,4.640000000000001
28650.0,46,1125.0,14.0625,3.3928830745853276,46,6510.0,0.12350306889000615,46,6510.0,4.219999999999999
28655.0,43,1120.0,13.333333333333334,3.732546963103842,43,6119.0,0.14389932955235724,43,6119.0,3.9099999999999966
28660.0,39,1100.0,13.25301204819277,3.9576165026622663,39,5927.0,0.15473621044729896,39,5927.0,1.9199999999999946
28665.0,37,1062.0,12.795180722891565,4.038965184963784,37,5531.0,0.14905785895912815,37,5531.0,3.960000000000001
28670.0,33,1006.0,12.120481927710843,4.366089938128174,33,5316.0,0.1644052666732143,33,5316.0,2.1500000000000057
28675.0,27,924.0,11.407407407407407,4.603994299848161,27,5267.0,0.18572332545290723,27,5267.0,0.4899999999999949
28680.0,25,705.0,8.392857142857142,4.675316957959499,25,5335.0,0.1885304756548355,25,5335.0,-0.6799999999999997
28685.0,25,598.0,7.475,4.791726613383465,23,5396.0,0.20744245727612762,23,5396.0,-0.6099999999999994
28690.0,25,489.0,6.189873417721519,4.618127790325118,25,5503.0,0.1946585478736434,25,5503.0,-1.0700000000000003
28695.0,29,461.0,5.987012987012987,4.467912637076039,28,5639.0,0.18638148287233494,28,5639.0,-1.3599999999999994
28700.0,28,534.0,6.846153846153846,4.71668396157766,28,5577.0,0.1890658869601678,28,5577.0,0.6199999999999974
28705.0,29,569.0,6.855421686746988,4.516549002679722,29,5516.0,0.16882181051251066,29,5516.0,0.6100000000000065
28710.0,28,604.0,7.365853658536586,4.397664301807944,28,5259.0,0.1432717577617532,28,5259.0,2.569999999999993
28715.0,31,647.0,8.0875,4.224405268661652,31,5021.0,0.13561528082273375,31,5021.0,2.3800000000000026
28720.0,31,697.0,8.935897435897436,4.536894342863665,31,4633.0,0.14864471287017744,31,4633.0,3.8800000000000026
28725.0,31,745.0,9.430379746835444,4.743777193968919,31,4265.0,0.16639764907067242,31,4265.0,3.6799999999999997
28730.0,28,778.0,9.373493975903614,4.766976940523954,28,4068.0,0.16954116472116107,28,4068.0,1.9699999999999989
28735.0,22,790.0,9.753086419753087,5.05636296370781,22,3680.0,0.1972477998524458,22,3680.0,3.8800000000000026
28740.0,23,796.0,9.95,4.723127787348136,22,3466.0,0.18171015908055213,22,3466.0,2.1400000000000006
28745.0,23,479.0,5.91358024691358,4.785310964010492,22,3566.0,0.1812014218807413,22,3566.0,-1.0
28750.0,24,418.0,5.358974358974359,4.848183543707923,24,3671.0,0.19736095509818571,24,3671.0,-1.0500000000000043
28755.0,25,512.0,6.4,4.812373696527092,24,3645.0,0.1909789262848744,24,3645.0,0.259999999999998
28760.0,22,529.0,6.782051282051282,4.616922163077847,22,3576.0,0.18858961279160252,22,3576.0,0.6900000000000048
28765.0,26,571.0,7.227848101265823,4.473534467614647,26,3353.0,0.16935686279373474,26,3353.0,2.229999999999997
28770.0,31,646.0,8.282051282051283,4.385559379618852,30,3219.0,0.16802541786968206,30,3219.0,1.3400000000000034
28775.0,29,390.0,5.0,4.167529976100212,29,3235.0,0.16125440065131882,29,3235.0,-0.1600000000000037
28780.0,31,351.0,4.280487804878049,4.206738666804127,31,3178.0,0.16112491345854965,31,3178.0,0.5700000000000003
28785.0,38,453.0,5.524390243902439,3.8353201699765505,38,3357.0,0.14402462976804392,38,3357.0,-1.7899999999999991
28790.0,40,503.0,6.209876543209877,3.4473241930124385,40,3415.0,0.10347864575500833,40,3415.0,-0.5799999999999983
28795.0,39,554.0,6.839506172839506,3.8682976920129772,39,3394.0,0.12259068226602086,39,3394.0,0.21000000000000085
28800.0,40,682.0,8.525,4.0466088026794385,40,3474.0,0.13427500807987722,40,3474.0,-0.8000000000000043
28805.0,42,796.0,9.590361445783133,3.7148568727857287,42,3598.0,0.12414888375420757,42,3598.0,-1.2399999999999949
28810.0,44,989.0,11.773809523809524,3.7576726785241625,44,3756.0,0.10708754323544722,44,3756.0,-1.5800000000000054
28815.0,51,1229.0,14.458823529411765,3.4008538091189187,51,3960.0,0.08298967148616365,51,3960.0,-2.039999999999999
28820.0,54,1262.0,14.847058823529412,3.2531270588561276,54,4125.0,0.0715102899871032,54,4125.0,-1.6499999999999986
28825.0,55,1491.0,17.75,3.223287975585817,55,4317.0,0.07697099938225395,55,4317.0,-1.9200000000000017
28830.0,55,1764.0,20.75294117647059,3.145857877167007,55,4502.0,0.08512503884018148,55,4502.0,-1.8500000000000014
28835.0,55,1860.0,22.142857142857142,3.1286745094735795,55,4586.0,0.09334992549981923,55,4586.0,-0.8399999999999963
28840.0,54,1826.0,22.825,2.2679260596995032,54,4666.0,0.06022899531688323,54,4666.0,-0.7999999999999972
28845.0,52,1786.0,22.049382716049383,2.544111648626417,52,4743.0,0.06619310335224392,52,4743.0,-0.7700000000000031
28850.0,49,1728.0,21.333333333333332,2.9179905083770006,49,4612.0,0.09931629714720559,49,4612.0,1.3100000000000023
28855.0,44,1651.0,19.89156626506024,3.210708621250343,44,4469.0,0.13024470692103424,44,4469.0,1.4299999999999997
28860.0,41,1557.0,18.535714285714285,3.4836836228409953,41,4138.0,0.1290658280009519,41,4138.0,3.309999999999995
28865.0,40,1452.0,17.49397590361446,3.247522249272688,39,3822.0,0.1283207454865198,39,3822.0,3.1600000000000037
28870.0,37,1203.0,14.321428571428571,3.4690000173081637,37,3781.0,0.12750147898141256,37,3781.0,0.4099999999999966
28875.0,41,1078.0,12.833333333333334,3.544954575150008,39,3883.0,0.1371503600309486,39,3883.0,-1.019999999999996
28880.0,39,958.0,10.886363636363637,3.7510632536620943,38,4068.0,0.15147120249274051,38,4068.0,-1.8500000000000014
28885.0,37,847.0,9.625,3.826030854959775,37,4084.0,0.1350412611724603,37,4084.0,-0.1600000000000037
28890.0,35,755.0,8.779069767441861,3.9293322621161866,35,3933.0,0.13389938119801914,35,3933.0,1.5100000000000051
28895.0,30,705.0,8.392857142857142,4.5019031414341475,30,3778.0,0.1549586270224892,30,3778.0,1.5499999999999972
28900.0,26,692.0,8.439024390243903,4.932791972409479,26,3507.0,0.1921266761870431,26,3507.0,2.710000000000001
28905.0,26,747.0,8.788235294117648,4.922576820693752,25,3314.0,0.19684729631377393,25,3314.0,1.9299999999999997
28910.0,27,495.0,5.823529411764706,4.747796169091171,27,3442.0,0.18526206390866526,27,3442.0,-1.2800000000000011
28915.0,37,437.0,5.141176470588236,4.122915038626343,36,3600.0,0.14677812524847686,36,3600.0,-1.5799999999999983
28920.0,40,540.0,6.352941176470588,3.850499039846828,40,3658.0,0.12660351231734612,40,3658.0,-0.5799999999999983
28925.0,39,610.0,7.093023255813954,3.878683125724565,39,3853.0,0.12820567640606467,39,3853.0,-1.9500000000000028
28930.0,38,708.0,8.045454545454545,3.8910583388000104,38,3798.0,0.13330225410739377,38,3798.0,0.5500000000000043
28935.0,38,753.0,8.655172413793103,3.8067687954869323,38,3850.0,0.13365614992499567,38,3850.0,-0.5200000000000031
28940.0,38,761.0,8.848837209302326,3.729074652788178,38,3787.0,0.12233810695590523,38,3787.0,0.6300000000000026
28945.0,39,829.0,9.75294117647059,4.055292420737674,39,3735.0,0.14798457366300405,39,3735.0,0.519999999999996
28950.0,38,899.0,10.702380952380953,4.406005956925431,38,3583.0,0.15955120604470038,38,3583.0,1.5200000000000031
28955.0,38,969.0,11.4,4.490893147562454,38,3434.0,0.17057325557250957,38,3434.0,1.4899999999999949
28960.0,41,978.0,11.505882352941176,3.6944672457416097,40,3626.0,0.11759741519048605,40,3626.0,-1.9199999999999946
28965.0,45,1024.0,12.047058823529412,3.3829904851814425,45,3837.0,0.10398482449849426,45,3837.0,-2.1099999999999994
28970.0,44,1108.0,12.883720930232558,3.729480567422402,44,3945.0,0.12106634092445374,44,3945.0,-1.0800000000000054
28975.0,40,1112.0,13.238095238095237,3.8148306890084713,40,4025.0,0.12484991208103363,40,4025.0,-0.7999999999999972
28980.0,40,1126.0,13.093023255813954,3.91790912607028,40,3975.0,0.146394197057255,40,3975.0,0.5
28985.0,37,1126.0,12.795454545454545,3.989684818854869,37,3915.0,0.14646133912326847,37,3915.0,0.6000000000000014
28990.0,36,1161.0,13.344827586206897,4.0445762477870515,36,3747.0,0.1469163842542791,36,3747.0,1.6799999999999997
28995.0,33,798.0,9.172413793103448,4.10871927263107,33,3750.0,0.14996068873544946,33,3750.0,-0.030000000000001137
29000.0,33,592.0,6.883720930232558,4.406034398042595,33,3633.0,0.16859549703957116,33,3633.0,1.1700000000000017
29005.0,39,702.0,7.887640449438202,4.367032009121748,39,3619.0,0.167480215707598,39,3619.0,0.14000000000000057
29010.0,43,551.0,6.333333333333333,3.5140604102515214,43,3705.0,0.11263241816263694,43,3705.0,-0.8599999999999994
29015.0,46,634.0,7.287356321839081,3.3952935225645446,46,3765.0,0.10095548087645627,46,3765.0,-0.6000000000000014
29020.0,48,799.0,9.290697674418604,3.5119568851295977,48,3926.0,0.11737175921404151,48,3926.0,-1.6099999999999994
29025.0,50,972.0,11.045454545454545,3.51110608065644,50,4169.0,0.10495075175585951,50,4169.0,-2.4299999999999997
29030.0,48,1056.0,11.604395604395604,3.5709694168177353,48,4265.0,0.10719239593317946,48,4265.0,-0.9600000000000009
29035.0,46,1106.0,12.021739130434783,3.7648467881430174,46,4202.0,0.11368506538223085,46,4202.0,0.6299999999999955
29040.0,49,1168.0,12.835164835164836,3.573326096505372,49,4146.0,0.10682289997671353,49,4146.0,0.5600000000000023
29045.0,50,1238.0,13.755555555555556,3.6227827744491625,50,3973.0,0.10881305079195254,50,3973.0,1.730000000000004
29050.0,47,1304.0,14.818181818181818,3.8569189931974805,47,3818.0,0.1291046436066749,47,3818.0,1.5499999999999972
29055.0,44,1354.0,14.87912087912088,3.9892324838550617,44,3792.0,0.13736458510413843,44,3792.0,0.259999999999998
29060.0,40,1386.0,15.23076923076923,4.140794911419296,40,3642.0,0.14816815277571516,40,3642.0,1.5
29065.0,44,1392.0,15.818181818181818,3.5406754807942664,43,3824.0,0.1302834763464765,43,3824.0,-1.8200000000000003
29070.0,43,1423.0,16.35632183908046,3.7283742002404967,42,4030.0,0.14649069187927974,42,4030.0,-2.059999999999995
29075.0,44,1464.0,17.223529411764705,3.6992493945678047,44,4252.0,0.1483863867497383,44,4252.0,-2.220000000000006
29080.0,42,1294.0,14.539325842696629,3.920567907023313,42,4334.0,0.13786374889610087,42,4334.0,-0.8200000000000003
29085.0,41,1200.0,13.333333333333334,4.263546814567604,41,4345.0,0.15534778874505645,41,4345.0,-0.10999999999999943
29090.0,42,1293.0,14.52808988764045,4.206491287517182,42,4440.0,0.14499316497387,42,4440.0,-0.9499999999999957
29095.0,43,1102.0,12.813953488372093,4.065337757366377,43,4442.0,0.1364792362109296,43,4442.0,-0.020000000000003126
29100.0,43,819.0,9.635294117647058,4.13784736484381,43,4308.0,0.1370820634629678,43,4308.0,1.3400000000000034
29105.0,47,986.0,10.955555555555556,4.131642056026415,47,4247.0,0.13547605476817884,47,4247.0,0.6099999999999994
29110.0,51,1231.0,13.831460674157304,3.743784714628389,51,4232.0,0.11089149934755933,51,4232.0,0.14999999999999858
29115.0,56,1351.0,15.352272727272727,3.0057715553942725,56,4337.0,0.06294500979790978,56,4337.0,-1.0499999999999972
29120.0,53,1373.0,15.781609195402298,3.245438740306454,53,4288.0,0.07969751630679266,53,4288.0,0.4899999999999949
29125.0,51,1378.0,16.404761904761905,3.4289937719588566,51,4224.0,0.10349467413651274,51,4224.0,0.6400000000000006
29130.0,46,1365.0,15.689655172413794,3.8152040655435697,46,4013.0,0.12147904741266058,46,4013.0,2.1099999999999994
29135.0,43,1335.0,15.170454545454545,4.253079809370877,43,3833.0,0.1421962158530577,43,3833.0,1.8000000000000043
29140.0,42,1293.0,14.52808988764045,4.197235695270048,42,3666.0,0.13631635012525845,42,3666.0,1.6700000000000017
29145.0,39,1109.0,12.74712643678161,3.97448389564568,39,3794.0,0.12480236378803293,39,3794.0,-1.2800000000000011
29150.0,38,1040.0,12.235294117647058,4.143283132923033,38,3905.0,0.15362602024538607,38,3905.0,-1.1099999999999994
29155.0,41,989.0,11.238636363636363,4.274716954800589,41,4095.0,0.15920244400863645,41,4095.0,-1.9000000000000057
29160.0,40,897.0,10.310344827586206,4.180487507163064,40,4157.0,0.13825372736732033,40,4157.0,-0.6199999999999974
29165.0,37,773.0,9.094117647058823,4.202227666525643,37,4076.0,0.13818085371624242,37,4076.0,0.8100000000000023
29170.0,33,681.0,8.204819277108435,4.642644589864996,33,3978.0,0.16989149877981863,33,3978.0,0.9799999999999969
29175.0,28,621.0,7.7625,4.955403017146951,28,3743.0,0.1953069798369925,28,3743.0,2.3500000000000014
29180.0,24,596.0,7.180722891566265,5.279002373170196,24,3505.0,0.22078485187854538,24,3505.0,2.3800000000000026
29185.0,25,647.0,7.795180722891566,5.494333239345055,25,3395.0,0.23759622657682192,25,3395.0,1.0999999999999943
29190.0,28,704.0,8.481927710843374,4.908541738905913,28,3186.0,0.2014722627084939,28,3186.0,2.0900000000000034
29195.0,28,765.0,9.329268292682928,4.766314192200261,27,3095.0,0.19345626941318245,27,3095.0,0.9100000000000001
29200.0,27,829.0,10.109756097560975,4.986430657102423,26,3010.0,0.20651441315967872,26,3010.0,0.8499999999999979
29205.0,21,862.0,10.512195121951219,4.853011056189713,21,2920.0,0.2090236782956782,21,2920.0,0.9000000000000021
29210.0,20,886.0,10.547619047619047,4.897137403909331,18,2906.0,0.22058299474416623,18,2906.0,0.14000000000000057
29215.0,18,927.0,11.444444444444445,4.609293993895016,18,2696.0,0.20640866866236468,18,2696.0,2.099999999999998
29220.0,18,698.0,8.512195121951219,4.888316718364357,18,2651.0,0.21812135953637837,18,2651.0,0.4499999999999993
29225.0,19,678.0,8.168674698795181,5.163392928945967,18,2549.0,0.23549790755366415,18,2549.0,1.0200000000000031
29230.0,25,783.0,8.897727272727273,5.04290298222098,25,2557.0,0.22065953174620503,25,2557.0,-0.08000000000000185
29235.0,28,552.0,6.2727272727272725,4.643380536955223,28,2687.0,0.17132933447732035,28,2687.0,-1.3000000000000007
29240.0,34,456.0,5.3023255813953485,4.177725113519724,34,2688.0,0.1253040899761235,34,2688.0,-0.00999999999999801
29245.0,36,607.0,7.226190476190476,4.264407276797187,36,2719.0,0.12006409638643598,36,2719.0,-0.3100000000000023
29250.0,39,606.0,7.301204819277109,4.346876026454469,39,2819.0,0.12280315082107453,39,2819.0,-1.0
29255.0,46,807.0,9.607142857142858,3.97119620740226,46,2939.0,0.11971402629099695,46,2939.0,-1.1999999999999993
29260.0,49,1048.0,12.626506024096386,3.74612152815208,49,3165.0,0.10958987825781638,49,3165.0,-2.259999999999998
29265.0,49,1162.0,13.833333333333334,3.494717660115224,49,3273.0,0.07673220612794358,49,3273.0,-1.0799999999999983
29270.0,47,1174.0,13.651162790697674,3.8073137639082795,47,3237.0,0.0884654054058033,47,3237.0,0.35999999999999943
29275.0,43,1169.0,13.75294117647059,3.960425070527873,43,3321.0,0.10555403037296068,43,3321.0,-0.8400000000000034
29280.0,39,1057.0,12.435294117647059,3.9856512571742755,39,3366.0,0.1204896082725104,39,3366.0,-0.44999999999999574
29285.0,37,904.0,11.024390243902438,3.581600974834393,37,3421.0,0.10471305236914762,37,3421.0,-0.5500000000000043
29290.0,40,865.0,10.949367088607595,3.058346406889754,40,3502.0,0.08838512739088611,40,3502.0,-0.8100000000000023
29295.0,40,795.0,10.192307692307692,3.1161874427434735,40,3552.0,0.10157783173678636,40,3552.0,-0.5
29300.0,39,698.0,8.948717948717949,3.219885624560915,39,3465.0,0.11481090457073279,39,3465.0,0.8700000000000045
29305.0,35,591.0,7.2073170731707314,3.690367996467628,35,3368.0,0.13294794842805496,35,3368.0,0.9699999999999989
29310.0,32,476.0,5.804878048780488,3.7314193735887806,31,3434.0,0.12946696440800973,31,3434.0,-0.6600000000000037
29315.0,34,432.0,5.4,3.1668976036398524,34,3599.0,0.09939729364904865,34,3599.0,-1.6499999999999986
29320.0,35,495.0,6.111111111111111,3.4626061216644146,35,3627.0,0.11435725791658538,35,3627.0,-0.28000000000000114
29325.0,39,568.0,7.012345679012346,3.2993237068038646,39,3667.0,0.10443186494002038,39,3667.0,-0.3999999999999986
29330.0,39,618.0,7.270588235294118,3.5128429891205326,39,3578.0,0.11509500482346291,39,3578.0,0.8900000000000006
29335.0,39,668.0,7.767441860465116,3.8064034882020477,39,3505.0,0.13416551026269694,39,3505.0,0.730000000000004
29340.0,40,718.0,8.650602409638553,3.298992706101257,40,3318.0,0.12067251029628565,40,3318.0,1.8699999999999974
29345.0,36,760.0,9.156626506024097,3.865283003704533,36,3144.0,0.15084399918447694,36,3144.0,1.7399999999999984
29350.0,33,785.0,9.457831325301205,4.120058329713448,33,3084.0,0.16906370882986632,33,3084.0,0.6000000000000014
29355.0,31,822.0,9.55813953488372,4.35774944262929,31,2911.0,0.18235551487807114,31,2911.0,1.7300000000000004
29360.0,31,883.0,10.511904761904763,4.183330088880184,30,2845.0,0.18611050233815385,30,2845.0,0.6600000000000001
29365.0,31,602.0,7.08235294117647,3.917559040563386,30,2765.0,0.15837174429651027,30,2765.0,0.8000000000000007
29370.0,33,510.0,5.862068965517241,4.292272371415927,32,2698.0,0.17484086128607398,32,2698.0,0.6699999999999982
29375.0,34,591.0,6.715909090909091,4.745071288356573,33,2718.0,0.1902923182890921,33,2718.0,-0.1999999999999993
29380.0,33,635.0,7.055555555555555,4.5561228074709,33,2782.0,0.17030653191368492,33,2782.0,-0.6400000000000006
29385.0,29,647.0,7.269662921348314,4.779848795850081,29,2744.0,0.17410868426353546,29,2744.0,0.379999999999999
29390.0,28,680.0,7.906976744186046,4.924202817394183,28,2700.0,0.18034860242390321,28,2700.0,0.4400000000000013
29395.0,28,512.0,5.953488372093023,4.913932545259711,28,2737.0,0.18418666576887305,28,2737.0,-0.370000000000001
29400.0,32,546.0,6.423529411764706,4.620831238234517,32,2753.0,0.17612770062815708,32,2753.0,-0.16000000000000014
29405.0,36,646.0,7.340909090909091,4.412136768655742,36,2879.0,0.15937099023967596,36,2879.0,-1.259999999999998
29410.0,38,720.0,8.089887640449438,4.1879337037725834,38,2963.0,0.12995054184224836,38,2963.0,-0.8399999999999999
29415.0,39,766.0,8.511111111111111,3.9721256688107007,39,3056.0,0.09218657314887246,39,3056.0,-0.9299999999999997
29420.0,37,802.0,9.01123595505618,4.112845060428393,37,3136.0,0.11293491819401498,37,3136.0,-0.8000000000000007
29425.0,34,522.0,5.931818181818182,4.139605532746564,34,3166.0,0.12038509148135287,34,3166.0,-0.3000000000000007
29430.0,32,347.0,3.898876404494382,4.098359248982323,32,3209.0,0.12932173515003703,32,3209.0,-0.43000000000000327
29435.0,35,429.0,5.047058823529412,3.697672666233674,35,3272.0,0.1124370050183861,35,3272.0,-0.6299999999999955
29440.0,43,501.0,5.964285714285714,3.1402919265509333,43,3351.0,0.07831072657499746,43,3351.0,-0.7899999999999991
29445.0,43,560.0,6.829268292682927,3.2601552037627504,43,3332.0,0.09136550641006727,43,3332.0,0.18999999999999773
29450.0,40,604.0,7.55,3.425664470993874,40,3295.0,0.12532623534703785,40,3295.0,0.36999999999999744
29455.0,36,631.0,7.602409638554217,3.755197092745128,36,3136.0,0.1373396963546599,36,3136.0,1.5900000000000034
29460.0,33,411.0,5.074074074074074,3.5210200815977717,33,3194.0,0.12920581331216532,33,3194.0,-0.5800000000000018
29465.0,33,387.0,4.777777777777778,3.428920180900358,33,3203.0,0.12088129777379335,33,3203.0,-0.08999999999999986
29470.0,39,486.0,5.855421686746988,3.74305170232212,39,3312.0,0.1261246613612217,39,3312.0,-1.0899999999999963
29475.0,41,563.0,6.783132530120482,3.7321110332737826,41,3389.0,0.1131824779866087,41,3389.0,-0.7700000000000031
29480.0,41,613.0,7.127906976744186,3.8327068266326023,41,3353.0,0.12669886051792453,41,3353.0,0.35999999999999943
29485.0,37,651.0,7.569767441860465,4.1187173760046765,37,3311.0,0.1477031226528858,37,3311.0,0.4200000000000017
29490.0,39,526.0,6.116279069767442,3.530688704675342,38,3354.0,0.10820697049619106,38,3354.0,-0.4299999999999997
29495.0,37,413.0,4.8023255813953485,3.694571777617901,37,3543.0,0.10911751047033827,37,3543.0,-1.8900000000000006
29500.0,37,454.0,5.27906976744186,3.999383054462221,37,3508.0,0.13204869212189627,37,3508.0,0.3500000000000014
29505.0,40,513.0,5.896551724137931,3.6947145265519477,40,3574.0,0.12461366456750306,40,3574.0,-0.6600000000000037
29510.0,40,563.0,6.546511627906977,3.69261337371173,40,3529.0,0.12672648832833414,40,3529.0,0.45000000000000284
29515.0,43,619.0,7.2823529411764705,3.2737704306460906,43,3499.0,0.10233070326256961,43,3499.0,0.29999999999999716
29520.0,41,676.0,7.7701149425287355,3.7162624382994465,41,3372.0,0.11552043275330535,41,3372.0,1.2700000000000031
29525.0,36,713.0,8.195402298850574,4.250005404428827,36,3242.0,0.14406114543151513,36,3242.0,1.2999999999999972
29530.0,33,733.0,8.235955056179776,4.515423083364276,33,3098.0,0.16802106530233218,33,3098.0,1.4400000000000013
29535.0,32,766.0,9.011764705882353,4.182973940669059,31,3054.0,0.17425273991863918,31,3054.0,0.4400000000000013
29540.0,31,832.0,9.904761904761905,4.015911595604261,31,2917.0,0.16510744456256063,31,2917.0,1.3699999999999974
29545.0,34,793.0,9.329411764705883,4.203367586936533,33,3078.0,0.16765138726597578,33,3078.0,-1.6099999999999994
29550.0,40,812.0,9.333333333333334,4.2176124093430305,39,3253.0,0.15654702654302602,39,3253.0,-1.75
29555.0,41,932.0,10.590909090909092,4.105486712206569,40,3453.0,0.15374704111373647,40,3453.0,-2.0
29560.0,39,699.0,7.853932584269663,4.260247585736905,39,3513.0,0.15252696334500118,39,3513.0,-0.6000000000000014
29565.0,38,673.0,7.735632183908046,4.235067933720258,38,3482.0,0.14988440401315448,38,3482.0,0.3100000000000023
29570.0,40,832.0,9.674418604651162,4.623281129834456,40,3557.0,0.16500191649381044,40,3557.0,-0.75
29575.0,44,956.0,11.380952380952381,4.346118336886487,44,3649.0,0.14664028522853984,44,3649.0,-0.9200000000000017
29580.0,46,1027.0,11.804597701149426,3.9179308110014763,46,3754.0,0.12449755593053224,46,3754.0,-1.0499999999999972
29585.0,45,1097.0,12.465909090909092,3.5540111189022254,45,3855.0,0.10346566601234225,45,3855.0,-1.009999999999998
29590.0,48,1047.0,12.31764705882353,2.892084526296846,48,3936.0,0.07705184873553257,48,3936.0,-0.8100000000000023
29595.0,47,957.0,11.392857142857142,2.7951314661263527,47,4037.0,0.08283846995661077,47,4037.0,-1.009999999999998
29600.0,49,1034.0,12.16470588235294,2.9033283999852677,49,4155.0,0.09045976096613065,49,4155.0,-1.1799999999999997
29605.0,49,1073.0,12.476744186046512,2.725778929036125,49,4260.0,0.09367894844411088,49,4260.0,-1.0500000000000043
29610.0,47,1080.0,12.413793103448276,2.7088730595943438,47,4237.0,0.09388283838473566,47,4237.0,0.23000000000000398
29615.0,46,1077.0,12.379310344827585,2.743442956254709,46,4205.0,0.09540832420566793,46,4205.0,0.3200000000000003
29620.0,44,1064.0,11.955056179775282,3.2638947807176653,44,4064.0,0.11071352214992623,44,4064.0,1.4099999999999966
29625.0,40,668.0,7.67816091954023,3.1791701614854353,40,4119.0,0.1057343695276156,40,4119.0,-0.5499999999999972
29630.0,37,505.0,5.674157303370786,3.4743930963775567,37,4065.0,0.13152114842077603,37,4065.0,0.5399999999999991
29635.0,40,603.0,6.7,3.688632605971704,40,4107.0,0.13368906630922206,40,4107.0,-0.4200000000000017
29640.0,46,692.0,7.521739130434782,3.4095725897319005,46,4193.0,0.10170530506115724,46,4193.0,-0.8599999999999994
29645.0,46,764.0,8.395604395604396,3.4977481818469105,46,4168.0,0.10342483535842245,46,4168.0,0.25
29650.0,45,837.0,9.197802197802197,3.831260659696476,45,4146.0,0.12347946434118155,45,4146.0,0.21999999999999886
29655.0,41,895.0,9.623655913978494,3.965949870634258,41,3994.0,0.13505418811760936,41,3994.0,1.5200000000000031
29660.0,39,939.0,10.096774193548388,4.420910538360386,39,3850.0,0.16062071868612737,39,3850.0,1.4399999999999977
29665.0,36,969.0,10.648351648351648,4.3107072581463335,36,3707.0,0.15222624311136312,36,3707.0,1.4299999999999997
29670.0,34,1022.0,11.23076923076923,4.6419875336453815,34,3662.0,0.17625314648238186,34,3662.0,0.45000000000000284
29675.0,32,824.0,9.258426966292134,4.662315998727727,32,3595.0,0.17079470272562652,32,3595.0,0.6699999999999946
29680.0,35,796.0,8.844444444444445,4.361178267802455,35,3574.0,0.16984109001949083,35,3574.0,0.21000000000000085
29685.0,36,898.0,9.977777777777778,4.583313465684635,36,3649.0,0.17971520184546683,36,3649.0,-0.75
29690.0,41,757.0,8.50561797752809,4.044080171761881,40,3836.0,0.1416725614695845,40,3836.0,-1.8699999999999974
29695.0,38,527.0,5.921348314606742,4.376592578393669,38,3854.0,0.14396513974939948,38,3854.0,-0.17999999999999972
29700.0,38,639.0,7.261363636363637,4.509172468025573,38,3723.0,0.15245404223454112,38,3723.0,1.3100000000000023
29705.0,39,817.0,9.077777777777778,4.709353903597467,39,3692.0,0.17358845536201173,39,3692.0,0.30999999999999517
29710.0,44,925.0,10.393258426966293,4.362420069363241,44,3765.0,0.1464976468123231,44,3765.0,-0.7299999999999969
29715.0,48,983.0,11.044943820224718,3.8105950167520852,48,3725.0,0.11322482319818555,48,3725.0,0.3999999999999986
29720.0,48,1051.0,11.943181818181818,3.739790730505986,48,3699.0,0.1060945749473384,48,3699.0,0.259999999999998
29725.0,46,1118.0,12.561797752808989,4.130290959372693,46,3555.0,0.1177067269096453,46,3555.0,1.4400000000000048
29730.0,43,904.0,9.826086956521738,4.246696392268104,43,3646.0,0.12125747462977056,43,3646.0,-0.9100000000000037
29735.0,42,816.0,9.272727272727273,3.7340231349964554,42,3662.0,0.11652435959019734,42,3662.0,-0.1599999999999966
29740.0,45,864.0,10.046511627906977,3.6249029203020218,45,3769.0,0.11734777245139591,45,3769.0,-1.0700000000000003
29745.0,46,922.0,10.597701149425287,3.7723492620337926,46,3982.0,0.11381205375368407,46,3982.0,-2.1300000000000026
29750.0,45,923.0,10.858823529411765,3.8645624052631318,45,4073.0,0.11630989657837505,45,4073.0,-0.9099999999999966
29755.0,42,866.0,9.840909090909092,3.835530605429622,42,4014.0,0.11835444099011273,42,4014.0,0.5899999999999963
29760.0,38,806.0,9.0561797752809,4.203039208004684,38,3942.0,0.13848383848438403,38,3942.0,0.7199999999999989
29765.0,39,628.0,7.136363636363637,3.684100730024335,38,3992.0,0.10700535637114114,38,3992.0,-0.5
29770.0,38,521.0,5.988505747126437,3.7398918786941553,38,4185.0,0.1126863411584699,38,4185.0,-1.9299999999999997
29775.0,39,599.0,6.806818181818182,4.138268986180984,39,4166.0,0.1346741991297838,39,4166.0,0.19000000000000483
29780.0,45,668.0,7.590909090909091,3.480980593705588,45,4235.0,0.11186136858310312,45,4235.0,-0.6900000000000048
29785.0,46,718.0,8.348837209302326,3.1468644707362436,46,4171.0,0.10128262701522135,46,4171.0,0.6400000000000006
29790.0,44,764.0,8.883720930232558,3.106177137098254,44,4107.0,0.09809064947079812,44,4107.0,0.6400000000000006
29795.0,41,802.0,9.325581395348838,3.491377498140499,41,3911.0,0.11540195577224972,41,3911.0,1.9600000000000009
29800.0,38,824.0,9.581395348837209,4.064279038859503,38,3732.0,0.1421102947441924,38,3732.0,1.7899999999999991
29805.0,36,830.0,9.222222222222221,4.236929916125161,36,3675.0,0.16041338204505018,36,3675.0,0.5700000000000003
29810.0,32,846.0,9.724137931034482,4.176753755832457,32,3505.0,0.15991025644099258,32,3505.0,1.7000000000000028
29815.0,30,895.0,10.529411764705882,4.149673611518228,30,3448.0,0.16435272158411354,30,3448.0,0.5700000000000003
29820.0,32,978.0,11.505882352941176,4.392823593729557,31,3294.0,0.1785671148321713,31,3294.0,1.5399999999999991
29825.0,32,952.0,10.942528735632184,4.466183149819317,32,3394.0,0.16887792499197485,32,3394.0,-1.0
29830.0,32,1031.0,11.584269662921349,4.532504225181727,32,3501.0,0.18108826624168767,32,3501.0,-1.0700000000000003
29835.0,34,1121.0,12.738636363636363,4.565646558654924,34,3672.0,0.18225095180113754,34,3672.0,-1.7100000000000009
29840.0,34,798.0,9.279069767441861,4.329619134976503,34,3675.0,0.14918036066809268,34,3675.0,-0.030000000000001137
29845.0,30,646.0,7.690476190476191,4.737263079088787,30,3558.0,0.18076159386022078,30,3558.0,1.1700000000000017
29850.0,35,811.0,9.654761904761905,4.697917671772272,35,3614.0,0.18012969216059727,35,3614.0,-0.5600000000000023
29855.0,40,770.0,8.651685393258427,4.467596452126556,40,3656.0,0.14403744688085718,40,3656.0,-0.4200000000000017
29860.0,42,763.0,8.573033707865168,4.257949971359686,42,3625.0,0.13453752155304707,42,3625.0,0.3100000000000023
29865.0,48,990.0,11.25,3.860187221893781,48,3696.0,0.10731138684239634,48,3696.0,-0.7100000000000009
29870.0,53,1114.0,12.51685393258427,3.6595521311723767,53,3810.0,0.08212457524853307,53,3810.0,-1.1400000000000006
29875.0,51,1145.0,13.011363636363637,3.8053809173375828,51,3778.0,0.09234471661717451,51,3778.0,0.3200000000000003
29880.0,46,1158.0,13.159090909090908,3.882596496593409,46,3728.0,0.11662065393110661,46,3728.0,0.5
29885.0,43,1153.0,13.406976744186046,4.029217078931591,43,3531.0,0.126874177720997,43,3531.0,1.9699999999999989
29890.0,41,1134.0,13.5,4.02506331927913,41,3364.0,0.12528755825137458,41,3364.0,1.6700000000000017
29895.0,40,1033.0,12.297619047619047,3.9721508738545515,40,3563.0,0.12177697933847946,40,3563.0,-1.990000000000002
29900.0,39,989.0,12.209876543209877,3.729362560012667,39,3685.0,0.1256885233662357,39,3685.0,-1.2199999999999989
29905.0,40,955.0,11.506024096385541,3.6883961986798703,40,3831.0,0.12574324474458595,40,3831.0,-1.4600000000000009
29910.0,39,881.0,10.364705882352942,3.834379237242212,39,3889.0,0.1296271575458861,39,3889.0,-0.5799999999999983
29915.0,38,778.0,9.152941176470588,3.804126132784704,38,3817.0,0.12707194885423959,38,3817.0,0.7199999999999989
29920.0,35,710.0,8.452380952380953,4.224664838986852,35,3740.0,0.14433238612838392,35,3740.0,0.7700000000000031
29925.0,32,690.0,8.414634146341463,4.57135614499386,32,3535.0,0.16854899084786473,32,3535.0,2.049999999999997
29930.0,30,721.0,8.383720930232558,4.919763981581394,30,3336.0,0.18869761474956429,30,3336.0,1.990000000000002
29935.0,30,714.0,8.4,4.728064640129518,29,3476.0,0.17743195481609322,29,3476.0,-1.3999999999999986
29940.0,36,808.0,9.734939759036145,4.178602528593448,36,3643.0,0.1460914226793435,36,3643.0,-1.6700000000000017
29945.0,41,914.0,10.880952380952381,3.9712598048973935,41,3778.0,0.12750531671757181,41,3778.0,-1.3500000000000014
29950.0,41,989.0,12.060975609756097,3.8619134194809095,41,3855.0,0.12429292085908884,41,3855.0,-0.769999999999996
29955.0,39,1049.0,12.488095238095237,3.8696432640340377,39,3809.0,0.1425678833123691,39,3809.0,0.45999999999999375
29960.0,35,1091.0,12.988095238095237,3.9901654690735646,35,3753.0,0.15173731000361113,35,3753.0,0.5600000000000023
29965.0,36,1131.0,13.305882352941177,4.002791588709482,36,3588.0,0.1455484979350105,36,3588.0,1.6499999999999986
29970.0,32,1209.0,14.566265060240964,4.352357326178888,32,3426.0,0.1730803280721212,32,3426.0,1.6200000000000045
29975.0,33,941.0,11.202380952380953,4.292975301197443,32,3388.0,0.16304588131532735,32,3388.0,0.37999999999999545
29980.0,31,594.0,6.827586206896552,4.4282815901627455,31,3224.0,0.17530547650232994,31,3224.0,1.6400000000000006
29985.0,36,670.0,7.613636363636363,4.296934250330207,36,3148.0,0.16488297466888355,36,3148.0,0.7600000000000016
29990.0,40,748.0,8.69767441860465,3.7967176165112235,40,3216.0,0.12008799042303837,40,3216.0,-0.6799999999999962
29995.0,39,806.0,9.372093023255815,3.8778020873375585,39,3302.0,0.11687513945136539,39,3302.0,-0.8600000000000065
30000.0,36,848.0,9.976470588235294,4.095077948520286,36,3371.0,0.13337692374133936,36,3371.0,-0.6899999999999977
30005.0,34,849.0,9.433333333333334,4.124283745251716,34,3437.0,0.13585634765723872,34,3437.0,-0.6599999999999966
30010.0,35,907.0,10.077777777777778,3.9919191591599144,35,3468.0,0.13619690384722916,35,3468.0,-0.3100000000000023
30015.0,42,1028.0,11.681818181818182,3.7257949170834435,42,3613.0,0.12173334930047368,42,3613.0,-1.4500000000000028
30020.0,45,1127.0,12.954022988505747,3.3358396167541886,45,3705.0,0.0968240697400947,45,3705.0,-0.9199999999999946
30025.0,48,1200.0,13.636363636363637,3.2484300288003407,47,3805.0,0.0947127143536726,47,3805.0,-1.0
30030.0,44,1260.0,14.0,3.1897446521821657,44,3901.0,0.09661215092595608,44,3901.0,-0.9600000000000009
30035.0,40,1303.0,14.477777777777778,3.427185657295279,40,3853.0,0.10439262064890772,40,3853.0,0.4799999999999969
30040.0,40,1336.0,15.534883720930232,3.05773580674454,40,3814.0,0.10593546924435863,40,3814.0,0.39000000000000057
30045.0,36,934.0,10.735632183908047,3.2842546243719166,36,3705.0,0.11198190283149272,36,3705.0,1.0900000000000034
30050.0,34,717.0,8.147727272727273,3.5957413179981668,34,3600.0,0.12206608808339209,34,3600.0,1.0499999999999972
30055.0,39,812.0,8.923076923076923,3.929493447735524,39,3590.0,0.1413046252098656,39,3590.0,0.10000000000000142
30060.0,44,890.0,10.0,3.3696126457983606,44,3672.0,0.09685700199079639,44,3672.0,-0.8200000000000003
30065.0,45,947.0,10.522222222222222,3.253883773364524,45,3642.0,0.08430584377513513,45,3642.0,0.29999999999999716
30070.0,40,995.0,11.179775280898877,3.652130493782609,40,3613.0,0.11531017182677074,40,3613.0,0.28999999999999915
30075.0,38,656.0,7.454545454545454,3.6319913543272566,37,3641.0,0.11495554124120451,37,3641.0,-0.27999999999999403
30080.0,36,364.0,4.0,3.6645725705926697,36,3830.0,0.11739905542903505,36,3830.0,-1.8900000000000006
30085.0,36,438.0,4.813186813186813,3.724575422554975,36,3718.0,0.1112870044888251,36,3718.0,1.1199999999999974
30090.0,43,558.0,6.131868131868132,3.421603368894409,43,3644.0,0.10009085472148596,43,3644.0,0.740000000000002
30095.0,46,646.0,7.177777777777778,3.334366446950217,46,3730.0,0.09052782127848297,46,3730.0,-0.8599999999999994
30100.0,47,706.0,7.758241758241758,3.4962599925465114,47,3702.0,0.10405284099278189,47,3702.0,0.27999999999999403
30105.0,46,765.0,8.406593406593407,3.5828165984881277,46,3679.0,0.11951591391176242,46,3679.0,0.23000000000000398
30110.0,42,660.0,7.333333333333333,3.27097832141763,42,3786.0,0.1000809211239107,42,3786.0,-1.0700000000000003
30115.0,43,627.0,7.044943820224719,3.0816202241250092,43,3850.0,0.09266509984440476,43,3850.0,-0.6400000000000006
30120.0,46,686.0,7.707865168539326,3.309671133555654,46,3999.0,0.10729411054258813,46,3999.0,-1.490000000000002
30125.0,45,748.0,8.597701149425287,3.2673260930398293,45,4090.0,0.10110962050513163,45,4090.0,-0.9099999999999966
30130.0,45,798.0,8.866666666666667,3.3651074794588824,45,4054.0,0.10792812005775969,45,4054.0,0.35999999999999943
30135.0,45,847.0,9.206521739130435,3.686113181889797,45,4025.0,0.12657834527441866,45,4025.0,0.28999999999999915
30140.0,43,886.0,9.526881720430108,3.781297764765191,43,3879.0,0.11632406755787396,43,3879.0,1.4600000000000009
30145.0,41,918.0,9.76595744680851,4.106975070973645,41,3743.0,0.126422484548115,41,3743.0,1.3599999999999994
30150.0,36,610.0,6.777777777777778,4.189431222835593,36,3805.0,0.1360292418421233,36,3805.0,-0.6199999999999974
30155.0,34,491.0,5.51685393258427,4.131186654227648,34,3784.0,0.14941722093778534,34,3784.0,0.20999999999999375
30160.0,34,523.0,6.0813953488372094,4.16378255681121,34,3845.0,0.15782751298246456,34,3845.0,-0.6099999999999994
30165.0,40,595.0,6.9186046511627906,3.7286568287117414,40,3908.0,0.11610885247473914,40,3908.0,-0.6299999999999955
30170.0,40,650.0,7.471264367816092,3.94848213658543,40,3988.0,0.10598841734876793,40,3988.0,-0.8000000000000043
30175.0,37,690.0,8.117647058823529,4.118318665115949,37,4052.0,0.12656891745875315,37,4052.0,-0.6400000000000006
30180.0,35,462.0,5.191011235955056,4.069142577562605,35,4100.0,0.1334741236963946,35,4100.0,-0.4799999999999969
30185.0,34,350.0,4.022988505747127,3.895127821606031,34,4165.0,0.13108219522654138,34,4165.0,-0.6499999999999986
30190.0,36,412.0,4.847058823529411,3.65020981837457,36,4251.0,0.11068670061262642,36,4251.0,-0.8599999999999994
30195.0,42,488.0,5.741176470588235,3.570185240510994,42,4313.0,0.10333757739957566,42,4313.0,-0.6200000000000045
30200.0,43,543.0,6.313953488372093,3.467075491599624,43,4259.0,0.0987125820381136,43,4259.0,0.5399999999999991
30205.0,41,597.0,6.633333333333334,3.7816306285273273,41,4208.0,0.12190040792208591,41,4208.0,0.5100000000000051
30210.0,38,637.0,7.406976744186046,3.6426105667982442,38,4022.0,0.1240319994396027,38,4022.0,1.8599999999999994
30215.0,37,457.0,5.573170731707317,3.0875878162865864,37,4118.0,0.10226271030390542,37,4118.0,-0.9600000000000009
30220.0,38,459.0,5.530120481927711,3.46052075994795,38,4180.0,0.12337326416721296,38,4180.0,-0.6199999999999974
30225.0,39,547.0,6.511904761904762,3.795547787514713,39,4337.0,0.12564346051358224,39,4337.0,-1.5700000000000003
30230.0,40,494.0,5.744186046511628,3.629851644859299,40,4459.0,0.11279836131391872,40,4459.0,-1.220000000000006
30235.0,44,606.0,6.9655172413793105,3.703214151494632,44,4606.0,0.11111094628959801,44,4606.0,-1.4699999999999989
30240.0,51,764.0,8.681818181818182,3.257943974673274,51,4783.0,0.08744865789200548,51,4783.0,-1.769999999999996
30245.0,50,849.0,9.872093023255815,2.9896753591344125,50,4882.0,0.08350952345195631,50,4882.0,-0.990000000000002
30250.0,48,863.0,10.152941176470588,3.149884393204347,48,4977.0,0.09180590052366619,48,4977.0,-0.9500000000000028
30255.0,43,853.0,9.804597701149426,3.469293466921006,43,5048.0,0.11192394177583499,43,5048.0,-0.7099999999999937
30260.0,40,654.0,7.604651162790698,3.5165153813523027,40,5117.0,0.11934876986907303,40,5117.0,-0.6900000000000048
30265.0,44,564.0,6.482758620689655,3.0689593694993835,44,5216.0,0.08678577569172348,44,5216.0,-0.9899999999999949
30270.0,49,643.0,7.654761904761905,2.780996631347565,49,5294.0,0.0821641248292479,49,5294.0,-0.7800000000000011
30275.0,52,700.0,8.235294117647058,2.7611998342765194,52,5516.0,0.08348046180849504,52,5516.0,-2.219999999999999
30280.0,54,810.0,9.529411764705882,2.6423126037374316,54,5773.0,0.08370784322774175,54,5773.0,-2.5700000000000003
30285.0,56,928.0,10.790697674418604,2.6407062573660838,56,6044.0,0.08133274731581679,56,6044.0,-2.710000000000001
30290.0,55,954.0,11.223529411764705,2.1901897297193846,55,6137.0,0.04741771498057228,55,6137.0,-0.9299999999999997
30295.0,53,914.0,10.75294117647059,2.431733678174217,53,6055.0,0.0691509582008992,53,6055.0,0.8200000000000003
30300.0,49,859.0,10.226190476190476,2.8760774237416076,49,5958.0,0.0985781597257759,49,5958.0,0.9699999999999989
30305.0,44,799.0,9.290697674418604,3.206530613081325,44,5667.0,0.11246390266188512,44,5667.0,2.9099999999999966
30310.0,40,788.0,9.380952380952381,3.5715661343961633,40,5371.0,0.13105156651786218,40,5371.0,2.960000000000001
30315.0,42,712.0,8.476190476190476,3.0668692858685347,42,5575.0,0.09602424957241325,42,5575.0,-2.039999999999999
30320.0,49,761.0,8.952941176470588,3.0843087823899844,49,5809.0,0.09562099945794578,49,5809.0,-2.3400000000000034
30325.0,47,811.0,9.430232558139535,3.4593557178397294,47,5953.0,0.11180065667875061,47,5953.0,-1.4399999999999977
30330.0,48,853.0,9.918604651162791,3.44144866589424,48,6013.0,0.1054697364279347,48,6013.0,-0.6000000000000014
30335.0,43,853.0,10.154761904761905,3.4485230700016496,43,5891.0,0.11410084795233079,43,5891.0,1.220000000000006
30340.0,41,836.0,9.952380952380953,3.657449272315029,41,5749.0,0.12150725465490327,41,5749.0,1.4199999999999946
30345.0,36,801.0,9.650602409638553,4.220655139442178,36,5426.0,0.15099716364087948,36,5426.0,3.230000000000004
30350.0,31,741.0,9.148148148148149,4.80076864753758,31,5096.0,0.1828999257169143,31,5096.0,3.299999999999997
30355.0,29,692.0,8.439024390243903,4.938352223451028,28,4760.0,0.2017581349305316,28,4760.0,3.3599999999999994
30360.0,30,476.0,5.804878048780488,4.684146209808959,28,4775.0,0.18089163550312587,28,4775.0,-0.14999999999999858
30365.0,33,469.0,5.719512195121951,4.201964704451449,33,4758.0,0.151219189135727,33,4758.0,0.1700000000000017
30370.0,36,567.0,7.0,4.2630832627532,35,4856.0,0.1588245536414821,35,4856.0,-0.980000000000004
30375.0,38,677.0,8.358024691358025,4.34294253657312,38,5043.0,0.1504761497762449,38,5043.0,-1.8699999999999974
30380.0,35,634.0,7.5476190476190474,4.63438613986166,35,5093.0,0.15461117683260026,35,5093.0,-0.5
30385.0,35,623.0,7.329411764705882,4.799271614966814,35,5072.0,0.15626236515032918,35,5072.0,0.21000000000000085
30390.0,38,784.0,9.333333333333334,4.51657360554428,38,5141.0,0.1441921109125172,38,5141.0,-0.6899999999999977
30395.0,42,886.0,10.804878048780488,4.159131919538169,42,5155.0,0.13057775077025693,42,5155.0,-0.14000000000000057
30400.0,42,926.0,11.156626506024097,4.3170820194723225,42,4993.0,0.13014586843929704,42,4993.0,1.6199999999999974
30405.0,43,966.0,11.364705882352942,4.033115472369105,43,4836.0,0.1327599914635024,43,4836.0,1.5700000000000003
30410.0,41,1005.0,11.686046511627907,4.141039511651033,41,4510.0,0.1295123264557493,41,4510.0,3.259999999999998
30415.0,40,1037.0,12.05813953488372,4.257277857519352,40,4200.0,0.13391638851130075,40,4200.0,3.1000000000000014
30420.0,38,1059.0,12.759036144578314,4.395399573369438,38,3916.0,0.15244573162310468,38,3916.0,2.8400000000000034
30425.0,37,1068.0,13.518987341772151,4.112314940089207,36,3799.0,0.1659435387081941,36,3799.0,1.1699999999999946
30430.0,31,1054.0,12.853658536585366,4.350666028515433,31,3535.0,0.18476415207139843,31,3535.0,2.6400000000000006
30435.0,27,1022.0,12.313253012048193,4.9522763817418065,26,3407.0,0.2176650519097257,26,3407.0,1.2800000000000011
30440.0,25,971.0,11.841463414634147,4.82572674292927,25,3271.0,0.19384371273639955,25,3271.0,1.3599999999999994
30445.0,26,792.0,9.428571428571429,4.928486088263277,26,3388.0,0.19074031771323807,26,3388.0,-1.1700000000000017
30450.0,31,812.0,9.783132530120483,4.869065481832403,27,3517.0,0.1881777666021541,27,3517.0,-1.2899999999999991
30455.0,29,907.0,10.927710843373495,4.759092825383902,29,3663.0,0.185737142474369,29,3663.0,-1.4600000000000009
30460.0,30,622.0,7.404761904761905,4.64377519283678,30,3643.0,0.17832936727207216,30,3643.0,0.20000000000000284
30465.0,32,533.0,6.345238095238095,4.623447511234117,32,3540.0,0.17486263913132052,32,3540.0,1.0300000000000011
30470.0,39,713.0,8.488095238095237,4.656309026753139,39,3544.0,0.1725438041721994,39,3544.0,-0.03999999999999915
30475.0,43,825.0,10.060975609756097,4.073431842146439,43,3590.0,0.12900573834179932,43,3590.0,-0.46000000000000085
30480.0,44,886.0,10.547619047619047,3.7650548739702687,44,3654.0,0.10524571014182643,44,3654.0,-0.6400000000000006
30485.0,44,946.0,11.536585365853659,3.6304584574486376,44,3714.0,0.11239909580027743,44,3714.0,-0.6000000000000014
30490.0,45,1004.0,12.096385542168674,3.369766780776299,45,3461.0,0.09430328386405895,45,3461.0,2.530000000000001
30495.0,41,996.0,12.146341463414634,3.356399382220162,41,3603.0,0.09956016756257695,41,3603.0,-1.4200000000000017
30500.0,41,1033.0,12.44578313253012,3.796140514515764,41,3740.0,0.12072962319513764,41,3740.0,-1.3699999999999974
30505.0,44,1084.0,12.904761904761905,3.7487947088724884,44,3943.0,0.12797764093506775,44,3943.0,-2.030000000000001
30510.0,42,859.0,10.105882352941176,3.3811257142142312,42,4037.0,0.097766899394395,42,4037.0,-0.9399999999999977
30515.0,43,839.0,9.870588235294118,3.2936944503678194,43,4088.0,0.10064159472922224,43,4088.0,-0.5100000000000051
30520.0,44,906.0,10.658823529411764,3.536725199348231,44,4237.0,0.11704702963176494,44,4237.0,-1.4899999999999949
30525.0,44,795.0,9.578313253012048,3.305592571138215,44,4310.0,0.09515818662074427,44,4310.0,-0.730000000000004
30530.0,42,767.0,8.918604651162791,3.41475295046168,42,4281.0,0.11268760394549993,42,4281.0,0.28999999999999915
30535.0,45,981.0,11.275862068965518,3.5530708857022204,45,4350.0,0.12395295623356417,45,4350.0,-0.6899999999999977
30540.0,50,1086.0,12.482758620689655,3.2616015739395374,50,4391.0,0.09809488565298559,50,4391.0,-0.4099999999999966
30545.0,52,1116.0,13.129411764705882,3.00224080503628,52,4265.0,0.0830347446978417,52,4265.0,1.259999999999998
30550.0,52,1150.0,13.529411764705882,3.2638819929373555,52,4158.0,0.09886518933978457,52,4158.0,1.0700000000000003
30555.0,47,1169.0,13.284090909090908,3.5677360096376556,47,3878.0,0.1113729524461434,47,3878.0,2.799999999999997
30560.0,44,1171.0,13.306818181818182,4.092745762327391,44,3608.0,0.1373407851819203,44,3608.0,2.700000000000003
30565.0,43,1159.0,13.476744186046512,3.6597100343698945,43,3388.0,0.12565089185852255,43,3388.0,2.1999999999999957
30570.0,40,1142.0,13.126436781609195,4.059925413804368,40,3358.0,0.142457766176721,40,3358.0,0.30000000000000426
30575.0,38,1110.0,12.613636363636363,4.4629293370719685,38,3211.0,0.16442859331924312,38,3211.0,1.4699999999999989
30580.0,34,943.0,10.595505617977528,4.504006073721507,34,3323.0,0.16972474251047157,34,3323.0,-1.1199999999999974
30585.0,34,885.0,10.411764705882353,4.352949395574266,34,3437.0,0.17688248976258444,34,3437.0,-1.1400000000000006
30590.0,37,837.0,9.847058823529412,4.318085348013132,37,3616.0,0.17057633482265075,37,3616.0,-1.7899999999999991
30595.0,34,745.0,8.869047619047619,4.259832594826129,33,3668.0,0.16471696257422072,33,3668.0,-0.5200000000000031
30600.0,29,638.0,7.975,4.548513884459314,29,3687.0,0.18265151307493457,29,3687.0,-0.18999999999999773
30605.0,25,584.0,7.209876543209877,4.910009491377027,25,3691.0,0.20144932090507822,25,3691.0,-0.03999999999999915
30610.0,26,423.0,5.158536585365853,4.940541140713712,26,3706.0,0.18402597768742374,26,3706.0,-0.15000000000000568
30615.0,31,413.0,5.098765432098766,4.218515212240097,31,3760.0,0.12666547724525345,31,3760.0,-0.5399999999999991
30620.0,36,503.0,6.134146341463414,4.138051855375689,36,3813.0,0.11226475253635929,36,3813.0,-0.5300000000000011
30625.0,41,618.0,7.62962962962963,3.963624460419937,41,3984.0,0.11036702426547519,41,3984.0,-1.7100000000000009
30630.0,43,748.0,9.012048192771084,3.6555894827879545,43,4194.0,0.1005602993059903,43,4194.0,-2.0999999999999943
30635.0,42,801.0,9.535714285714286,3.535046974907632,42,4254.0,0.0937033558704211,42,4254.0,-0.6000000000000014
30640.0,40,793.0,9.670731707317072,3.269967670053714,40,4161.0,0.08258465713597653,40,4161.0,0.9299999999999997
30645.0,37,804.0,9.686746987951807,3.8559796928856573,37,4064.0,0.1198074742714438,37,4064.0,0.9699999999999989
30650.0,36,847.0,10.329268292682928,4.180756717971495,36,3838.0,0.1401689445403925,36,3838.0,2.259999999999998
30655.0,36,891.0,10.734939759036145,4.3105698418601355,36,3634.0,0.15679315054682916,36,3634.0,2.039999999999999
30660.0,35,936.0,11.7,4.431010977942401,35,3445.0,0.17321240918644262,35,3445.0,1.8900000000000006
30665.0,36,980.0,12.098765432098766,3.9568414939898156,36,3383.0,0.1493739352124787,36,3383.0,0.6200000000000045
30670.0,34,645.0,8.0625,3.999063443981676,34,3408.0,0.16238198083845237,34,3408.0,-0.25
30675.0,32,484.0,6.05,4.241810526717649,31,3335.0,0.1834439027466486,31,3335.0,0.7299999999999969
30680.0,32,509.0,6.059523809523809,4.650331457303041,32,3348.0,0.18746064853804034,32,3348.0,-0.12999999999999545
30685.0,34,544.0,6.554216867469879,4.662309152028957,34,3468.0,0.17862895021153188,34,3468.0,-1.2000000000000028
30690.0,35,521.0,6.2023809523809526,4.581049220300883,35,3587.0,0.15129346383864037,35,3587.0,-1.1899999999999977
30695.0,38,635.0,7.650602409638554,4.64731213495536,38,3748.0,0.15249988259811964,38,3748.0,-1.6099999999999994
30700.0,39,801.0,9.650602409638553,4.79964335839239,39,3937.0,0.1620565224408387,39,3937.0,-1.8900000000000006
30705.0,41,897.0,10.310344827586206,4.600765436256111,41,3986.0,0.1383349906476038,41,3986.0,-0.490000000000002
30710.0,42,922.0,10.720930232558139,4.471734584945519,42,3887.0,0.13825650468569864,42,3887.0,0.990000000000002
30715.0,43,950.0,11.176470588235293,3.9077053810072084,43,3796.0,0.10354282327011827,43,3796.0,0.9099999999999966
30720.0,45,987.0,11.75,3.6843699132089127,44,4012.0,0.0987392610580531,44,4012.0,-2.1599999999999966
30725.0,45,1028.0,12.85,3.5943462690155044,45,4234.0,0.10052968719923819,45,4234.0,-2.220000000000006
30730.0,48,1078.0,13.308641975308642,3.4064216387255875,48,4469.0,0.09696762308900861,48,4469.0,-2.3499999999999943
30735.0,45,1084.0,13.721518987341772,3.0247523151639077,45,4535.0,0.09086582217721903,45,4535.0,-0.6600000000000037
30740.0,46,1051.0,13.64935064935065,2.5579570603891355,46,4447.0,0.07881635933363675,46,4447.0,0.8800000000000026
30745.0,41,1008.0,13.090909090909092,3.034709896099858,41,4355.0,0.11287654258776356,41,4355.0,0.9200000000000017
30750.0,36,943.0,12.407894736842104,3.534584941133177,36,4109.0,0.14390985762840414,36,4109.0,2.4599999999999937
30755.0,32,863.0,10.7875,4.095525726652518,32,3859.0,0.1638353607572061,32,3859.0,2.5
30760.0,30,818.0,10.098765432098766,4.229054756616045,30,3735.0,0.1764261123830366,30,3735.0,1.240000000000002
30765.0,28,844.0,10.419753086419753,4.265775716946084,28,3471.0,0.17270252272381773,28,3471.0,2.6400000000000006
30770.0,31,517.0,6.382716049382716,3.9739836190821713,30,3464.0,0.16280884094922668,30,3464.0,0.07000000000000028
30775.0,30,400.0,4.938271604938271,4.279305074291918,30,3370.0,0.17979851592229776,30,3370.0,0.9399999999999977
30780.0,36,481.0,5.658823529411765,4.4408562042630475,35,3393.0,0.1860480534191876,35,3393.0,-0.22999999999999687
30785.0,35,529.0,6.223529411764706,4.075049298668484,34,3405.0,0.15719132759817733,34,3405.0,-0.11999999999999744
30790.0,39,560.0,6.588235294117647,3.759577146508467,39,3584.0,0.12513195339457034,39,3584.0,-1.7900000000000063
30795.0,35,572.0,6.891566265060241,4.132301121425887,35,3625.0,0.1433744028219502,35,3625.0,-0.4099999999999966
30800.0,31,493.0,6.012195121951219,4.340167925978123,31,3720.0,0.15906873662204624,31,3720.0,-0.9500000000000028
30805.0,38,568.0,6.604651162790698,4.105630675851417,38,3898.0,0.14930313329922157,38,3898.0,-1.779999999999994
30810.0,43,665.0,7.64367816091954,3.6709317026406203,43,4062.0,0.12719766574738883,43,4062.0,-1.6400000000000006
30815.0,46,733.0,8.523255813953488,3.1028418513235776,46,4122.0,0.07801508117777058,46,4122.0,-0.6000000000000014
30820.0,46,791.0,9.305882352941177,3.2623165051426017,46,4036.0,0.09544262964838247,46,4036.0,0.8599999999999994
30825.0,42,833.0,9.916666666666666,3.5842925809895867,42,3941.0,0.11568380944934786,42,3941.0,0.9500000000000028
30830.0,42,834.0,9.477272727272727,3.504747220587984,41,4111.0,0.10707947046444717,41,4111.0,-1.7000000000000028
30835.0,41,865.0,10.05813953488372,3.3046712887705363,41,4319.0,0.09933090946595968,41,4319.0,-2.0799999999999983
30840.0,45,960.0,11.566265060240964,2.9428270737274502,45,4517.0,0.07704944646674095,45,4517.0,-1.980000000000004
30845.0,45,1045.0,12.74390243902439,2.8218181559651874,45,4582.0,0.08822997544440674,45,4582.0,-0.6499999999999986
30850.0,43,1094.0,13.180722891566266,3.062924817772759,43,4516.0,0.10141826133917199,43,4516.0,0.6600000000000037
30855.0,42,1154.0,13.576470588235294,3.333786634724185,42,4452.0,0.12558963912788007,42,4452.0,0.6399999999999935
30860.0,40,1211.0,14.081395348837209,3.405565799734721,40,4269.0,0.12319090203130917,40,4269.0,1.8300000000000054
30865.0,40,1263.0,14.517241379310345,3.6509274977165314,40,4089.0,0.1263282117242592,40,4089.0,1.7999999999999972
30870.0,38,1304.0,14.818181818181818,4.041468518272435,38,3908.0,0.14704481499447386,38,3908.0,1.8100000000000023
30875.0,36,1340.0,15.581395348837209,4.1267811269691235,35,3853.0,0.16395252821538173,35,3853.0,0.5499999999999972
30880.0,32,1390.0,16.162790697674417,4.192647256719229,32,3674.0,0.17958109855430274,32,3674.0,1.7899999999999991
30885.0,32,1467.0,16.862068965517242,4.521298791008973,30,3609.0,0.19850059745543344,30,3609.0,0.6499999999999986
30890.0,33,1020.0,11.590909090909092,4.067495058996429,33,3566.0,0.15772431886537874,33,3566.0,0.4300000000000068
30895.0,29,699.0,7.853932584269663,4.544982511582807,29,3390.0,0.18726095006211077,29,3390.0,1.759999999999998
30900.0,32,768.0,8.727272727272727,4.86381688741597,30,3302.0,0.20641878075385928,30,3302.0,0.8799999999999955
30905.0,32,801.0,9.102272727272727,4.638362860653434,32,3340.0,0.17797871634454673,32,3340.0,-0.37999999999999545
30910.0,28,834.0,9.586206896551724,5.066799311479981,28,3257.0,0.1952519752412126,28,3257.0,0.8299999999999983
30915.0,31,905.0,10.284090909090908,5.046025469384477,31,3179.0,0.17960827467558518,31,3179.0,0.7800000000000011
30920.0,33,984.0,11.310344827586206,4.835947507183251,33,3010.0,0.17328127960801662,33,3010.0,1.6899999999999977
30925.0,32,1064.0,12.51764705882353,4.631918308413756,32,2968.0,0.17823525978460847,32,2968.0,0.4200000000000017
30930.0,32,1148.0,12.898876404494382,4.658770952464453,32,2870.0,0.1765886273399922,32,2870.0,0.9800000000000004
30935.0,31,1223.0,13.588888888888889,4.6652547571960215,31,2864.0,0.17072256361362284,31,2864.0,0.05999999999999872
30940.0,32,1192.0,13.393258426966293,4.3294433823506395,32,2892.0,0.1481185643387225,32,2892.0,-0.28000000000000114
30945.0,29,1194.0,13.724137931034482,4.662912979308308,28,2874.0,0.17670167167721743,28,2874.0,0.18000000000000327
30950.0,30,1265.0,14.709302325581396,4.864224689871968,30,2947.0,0.1924470964218268,30,2947.0,-0.7300000000000004
30955.0,30,878.0,9.865168539325843,4.86685634634606,29,2897.0,0.18031032971893907,29,2897.0,0.5
30960.0,32,549.0,6.535714285714286,4.5356712247935675,32,3059.0,0.15342349575132386,32,3059.0,-1.620000000000001
30965.0,37,683.0,8.035294117647059,4.343370774200991,37,2867.0,0.1407716552588481,37,2867.0,1.9199999999999982
30970.0,40,871.0,10.24705882352941,4.327781388784431,40,2688.0,0.1382111984834331,40,2688.0,1.7900000000000027
30975.0,45,981.0,11.678571428571429,3.9719586470094943,45,2788.0,0.11134820564792208,45,2788.0,-1.0
30980.0,47,1037.0,11.919540229885058,3.8178813841486408,47,2908.0,0.1080673333918733,47,2908.0,-1.1999999999999993
30985.0,44,1080.0,12.272727272727273,3.8721563992686754,44,3013.0,0.11017208746976487,44,3013.0,-1.0500000000000007
30990.0,43,813.0,9.453488372093023,3.5512379054942103,43,3099.0,0.09365468066830133,43,3099.0,-0.8599999999999994
30995.0,41,752.0,8.847058823529412,3.6328031215964254,41,3132.0,0.10078980331467396,41,3132.0,-0.33000000000000185
31000.0,42,781.0,9.297619047619047,3.506621073078424,42,3286.0,0.10123526153396216,42,3286.0,-1.5399999999999991
31005.0,44,818.0,9.623529411764705,3.523835362151207,44,3474.0,0.11427114247897492,44,3474.0,-1.8800000000000026
31010.0,43,795.0,9.352941176470589,3.313477125888418,43,3553.0,0.09722030865094115,43,3553.0,-0.7899999999999991
31015.0,41,722.0,8.698795180722891,3.167731161790941,41,3499.0,0.09865519881068886,41,3499.0,0.5399999999999991
31020.0,38,674.0,8.21951219512195,3.5840305603753184,38,3435.0,0.12268942591664225,38,3435.0,0.6400000000000006
31025.0,37,670.0,8.375,3.3727536462746075,36,3611.0,0.11445284799833502,36,3611.0,-1.759999999999998
31030.0,40,738.0,8.785714285714286,3.2868269421768352,40,3803.0,0.10937904701291389,40,3803.0,-1.9200000000000017
31035.0,43,842.0,9.905882352941177,3.405892758368224,43,4008.0,0.10718660229029403,43,4008.0,-2.049999999999997
31040.0,48,925.0,11.011904761904763,2.6692336060338713,48,4100.0,0.06987833448714126,48,4100.0,-0.9200000000000017
31045.0,48,990.0,11.785714285714286,2.9145718598316477,48,4080.0,0.09246396794918321,48,4080.0,0.20000000000000284
31050.0,45,1043.0,12.127906976744185,3.3487731436991934,45,4053.0,0.1182932752740146,45,4053.0,0.269999999999996
31055.0,41,1080.0,12.134831460674157,3.65600653198545,41,3901.0,0.13402960066245004,41,3901.0,1.5200000000000031
31060.0,38,1100.0,12.64367816091954,3.852839313395173,38,3746.0,0.1462324884246582,38,3746.0,1.5499999999999972
31065.0,38,1112.0,12.930232558139535,3.639522761039356,38,3703.0,0.13658670407399862,38,3703.0,0.4299999999999997
31070.0,35,1147.0,13.337209302325581,3.9673626714171806,35,3555.0,0.14705842123111726,35,3555.0,1.480000000000004
31075.0,31,1208.0,14.55421686746988,4.292471779485996,31,3507.0,0.18155360371580131,31,3507.0,0.4799999999999969
31080.0,32,1291.0,15.011627906976743,4.396747370587144,31,3367.0,0.1895147038780072,31,3367.0,1.3999999999999986
31085.0,38,1314.0,14.931818181818182,3.959457201990034,37,3530.0,0.1592073290538805,37,3530.0,-1.6299999999999955
31090.0,40,1417.0,16.102272727272727,3.8222601964775875,38,3713.0,0.15155374332543983,38,3713.0,-1.8300000000000054
31095.0,41,1535.0,17.443181818181817,4.019933715354305,41,3910.0,0.1529563731001501,41,3910.0,-1.9699999999999989
31100.0,38,1615.0,18.563218390804597,4.27161794388396,38,3994.0,0.1637576146721976,38,3994.0,-0.8399999999999963
31105.0,34,1679.0,19.523255813953487,4.427592850325047,34,3957.0,0.17737003882182262,34,3957.0,0.36999999999999744
31110.0,35,1775.0,20.63953488372093,4.472890160500083,35,3928.0,0.17785318559663066,35,3928.0,0.28999999999999915
31115.0,39,1443.0,16.397727272727273,3.755407013432371,39,3942.0,0.12546377693556898,39,3942.0,-0.14000000000000057
31120.0,37,1281.0,14.393258426966293,3.8756904180503664,37,3852.0,0.13695258972879681,37,3852.0,0.8999999999999986
31125.0,42,1406.0,16.160919540229884,3.9499900705418134,42,3872.0,0.1395947488920981,42,3872.0,-0.19999999999999574
31130.0,46,1510.0,16.77777777777778,3.727256103265343,46,3985.0,0.10745569249995522,46,3985.0,-1.1300000000000026
31135.0,44,1581.0,17.566666666666666,3.7026517411601483,44,3996.0,0.10961597338567376,44,3996.0,-0.10999999999999943
31140.0,41,1642.0,18.44943820224719,3.911629435654839,41,4002.0,0.1292510165124623,41,4002.0,-0.060000000000002274
31145.0,38,1688.0,19.402298850574713,3.9824301830136415,38,3894.0,0.13791439377642212,38,3894.0,1.0800000000000054
31150.0,35,1704.0,19.586206896551722,4.020800847614476,35,4001.0,0.14470474243646508,35,4001.0,-1.0700000000000003
31155.0,40,1809.0,19.66304347826087,4.038320665806889,40,4112.0,0.14070522227616586,40,4112.0,-1.1099999999999994
31160.0,44,1944.0,21.130434782608695,3.900037297213719,44,4314.0,0.12769059346271086,44,4314.0,-2.020000000000003
31165.0,50,2110.0,23.444444444444443,3.516180960641731,50,4555.0,0.10034743253298246,50,4555.0,-2.4099999999999966
31170.0,49,1697.0,18.64835164835165,3.6485703006084846,49,4534.0,0.09900421124906736,49,4534.0,0.20999999999999375
31175.0,46,1065.0,12.241379310344827,3.4753601004660633,46,4527.0,0.10549272821069983,46,4527.0,0.07000000000000028
31180.0,43,993.0,11.157303370786517,3.6936529798239026,43,4322.0,0.13338086431720794,43,4322.0,2.0500000000000043
31185.0,44,1185.0,13.314606741573034,3.6320244569369344,44,4054.0,0.13203507198712508,44,4054.0,2.6799999999999997
31190.0,54,1430.0,15.714285714285714,3.227088549510932,54,4299.0,0.10624313777617406,54,4299.0,-2.450000000000003
31195.0,61,1722.0,18.717391304347824,2.9212932870226194,61,4593.0,0.07611365003291837,61,4593.0,-2.9399999999999977
31200.0,65,2040.0,22.666666666666668,2.730891102713652,65,4911.0,0.06362163204831259,65,4911.0,-3.1799999999999997
31205.0,63,2316.0,25.733333333333334,2.6317018033004254,63,5102.0,0.06401956656732115,63,5102.0,-1.9100000000000037
31210.0,62,2579.0,29.306818181818183,2.516319903151128,62,5225.0,0.07533193226779233,62,5225.0,-1.2299999999999969
31215.0,64,2893.0,32.50561797752809,2.4841450334168442,64,5445.0,0.06922711398341957,64,5445.0,-2.200000000000003
31220.0,67,3011.0,33.831460674157306,2.1790890368397213,66,5601.0,0.04776984276054227,66,5601.0,-1.5599999999999952
31225.0,64,2979.0,33.47191011235955,2.3289975958425684,64,5930.0,0.05488004145939563,64,5930.0,-3.289999999999999
31230.0,60,2926.0,31.804347826086957,2.6422701183158925,60,5894.0,0.07758380589737855,60,5894.0,0.35999999999999943
31235.0,57,2856.0,31.384615384615383,2.662392491487845,57,5694.0,0.08362828764566914,57,5694.0,2.0
31240.0,57,2316.0,25.733333333333334,2.1895666384733503,57,5776.0,0.061113056666835155,57,5776.0,-0.8200000000000003
31245.0,54,1833.0,20.366666666666667,2.3345132815167564,54,5880.0,0.06461940814045641,54,5880.0,-1.0399999999999991
31250.0,56,1735.0,19.27777777777778,2.6407022323669387,55,6000.0,0.07866677734531968,55,6000.0,-1.2000000000000028
31255.0,55,1601.0,17.402173913043477,2.7162377719916306,55,6104.0,0.0906224701064988,55,6104.0,-1.0399999999999991
31260.0,52,1435.0,15.597826086956522,2.7558732891364532,52,6032.0,0.07972167795509738,52,6032.0,0.7199999999999989
31265.0,50,1254.0,13.780219780219781,2.9932870501898354,50,5955.0,0.09149233331014485,50,5955.0,0.7700000000000031
31270.0,46,1012.0,11.5,2.9720851053948394,45,6045.0,0.09200946299497616,45,6045.0,-0.9000000000000057
31275.0,43,784.0,9.011494252873563,3.1883611862176595,43,6269.0,0.10093183248336343,43,6269.0,-2.239999999999995
31280.0,41,670.0,7.52808988764045,3.4432555629579547,41,6251.0,0.1210350587241934,41,6251.0,0.17999999999999972
31285.0,43,597.0,6.784090909090909,3.2067494998483195,43,6286.0,0.11029193481652877,43,6286.0,-0.3500000000000014
31290.0,44,655.0,7.443181818181818,3.094433060065759,44,6159.0,0.09758936820460241,44,6159.0,1.269999999999996
31295.0,44,724.0,8.134831460674157,3.5063685424769666,44,6041.0,0.11560555633999675,44,6041.0,1.1800000000000068
31300.0,42,791.0,9.091954022988507,3.625590313781206,42,5757.0,0.12670201297456354,42,5757.0,2.8399999999999963
31305.0,39,843.0,9.47191011235955,3.9864738366818835,39,5470.0,0.14704492961261192,39,5470.0,2.8699999999999974
31310.0,38,880.0,9.67032967032967,4.134744923660121,38,5186.0,0.15574730407263845,38,5186.0,2.8400000000000034
31315.0,39,919.0,10.21111111111111,3.9446463233619284,38,4913.0,0.143152675814971,38,4913.0,2.729999999999997
31320.0,33,977.0,11.229885057471265,4.380803940664079,32,4793.0,0.17170727568225574,32,4793.0,1.2000000000000028
31325.0,34,809.0,9.406976744186046,4.3742601772022285,32,4698.0,0.17274958262095444,32,4698.0,0.9500000000000028
31330.0,36,840.0,9.438202247191011,4.359490786271496,36,4726.0,0.17942771988717926,36,4726.0,-0.28000000000000114
31335.0,36,933.0,10.602272727272727,4.477999802678497,35,4831.0,0.19363014089877123,35,4831.0,-1.0500000000000043
31340.0,37,696.0,7.909090909090909,4.2632274302688336,36,4868.0,0.16421050318222366,36,4868.0,-0.36999999999999744
31345.0,34,632.0,7.264367816091954,4.715746141245118,34,4931.0,0.1743711175366401,34,4931.0,-0.6300000000000026
31350.0,35,766.0,8.804597701149426,5.246140848742861,35,4919.0,0.19182023105037752,35,4919.0,0.12000000000000455
31355.0,40,872.0,9.688888888888888,4.951033520649404,40,4939.0,0.16255315326447453,40,4939.0,-0.20000000000000284
31360.0,42,928.0,10.426966292134832,4.554325763374658,42,4975.0,0.14298660885509407,42,4975.0,-0.35999999999999943
31365.0,43,987.0,11.215909090909092,3.9582935910212216,43,5019.0,0.10037344482633441,43,5019.0,-0.4399999999999977
31370.0,45,803.0,9.229885057471265,3.717399865693805,45,5080.0,0.09472526372356294,45,5080.0,-0.6099999999999994
31375.0,41,598.0,6.953488372093023,3.755557707355169,41,5163.0,0.09907273855192746,41,5163.0,-0.8300000000000054
31380.0,43,660.0,7.586206896551724,3.7460917744423803,43,5159.0,0.11505785640999945,43,5159.0,0.03999999999999915
31385.0,44,680.0,7.906976744186046,3.309846096318461,44,5200.0,0.09997455975415583,44,5200.0,-0.4099999999999966
31390.0,46,674.0,8.023809523809524,2.8425053892316217,46,5080.0,0.07903976412243666,46,5080.0,1.2000000000000028
31395.0,41,656.0,8.0,3.26044781719904,41,4954.0,0.10647171767387979,41,4954.0,1.259999999999998
31400.0,37,620.0,7.560975609756097,3.6797381255918635,37,4657.0,0.12537393683737375,37,4657.0,2.969999999999999
31405.0,34,609.0,7.25,4.014749187255739,34,4348.0,0.1492142578276303,34,4348.0,3.0900000000000034
31410.0,32,574.0,6.752941176470588,3.7142864284374246,32,4506.0,0.1311472035946306,32,4506.0,-1.5800000000000054
31415.0,36,599.0,6.965116279069767,3.3935554106856842,36,4568.0,0.11139649971997251,36,4568.0,-0.6199999999999974
31420.0,39,695.0,8.081395348837209,3.545355417447688,39,4664.0,0.11797317673192712,39,4664.0,-0.9600000000000009
31425.0,41,772.0,8.976744186046512,3.7342599385556685,41,4693.0,0.1240284825685271,41,4693.0,-0.28999999999999915
31430.0,42,829.0,9.314606741573034,3.928256851305516,42,4565.0,0.14252356342782127,42,4565.0,1.2800000000000011
31435.0,37,872.0,9.688888888888888,4.193515919939974,37,4430.0,0.14606300448355547,37,4430.0,1.3500000000000014
31440.0,37,907.0,10.077777777777778,4.231289745010041,37,4134.0,0.14474185326643682,37,4134.0,2.9599999999999937
31445.0,35,951.0,10.566666666666666,4.671955386603793,35,3851.0,0.17248595987803247,35,3851.0,2.8300000000000054
31450.0,33,1023.0,12.035294117647059,4.840092942012186,32,3576.0,0.19570983472649497,32,3576.0,2.75
31455.0,35,1113.0,13.25,4.570289503380391,33,3455.0,0.1916439564898022,33,3455.0,1.2100000000000009
31460.0,35,879.0,10.220930232558139,4.03156968834173,35,3461.0,0.1588391309943439,35,3461.0,-0.060000000000002274
31465.0,36,726.0,8.344827586206897,3.924961117662271,35,3387.0,0.14764729459834577,35,3387.0,0.740000000000002
31470.0,38,835.0,9.709302325581396,4.2458490715206,37,3401.0,0.169601954057672,37,3401.0,-0.14000000000000057
31475.0,37,612.0,7.0344827586206895,4.363951120023055,37,3437.0,0.1622073909034995,37,3437.0,-0.35999999999999943
31480.0,37,611.0,6.865168539325842,4.537408246082456,37,3416.0,0.1686265540666802,37,3416.0,0.21000000000000085
31485.0,38,779.0,8.752808988764045,4.668824340291569,38,3492.0,0.16441369754863433,38,3492.0,-0.7600000000000051
31490.0,43,799.0,8.97752808988764,4.411019348497895,43,3578.0,0.13601024069122805,43,3578.0,-0.8599999999999994
31495.0,45,863.0,9.806818181818182,4.262821170653677,45,3607.0,0.13069872131875312,45,3607.0,-0.28999999999999915
31500.0,51,1103.0,12.534090909090908,4.0416479499312965,51,3726.0,0.12396012812641018,51,3726.0,-1.1899999999999977
31505.0,54,1229.0,13.655555555555555,3.4870453643186314,54,3808.0,0.09004037293286314,54,3808.0,-0.8200000000000003
31510.0,50,1258.0,13.977777777777778,3.4722708993094007,50,3711.0,0.08845100626174167,50,3711.0,0.9699999999999989
31515.0,50,1278.0,14.522727272727273,3.335521212298447,50,3607.0,0.09577158809510186,50,3607.0,1.0399999999999991
31520.0,47,1151.0,12.78888888888889,3.4182236693715513,47,3749.0,0.08978913018555379,47,3749.0,-1.4200000000000017
31525.0,46,1107.0,12.579545454545455,3.558643559705867,46,3860.0,0.10692539034332922,46,3860.0,-1.1099999999999994
31530.0,47,1110.0,12.613636363636363,3.3904623205705247,47,4049.0,0.11098507665777907,47,4049.0,-1.8900000000000006
31535.0,46,1071.0,12.170454545454545,3.4461235039135714,46,4095.0,0.10848029697236512,46,4095.0,-0.46000000000000085
31540.0,45,988.0,11.35632183908046,3.008081612024459,45,4172.0,0.06832940360147315,45,4172.0,-0.769999999999996
31545.0,43,900.0,10.588235294117647,3.1948458566942923,43,4244.0,0.09281618163256805,43,4244.0,-0.7199999999999989
31550.0,40,794.0,9.126436781609195,3.6938614207517424,40,4013.0,0.11683648012472762,40,4013.0,2.309999999999995
31555.0,36,523.0,5.747252747252747,3.789666078427274,36,4119.0,0.12486284066306363,36,4119.0,-1.0599999999999952
31560.0,37,454.0,4.934782608695652,3.9683724643257428,37,4200.0,0.1266511193883815,37,4200.0,-0.8100000000000023
31565.0,40,474.0,5.386363636363637,3.6514058364865947,40,4374.0,0.10753454071970298,40,4374.0,-1.740000000000002
31570.0,38,507.0,6.182926829268292,3.4077259457025324,38,4411.0,0.10161816708493894,38,4411.0,-0.36999999999999744
31575.0,38,542.0,6.609756097560975,3.696626099925024,38,4305.0,0.11327788839365396,38,4305.0,1.0600000000000023
31580.0,38,576.0,6.776470588235294,3.8159999187166056,38,4200.0,0.13089802351114727,38,4200.0,1.0499999999999972
31585.0,37,602.0,7.166666666666667,3.5888258686945855,37,4381.0,0.11791350812012913,37,4381.0,-1.8100000000000023
31590.0,41,642.0,7.642857142857143,3.181534232359929,41,4576.0,0.09156027026401553,41,4576.0,-1.9499999999999957
31595.0,42,699.0,8.421686746987952,3.2703424081124592,42,4786.0,0.09153229263653119,42,4786.0,-2.1000000000000014
31600.0,43,793.0,9.55421686746988,3.4740546918225457,43,4997.0,0.1014146210980038,43,4997.0,-2.1099999999999994
31605.0,44,876.0,10.068965517241379,3.4671103309153417,44,5055.0,0.1031250310070662,44,5055.0,-0.5799999999999983
31610.0,44,921.0,10.586206896551724,3.3695008250738394,44,4967.0,0.10683700765275585,44,4967.0,0.8799999999999955
31615.0,46,973.0,11.72289156626506,2.9516167187591043,46,4893.0,0.10123844282299549,46,4893.0,0.740000000000002
31620.0,43,682.0,8.419753086419753,2.758458562161813,42,4967.0,0.0954125813449295,42,4967.0,-0.740000000000002
31625.0,41,526.0,6.575,2.8797816213776626,41,5181.0,0.10394240111346305,41,5181.0,-2.1400000000000006
31630.0,42,553.0,6.583333333333333,3.1705807935408563,42,5151.0,0.11912074842256985,42,5151.0,0.30000000000000426
31635.0,46,628.0,7.658536585365853,2.749817034587134,46,5350.0,0.10379086662146965,46,5350.0,-1.990000000000002
31640.0,53,779.0,9.617283950617283,2.208911293743727,53,5604.0,0.07432118886658978,53,5604.0,-2.539999999999999
31645.0,58,958.0,11.542168674698795,2.2433921624813267,58,5881.0,0.06831212124984232,58,5881.0,-2.770000000000003
31650.0,56,1052.0,12.523809523809524,2.3901898326782356,56,5989.0,0.07584542560451477,56,5989.0,-1.0799999999999983
31655.0,53,1072.0,12.181818181818182,2.6660461416001437,53,5918.0,0.08948543324701692,53,5918.0,0.7100000000000009
31660.0,49,1077.0,12.379310344827585,2.9084968443815957,49,5840.0,0.10676578132428,49,5840.0,0.7800000000000011
31665.0,46,1066.0,12.25287356321839,3.235481948353623,46,5597.0,0.11489593999044528,46,5597.0,2.4299999999999997
31670.0,43,1078.0,12.833333333333334,3.517593180100395,43,5344.0,0.1293865449536038,43,5344.0,2.530000000000001
31675.0,43,1143.0,13.607142857142858,3.872925584231272,43,5098.0,0.14576258565363778,43,5098.0,2.460000000000001
31680.0,44,1209.0,13.89655172413793,3.67577432698863,44,5018.0,0.14690019436353732,44,5018.0,0.7999999999999972
31685.0,40,1258.0,14.459770114942529,3.6010441348737303,40,4926.0,0.14048824298020987,40,4926.0,0.9200000000000017
31690.0,41,1305.0,14.829545454545455,3.797488438310553,40,4839.0,0.1460264382104884,40,4839.0,0.8699999999999974
31695.0,37,1340.0,15.402298850574713,4.071736558785751,35,4623.0,0.15625053091335203,35,4623.0,2.1600000000000037
31700.0,32,1150.0,13.372093023255815,4.5028135933275495,31,4781.0,0.18190615285683753,31,4781.0,-1.5800000000000054
31705.0,33,968.0,10.876404494382022,4.545058839582434,33,4934.0,0.17912109861148384,33,4934.0,-1.5300000000000011
31710.0,33,980.0,11.136363636363637,4.439242561934375,32,5095.0,0.17393526697684827,32,5095.0,-1.6099999999999994
31715.0,33,596.0,7.011764705882353,4.198846722646566,33,5087.0,0.1577103857235704,33,5087.0,0.0800000000000054
31720.0,33,485.0,5.773809523809524,4.447460991189869,33,4984.0,0.17857924908533915,33,4984.0,1.029999999999994
31725.0,39,665.0,7.823529411764706,4.471767592173233,39,4969.0,0.16984331797265256,39,4969.0,0.15000000000000568
31730.0,43,783.0,8.797752808988765,3.92510885438652,43,5015.0,0.12763831794867275,43,5015.0,-0.46000000000000085
31735.0,44,854.0,9.595505617977528,3.6490598778240604,44,5079.0,0.09896524355139492,44,5079.0,-0.6400000000000006
31740.0,47,933.0,10.724137931034482,3.3147177850750915,47,5149.0,0.08440346786128192,47,5149.0,-0.7000000000000028
31745.0,48,889.0,10.337209302325581,3.1388457455799794,48,5194.0,0.08183691131104472,48,5194.0,-0.44999999999999574
31750.0,45,755.0,8.67816091954023,3.3318304660364175,45,5256.0,0.0952202685894523,45,5256.0,-0.6200000000000045
31755.0,45,808.0,9.07865168539326,3.430499697521699,45,5329.0,0.10108163848915439,45,5329.0,-0.7299999999999969
31760.0,46,883.0,10.149425287356323,3.2110960570115887,46,5321.0,0.10372525926494224,46,5321.0,0.0799999999999983
31765.0,51,915.0,10.397727272727273,2.6282842696424074,51,5388.0,0.0651036980955642,51,5388.0,-0.6700000000000017
31770.0,48,905.0,10.523255813953488,2.785050970976861,48,5280.0,0.0879285240442323,48,5280.0,1.0800000000000054
31775.0,44,882.0,10.5,3.1175670837859197,44,5160.0,0.1188712492165006,44,5160.0,1.1999999999999957
31780.0,41,891.0,10.36046511627907,3.4044566239533123,41,4869.0,0.13150129906563449,41,4869.0,2.9100000000000037
31785.0,39,662.0,7.609195402298851,3.286500472569754,39,4948.0,0.11702744902362665,39,4948.0,-0.7899999999999991
31790.0,41,673.0,7.6477272727272725,3.262980865304072,41,4980.0,0.11005514976317989,41,4980.0,-0.3200000000000003
31795.0,46,788.0,9.057471264367816,3.4509246491507333,46,5123.0,0.12434166336895497,46,5123.0,-1.4299999999999997
31800.0,49,715.0,8.125,3.4546701959943267,49,5240.0,0.10241861566114652,49,5240.0,-1.1700000000000017
31805.0,49,733.0,7.881720430107527,3.517357453664121,49,5378.0,0.1043573936796497,49,5378.0,-1.3800000000000026
31810.0,49,871.0,9.26595744680851,3.677256341058291,49,5480.0,0.11257410105733556,49,5480.0,-1.019999999999996
31815.0,53,933.0,10.03225806451613,3.039432169924045,53,5545.0,0.07965334341712903,53,5545.0,-0.6500000000000057
31820.0,51,935.0,10.38888888888889,2.880979281332073,51,5616.0,0.08575745440073992,51,5616.0,-0.7099999999999937
31825.0,47,936.0,10.51685393258427,3.203730027454739,47,5670.0,0.10194165085369464,47,5670.0,-0.5400000000000063
31830.0,44,769.0,8.45054945054945,3.269283383035182,44,5742.0,0.115425514502048,44,5742.0,-0.7199999999999989
31835.0,46,638.0,7.010989010989011,3.02769630970463,46,5837.0,0.10522320533615996,46,5837.0,-0.9499999999999957
31840.0,51,724.0,8.044444444444444,2.7741171612316786,51,5891.0,0.08426013387582248,51,5891.0,-0.5399999999999991
31845.0,54,786.0,8.733333333333333,2.554197399409049,54,5954.0,0.07451555300500658,54,5954.0,-0.6300000000000026
31850.0,52,816.0,8.967032967032967,2.8906673682947543,52,5823.0,0.08131836429282302,52,5823.0,1.3100000000000023
31855.0,48,829.0,9.01086956521739,3.1904400365322583,48,5681.0,0.10032114668108409,48,5681.0,1.4199999999999946
31860.0,45,825.0,9.269662921348315,3.181697621510097,45,5346.0,0.11103467179706589,45,5346.0,3.3500000000000014
31865.0,45,811.0,9.112359550561798,3.2519622824575407,45,5027.0,0.11014772595894166,45,5027.0,3.1899999999999977
31870.0,40,786.0,8.831460674157304,3.856846769781587,40,4719.0,0.1387756687772206,40,4719.0,3.0800000000000054
31875.0,37,668.0,7.590909090909091,3.8407440386873826,37,4908.0,0.1367041630090217,37,4908.0,-1.8900000000000006
31880.0,39,657.0,7.382022471910112,3.776929798105497,39,5093.0,0.13474667706065976,39,5093.0,-1.8500000000000014
31885.0,42,775.0,8.707865168539326,3.761403979688377,42,5295.0,0.12869190551047946,42,5295.0,-2.020000000000003
31890.0,47,694.0,7.886363636363637,3.3848429262318636,47,5405.0,0.1008264783938865,47,5405.0,-1.0999999999999943
31895.0,47,765.0,8.595505617977528,3.7679522845063094,47,5472.0,0.11847415170144651,47,5472.0,-0.6700000000000017
31900.0,47,920.0,10.574712643678161,3.9498258167079965,47,5626.0,0.13973019562356956,47,5626.0,-1.5399999999999991
31905.0,45,985.0,11.193181818181818,3.840125220821093,45,5664.0,0.13984162742651055,45,5664.0,-0.38000000000000256
31910.0,42,990.0,11.647058823529411,3.674820111237393,42,5691.0,0.12907701616166375,42,5691.0,-0.269999999999996
31915.0,45,1058.0,12.595238095238095,3.2892839089026684,45,5720.0,0.11531300544050588,45,5720.0,-0.29000000000000625
31920.0,46,1133.0,13.174418604651162,3.430084554970162,46,5396.0,0.12084478881529168,46,5396.0,3.240000000000002
31925.0,45,1208.0,14.046511627906977,3.4676207018136167,45,5270.0,0.12690774910519947,45,5270.0,1.259999999999998
31930.0,44,943.0,10.839080459770114,3.284722496973313,44,5184.0,0.11063863295832271,44,5184.0,0.8599999999999994
31935.0,40,858.0,9.75,3.4217969277085842,40,5185.0,0.12389656967322883,40,5185.0,-0.00999999999999801
31940.0,44,914.0,10.386363636363637,3.3260275301495814,44,5281.0,0.11606424165524729,44,5281.0,-0.9600000000000009
31945.0,43,775.0,8.908045977011493,3.275852953901726,43,5325.0,0.09284016580342191,43,5325.0,-0.4399999999999977
31950.0,40,585.0,6.6477272727272725,3.8094120793750035,40,5271.0,0.1183743198466284,40,5271.0,0.5399999999999991
31955.0,42,640.0,7.111111111111111,3.9051053789257533,42,5292.0,0.13911608860073182,42,5292.0,-0.21000000000000085
31960.0,44,649.0,7.211111111111111,3.371306111875299,44,5305.0,0.11118242322989572,44,5305.0,-0.12999999999999545
31965.0,42,657.0,7.21978021978022,3.426430884167038,42,5134.0,0.1088694001627224,42,5134.0,1.7099999999999937
31970.0,41,702.0,7.887640449438202,3.7287441072755625,41,4975.0,0.12540364949630645,41,4975.0,1.5900000000000034
31975.0,40,756.0,8.49438202247191,4.0850085538223935,40,4661.0,0.1412562890020087,40,4661.0,3.1400000000000006
31980.0,40,811.0,8.912087912087912,4.2911288572713255,40,4394.0,0.15925363160438952,40,4394.0,2.6700000000000017
31985.0,41,668.0,7.182795698924731,3.9758736797624596,41,4509.0,0.1279465103862186,41,4509.0,-1.1500000000000057
31990.0,43,702.0,7.714285714285714,3.8467310784207296,43,4600.0,0.12868228581297564,43,4600.0,-0.9099999999999966
31995.0,44,774.0,8.696629213483146,3.9358055840184836,44,4790.0,0.12566361265316636,44,4790.0,-1.8999999999999986
32000.0,44,808.0,8.977777777777778,4.133174621580667,43,4844.0,0.12181584141787133,43,4844.0,-0.5399999999999991
32005.0,42,799.0,8.877777777777778,3.9657001988450045,42,5061.0,0.11863318797480386,42,5061.0,-2.1700000000000017
32010.0,39,772.0,8.674157303370787,4.0453879549954275,39,4928.0,0.13540520559574995,39,4928.0,1.3299999999999983
32015.0,38,572.0,6.574712643678161,3.599863608449982,38,5003.0,0.10895079054686388,38,5003.0,-0.75
32020.0,35,464.0,5.458823529411765,3.822922600172344,35,5092.0,0.12551373773183014,35,5092.0,-0.8900000000000006
32025.0,36,497.0,6.060975609756097,3.910787144025138,36,5146.0,0.13936601590684175,36,5146.0,-0.5399999999999991
32030.0,40,563.0,6.623529411764705,3.6614266782355123,40,5165.0,0.12937082312287382,40,5165.0,-0.18999999999999773
32035.0,41,603.0,7.178571428571429,3.342146293599702,41,5023.0,0.11965552971416647,41,5023.0,1.4200000000000017
32040.0,42,647.0,7.6117647058823525,3.246339166338762,42,4890.0,0.10092540613837794,42,4890.0,1.3299999999999983
32045.0,40,655.0,7.616279069767442,3.4270704742823277,40,5063.0,0.09942229643006367,40,5063.0,-1.730000000000004
32050.0,41,697.0,8.397590361445783,3.4035936846681154,41,5262.0,0.11212385029916075,41,5262.0,-1.9899999999999949
32055.0,44,753.0,8.755813953488373,3.2331662188170998,44,5470.0,0.10865535937249492,44,5470.0,-2.0800000000000054
32060.0,42,815.0,9.476744186046512,3.179576196866139,42,5504.0,0.0960409304910531,42,5504.0,-0.3399999999999963
32065.0,42,862.0,9.908045977011493,3.0897016277868246,42,5365.0,0.08318545278732417,42,5365.0,1.3900000000000006
32070.0,43,922.0,10.847058823529412,3.3104794889672116,43,5230.0,0.10622000266911986,43,5230.0,1.3500000000000014
32075.0,45,977.0,11.36046511627907,3.215841484799429,45,5440.0,0.09983349866849384,45,5440.0,-2.1000000000000014
32080.0,46,1050.0,12.068965517241379,3.1046408679606277,46,5670.0,0.10378505944758855,46,5670.0,-2.3000000000000043
32085.0,48,1134.0,13.186046511627907,2.989755112742559,48,5907.0,0.09928414020510704,48,5907.0,-2.3699999999999974
32090.0,50,1224.0,14.4,2.653446681955125,50,6152.0,0.07977263389567514,50,6152.0,-2.450000000000003
32095.0,48,1281.0,15.25,2.764939957331824,48,6203.0,0.08391889114339389,48,6203.0,-0.509999999999998
32100.0,48,1346.0,16.414634146341463,2.7266270688671463,48,6062.0,0.10038604909807189,48,6062.0,1.4100000000000037
32105.0,48,1410.0,16.3953488372093,2.921161672031177,48,5923.0,0.11697072993267311,48,5923.0,1.3900000000000006
32110.0,47,1466.0,16.850574712643677,2.8895976422309233,47,6154.0,0.10583297010922638,47,6154.0,-2.3100000000000023
32115.0,51,1536.0,17.86046511627907,2.4688227550064274,51,6399.0,0.08371182522169769,51,6399.0,-2.450000000000003
32120.0,52,1623.0,18.872093023255815,2.593795889332254,52,6659.0,0.08390464102078238,52,6659.0,-2.6000000000000014
32125.0,50,1466.0,17.046511627906977,2.7974456258616356,50,6794.0,0.08958688634089598,50,6794.0,-1.3499999999999943
32130.0,52,1506.0,17.113636363636363,2.762205294005718,52,6865.0,0.10030770739630698,52,6865.0,-0.710000000000008
32135.0,57,1680.0,19.09090909090909,2.4877024915688213,57,7039.0,0.0924176718468588,57,7039.0,-1.7399999999999949
32140.0,60,1873.0,21.28409090909091,2.1058906143189096,60,7332.0,0.06869790605826959,60,7332.0,-2.9299999999999926
32145.0,63,2083.0,23.40449438202247,2.2502393530074003,63,7642.0,0.060093125285390986,63,7642.0,-3.1000000000000085
32150.0,64,2303.0,26.170454545454547,2.3468020245474084,64,7962.0,0.05920022735376977,64,7962.0,-3.200000000000003
32155.0,61,2384.0,26.786516853932586,2.2867318664872758,61,8046.0,0.0690023229928337,61,8046.0,-0.8399999999999892
32160.0,57,2393.0,27.193181818181817,2.3715326549102134,57,7884.0,0.08432238810100581,57,7884.0,1.6199999999999903
32165.0,60,2460.0,27.954545454545453,2.1903570787001816,60,7733.0,0.07785733396857267,60,7733.0,1.5100000000000051
32170.0,60,2534.0,28.155555555555555,2.562244456617868,60,7396.0,0.08679198105207739,60,7396.0,3.3700000000000045
32175.0,56,1927.0,21.41111111111111,2.7260261277698214,56,7432.0,0.09308773784861897,56,7432.0,-0.35999999999999943
32180.0,53,1272.0,13.53191489361702,2.9862603891191144,53,7268.0,0.10248911408242492,53,7268.0,1.6399999999999864
32185.0,51,1171.0,12.868131868131869,3.08302369751713,51,7172.0,0.11577880378328685,51,7172.0,0.960000000000008
32190.0,53,1204.0,13.377777777777778,3.0405806541237275,53,7081.0,0.09820167826135913,53,7081.0,0.9099999999999966
32195.0,53,1184.0,13.454545454545455,2.9407512438796757,53,7118.0,0.09169203063388641,53,7118.0,-0.37000000000000455
32200.0,49,1114.0,12.659090909090908,3.288676570963594,49,6928.0,0.10114837010084657,49,6928.0,1.9000000000000057
32205.0,44,1019.0,11.197802197802197,3.8494662116289278,44,6726.0,0.1307314575328101,44,6726.0,2.019999999999996
32210.0,40,717.0,7.8791208791208796,3.7481900635550316,39,6846.0,0.11385796899546101,39,6846.0,-1.1999999999999886
32215.0,41,570.0,6.333333333333333,3.6640650954514338,41,7054.0,0.10218527203133759,41,7054.0,-2.0800000000000125
32220.0,41,512.0,5.885057471264368,3.810004552619076,41,7134.0,0.12197580912825329,41,7134.0,-0.7999999999999972
32225.0,45,588.0,6.681818181818182,3.687899276275091,45,7135.0,0.10917852033593638,45,7135.0,-0.009999999999990905
32230.0,46,638.0,7.010989010989011,3.496961327034821,46,6936.0,0.10397650195803491,46,6936.0,1.9899999999999949
32235.0,42,679.0,7.380434782608695,3.778059206466026,42,6749.0,0.1198151941435631,42,6749.0,1.8700000000000045
32240.0,42,678.0,7.533333333333333,3.312055433412558,41,6916.0,0.09456730547198232,41,6916.0,-1.6700000000000017
32245.0,43,714.0,8.30232558139535,3.2221642398557595,43,7136.0,0.0992762274200508,43,7136.0,-2.200000000000003
32250.0,44,757.0,9.120481927710843,3.091539992571577,44,7327.0,0.1084489734161044,44,7327.0,-1.9099999999999966
32255.0,44,783.0,9.104651162790697,2.9706547975483164,44,7337.0,0.10434418265517773,44,7337.0,-0.10000000000000853
32260.0,40,817.0,9.5,3.385846029087485,40,7128.0,0.11869352315796007,40,7128.0,2.0900000000000034
32265.0,42,872.0,10.022988505747126,3.487324858382956,42,6924.0,0.12046520684151961,42,6924.0,2.0400000000000063
32270.0,43,932.0,10.590909090909092,3.580291727891984,43,6537.0,0.11889636192899142,43,6537.0,3.8699999999999903
32275.0,39,982.0,11.28735632183908,4.0875340728800955,39,6153.0,0.14766318957675903,39,6153.0,3.8400000000000034
32280.0,37,1018.0,11.438202247191011,4.261718687486211,37,5770.0,0.15587676141410226,37,5770.0,3.8299999999999983
32285.0,35,1044.0,12.0,4.118141728039961,34,5399.0,0.1549938551411682,34,5399.0,3.710000000000001
32290.0,32,1084.0,12.904761904761905,4.114370609035628,31,5203.0,0.16400466856754783,31,5203.0,1.9600000000000009
32295.0,34,1167.0,13.729411764705882,4.361640814784036,33,5019.0,0.18123269834873962,33,5019.0,1.8400000000000034
32300.0,32,927.0,10.655172413793103,4.554574963331558,31,4845.0,0.18462265309681336,31,4845.0,1.7399999999999949
32305.0,28,669.0,7.51685393258427,4.715852882293692,26,4704.0,0.20481351190629285,26,4704.0,1.4100000000000037
32310.0,30,732.0,8.318181818181818,4.842912506516682,30,4648.0,0.20498197788746406,30,4648.0,0.5600000000000023
32315.0,33,736.0,8.459770114942529,4.5117649229402454,33,4791.0,0.16162985834178215,33,4791.0,-1.4299999999999997
32320.0,35,868.0,9.977011494252874,4.82869091326054,35,4918.0,0.17058364677257487,35,4918.0,-1.2700000000000031
32325.0,40,1040.0,12.235294117647058,4.81485512223789,38,5071.0,0.17357126915476634,38,5071.0,-1.5300000000000011
32330.0,41,1149.0,12.910112359550562,4.524047519595584,41,5084.0,0.15002852365433209,41,5084.0,-0.13000000000000256
32335.0,41,1208.0,13.885057471264368,4.001729729514582,41,4924.0,0.12424589798078713,41,4924.0,1.6000000000000014
32340.0,44,1277.0,14.511363636363637,3.883298512613895,44,4779.0,0.11226864958585854,44,4779.0,1.4500000000000028
32345.0,43,1351.0,15.528735632183908,4.168505050411573,43,4472.0,0.12191860013581007,43,4472.0,3.0700000000000003
32350.0,41,1411.0,16.6,4.358403759762099,41,4159.0,0.14459995941640386,41,4159.0,3.1299999999999955
32355.0,37,1454.0,16.522727272727273,4.730131548396969,37,4018.0,0.17472611294604384,37,4018.0,1.4100000000000037
32360.0,37,1441.0,16.375,4.255663331458013,37,4200.0,0.14143879308909418,37,4200.0,-1.8200000000000003
32365.0,40,1478.0,17.80722891566265,3.9257619146123037,38,4349.0,0.12834952474995703,38,4349.0,-1.490000000000002
32370.0,41,1525.0,18.597560975609756,3.8898946384861377,40,4519.0,0.13523066135227868,40,4519.0,-1.6999999999999957
32375.0,38,1533.0,18.46987951807229,4.17784954240221,38,4546.0,0.13717197840806652,38,4546.0,-0.2700000000000031
32380.0,34,1546.0,18.188235294117646,4.478271964680591,34,4385.0,0.17021530561474812,34,4385.0,1.6099999999999994
32385.0,32,1609.0,18.929411764705883,4.63465700401484,32,4220.0,0.18091354483906288,32,4220.0,1.6499999999999986
32390.0,36,1472.0,17.31764705882353,4.164466090568533,36,4246.0,0.14082107760121101,36,4246.0,-0.259999999999998
32395.0,36,1405.0,16.726190476190474,4.250338069265708,36,4215.0,0.15024847018392234,36,4215.0,0.3100000000000023
32400.0,41,1520.0,19.0,3.922197245640146,41,4280.0,0.1429033587114483,41,4280.0,-0.6499999999999986
32405.0,43,1610.0,19.166666666666668,3.6237517531217343,43,4324.0,0.1153475439048814,43,4324.0,-0.44000000000000483
32410.0,41,1661.0,19.773809523809526,3.7419380244952007,41,4194.0,0.12478204455533885,41,4194.0,1.3000000000000043
32415.0,39,1701.0,20.49397590361446,3.648354385280766,39,4065.0,0.12242017851169748,39,4065.0,1.2899999999999991
32420.0,36,1734.0,20.642857142857142,4.132693301654813,36,3801.0,0.14188371002587533,36,3801.0,2.6400000000000006
32425.0,32,1795.0,21.36904761904762,4.60310352543218,32,3607.0,0.17301086297089824,32,3607.0,1.9399999999999977
32430.0,35,1774.0,20.39080459770115,4.215229581287944,35,3768.0,0.15329897856080477,35,3768.0,-1.6099999999999994
32435.0,37,1866.0,21.448275862068964,3.9370781230469793,37,3892.0,0.1394251426804879,37,3892.0,-1.240000000000002
32440.0,42,1990.0,23.41176470588235,3.558305975240508,42,4048.0,0.11546369014086123,42,4048.0,-1.5599999999999952
32445.0,42,1358.0,16.166666666666668,3.6625945334881553,42,3974.0,0.12229762898695104,42,3974.0,0.7399999999999949
32450.0,39,683.0,8.329268292682928,3.7412653062758983,39,3689.0,0.14229051579972588,39,3689.0,2.8500000000000014
32455.0,36,582.0,6.767441860465116,4.207639841544818,36,3479.0,0.16096256291621389,36,3479.0,2.1000000000000014
32460.0,38,658.0,7.651162790697675,3.9878499687875215,38,3532.0,0.14850302985208402,38,3532.0,-0.5300000000000011
32465.0,47,723.0,8.215909090909092,3.50159302647363,47,3617.0,0.09971352267751889,47,3617.0,-0.8500000000000014
32470.0,46,803.0,9.02247191011236,3.683486956300972,46,3717.0,0.10950510362260553,46,3717.0,-1.0
32475.0,47,817.0,9.39080459770115,3.3375235599625057,47,3901.0,0.09566733988492747,47,3901.0,-1.8399999999999963
32480.0,51,913.0,10.375,3.0831777106573295,51,4121.0,0.09106919610679497,51,4121.0,-2.200000000000003
32485.0,52,1014.0,11.655172413793103,2.8419715084018202,52,4358.0,0.08265260893788323,52,4358.0,-2.3699999999999974
32490.0,54,1130.0,13.13953488372093,2.576514536630231,54,4623.0,0.07685808378758975,54,4623.0,-2.6499999999999986
32495.0,53,1188.0,13.813953488372093,2.6108231904833117,53,4747.0,0.07075020743985648,53,4747.0,-1.240000000000002
32500.0,49,1187.0,13.964705882352941,2.8001816970937683,49,4713.0,0.08551723952624903,49,4713.0,0.3399999999999963
32505.0,47,1169.0,13.436781609195402,2.9758506012493613,47,4671.0,0.11869734123874653,47,4671.0,0.4200000000000017
32510.0,42,1157.0,13.147727272727273,3.0393768994494694,42,4486.0,0.11176495430194493,42,4486.0,1.8500000000000014
32515.0,43,1198.0,13.613636363636363,3.158009217707357,43,4331.0,0.11308995871451276,43,4331.0,1.5499999999999972
32520.0,40,1280.0,14.545454545454545,3.5743340432075197,40,4184.0,0.1340119429517779,40,4184.0,1.4699999999999989
32525.0,40,1369.0,15.21111111111111,3.992259550636126,40,4164.0,0.15463367283484342,40,4164.0,0.20000000000000284
32530.0,40,1095.0,11.648936170212766,4.018256331717245,39,4099.0,0.14932128791006635,39,4099.0,0.6499999999999986
32535.0,38,948.0,10.193548387096774,3.9586527411129784,38,4051.0,0.1510006804599928,38,4051.0,0.480000000000004
32540.0,40,1041.0,11.193548387096774,4.091696712964994,40,4083.0,0.15006947733936749,40,4083.0,-0.3200000000000003
32545.0,45,1111.0,12.076086956521738,4.002498845786041,45,4184.0,0.13447338588970872,45,4184.0,-1.0100000000000051
32550.0,39,1138.0,12.644444444444444,4.488660932984834,39,4166.0,0.1574018701799268,39,4166.0,0.18000000000000682
32555.0,34,1144.0,12.434782608695652,4.932863017994444,34,4123.0,0.18313772800705555,34,4123.0,0.4299999999999997
32560.0,31,868.0,9.752808988764045,4.614194096697493,31,4019.0,0.17268642731986986,31,4019.0,1.0399999999999991
32565.0,34,457.0,5.0777777777777775,4.452926668249358,34,3734.0,0.15891308655799732,34,3734.0,2.8499999999999943
32570.0,34,378.0,4.2,4.7004328494004195,34,3543.0,0.17102177768520493,34,3543.0,1.9100000000000037
32575.0,39,493.0,5.477777777777778,4.594867308701096,39,3367.0,0.1491390722485102,39,3367.0,1.759999999999998
32580.0,44,572.0,6.285714285714286,3.9907758857860114,44,3452.0,0.11876009829252974,44,3452.0,-0.8500000000000014
32585.0,43,611.0,6.641304347826087,3.7331435105756396,43,3668.0,0.10037563189399486,43,3668.0,-2.1599999999999966
32590.0,42,638.0,6.934782608695652,3.651523878157889,42,3641.0,0.09006289108338572,42,3641.0,0.2700000000000031
32595.0,38,666.0,7.655172413793103,3.837692129538124,38,3599.0,0.11586371518860586,38,3599.0,0.4199999999999946
32600.0,36,727.0,8.453488372093023,3.972952080152579,36,3548.0,0.12575574686105195,36,3548.0,0.5100000000000051
32605.0,37,722.0,8.298850574712644,3.6868490254831023,37,3625.0,0.12580475255954707,37,3625.0,-0.7700000000000031
32610.0,39,754.0,8.666666666666666,3.7482376854980055,39,3675.0,0.12500615047451522,39,3675.0,-0.5
32615.0,42,846.0,9.952941176470588,3.39660092718487,42,3822.0,0.10687329762985459,42,3822.0,-1.4699999999999989
32620.0,41,722.0,8.698795180722891,3.168344332072227,41,3912.0,0.09614787504476086,41,3912.0,-0.8999999999999986
32625.0,41,711.0,8.364705882352942,3.578731728784776,41,3943.0,0.1153851932859169,41,3943.0,-0.3100000000000023
32630.0,41,805.0,9.147727272727273,3.6732234450876238,41,4053.0,0.12013132805084363,41,4053.0,-1.1000000000000014
32635.0,41,851.0,9.781609195402298,3.448948512462366,41,4119.0,0.10182975709841573,41,4119.0,-0.6599999999999966
32640.0,41,884.0,10.160919540229886,3.437407536212619,41,4044.0,0.09770005239946006,41,4044.0,0.75
32645.0,42,932.0,10.47191011235955,3.848996367035749,42,3977.0,0.12309249151779965,42,3977.0,0.6699999999999946
32650.0,41,655.0,7.443181818181818,3.792311554616063,40,4043.0,0.1159038626470514,40,4043.0,-0.6599999999999966
32655.0,44,596.0,6.549450549450549,3.7095698792944813,44,4259.0,0.10523069637352145,44,4259.0,-2.1600000000000037
32660.0,47,668.0,7.50561797752809,3.559178976026489,47,4284.0,0.10511222300962336,47,4284.0,-0.25
32665.0,53,727.0,8.261363636363637,2.868438496689707,53,4391.0,0.07272564566315981,53,4391.0,-1.0699999999999932
32670.0,49,753.0,8.858823529411765,2.973770708910472,49,4350.0,0.08542570144049204,49,4350.0,0.4099999999999966
32675.0,46,765.0,9.216867469879517,3.2059719293007563,46,4296.0,0.11274581484236532,46,4296.0,0.5399999999999991
32680.0,41,755.0,8.779069767441861,3.590501242826851,41,4095.0,0.13245663522227163,41,4095.0,2.009999999999998
32685.0,39,728.0,8.465116279069768,3.7971514474824133,39,3895.0,0.14602241166658841,39,3895.0,2.0
32690.0,37,691.0,8.034883720930232,3.8345145498119213,37,3821.0,0.1462038625801551,37,3821.0,0.740000000000002
32695.0,32,648.0,7.623529411764705,4.164299593769866,32,3620.0,0.15952398453830807,32,3620.0,2.009999999999998
32700.0,28,653.0,7.867469879518072,4.539210783959664,28,3533.0,0.19210749836640534,28,3533.0,0.8700000000000045
32705.0,29,720.0,8.470588235294118,4.611592963708074,28,3332.0,0.19850631569773,28,3332.0,2.009999999999998
32710.0,29,783.0,9.211764705882352,4.522009332161156,29,3260.0,0.1886570704992818,29,3260.0,0.7199999999999989
32715.0,27,636.0,7.395348837209302,4.335015538083609,27,3299.0,0.1720490384542181,27,3299.0,-0.39000000000000057
32720.0,27,662.0,7.788235294117647,4.765416934666872,27,3316.0,0.207738604163347,27,3316.0,-0.1699999999999946
32725.0,29,730.0,8.69047619047619,5.034628963105378,28,3418.0,0.21347969918782142,28,3418.0,-1.0200000000000031
32730.0,29,634.0,7.458823529411765,4.959275070123828,29,3559.0,0.19814859396903367,29,3559.0,-1.4100000000000037
32735.0,30,639.0,7.430232558139535,4.912784491595264,30,3573.0,0.17215075691678336,30,3573.0,-0.13999999999999346
32740.0,35,792.0,9.31764705882353,4.295195689656355,35,3625.0,0.13480608639686323,35,3625.0,-0.5200000000000031
32745.0,40,892.0,10.619047619047619,4.038093572051777,40,3674.0,0.11910975149830468,40,3674.0,-0.490000000000002
32750.0,42,951.0,11.321428571428571,4.031947836981471,42,3620.0,0.1277290621752903,42,3620.0,0.5399999999999991
32755.0,42,1011.0,11.488636363636363,4.2739389795546545,42,3564.0,0.13751986768305116,42,3564.0,0.5600000000000023
32760.0,41,1068.0,12.136363636363637,4.209000097123618,41,3384.0,0.12953049372494413,41,3384.0,1.7999999999999972
32765.0,40,1119.0,13.011627906976743,4.109328307982481,40,3224.0,0.12704115835695506,40,3224.0,1.6000000000000014
32770.0,36,768.0,8.930232558139535,4.3474339078378055,36,3260.0,0.13869726421033285,36,3260.0,-0.35999999999999943
32775.0,34,599.0,6.965116279069767,4.565917795989037,34,3197.0,0.16103761436727346,34,3197.0,0.6300000000000026
32780.0,34,614.0,7.223529411764706,4.533664959320262,34,3217.0,0.16973942117100868,34,3217.0,-0.20000000000000284
32785.0,35,596.0,7.2682926829268295,4.1498297592892675,35,3268.0,0.14209811381686352,35,3268.0,-0.509999999999998
32790.0,36,554.0,6.7560975609756095,3.932209010569206,36,3326.0,0.11554181591000874,36,3326.0,-0.5799999999999983
32795.0,31,551.0,6.63855421686747,4.347260550273216,31,3369.0,0.1407473564965964,31,3369.0,-0.4299999999999997
32800.0,28,594.0,7.333333333333333,4.5736148841221524,28,3172.0,0.17222379971165344,28,3172.0,1.9699999999999989
32805.0,30,482.0,5.670588235294118,4.4532609614605825,30,3315.0,0.16773981048177197,30,3315.0,-1.4299999999999997
32810.0,35,372.0,4.275862068965517,4.134169533541968,35,3327.0,0.13859046172459402,35,3327.0,-0.12000000000000455
32815.0,37,452.0,5.195402298850575,3.8154098926140207,37,3379.0,0.1063017157704763,37,3379.0,-0.519999999999996
32820.0,40,524.0,6.238095238095238,3.7009989994564925,40,3445.0,0.11227946968533288,40,3445.0,-0.6600000000000037
32825.0,39,575.0,7.098765432098766,3.7054304925918697,39,3401.0,0.12022718760970608,39,3401.0,0.44000000000000483
32830.0,36,608.0,7.414634146341464,3.7298674437207504,36,3346.0,0.14474381354466484,36,3346.0,0.5499999999999972
32835.0,33,591.0,7.2073170731707314,3.4636297249064594,32,3385.0,0.12387973307201584,32,3385.0,-0.39000000000000057
32840.0,36,618.0,7.536585365853658,3.2429463862785326,36,3561.0,0.10283701487108951,36,3561.0,-1.759999999999998
32845.0,38,719.0,8.768292682926829,3.542535632931206,38,3551.0,0.1204828316873928,38,3551.0,0.10000000000000142
32850.0,44,849.0,10.353658536585366,3.3970822323827345,44,3620.0,0.12388004109506108,44,3620.0,-0.6900000000000048
32855.0,46,941.0,11.070588235294117,3.1086816796250867,46,3712.0,0.10262559741765577,46,3712.0,-0.9199999999999946
32860.0,43,989.0,11.5,3.4842332903644375,43,3675.0,0.12187580736177124,43,3675.0,0.36999999999999744
32865.0,43,1024.0,12.047058823529412,3.4154293726863303,43,3628.0,0.10943221684914074,43,3628.0,0.46999999999999886
32870.0,40,739.0,8.593023255813954,3.490225848396806,40,3704.0,0.10078236155219093,40,3704.0,-0.759999999999998
32875.0,38,669.0,7.77906976744186,3.765784648122998,38,3708.0,0.11994451900349931,38,3708.0,-0.03999999999999915
32880.0,41,759.0,8.625,3.9083581519252806,41,3809.0,0.13307587401512055,41,3809.0,-1.0100000000000051
32885.0,44,831.0,9.443181818181818,3.476920647800391,44,3885.0,0.09639303339710595,44,3885.0,-0.759999999999998
32890.0,48,884.0,10.045454545454545,3.1045562122049817,48,3835.0,0.08017410184063677,48,3835.0,0.5
32895.0,44,934.0,10.735632183908047,3.472285886300193,44,3778.0,0.10826161276091797,44,3778.0,0.5700000000000003
32900.0,40,967.0,11.244186046511627,3.782035957608268,40,3578.0,0.1235484701103256,40,3578.0,2.0
32905.0,37,878.0,9.865168539325843,3.8532748386903273,37,3716.0,0.13180212177388692,37,3716.0,-1.3799999999999955
32910.0,40,894.0,9.933333333333334,3.590864341473104,40,3870.0,0.11808300589762089,40,3870.0,-1.5400000000000063
32915.0,43,952.0,10.577777777777778,3.56665968986424,43,4059.0,0.10823517302671012,43,4059.0,-1.8900000000000006
32920.0,41,1013.0,11.382022471910112,3.782825485934446,41,4122.0,0.11604520884816884,41,4122.0,-0.6299999999999955
32925.0,41,1068.0,12.275862068965518,3.927499438068425,41,4050.0,0.1265944870059401,41,4050.0,0.7199999999999989
32930.0,40,1122.0,12.466666666666667,4.2449589039111775,40,3989.0,0.14215930846184857,40,3989.0,0.6099999999999994
32935.0,37,1162.0,13.35632183908046,4.389006030794772,37,3820.0,0.14706536745517312,37,3820.0,1.6899999999999977
32940.0,35,729.0,8.576470588235294,3.9684653243855403,35,3807.0,0.1260980669286595,35,3807.0,0.13000000000000256
32945.0,32,342.0,3.9310344827586206,4.358455061432888,32,3655.0,0.14795676856928622,32,3655.0,1.5200000000000031
32950.0,33,400.0,4.761904761904762,4.737795586367224,33,3578.0,0.16773603457860514,33,3578.0,0.769999999999996
32955.0,38,460.0,5.348837209302325,4.302294046100121,38,3626.0,0.14186878963473726,38,3626.0,-0.4799999999999969
32960.0,41,506.0,5.883720930232558,3.7691604160192913,41,3701.0,0.10946707672503814,41,3701.0,-0.75
32965.0,40,549.0,6.535714285714286,3.4488889597082806,40,3771.0,0.10581081022593716,40,3771.0,-0.7000000000000028
32970.0,37,366.0,4.357142857142857,3.5143772566721196,37,3868.0,0.10553314418258365,37,3868.0,-0.9699999999999989
32975.0,37,353.0,4.152941176470589,3.8808663992318664,37,3918.0,0.12320073203253155,37,3918.0,-0.5
32980.0,40,413.0,4.693181818181818,3.850312969595508,40,4066.0,0.12807175486757755,40,4066.0,-1.4799999999999969
32985.0,42,527.0,6.2,3.459191827373417,42,4269.0,0.10993764821003045,42,4269.0,-2.030000000000001
32990.0,46,609.0,7.1647058823529415,3.0150288044479554,46,4350.0,0.07520802298233296,46,4350.0,-0.8100000000000023
32995.0,48,659.0,7.752941176470588,2.894056379143935,48,4304.0,0.07567008425295547,48,4304.0,0.46000000000000085
33000.0,44,700.0,8.333333333333334,3.264165361820707,44,4255.0,0.11269282579665495,44,4255.0,0.490000000000002
33005.0,42,714.0,8.30232558139535,3.1774476311329125,42,4454.0,0.1061482187952347,42,4454.0,-1.990000000000002
33010.0,44,746.0,8.674418604651162,3.0400832652816447,44,4673.0,0.09215284853404532,44,4673.0,-2.1899999999999977
33015.0,49,818.0,9.402298850574713,2.8370077861529572,49,4904.0,0.08387784742131944,49,4904.0,-2.3100000000000023
33020.0,48,896.0,10.418604651162791,2.8591557187807513,48,4998.0,0.08320984191645812,48,4998.0,-0.9399999999999977
33025.0,47,950.0,11.176470588235293,3.03883976940918,47,4951.0,0.0950462330717152,47,4951.0,0.46999999999999886
33030.0,47,1005.0,11.551724137931034,3.143811726490218,47,4906.0,0.11297965076745879,47,4906.0,0.44999999999999574
33035.0,44,1051.0,12.220930232558139,3.1665747277074745,44,4734.0,0.1149812977436809,44,4734.0,1.7199999999999989
33040.0,43,833.0,9.686046511627907,3.115383956259497,43,4787.0,0.10577743145830554,43,4787.0,-0.529999999999994
33045.0,38,594.0,7.071428571428571,3.4011564290776373,38,4729.0,0.13437297501288906,38,4729.0,0.5799999999999983
33050.0,38,604.0,7.190476190476191,3.866160523382971,38,4745.0,0.1480447569069204,38,4745.0,-0.1600000000000037
33055.0,39,599.0,7.130952380952381,3.5275086134870204,39,4789.0,0.1317867976749065,39,4789.0,-0.4399999999999977
33060.0,41,645.0,7.588235294117647,3.5044779285124585,41,4843.0,0.12264283244020235,41,4843.0,-0.5399999999999991
33065.0,41,692.0,8.046511627906977,3.2625860481768694,41,4897.0,0.10196534281560969,41,4897.0,-0.5399999999999991
33070.0,40,429.0,4.988372093023256,3.325253974717187,40,4974.0,0.10955662743281687,40,4974.0,-0.7700000000000031
33075.0,40,370.0,4.3023255813953485,3.3768845678877657,40,5067.0,0.1114118638028949,40,5067.0,-0.9299999999999997
33080.0,40,416.0,4.7272727272727275,3.5358011212439093,40,5126.0,0.11936985137934226,40,5126.0,-0.5899999999999963
33085.0,40,445.0,5.174418604651163,3.481905968187126,40,5164.0,0.12321806968765056,40,5164.0,-0.38000000000000256
33090.0,42,489.0,5.620689655172414,3.2327047037513985,42,5059.0,0.10319028347035593,42,5059.0,1.0499999999999972
33095.0,44,544.0,6.252873563218391,3.3666173326600815,44,4969.0,0.11269954048128457,44,4969.0,0.9000000000000057
33100.0,41,554.0,6.595238095238095,3.255800114140885,41,5128.0,0.1107083424090646,41,5128.0,-1.5900000000000034
33105.0,41,596.0,6.930232558139535,3.193172512048235,41,5312.0,0.10229879156555104,41,5312.0,-1.8399999999999963
33110.0,43,648.0,7.534883720930233,3.326874040463271,43,5511.0,0.11359734424471417,43,5511.0,-1.990000000000002
33115.0,46,687.0,7.896551724137931,2.722898640646416,46,5566.0,0.07891693680316415,46,5566.0,-0.5499999999999972
33120.0,43,736.0,8.55813953488372,3.0854438066420373,43,5458.0,0.10230963492002478,43,5458.0,1.0799999999999983
33125.0,42,790.0,9.186046511627907,3.4631928808313064,42,5343.0,0.12981131397615897,42,5343.0,1.1499999999999986
33130.0,42,845.0,9.602272727272727,3.460392870041991,42,5079.0,0.12533056870676543,42,5079.0,2.6400000000000006
33135.0,40,894.0,10.275862068965518,3.7250181257835995,40,4830.0,0.14477556273991032,40,4830.0,2.490000000000002
33140.0,36,927.0,10.779069767441861,3.8337689988023667,36,4720.0,0.15249092159341376,36,4720.0,1.0999999999999943
33145.0,34,947.0,11.141176470588235,4.109212573405381,34,4458.0,0.1626929456879802,34,4458.0,2.6200000000000045
33150.0,32,962.0,11.452380952380953,4.330539594267852,31,4334.0,0.1870613436565799,31,4334.0,1.2399999999999949
33155.0,33,1039.0,12.081395348837209,4.244300072509228,31,4071.0,0.1922552145323044,31,4071.0,2.6300000000000026
33160.0,31,1104.0,12.689655172413794,4.221996214362377,29,3962.0,0.1870962821880804,29,3962.0,1.0900000000000034
33165.0,29,1164.0,13.227272727272727,4.29916724409273,29,3981.0,0.1765401545588374,29,3981.0,-0.19000000000000483
33170.0,27,1220.0,14.022988505747126,4.608924555709429,27,3876.0,0.1958367579158253,27,3876.0,1.0500000000000043
33175.0,25,1267.0,14.732558139534884,4.807818742960335,22,3876.0,0.21762986251132466,22,3876.0,0.0
33180.0,20,1313.0,14.752808988764045,5.035744324718263,19,3861.0,0.21922283108242813,19,3861.0,0.14999999999999858
33185.0,23,1276.0,14.5,4.860456845964521,21,3951.0,0.20367402921371347,21,3951.0,-0.8999999999999986
33190.0,32,1402.0,16.114942528735632,4.123567528613585,31,4080.0,0.15524401816107125,31,4080.0,-1.2899999999999991
33195.0,36,1563.0,17.96551724137931,3.941254921245751,36,4253.0,0.13501065582978353,36,4253.0,-1.730000000000004
33200.0,40,1746.0,20.541176470588237,3.7629931299043466,40,4447.0,0.11866383626799408,40,4447.0,-1.9399999999999977
33205.0,42,1887.0,21.689655172413794,3.5337322073669286,42,4515.0,0.10769920608005636,42,4515.0,-0.6799999999999997
33210.0,42,1986.0,22.314606741573034,3.4117517092629006,42,4462.0,0.099589542920692,42,4462.0,0.5300000000000011
33215.0,44,2098.0,24.114942528735632,3.391940589222788,44,4428.0,0.11123835395998337,44,4428.0,0.3399999999999963
33220.0,44,1718.0,19.976744186046513,3.26899298319314,44,4427.0,0.10235200280538906,44,4427.0,0.00999999999999801
33225.0,44,1291.0,14.839080459770114,3.524464216921894,44,4279.0,0.11714101347289783,44,4279.0,1.480000000000004
33230.0,45,1349.0,14.988888888888889,3.7075486469535948,45,4207.0,0.13752494766892265,45,4207.0,0.7199999999999989
33235.0,46,962.0,10.931818181818182,3.307635690875078,46,4240.0,0.11989229706109851,46,4240.0,-0.3299999999999983
33240.0,47,719.0,8.170454545454545,3.070035470303169,47,4160.0,0.08975365776817563,47,4160.0,0.7999999999999972
33245.0,48,849.0,9.872093023255815,3.3038901592777323,48,4176.0,0.11197046616735948,48,4176.0,-0.1599999999999966
33250.0,50,951.0,10.931034482758621,3.03814895269679,50,4295.0,0.08984207905483234,50,4295.0,-1.1900000000000048
33255.0,49,1108.0,12.311111111111112,3.192340033754822,49,4439.0,0.09851440256912228,49,4439.0,-1.4399999999999977
33260.0,53,1362.0,14.967032967032967,3.2273126706201216,53,4564.0,0.09762788991809812,53,4564.0,-1.25
33265.0,61,1515.0,16.467391304347824,2.637392877697135,60,4684.0,0.06006787908470719,60,4684.0,-1.2000000000000028
33270.0,63,1594.0,16.95744680851064,2.7419201559432684,63,4995.0,0.05461855541813802,63,4995.0,-3.1099999999999994
33275.0,59,1654.0,17.78494623655914,2.9281035448967367,59,4963.0,0.0744278271402785,59,4963.0,0.3200000000000003
33280.0,55,1415.0,15.21505376344086,2.855220440494145,55,5079.0,0.09152624137642644,55,5079.0,-1.1599999999999966
33285.0,54,1217.0,13.228260869565217,2.5515864866769005,54,5214.0,0.07343672257276732,54,5214.0,-1.3500000000000014
33290.0,56,1251.0,13.597826086956522,2.392928585576803,56,5279.0,0.07106210598698438,56,5279.0,-0.6499999999999986
33295.0,59,1252.0,14.067415730337078,2.0548696317259307,58,5384.0,0.057202362799317605,58,5384.0,-1.0500000000000043
33300.0,55,1218.0,13.685393258426966,2.422378460206964,55,5316.0,0.08744698821742976,55,5316.0,0.6800000000000068
33305.0,51,1164.0,12.516129032258064,2.978233481388941,51,5231.0,0.10470332123680873,51,5231.0,0.8499999999999943
33310.0,48,1092.0,11.741935483870968,3.0664752673041646,48,4963.0,0.10447693203177402,48,4963.0,2.6799999999999997
33315.0,47,1015.0,10.913978494623656,3.149381648992862,47,4725.0,0.10787233049947646,47,4725.0,2.3800000000000026
33320.0,44,972.0,10.451612903225806,3.6592692181933035,44,4526.0,0.1312324581285948,44,4526.0,1.990000000000002
33325.0,39,788.0,8.659340659340659,3.580406677205608,39,4640.0,0.13300326732391402,39,4640.0,-1.1400000000000006
33330.0,38,775.0,8.333333333333334,3.797676095037996,38,4689.0,0.14719770361532988,38,4689.0,-0.490000000000002
33335.0,40,878.0,9.543478260869565,3.9044705211463615,40,4825.0,0.15164303807093157,40,4825.0,-1.3599999999999994
33340.0,45,972.0,10.565217391304348,3.6092510045244914,45,4882.0,0.11636259377650106,45,4882.0,-0.5700000000000003
33345.0,42,1041.0,11.193548387096774,3.9216471504641746,42,4954.0,0.11636895308140568,42,4954.0,-0.7199999999999989
33350.0,39,1095.0,11.774193548387096,4.307468827419474,39,5014.0,0.13991561465264069,39,5014.0,-0.6000000000000014
33355.0,37,1119.0,11.778947368421052,4.310309839376447,37,5187.0,0.14408352838771346,37,5187.0,-1.7299999999999969
33360.0,38,1177.0,12.655913978494624,4.151834867527085,38,5375.0,0.136780309574329,38,5375.0,-1.8800000000000026
33365.0,45,1315.0,14.45054945054945,3.8172673882151007,45,5587.0,0.10498538980000652,45,5587.0,-2.1199999999999974
33370.0,48,1249.0,13.877777777777778,3.3857874364963156,48,5677.0,0.09208494169076499,48,5677.0,-0.9000000000000057
33375.0,48,1228.0,13.954545454545455,3.150991865118827,48,5701.0,0.09183391014654572,48,5701.0,-0.23999999999999488
33380.0,50,1400.0,15.555555555555555,3.2231793679506135,50,5812.0,0.10826703927904259,50,5812.0,-1.1099999999999994
33385.0,50,1173.0,13.63953488372093,2.5242324832597305,50,5854.0,0.08528278160966084,50,5854.0,-0.4200000000000017
33390.0,52,863.0,9.806818181818182,2.3316976176211885,52,5927.0,0.060512991778510945,52,5927.0,-0.730000000000004
33395.0,50,1031.0,11.715909090909092,2.5509778323130714,50,6011.0,0.08022324258184675,50,6011.0,-0.8399999999999963
33400.0,54,1285.0,14.438202247191011,2.9170236434066292,54,5906.0,0.0980725440871605,54,5906.0,1.0499999999999972
33405.0,58,1411.0,15.33695652173913,2.632058502728686,58,5995.0,0.0800270641649325,58,5995.0,-0.8900000000000006
33410.0,60,1451.0,15.945054945054945,2.7075933989237715,60,5916.0,0.08372767144895411,60,5916.0,0.7900000000000063
33415.0,59,1489.0,16.544444444444444,2.5812536925918823,59,5837.0,0.07854987764046951,59,5837.0,0.7899999999999991
33420.0,56,1519.0,16.692307692307693,3.0742382187814714,56,5573.0,0.09286765549827537,56,5573.0,2.6400000000000006
33425.0,53,1489.0,16.36263736263736,3.1568421383625105,53,5808.0,0.09870610858829618,53,5808.0,-2.3500000000000014
33430.0,56,1508.0,16.04255319148936,3.1515881876665417,56,6075.0,0.09601978248871092,56,6075.0,-2.6700000000000017
33435.0,56,1533.0,16.66304347826087,3.1775688829393496,56,6352.0,0.09740534283472996,56,6352.0,-2.770000000000003
33440.0,58,1563.0,17.56179775280899,2.807366173651198,58,6637.0,0.07275990463849316,58,6637.0,-2.8500000000000014
33445.0,55,1532.0,17.213483146067414,2.996333048455029,55,6721.0,0.07871949188141503,55,6721.0,-0.8399999999999892
33450.0,50,1437.0,16.329545454545453,3.3431409864177577,50,6615.0,0.09757882687000755,50,6615.0,1.059999999999988
33455.0,45,1317.0,14.633333333333333,3.7396956791686145,45,6486.0,0.12607630731258737,45,6486.0,1.2900000000000063
33460.0,40,1172.0,13.471264367816092,3.7584335191655613,40,6174.0,0.1347601800902844,40,6174.0,3.1199999999999974
33465.0,38,1023.0,12.035294117647059,3.9139359803655327,38,5858.0,0.14275810187152768,38,5858.0,3.1600000000000037
33470.0,34,739.0,8.694117647058823,4.066336757952963,34,5890.0,0.14361386780418733,34,5890.0,-0.3200000000000003
33475.0,35,634.0,7.5476190476190474,4.098562030405357,35,5848.0,0.15683564262178498,35,5848.0,0.4200000000000017
33480.0,39,719.0,8.36046511627907,4.079678181535458,39,5899.0,0.15254949359199033,39,5899.0,-0.5100000000000051
33485.0,40,778.0,9.152941176470588,3.8862797399357025,40,5915.0,0.1277966479608869,40,5915.0,-0.1599999999999966
33490.0,40,804.0,9.458823529411765,3.7998504932595476,40,5749.0,0.11292695750546647,40,5749.0,1.6599999999999966
33495.0,37,822.0,9.55813953488372,4.233848860723379,37,5580.0,0.14411819350867205,37,5580.0,1.6900000000000048
33500.0,33,825.0,9.482758620689655,4.686529164820691,33,5239.0,0.1625032147599475,33,5239.0,3.4099999999999966
33505.0,30,834.0,9.477272727272727,4.934891038604053,30,4905.0,0.18293216444598118,30,4905.0,3.3400000000000034
33510.0,27,868.0,10.211764705882352,5.173284955486787,27,4716.0,0.20578382239222603,27,4716.0,1.8900000000000006
33515.0,30,937.0,10.895348837209303,4.887599225631109,30,4382.0,0.1821930079378338,30,4382.0,3.3399999999999963
33520.0,31,1010.0,11.882352941176471,4.841018679180324,30,4220.0,0.18633469800897576,30,4220.0,1.6199999999999974
33525.0,33,1093.0,13.011904761904763,4.842198593097076,31,4070.0,0.1880231303895004,31,4070.0,1.5
33530.0,28,722.0,8.395348837209303,4.87275115563202,28,4032.0,0.19348842103197753,28,4032.0,0.38000000000000256
33535.0,30,446.0,5.247058823529412,4.634978149872619,28,4166.0,0.18225014678040904,28,4166.0,-1.3399999999999963
33540.0,36,542.0,6.4523809523809526,4.264607088093537,35,4327.0,0.1532440127463747,35,4327.0,-1.6100000000000065
33545.0,34,510.0,6.219512195121951,4.372920782031134,34,4418.0,0.16311966555438456,34,4418.0,-0.9099999999999966
33550.0,34,597.0,7.280487804878049,4.542721341931516,34,4512.0,0.17811479522581997,34,4512.0,-0.9399999999999977
33555.0,41,752.0,8.847058823529412,4.355121979199771,41,4682.0,0.1665860222421493,41,4682.0,-1.7000000000000028
33560.0,45,751.0,9.048192771084338,3.7892982487389295,45,4776.0,0.13144106486303284,45,4776.0,-0.9399999999999977
33565.0,50,918.0,11.060240963855422,3.4258841490759147,50,4857.0,0.09269107742147409,50,4857.0,-0.8100000000000023
33570.0,56,1183.0,14.083333333333334,3.346675721156181,56,5050.0,0.08874682067146,56,5050.0,-1.9299999999999997
33575.0,55,1319.0,15.702380952380953,3.3217364363379325,55,5135.0,0.07956759208676106,55,5135.0,-0.8500000000000014
33580.0,51,1347.0,15.662790697674419,3.521212592010027,51,5027.0,0.09699061309340225,51,5027.0,1.0799999999999983
33585.0,48,1357.0,16.154761904761905,3.592921954362331,48,4908.0,0.11292514377527192,48,4908.0,1.1900000000000048
33590.0,48,1357.0,15.779069767441861,3.6349446928775992,48,4610.0,0.10319214299663837,48,4610.0,2.979999999999997
33595.0,43,1346.0,15.83529411764706,4.136336572500623,43,4354.0,0.1449507224257596,43,4354.0,2.5600000000000023
33600.0,41,1177.0,14.011904761904763,3.924031737740911,41,4561.0,0.13008713611859626,41,4561.0,-2.0700000000000003
33605.0,43,915.0,10.892857142857142,3.5478954188658727,43,4771.0,0.1245943320158754,43,4771.0,-2.1000000000000014
33610.0,43,801.0,9.313953488372093,3.5930639804463835,43,4756.0,0.11912779812682679,43,4756.0,0.14999999999999858
33615.0,40,726.0,8.541176470588235,3.5369028429197433,40,4562.0,0.11370889819156997,40,4562.0,1.9400000000000048
33620.0,41,596.0,7.180722891566265,3.4392147125359016,41,4715.0,0.12172111529328253,41,4715.0,-1.5300000000000011
33625.0,46,644.0,7.666666666666667,3.29856848847754,46,4909.0,0.10774002424292918,46,4909.0,-1.9400000000000048
33630.0,46,763.0,8.770114942528735,3.567510046890385,46,5130.0,0.11954241368805935,46,5130.0,-2.2099999999999937
33635.0,45,849.0,9.758620689655173,3.536529186927549,45,5180.0,0.12332950917649918,45,5180.0,-0.5
33640.0,48,908.0,10.55813953488372,3.0559791405653605,48,5060.0,0.10547711719060483,48,5060.0,1.1999999999999957
33645.0,48,978.0,11.642857142857142,3.237185314930439,48,4956.0,0.12174244815995443,48,4956.0,1.0399999999999991
33650.0,48,1048.0,12.329411764705883,3.4406510056203654,48,4696.0,0.12146599654033466,48,4696.0,2.6000000000000014
33655.0,46,1010.0,11.477272727272727,3.356207493678436,46,4734.0,0.11471716689171413,46,4734.0,-0.38000000000000256
33660.0,44,887.0,9.855555555555556,3.3274054374038275,44,4781.0,0.10742970614474216,44,4781.0,-0.46999999999999886
33665.0,45,915.0,10.397727272727273,3.048745375678546,45,4720.0,0.09583647806770924,45,4720.0,0.6099999999999994
33670.0,47,977.0,11.229885057471265,3.1969729974700423,47,4757.0,0.11284147668452506,47,4757.0,-0.36999999999999744
33675.0,49,795.0,9.137931034482758,2.95919153926086,49,4890.0,0.10202130384015284,49,4890.0,-1.3299999999999983
33680.0,49,819.0,9.0,3.233020273237052,49,4991.0,0.11545761303242622,49,4991.0,-1.009999999999998
33685.0,52,902.0,10.022222222222222,3.2275880913425157,52,5194.0,0.11626441460242269,52,5194.0,-2.030000000000001
33690.0,52,899.0,9.988888888888889,3.0369677224674003,52,5251.0,0.08826954265530139,52,5251.0,-0.5700000000000003
33695.0,49,869.0,9.655555555555555,3.283815698555294,49,5305.0,0.08626481985454518,49,5305.0,-0.5399999999999991
33700.0,45,869.0,9.988505747126437,3.499058169443315,45,5334.0,0.11082248581929338,45,5334.0,-0.29000000000000625
33705.0,46,828.0,9.303370786516854,3.194064950904243,46,5468.0,0.10017218121613598,46,5468.0,-1.3399999999999963
33710.0,50,835.0,9.277777777777779,2.9091042102901534,50,5635.0,0.0835581696127658,50,5635.0,-1.6700000000000017
33715.0,52,908.0,10.202247191011235,2.547261845744961,52,5806.0,0.06244731830688418,52,5806.0,-1.7100000000000009
33720.0,54,996.0,11.066666666666666,2.771261679820811,54,6055.0,0.07185219326364004,54,6055.0,-2.489999999999995
33725.0,56,1093.0,12.144444444444444,2.7733770182895885,56,6332.0,0.07054786088077042,56,6332.0,-2.770000000000003
33730.0,59,1199.0,12.621052631578948,2.8708876751461228,59,6618.0,0.07406257031686114,59,6618.0,-2.8600000000000065
33735.0,57,1217.0,13.522222222222222,2.600480628572215,57,6680.0,0.0658403003542409,57,6680.0,-0.6199999999999903
33740.0,54,1156.0,13.136363636363637,2.4084600034841044,54,6504.0,0.06350897069255984,54,6504.0,1.759999999999991
33745.0,50,1080.0,12.705882352941176,2.6597792894939762,50,6316.0,0.09758012791850176,50,6316.0,1.8800000000000097
33750.0,45,1004.0,11.811764705882354,3.196707520390473,45,5972.0,0.11453513894346234,45,5972.0,3.4399999999999977
33755.0,42,967.0,10.988636363636363,3.65629066845685,42,5662.0,0.13264833278809066,42,5662.0,3.1000000000000014
33760.0,40,1010.0,11.744186046511627,3.836024849669708,40,5358.0,0.1476926769019175,40,5358.0,3.039999999999999
33765.0,43,1060.0,12.325581395348838,3.5453876637520794,43,5243.0,0.12700942688488226,43,5243.0,1.1499999999999986
33770.0,43,1118.0,12.850574712643677,3.8934056142494944,42,5148.0,0.1395850306853857,42,5148.0,0.9500000000000028
33775.0,38,1154.0,13.738095238095237,4.167918017791791,37,5046.0,0.17087101609125935,37,5046.0,1.019999999999996
33780.0,33,1162.0,13.670588235294117,4.412938151819689,32,4764.0,0.18034740711400604,32,4764.0,2.8200000000000003
33785.0,29,1153.0,13.726190476190476,4.485807751531054,28,4624.0,0.1915356855446239,28,4624.0,1.3999999999999986
33790.0,25,891.0,10.607142857142858,4.37932521319501,24,4643.0,0.17343449551526638,24,4643.0,-0.18999999999999773
33795.0,22,811.0,9.771084337349398,4.849009654460037,22,4625.0,0.20959236270298484,22,4625.0,0.17999999999999972
33800.0,25,799.0,9.74390243902439,5.21007695128708,24,4708.0,0.22941443089998637,24,4708.0,-0.8299999999999983
33805.0,26,496.0,5.8352941176470585,4.80551577979826,25,4648.0,0.20666930703268052,25,4648.0,0.6000000000000014
33810.0,25,392.0,4.72289156626506,4.497059666270563,25,4519.0,0.18491066552437466,25,4519.0,1.2899999999999991
33815.0,32,537.0,6.392857142857143,4.3521306806521665,32,4515.0,0.1617368702071472,32,4515.0,0.03999999999999915
33820.0,37,625.0,7.440476190476191,4.302671230737888,37,4497.0,0.12211385503775365,37,4497.0,0.17999999999999972
33825.0,38,665.0,7.916666666666667,4.61765776881413,38,4348.0,0.1243821373664091,38,4348.0,1.490000000000002
33830.0,37,705.0,8.392857142857142,4.7825719019731725,37,4205.0,0.14419236221252443,37,4205.0,1.4299999999999997
33835.0,36,698.0,8.30952380952381,4.395533412588225,36,4328.0,0.12082381491740123,36,4328.0,-1.230000000000004
33840.0,39,742.0,8.833333333333334,4.163430627944897,39,4467.0,0.10531445038861044,39,4467.0,-1.3900000000000006
33845.0,42,798.0,9.388235294117647,4.247529544766896,42,4666.0,0.11553734169652506,42,4666.0,-1.9899999999999949
33850.0,39,810.0,9.642857142857142,4.22695770845654,39,4694.0,0.1111645395035066,39,4694.0,-0.28000000000000114
33855.0,36,775.0,9.011627906976743,4.379534023260565,36,4540.0,0.13073190923426523,36,4540.0,1.5399999999999991
33860.0,32,722.0,8.395348837209303,4.672211961048584,32,4373.0,0.15202243742756555,32,4373.0,1.6700000000000017
33865.0,32,370.0,4.404761904761905,4.284349107294756,31,4406.0,0.13001571956363794,31,4406.0,-0.3300000000000054
33870.0,31,272.0,3.4430379746835444,4.075409552217538,31,4564.0,0.12317301039000249,31,4564.0,-1.5799999999999983
33875.0,32,325.0,4.276315789473684,4.120685078688351,32,4535.0,0.14137933503716588,32,4535.0,0.28999999999999915
33880.0,37,425.0,5.448717948717949,3.8203299548435066,37,4615.0,0.13404244921154604,37,4615.0,-0.7999999999999972
33885.0,40,484.0,6.1265822784810124,3.5988959079231813,40,4626.0,0.11308066821211168,40,4626.0,-0.10999999999999943
33890.0,39,501.0,6.5064935064935066,3.3451415866530807,39,4462.0,0.10414656297244808,39,4462.0,1.6400000000000006
33895.0,36,509.0,6.697368421052632,3.653979619021033,36,4299.0,0.12628132104600248,36,4299.0,1.6299999999999955
33900.0,32,501.0,6.5064935064935066,4.254172315689776,32,3970.0,0.1468083462976429,32,3970.0,3.289999999999999
33905.0,30,485.0,6.0625,4.330108004552526,30,4106.0,0.15466731753007054,30,4106.0,-1.3599999999999994
33910.0,34,544.0,6.886075949367089,4.098619982713216,34,4268.0,0.14845070913766203,34,4268.0,-1.6199999999999974
33915.0,42,633.0,7.814814814814815,3.579060373516824,42,4455.0,0.11456056895489411,42,4455.0,-1.8699999999999974
33920.0,42,667.0,8.134146341463415,3.708712725494406,42,4623.0,0.10945268177658359,42,4623.0,-1.6799999999999997
33925.0,44,783.0,9.7875,3.730325489730787,44,4807.0,0.11936630066674962,44,4807.0,-1.8400000000000034
33930.0,45,906.0,11.048780487804878,3.5238886029235115,45,5028.0,0.11940409627998391,45,5028.0,-2.210000000000001
33935.0,45,942.0,11.62962962962963,3.3705659264469046,45,5059.0,0.11518018622421644,45,5059.0,-0.3100000000000023
33940.0,42,905.0,11.036585365853659,3.2801919017868943,42,4889.0,0.10556006534260316,42,4889.0,1.7000000000000028
33945.0,41,903.0,11.012195121951219,3.5758127113002374,41,4720.0,0.125525762658297,41,4720.0,1.6899999999999977
33950.0,38,932.0,11.79746835443038,3.903457438208427,38,4370.0,0.14896138382860227,38,4370.0,3.5
33955.0,38,972.0,12.0,4.066485245321885,38,4032.0,0.15951232305917606,38,4032.0,3.3800000000000026
33960.0,39,1012.0,12.341463414634147,4.062395762651369,39,3719.0,0.1550114279191622,39,3719.0,3.1300000000000026
33965.0,39,1051.0,13.1375,3.47736006722983,39,3600.0,0.13817942973152197,39,3600.0,1.1899999999999977
33970.0,35,1078.0,13.308641975308642,3.895879025779989,35,3476.0,0.15754637050788595,35,3476.0,1.240000000000002
33975.0,33,1092.0,13.317073170731707,4.4837081035655295,32,3345.0,0.18731519207573352,32,3345.0,1.3099999999999952
33980.0,31,1088.0,12.505747126436782,4.601024302935502,29,3095.0,0.18552232695492532,29,3095.0,2.5000000000000036
33985.0,25,630.0,7.411764705882353,4.7932965704943555,24,3053.0,0.20121037993150992,24,3053.0,0.41999999999999815
33990.0,22,339.0,4.0843373493975905,4.808707910115828,22,2896.0,0.19649716390256336,22,2896.0,1.5700000000000003
33995.0,23,322.0,3.926829268292683,5.189013013601502,22,2832.0,0.22285157970101,22,2832.0,0.6400000000000006
34000.0,26,326.0,4.1265822784810124,4.629051027648091,24,2812.0,0.19450365957381735,24,2812.0,0.1999999999999993
34005.0,32,394.0,4.746987951807229,4.555295310193747,30,2954.0,0.1849340743127184,30,2954.0,-1.4199999999999982
34010.0,31,439.0,5.226190476190476,4.324493003656262,31,3089.0,0.16020949863808068,31,3089.0,-1.3500000000000014
34015.0,33,490.0,5.975609756097561,3.71265137233672,33,3133.0,0.11479404898370768,33,3133.0,-0.4399999999999977
34020.0,33,550.0,6.7073170731707314,4.183119141995689,33,3057.0,0.13409700837190194,33,3057.0,0.759999999999998
34025.0,33,610.0,7.439024390243903,4.4734370958905805,33,2886.0,0.15340351954300271,33,2886.0,1.7100000000000009
34030.0,33,669.0,7.870588235294117,4.530671515599235,33,2838.0,0.1609135217438908,33,2838.0,0.4800000000000004
34035.0,31,718.0,8.447058823529412,4.416561655124111,31,2695.0,0.15263801267214194,31,2695.0,1.4299999999999997
34040.0,30,754.0,8.767441860465116,4.478520299944547,29,2561.0,0.153045897890833,29,2561.0,1.3399999999999999
34045.0,27,786.0,9.357142857142858,4.522226434773417,26,2604.0,0.16339840817867998,26,2604.0,-0.4299999999999997
34050.0,23,843.0,10.156626506024097,4.817418084182798,23,2549.0,0.17506656867964218,23,2549.0,0.5500000000000007
34055.0,21,914.0,11.146341463414634,4.57157287839985,20,2568.0,0.18744818859566625,20,2568.0,-0.19000000000000128
34060.0,20,697.0,8.7125,4.248239821119397,19,2547.0,0.1798278797436535,19,2547.0,0.21000000000000085
34065.0,24,723.0,8.925925925925926,4.030757206338602,24,2653.0,0.15063767598386943,24,2653.0,-1.0600000000000023
34070.0,33,861.0,10.62962962962963,3.996570942985745,33,2789.0,0.15642007777993208,33,2789.0,-1.3599999999999994
34075.0,34,708.0,8.634146341463415,4.187059233680077,34,2827.0,0.1520257424119109,34,2827.0,-0.379999999999999
34080.0,36,764.0,8.988235294117647,4.196563719928485,36,2813.0,0.15535744542406196,36,2813.0,0.14000000000000057
34085.0,41,959.0,11.416666666666666,3.8297202167300193,41,2938.0,0.1416444266290795,41,2938.0,-1.25
34090.0,48,918.0,10.928571428571429,3.1186770595178936,48,3025.0,0.08312693571035672,48,3025.0,-0.870000000000001
34095.0,49,990.0,11.785714285714286,3.3537809463017973,49,3057.0,0.09582614109713941,49,3057.0,-0.3200000000000003
34100.0,53,1249.0,15.048192771084338,3.37452249708307,53,3184.0,0.10990757909163203,53,3184.0,-1.2699999999999996
34105.0,54,1380.0,15.862068965517242,3.230281328507025,54,3328.0,0.09489413379300311,54,3328.0,-1.4400000000000013
34110.0,53,1406.0,15.977272727272727,3.1809603661549968,53,3468.0,0.08407046777641748,53,3468.0,-1.3999999999999986
34115.0,51,1420.0,16.32183908045977,2.958310961906438,51,3595.0,0.0728279638802059,51,3595.0,-1.2700000000000031
34120.0,47,1424.0,16.75294117647059,3.259069913133863,47,3480.0,0.0945213611913231,47,3480.0,1.1500000000000057
34125.0,44,1411.0,16.797619047619047,3.4171144428768745,44,3470.0,0.11679178306269966,44,3470.0,0.09999999999999432
34130.0,42,1380.0,15.681818181818182,3.6781993943806004,42,3451.0,0.13944895029865292,42,3451.0,0.19000000000000483
34135.0,38,1332.0,14.96629213483146,3.8083439679369406,38,3318.0,0.1305414545865409,38,3318.0,1.3299999999999983
34140.0,41,1281.0,14.556818181818182,3.294490345872511,40,3509.0,0.10881350912028473,40,3509.0,-1.9100000000000037
34145.0,43,1244.0,14.465116279069768,3.359373339764483,43,3712.0,0.11362254340426718,43,3712.0,-2.029999999999994
34150.0,42,1224.0,14.068965517241379,3.5612696311792793,42,3917.0,0.11641087162866043,42,3917.0,-2.0500000000000043
34155.0,38,833.0,9.465909090909092,3.6854390466218203,38,3935.0,0.12477007490667828,38,3935.0,-0.17999999999999972
34160.0,37,566.0,6.505747126436781,3.395262243156849,37,4006.0,0.11249089194764947,37,4006.0,-0.7100000000000009
34165.0,43,652.0,7.494252873563219,3.127358508378707,43,4050.0,0.10866703547741986,43,4050.0,-0.4399999999999977
34170.0,47,872.0,9.909090909090908,3.168753601069085,47,4225.0,0.1163304150551965,47,4225.0,-1.75
34175.0,50,1068.0,12.0,3.3703197915667773,50,4296.0,0.10783983359450534,50,4296.0,-0.7100000000000009
34180.0,50,1243.0,13.659340659340659,3.4454605758955714,50,4275.0,0.1196573842473222,50,4275.0,0.21000000000000085
34185.0,56,1508.0,16.571428571428573,3.0492661424767165,56,4355.0,0.09856235873460387,56,4355.0,-0.7999999999999972
34190.0,62,1775.0,19.505494505494507,2.4654281748818563,62,4615.0,0.06013897559787133,62,4615.0,-2.6000000000000014
34195.0,66,2102.0,23.617977528089888,2.263100206203474,66,4932.0,0.04839014640474041,66,4932.0,-3.1700000000000017
34200.0,68,2439.0,27.40449438202247,2.4129075752736076,68,5264.0,0.05859098530919029,68,5264.0,-3.3200000000000003
34205.0,67,2581.0,28.054347826086957,2.2585577293342287,67,5430.0,0.05620931529686781,67,5430.0,-1.6599999999999966
34210.0,63,2578.0,27.72043010752688,2.4801766371544574,63,5418.0,0.0649442029532199,63,5418.0,0.11999999999999744
34215.0,63,2565.0,27.28723404255319,2.5760947673107113,63,5399.0,0.062106246241720287,63,5399.0,0.18999999999999773
34220.0,60,2544.0,27.652173913043477,2.7825997103637015,60,5232.0,0.07824774291499066,60,5232.0,1.6700000000000017
34225.0,58,2403.0,26.406593406593405,2.8507327888042435,58,5428.0,0.08383513941262569,58,5428.0,-1.9600000000000009
34230.0,56,2306.0,24.53191489361702,3.0110338679960726,56,5710.0,0.08888370763140646,56,5710.0,-2.8200000000000003
34235.0,55,2255.0,24.247311827956988,3.02840741203704,55,5865.0,0.08660898693434096,55,5865.0,-1.5499999999999972
34240.0,57,2211.0,24.566666666666666,2.7918376764514705,57,6090.0,0.08117738851344129,57,6090.0,-2.25
34245.0,55,2108.0,23.685393258426966,2.8529907731817343,55,6199.0,0.08314347634496592,55,6199.0,-1.0900000000000034
34250.0,50,1943.0,21.831460674157302,3.3264318213424153,50,6119.0,0.11031301506800957,50,6119.0,0.8000000000000043
34255.0,45,1753.0,19.696629213483146,3.642559419604849,45,6027.0,0.13163238349143438,45,6027.0,0.9199999999999946
34260.0,40,1088.0,12.363636363636363,3.6392971395923097,40,6051.0,0.12113443013496315,40,6051.0,-0.23999999999999488
34265.0,38,532.0,6.114942528735632,3.546960490275206,38,5937.0,0.11070503700284758,38,5937.0,1.1400000000000006
34270.0,38,432.0,5.023255813953488,4.042066781809733,38,5898.0,0.13465874125592395,38,5898.0,0.39000000000000057
34275.0,43,492.0,5.788235294117647,3.690395924506331,43,5935.0,0.11311929097447336,43,5935.0,-0.37000000000000455
34280.0,46,538.0,6.113636363636363,3.361168951391758,46,5993.0,0.0919073479844496,46,5993.0,-0.5799999999999983
34285.0,42,574.0,6.5227272727272725,3.422810315176893,42,6040.0,0.10144695727889662,42,6040.0,-0.46999999999999886
34290.0,41,600.0,6.741573033707865,3.4650638535035028,41,5760.0,0.09647832820702708,41,5760.0,2.799999999999997
34295.0,38,617.0,7.091954022988506,3.8185989365689026,38,5490.0,0.12981504648374279,38,5490.0,2.700000000000003
34300.0,36,618.0,7.103448275862069,4.06272986331873,36,5371.0,0.1451954456620709,36,5371.0,1.1899999999999977
34305.0,32,629.0,7.067415730337078,4.521630565748825,32,5093.0,0.1747257939024207,32,5093.0,2.780000000000001
34310.0,28,666.0,7.568181818181818,4.724360875512438,28,4792.0,0.18232734872678066,28,4792.0,3.009999999999998
34315.0,33,737.0,8.773809523809524,4.093335597388585,32,4647.0,0.16081747823685166,32,4647.0,1.4500000000000028
34320.0,32,808.0,9.505882352941176,4.281736052897782,32,4512.0,0.1683529115247964,32,4512.0,1.3500000000000014
34325.0,29,870.0,10.357142857142858,4.5015632276156525,28,4373.0,0.18892713637457118,28,4373.0,1.3900000000000006
34330.0,25,913.0,10.375,4.71995815936807,25,4230.0,0.1924802498461313,25,4230.0,1.4299999999999997
34335.0,22,947.0,10.885057471264368,4.730277440793356,22,4207.0,0.19358625739692717,22,4207.0,0.22999999999999687
34340.0,19,996.0,11.717647058823529,4.703708834501342,19,4169.0,0.18722317766012367,19,4169.0,0.38000000000000256
34345.0,23,783.0,9.433734939759036,4.680309488213967,21,4137.0,0.18584628076764517,21,4137.0,0.3200000000000003
34350.0,23,776.0,9.349397590361447,4.866886979302184,21,4059.0,0.20258548796699372,21,4059.0,0.779999999999994
34355.0,29,897.0,10.310344827586206,4.691652082231925,28,4085.0,0.19042923165589049,28,4085.0,-0.259999999999998
34360.0,29,779.0,8.954022988505747,4.241694546514342,29,4057.0,0.14432249956734916,29,4057.0,0.28000000000000114
34365.0,31,695.0,7.988505747126437,4.115124663096057,31,4082.0,0.11659070058032299,31,4082.0,-0.25
34370.0,37,870.0,10.0,4.412316796405155,37,4043.0,0.12706643262257794,37,4043.0,0.39000000000000057
34375.0,44,981.0,11.406976744186046,3.877746554870184,44,4089.0,0.10276446316091119,44,4089.0,-0.46000000000000085
34380.0,44,1042.0,11.977011494252874,3.605929369993923,44,4153.0,0.100505610684776,44,4153.0,-0.6400000000000006
34385.0,44,1102.0,12.813953488372093,3.694411275345134,44,4217.0,0.11296944202773847,44,4217.0,-0.6400000000000006
34390.0,45,1119.0,13.011627906976743,3.333857702881326,45,4351.0,0.08984555611255866,45,4351.0,-1.3399999999999963
34395.0,46,1167.0,13.413793103448276,3.610395249502051,46,4473.0,0.09774138652175128,46,4473.0,-1.2199999999999989
34400.0,47,1240.0,14.588235294117647,3.564761790414035,47,4682.0,0.10181146132297501,47,4682.0,-2.0900000000000034
34405.0,47,1267.0,14.563218390804598,3.3072028449909348,46,4748.0,0.08857409657211315,46,4748.0,-0.6599999999999966
34410.0,44,1246.0,14.658823529411764,3.138268717442334,44,4978.0,0.0847410434203851,44,4978.0,-2.3000000000000043
34415.0,44,1209.0,14.74390243902439,2.7464512143553796,44,4854.0,0.08419754646769946,44,4854.0,1.240000000000002
34420.0,39,1164.0,14.024096385542169,3.2321092179128352,39,4580.0,0.10873974137038367,39,4580.0,2.740000000000002
34425.0,35,1146.0,13.975609756097562,3.5393132419995217,35,4457.0,0.12631137169561835,35,4457.0,1.2299999999999969
34430.0,32,1189.0,13.825581395348838,3.8134977900261946,32,4321.0,0.13675694977159522,32,4321.0,1.3599999999999994
34435.0,33,1254.0,14.413793103448276,3.83360903417927,33,4330.0,0.13818141403308648,33,4330.0,-0.0899999999999963
34440.0,34,1326.0,15.241379310344827,3.7480417579264595,34,4042.0,0.12643718354184477,34,4042.0,2.8799999999999955
34445.0,35,1407.0,16.17241379310345,4.063875959589969,35,3922.0,0.14827031791712528,35,3922.0,1.2000000000000028
34450.0,33,930.0,10.941176470588236,3.805686641548244,33,4087.0,0.136939092370517,33,4087.0,-1.6499999999999986
34455.0,37,564.0,6.409090909090909,3.7495778546199845,36,4262.0,0.13712018880325455,36,4262.0,-1.75
34460.0,35,605.0,6.875,3.6484624501605833,35,4227.0,0.13195497353072097,35,4227.0,0.3499999999999943
34465.0,35,386.0,4.386363636363637,3.5406603382693165,35,4284.0,0.11786171782075544,35,4284.0,-0.5700000000000003
34470.0,38,437.0,5.0813953488372094,3.55076417241195,38,4362.0,0.13078947557951773,38,4362.0,-0.779999999999994
34475.0,42,629.0,7.2298850574712645,3.579160495410217,42,4486.0,0.13106054188096863,42,4486.0,-1.240000000000002
34480.0,46,755.0,8.296703296703297,3.5618574113049224,46,4532.0,0.12324430393169063,46,4532.0,-0.46000000000000085
34485.0,46,830.0,9.222222222222221,3.2437139994610042,46,4424.0,0.10646169283553504,46,4424.0,1.0799999999999983
34490.0,49,914.0,10.386363636363637,3.2287466572879895,49,4329.0,0.10639731129515194,49,4329.0,0.9500000000000028
34495.0,50,1004.0,11.540229885057471,3.3247989986691002,50,4088.0,0.11387231068150021,50,4088.0,2.4099999999999966
34500.0,49,1094.0,12.574712643678161,3.6143309673048187,49,3996.0,0.12418055921775606,49,3996.0,0.9200000000000017
34505.0,45,1172.0,13.168539325842696,3.8287374370993024,45,3910.0,0.1405275189478294,45,3910.0,0.8599999999999994
34510.0,43,1234.0,13.71111111111111,3.8109956092898147,43,3923.0,0.14332334763952104,43,3923.0,-0.12999999999999545
34515.0,43,1285.0,14.277777777777779,3.6866654443059064,43,3851.0,0.13443487165006385,43,3851.0,0.7199999999999989
34520.0,40,1326.0,14.733333333333333,4.083580969857517,39,3864.0,0.15981771016397303,39,3864.0,-0.13000000000000256
34525.0,38,1173.0,13.033333333333333,4.297917191178625,38,4053.0,0.16033994228903248,38,4053.0,-1.8900000000000006
34530.0,38,902.0,9.595744680851064,4.478279520059118,38,4234.0,0.16746373062503675,38,4234.0,-1.8100000000000023
34535.0,43,845.0,9.285714285714286,3.943355231888658,42,4432.0,0.1426453076899648,42,4432.0,-1.9799999999999969
34540.0,44,682.0,7.4945054945054945,3.864236529131267,44,4526.0,0.13424765305991143,44,4526.0,-0.9399999999999977
34545.0,41,771.0,8.566666666666666,4.3386208780365,41,4551.0,0.15717191726037394,41,4551.0,-0.25
34550.0,46,991.0,11.261363636363637,4.399536355542607,46,4684.0,0.16209975351660477,46,4684.0,-1.3300000000000054
34555.0,50,1146.0,12.456521739130435,3.9340218284836275,50,4644.0,0.13434160966413455,50,4644.0,0.4000000000000057
34560.0,50,1247.0,13.855555555555556,3.4091301397838385,50,4396.0,0.10120714231703339,50,4396.0,2.479999999999997
34565.0,52,1381.0,15.344444444444445,3.305101166022325,52,4248.0,0.09745864856132896,52,4248.0,1.480000000000004
34570.0,56,1655.0,18.59550561797753,3.383276028947405,56,4103.0,0.09998461856485902,56,4103.0,1.4499999999999957
34575.0,59,1791.0,19.681318681318682,3.274001905962851,59,4256.0,0.08810272164692501,59,4256.0,-1.5300000000000011
34580.0,56,1828.0,19.655913978494624,3.2750735857319033,56,4284.0,0.08785097610419741,56,4284.0,-0.28000000000000114
34585.0,53,1848.0,20.08695652173913,3.336981890321485,53,4289.0,0.09401533745393348,53,4289.0,-0.04999999999999716
34590.0,52,1859.0,20.206521739130434,3.4552504863124334,52,4159.0,0.09331257959229856,52,4159.0,1.2999999999999972
34595.0,50,1514.0,16.822222222222223,3.3654020309801247,50,4242.0,0.09852577956389787,50,4242.0,-0.8299999999999983
34600.0,45,1197.0,13.3,3.699186785298183,45,4212.0,0.12197652285112885,45,4212.0,0.30000000000000426
34605.0,47,1177.0,12.793478260869565,3.7462172206847875,47,4250.0,0.13065950947882193,47,4250.0,-0.38000000000000256
34610.0,48,1119.0,12.03225806451613,3.5215984593586804,48,4346.0,0.09792344155145967,48,4346.0,-0.9600000000000009
34615.0,48,1031.0,11.206521739130435,3.4295189749137953,48,4310.0,0.10314546817599818,48,4310.0,0.35999999999999943
34620.0,44,932.0,10.241758241758241,3.6302802196604285,44,4268.0,0.12237932871385844,44,4268.0,0.4200000000000017
34625.0,42,714.0,7.760869565217392,3.7552034554866713,41,4335.0,0.12098417521527768,41,4335.0,-0.6700000000000017
34630.0,42,536.0,5.6421052631578945,3.71394270894091,42,4547.0,0.11625153721133934,42,4547.0,-2.1199999999999974
34635.0,40,568.0,6.042553191489362,3.929058563595332,40,4517.0,0.13120282517575807,40,4517.0,0.29999999999999716
34640.0,44,617.0,6.855555555555555,3.2954342388759814,44,4586.0,0.10053462740518362,44,4586.0,-0.6899999999999977
34645.0,45,692.0,7.775280898876405,3.4263640278461858,45,4540.0,0.11192546938468564,45,4540.0,0.46000000000000085
34650.0,46,767.0,8.428571428571429,3.6285231584817303,46,4499.0,0.11906184179144778,46,4499.0,0.4099999999999966
34655.0,42,833.0,9.153846153846153,3.833614947057632,42,4327.0,0.13065743896995255,42,4327.0,1.7199999999999989
34660.0,38,611.0,6.788888888888889,3.6492854048040804,38,4415.0,0.1195385328841789,38,4415.0,-0.8799999999999955
34665.0,38,580.0,6.590909090909091,3.5431532907184264,38,4442.0,0.11841499331233332,38,4442.0,-0.2700000000000031
34670.0,41,655.0,7.443181818181818,3.704376531593894,41,4568.0,0.12854390968621862,41,4568.0,-1.259999999999998
34675.0,43,747.0,8.686046511627907,3.5560376627123436,43,4636.0,0.1226539167285168,43,4636.0,-0.6799999999999997
34680.0,44,813.0,9.033333333333333,3.571234341141739,44,4715.0,0.10733797421245674,44,4715.0,-0.7899999999999991
34685.0,43,876.0,9.733333333333333,3.618163674668886,43,4790.0,0.11788501533795373,43,4790.0,-0.75
34690.0,42,929.0,10.322222222222223,3.4123799096499026,42,4586.0,0.10802568162983976,42,4586.0,2.039999999999999
34695.0,39,977.0,10.736263736263735,3.8170034430426716,39,4391.0,0.12827590899781713,39,4391.0,1.9500000000000028
34700.0,36,743.0,8.255555555555556,4.015664786850734,36,4429.0,0.1456391180854825,36,4429.0,-0.38000000000000256
34705.0,33,591.0,6.566666666666666,4.032625326821806,33,4366.0,0.15057471758501664,33,4366.0,0.6300000000000026
34710.0,37,685.0,7.696629213483146,4.043860189867688,37,4391.0,0.15232249672740295,37,4391.0,-0.25
34715.0,45,769.0,8.640449438202246,3.2909360576864413,45,4454.0,0.08546128900493,45,4454.0,-0.6300000000000026
34720.0,41,830.0,9.540229885057471,3.6123729690415693,41,4385.0,0.10563904520178115,41,4385.0,0.6899999999999977
34725.0,37,873.0,10.03448275862069,4.034816115311776,37,4301.0,0.13549354606361785,37,4301.0,0.8400000000000034
34730.0,34,791.0,8.78888888888889,4.038956350980139,34,4423.0,0.13554488422535296,34,4423.0,-1.2199999999999989
34735.0,37,841.0,9.241758241758241,3.9119653642001095,37,4547.0,0.12317381510007729,37,4547.0,-1.240000000000002
34740.0,41,950.0,10.555555555555555,3.7404169363715525,41,4738.0,0.11756392066163888,41,4738.0,-1.9100000000000037
34745.0,43,1044.0,11.472527472527473,3.802953438443399,43,4803.0,0.10798600826694098,43,4803.0,-0.6499999999999986
34750.0,43,1109.0,12.186813186813186,3.905846544831775,43,4873.0,0.11063720376658827,43,4873.0,-0.6999999999999957
34755.0,43,1174.0,12.76086956521739,3.8028183500133377,43,4797.0,0.12274008104180635,43,4797.0,0.759999999999998
34760.0,42,875.0,10.057471264367816,3.1459181154341738,42,4809.0,0.09955925477447174,42,4809.0,-0.12000000000000455
34765.0,42,464.0,5.213483146067416,3.010039251149609,42,4840.0,0.08615876995455292,42,4840.0,-0.30999999999999517
34770.0,41,479.0,5.505747126436781,3.167371933457417,41,4734.0,0.10435306885654703,41,4734.0,1.0599999999999952
34775.0,42,560.0,6.511627906976744,3.3941151512028496,42,4724.0,0.1230652646679475,42,4724.0,0.10000000000000142
34780.0,46,635.0,7.055555555555555,2.990361821217123,46,4782.0,0.09738869343095852,46,4782.0,-0.5799999999999983
34785.0,47,685.0,7.784090909090909,2.900256084416949,47,4702.0,0.10636902720837486,47,4702.0,0.7999999999999972
34790.0,49,739.0,8.21111111111111,3.0414885577972637,49,4627.0,0.10712596241949082,49,4627.0,0.75
34795.0,46,788.0,8.755555555555556,3.458859309778258,46,4409.0,0.11145546312474834,46,4409.0,2.1799999999999997
34800.0,43,823.0,9.247191011235955,3.791382530014908,43,4199.0,0.12940137993256826,43,4199.0,2.1000000000000014
34805.0,39,845.0,9.38888888888889,4.075274314565598,39,3997.0,0.15055251625436442,39,3997.0,2.020000000000003
34810.0,35,593.0,6.662921348314606,3.9405594249671916,35,4043.0,0.146166350954651,35,4043.0,-0.46000000000000085
34815.0,36,509.0,5.784090909090909,3.849968772853531,36,4011.0,0.14406688853036675,36,4011.0,0.3200000000000003
34820.0,41,601.0,6.829545454545454,4.103748488067305,41,4088.0,0.14926839229002956,41,4088.0,-0.7700000000000031
34825.0,43,664.0,7.377777777777778,4.174337096665419,43,4149.0,0.12977409917512733,43,4149.0,-0.6099999999999994
34830.0,39,691.0,7.593406593406593,4.475426824282979,39,4069.0,0.14771248955759755,39,4069.0,0.8000000000000043
34835.0,34,696.0,7.733333333333333,4.821620487578136,34,3973.0,0.16616585385387436,34,3973.0,0.9600000000000009
34840.0,33,505.0,5.674157303370786,4.503754123493467,32,3999.0,0.14283327165299126,32,3999.0,-0.2600000000000051
34845.0,31,369.0,4.290697674418604,4.5859244450972,31,4159.0,0.15179086928489469,31,4159.0,-1.6000000000000014
34850.0,34,456.0,5.428571428571429,4.670813106711931,34,4113.0,0.16697360987702373,34,4113.0,0.46000000000000085
34855.0,41,386.0,4.386363636363637,3.9966404357338834,41,4213.0,0.12850328354189489,41,4213.0,-1.0
34860.0,45,508.0,5.7727272727272725,3.824211454561788,45,4325.0,0.11636785465377365,45,4325.0,-1.1199999999999974
34865.0,48,669.0,7.77906976744186,3.527141083651069,48,4536.0,0.10597476726395479,48,4536.0,-2.1099999999999994
34870.0,46,789.0,9.621951219512194,3.076670906364683,46,4691.0,0.083544697012777,46,4691.0,-1.5499999999999972
34875.0,46,922.0,11.525,3.2472970659629725,46,4804.0,0.10488840600520018,46,4804.0,-1.1300000000000026
34880.0,47,1120.0,13.333333333333334,3.3928652288547774,47,5003.0,0.1122974297320806,47,5003.0,-1.990000000000002
34885.0,52,1370.0,16.11764705882353,3.4181501212812804,52,5253.0,0.1025154020129345,52,5253.0,-2.5
34890.0,57,1492.0,17.55294117647059,2.6684002772826716,57,5342.0,0.0492062865237438,57,5342.0,-0.8900000000000006
34895.0,54,1518.0,18.289156626506024,2.831239470608063,54,5260.0,0.07034886364125474,54,5260.0,0.8200000000000003
34900.0,51,1528.0,18.634146341463413,3.16155713321801,51,5166.0,0.09990690895081367,51,5166.0,0.9400000000000048
34905.0,47,1520.0,17.88235294117647,3.4500878103566164,47,4893.0,0.11594535267060287,47,4893.0,2.729999999999997
34910.0,45,1495.0,17.38372093023256,3.9102074513655,45,4633.0,0.1460081484809244,45,4633.0,2.6000000000000014
34915.0,44,1460.0,16.7816091954023,3.6634256370448135,43,4396.0,0.11215053019937252,43,4396.0,2.3699999999999974
34920.0,42,1384.0,15.727272727272727,3.880134163442847,41,4577.0,0.126184828223228,41,4577.0,-1.8100000000000023
34925.0,45,1341.0,15.593023255813954,3.822905500045307,44,4784.0,0.13564543754334552,44,4784.0,-2.0700000000000003
34930.0,44,1305.0,15.174418604651162,3.8699563380335773,44,4999.0,0.14427783168898586,44,4999.0,-2.1499999999999986
34935.0,40,1221.0,14.19767441860465,4.057463264939546,40,5045.0,0.13583268460401624,40,5045.0,-0.46000000000000085
34940.0,38,1091.0,12.686046511627907,4.172605244396252,38,4916.0,0.13380677023520005,38,4916.0,1.2900000000000063
34945.0,33,955.0,11.790123456790123,4.550582464798142,33,4775.0,0.16935644930481733,33,4775.0,1.4099999999999966
34950.0,28,845.0,10.833333333333334,4.9358407150276875,28,4467.0,0.20165163196590086,28,4467.0,3.0799999999999983
34955.0,24,780.0,9.873417721518987,5.175004867073161,24,4172.0,0.22030157803067402,24,4172.0,2.950000000000003
34960.0,26,813.0,10.291139240506329,5.177148518918812,26,4276.0,0.2137412497688092,26,4276.0,-1.0399999999999991
34965.0,33,888.0,10.962962962962964,4.620222570616514,33,4426.0,0.17270869067398242,33,4426.0,-1.5
34970.0,37,988.0,12.197530864197532,4.223728305329114,37,4592.0,0.13825402555572328,37,4592.0,-1.6600000000000037
34975.0,36,1062.0,13.275,4.444503931921307,36,4627.0,0.14009708397219042,36,4627.0,-0.3500000000000014
34980.0,32,1091.0,13.469135802469136,4.490559162107102,32,4503.0,0.1590140762666606,32,4503.0,1.240000000000002
34985.0,30,1103.0,13.617283950617283,4.610365128904539,30,4363.0,0.17538566978411574,30,4363.0,1.3999999999999986
34990.0,28,1137.0,14.037037037037036,4.546565780390771,28,4079.0,0.16338615868198073,28,4079.0,2.8400000000000034
34995.0,28,1207.0,15.278481012658228,4.795558131326984,28,3820.0,0.18707557971236471,28,3820.0,2.5899999999999963
35000.0,29,1101.0,13.936708860759493,4.884406956415737,29,3876.0,0.185688306983035,29,3876.0,-0.5599999999999952
35005.0,35,1170.0,14.096385542168674,4.41773728759352,35,4036.0,0.15923544695637792,35,4036.0,-1.6000000000000014
35010.0,35,1261.0,15.567901234567902,3.9604360137097094,35,4147.0,0.13904892363805502,35,4147.0,-1.1099999999999994
35015.0,39,1340.0,16.962025316455698,3.536832181767086,39,4186.0,0.12799846613738808,39,4186.0,-0.39000000000000057
35020.0,35,1383.0,17.2875,3.982186592545129,35,4083.0,0.14348317029401836,35,4083.0,1.0300000000000011
35025.0,33,1414.0,17.675,4.42373726335771,33,3967.0,0.1707984538735785,33,3967.0,1.1599999999999966
35030.0,29,874.0,10.404761904761905,4.464423049739959,29,3886.0,0.1635807546556339,29,3886.0,0.8100000000000023
35035.0,29,352.0,4.240963855421687,4.343094594422738,29,3635.0,0.15662197834196023,29,3635.0,2.509999999999998
35040.0,34,363.0,4.426829268292683,4.203538757823552,34,3481.0,0.1478392275997688,34,3481.0,1.5399999999999991
35045.0,40,478.0,5.690476190476191,4.133836368604292,40,3379.0,0.13267318355333524,40,3379.0,1.0200000000000031
35050.0,42,555.0,6.7682926829268295,3.8954235794369367,42,3428.0,0.11984897130761774,42,3428.0,-0.490000000000002
35055.0,40,585.0,7.048192771084337,3.9045804231623356,40,3318.0,0.12152922261817904,40,3318.0,1.1000000000000014
35060.0,35,597.0,7.192771084337349,4.108969076507224,35,3209.0,0.13857742672011006,35,3209.0,1.0899999999999963
35065.0,36,467.0,5.626506024096385,3.6407253996943143,36,3309.0,0.10654817324239696,36,3309.0,-1.0
35070.0,37,534.0,6.433734939759036,3.9479977798049037,37,3411.0,0.11794852834923679,37,3411.0,-1.019999999999996
35075.0,42,634.0,7.63855421686747,4.005032429802083,42,3606.0,0.12667456978966118,42,3606.0,-1.9500000000000028
35080.0,44,663.0,7.8,3.6841432859593852,44,3746.0,0.10437450041096673,44,3746.0,-1.3999999999999986
35085.0,46,765.0,9.0,3.6751462006730082,46,3880.0,0.10776585748482329,46,3880.0,-1.3399999999999963
35090.0,48,897.0,10.678571428571429,3.4191078643922825,48,4092.0,0.1011678709812237,48,4092.0,-2.1200000000000045
35095.0,47,946.0,11.536585365853659,3.0845810569564223,47,4159.0,0.08062395762595884,47,4159.0,-0.6700000000000017
35100.0,43,918.0,11.060240963855422,3.6293133857875546,43,4056.0,0.10396736848009047,43,4056.0,1.0300000000000011
35105.0,40,901.0,10.6,3.9135835001576225,40,3958.0,0.133281489106259,40,3958.0,0.980000000000004
35110.0,41,930.0,11.071428571428571,3.6178002014946316,41,4153.0,0.1164034099253624,41,4153.0,-1.9500000000000028
35115.0,47,999.0,11.75294117647059,3.2570643591741186,47,4372.0,0.08795624856626826,47,4372.0,-2.1899999999999977
35120.0,52,1099.0,13.240963855421686,2.9673007088718766,52,4622.0,0.07924592139015772,52,4622.0,-2.5
35125.0,51,1166.0,14.395061728395062,2.7763310609870433,51,4723.0,0.07732280374838181,51,4723.0,-1.009999999999998
35130.0,49,1188.0,13.813953488372093,3.068296901533732,49,4656.0,0.10167731814808731,49,4656.0,0.6699999999999946
35135.0,45,1193.0,14.035294117647059,3.2547855088590905,45,4571.0,0.11840804244124017,45,4571.0,0.8500000000000014
35140.0,45,811.0,9.654761904761905,2.636104963659178,44,4629.0,0.08715553004640667,44,4629.0,-0.5799999999999983
35145.0,43,524.0,6.313253012048193,2.7947635133831357,43,4854.0,0.09419144781396263,43,4854.0,-2.25
35150.0,41,501.0,6.036144578313253,3.2742794061080214,41,4788.0,0.11659496898362588,41,4788.0,0.6599999999999966
35155.0,42,456.0,5.428571428571429,2.9824900629354483,42,4828.0,0.10907953565650275,42,4828.0,-0.3999999999999986
35160.0,39,434.0,5.2926829268292686,3.1869149356358237,39,4700.0,0.12056778817738577,39,4700.0,1.2800000000000011
35165.0,42,485.0,5.987654320987654,2.8936017663034854,42,4577.0,0.10899698145413039,42,4577.0,1.2299999999999969
35170.0,42,512.0,6.2439024390243905,2.942621999584808,42,4758.0,0.10300853737928682,42,4758.0,-1.8099999999999952
35175.0,44,575.0,6.845238095238095,3.1549564822890477,44,4969.0,0.10780805231180976,44,4969.0,-2.1099999999999994
35180.0,45,648.0,7.363636363636363,3.2093956706064106,45,5190.0,0.11253442866465507,45,5190.0,-2.210000000000001
35185.0,44,684.0,7.7727272727272725,3.1659999633321303,44,5245.0,0.09247648421571955,44,5245.0,-0.5500000000000043
35190.0,42,714.0,8.30232558139535,3.1493036329101822,42,5120.0,0.09817499670194714,42,5120.0,1.25
35195.0,43,778.0,9.152941176470588,3.31999350793963,43,4999.0,0.11758295618058996,43,4999.0,1.2100000000000009
35200.0,44,705.0,8.19767441860465,3.232302447433529,43,5062.0,0.1068173480862029,43,5062.0,-0.6299999999999955
35205.0,42,609.0,6.842696629213483,3.258181377702461,42,5276.0,0.1073038041551372,42,5276.0,-2.1400000000000006
35210.0,42,661.0,7.597701149425287,3.1888545909909842,42,5246.0,0.10808181248440785,42,5246.0,0.29999999999999716
35215.0,46,691.0,8.129411764705882,2.5981767680702115,46,5288.0,0.07902822650418001,46,5288.0,-0.4200000000000017
35220.0,43,725.0,8.529411764705882,3.0853842510979694,43,5212.0,0.10364494603418409,43,5212.0,0.7600000000000051
35225.0,43,790.0,9.404761904761905,3.371990996126394,43,5137.0,0.12646763551695883,43,5137.0,0.75
35230.0,42,854.0,9.816091954022989,3.5677470768075126,42,4934.0,0.13175397712329945,42,4934.0,2.029999999999994
35235.0,39,839.0,9.534090909090908,3.4063604503757556,39,5030.0,0.11512357857430608,39,5030.0,-0.9599999999999937
35240.0,40,842.0,9.460674157303371,3.3168614314853477,40,5148.0,0.10243927843162726,40,5148.0,-1.1799999999999997
35245.0,42,904.0,10.39080459770115,3.564608398138998,42,5252.0,0.12174828147065149,42,5252.0,-1.0400000000000063
35250.0,42,963.0,11.19767441860465,3.653344027182405,42,5311.0,0.1253356392941608,42,5311.0,-0.5899999999999963
35255.0,42,1023.0,11.625,3.749793186269524,42,5219.0,0.13083767858057618,42,5219.0,0.9200000000000017
35260.0,42,1082.0,12.157303370786517,3.7895292661472073,42,5130.0,0.1283001399761342,42,5130.0,0.8900000000000006
35265.0,41,988.0,11.227272727272727,3.3968720502557614,41,5262.0,0.0998434797784938,41,5262.0,-1.3200000000000003
35270.0,42,1041.0,11.696629213483146,3.678468733545162,42,5393.0,0.11654373934703456,42,5393.0,-1.3100000000000023
35275.0,43,1108.0,12.735632183908047,3.749764392810639,43,5604.0,0.1326053964812318,43,5604.0,-2.1099999999999994
35280.0,41,1161.0,13.5,3.576591147090634,41,5654.0,0.1228576061261261,41,5654.0,-0.5
35285.0,41,1216.0,13.977011494252874,3.5435959472154606,41,5550.0,0.11951420686903562,41,5550.0,1.0399999999999991
35290.0,43,1275.0,14.325842696629213,3.453266622023444,43,5449.0,0.10889505699289043,43,5449.0,1.009999999999998
35295.0,41,1333.0,15.32183908045977,3.5352719614059844,41,5198.0,0.11340588405260472,41,5198.0,2.510000000000005
35300.0,37,1376.0,16.188235294117646,3.8630831867977236,37,4952.0,0.1419124261357384,37,4952.0,2.4599999999999937
35305.0,34,1403.0,15.764044943820224,4.2309833643415145,34,4847.0,0.16373974557032156,34,4847.0,1.0500000000000043
35310.0,32,1438.0,15.802197802197803,4.229922594520388,32,4592.0,0.15154628931162772,32,4592.0,2.549999999999997
35315.0,31,1510.0,17.15909090909091,4.300491253803383,31,4482.0,0.16763545666495655,31,4482.0,1.1000000000000014
35320.0,33,1594.0,17.910112359550563,4.469810409916903,32,4248.0,0.17368873843700808,32,4248.0,2.3400000000000034
35325.0,33,1677.0,18.633333333333333,4.687363473108015,33,4162.0,0.17622545766703784,33,4162.0,0.8599999999999994
35330.0,28,1746.0,19.186813186813186,4.7070478230230055,28,4061.0,0.18616887869301427,28,4061.0,1.009999999999998
35335.0,22,1139.0,12.655555555555555,4.787838673589784,22,3950.0,0.19273341557859272,22,3950.0,1.1099999999999994
35340.0,21,547.0,6.215909090909091,4.778059293709779,20,3638.0,0.19597198898296292,20,3638.0,3.1199999999999974
35345.0,20,512.0,6.095238095238095,5.102917787418543,19,3409.0,0.2241011206656551,19,3409.0,2.289999999999999
35350.0,23,612.0,7.285714285714286,4.980207450038017,23,3209.0,0.22329293060655,23,3209.0,2.0
35355.0,35,448.0,5.033707865168539,3.978089937345464,33,3345.0,0.15774299890393592,33,3345.0,-1.3599999999999994
35360.0,37,476.0,5.409090909090909,3.792759889698529,35,3388.0,0.1409914189160546,35,3388.0,-0.4299999999999997
35365.0,37,621.0,7.137931034482759,3.5897803896978155,37,3342.0,0.11223460344839266,37,3342.0,0.46000000000000085
35370.0,42,821.0,9.329545454545455,3.888511910805173,42,3429.0,0.12569547550337115,42,3429.0,-0.8699999999999974
35375.0,47,874.0,9.71111111111111,3.870435221584448,47,3565.0,0.10726845438781042,47,3565.0,-1.3599999999999994
35380.0,51,1103.0,12.12087912087912,3.83655111232266,51,3746.0,0.09377693442830204,51,3746.0,-1.8100000000000023
35385.0,53,1363.0,15.314606741573034,3.7992489438482306,53,3956.0,0.09729910439828289,53,3956.0,-2.1000000000000014
35390.0,54,1479.0,16.806818181818183,3.258377190872861,54,4053.0,0.060021648972502006,54,4053.0,-0.9699999999999989
35395.0,52,1486.0,16.886363636363637,3.537492348975554,52,3979.0,0.0869159163697969,52,3979.0,0.740000000000002
35400.0,47,1474.0,16.56179775280899,4.149454671774063,47,3890.0,0.11032485363504635,47,3890.0,0.8900000000000006
35405.0,44,1445.0,16.055555555555557,4.322568251666359,44,3636.0,0.13067556283658638,44,3636.0,2.539999999999999
35410.0,40,1398.0,15.533333333333333,4.46041440580179,40,3413.0,0.13947271829161653,40,3413.0,2.229999999999997
35415.0,42,1342.0,15.425287356321839,4.041069091591588,41,3212.0,0.1243850900962812,41,3212.0,2.010000000000005
35420.0,38,1277.0,15.385542168674698,4.024390748890641,38,3157.0,0.14600021216516054,38,3157.0,0.5499999999999972
35425.0,33,1190.0,14.337349397590362,4.567800295998631,33,3088.0,0.18185562360139193,33,3088.0,0.6900000000000013
35430.0,31,1090.0,12.528735632183908,4.707863530919813,31,3026.0,0.18033792075709887,31,3026.0,0.6199999999999974
35435.0,33,823.0,9.68235294117647,4.435180843473747,32,3167.0,0.16672590691964462,32,3167.0,-1.4100000000000001
35440.0,37,766.0,9.119047619047619,4.05493739953674,36,3334.0,0.14594128627593506,36,3334.0,-1.6700000000000017
35445.0,34,762.0,9.071428571428571,4.339241346059469,34,3414.0,0.16012838066390667,34,3414.0,-0.7999999999999972
35450.0,33,779.0,9.5,4.467467252774436,33,3455.0,0.17273128026183798,33,3455.0,-0.4099999999999966
35455.0,31,813.0,9.795180722891565,4.614843539756325,31,3366.0,0.19176875373749494,31,3366.0,0.8900000000000006
35460.0,32,884.0,10.650602409638553,4.631848669450552,32,3290.0,0.18536449160349325,32,3290.0,0.759999999999998
35465.0,38,972.0,11.710843373493976,3.9384258511401034,36,3137.0,0.15705772203743337,36,3137.0,1.5299999999999976
35470.0,36,1053.0,12.686746987951807,3.7790172099263586,34,3097.0,0.15017878426788497,34,3097.0,0.40000000000000213
35475.0,35,1134.0,13.5,3.9913948096164105,34,3175.0,0.15106721517358968,34,3175.0,-0.7800000000000011
35480.0,33,1216.0,14.13953488372093,4.041776579597601,33,3252.0,0.1584738456473982,33,3252.0,-0.7700000000000031
35485.0,35,907.0,10.670588235294117,3.6516711355294538,32,3228.0,0.14047954101894208,32,3228.0,0.240000000000002
35490.0,29,584.0,6.9523809523809526,3.593145748436905,29,3087.0,0.14382455419854978,29,3087.0,1.4100000000000001
35495.0,30,641.0,7.541176470588235,4.166986385086116,30,3009.0,0.1757248080729882,30,3009.0,0.7800000000000011
35500.0,32,696.0,8.093023255813954,3.9423707221683943,32,3061.0,0.15224844518260336,32,3061.0,-0.5199999999999996
35505.0,34,769.0,8.45054945054945,4.064668091315431,34,3205.0,0.1339920160371261,34,3205.0,-1.4399999999999977
35510.0,33,844.0,9.48314606741573,4.242536731673902,33,3164.0,0.14334622218745252,33,3164.0,0.4099999999999966
35515.0,36,628.0,7.136363636363637,3.680644583414509,36,3209.0,0.10595020295285182,36,3209.0,-0.45000000000000284
35520.0,38,636.0,7.2272727272727275,3.7706371343513627,38,3219.0,0.11156076605772822,38,3219.0,-0.09999999999999432
35525.0,44,751.0,8.732558139534884,3.7151836608750513,44,3341.0,0.1167487681355693,44,3341.0,-1.2199999999999989
35530.0,46,660.0,7.415730337078652,3.495871714524024,46,3421.0,0.09837598302694539,46,3421.0,-0.8000000000000043
35535.0,43,580.0,6.444444444444445,3.7140585551569916,43,3403.0,0.10299941270303015,43,3403.0,0.17999999999999972
35540.0,47,716.0,8.136363636363637,3.4449595634933683,47,3472.0,0.09961975214768089,47,3472.0,-0.6899999999999977
35545.0,49,774.0,8.795454545454545,3.1578296829724364,49,3578.0,0.08165099488937941,49,3578.0,-1.0600000000000023
35550.0,45,786.0,9.24705882352941,3.273293142417463,45,3550.0,0.09582902229330391,45,3550.0,0.28000000000000114
35555.0,42,833.0,9.465909090909092,3.6205208082833806,42,3510.0,0.11969259181887676,42,3510.0,0.3999999999999986
35560.0,42,888.0,10.090909090909092,3.8978156375806234,42,3355.0,0.13088047140959053,42,3355.0,1.5500000000000043
35565.0,45,887.0,9.855555555555556,3.5980976517984407,45,3500.0,0.10063667252625182,45,3500.0,-1.4500000000000028
35570.0,48,965.0,11.091954022988507,3.336020804072498,48,3691.0,0.0980788954864372,48,3691.0,-1.9099999999999966
35575.0,50,1056.0,12.423529411764706,3.4002443322825022,50,3909.0,0.1105065115809411,50,3909.0,-2.180000000000007
35580.0,47,1103.0,12.393258426966293,3.4094160946339245,47,4020.0,0.10941815674381787,47,4020.0,-1.1099999999999994
35585.0,43,1102.0,12.522727272727273,3.428180224694565,43,3985.0,0.11715008204549342,43,3985.0,0.3500000000000014
35590.0,43,1092.0,12.551724137931034,3.4437014242500923,43,3939.0,0.11630308300749416,43,3939.0,0.46000000000000085
35595.0,41,1073.0,12.333333333333334,3.805252230221893,41,3777.0,0.13004229023131514,41,3777.0,1.6199999999999974
35600.0,37,1041.0,12.104651162790697,4.416025786017749,37,3623.0,0.1672918869766402,37,3623.0,1.5400000000000063
35605.0,32,1031.0,11.715909090909092,4.671678884555851,32,3468.0,0.1860835375586749,32,3468.0,1.5499999999999972
35610.0,29,1054.0,12.4,4.612795028895228,29,3410.0,0.19846706065335487,29,3410.0,0.5799999999999983
35615.0,31,1127.0,13.258823529411766,4.484359414350113,31,3270.0,0.17716228661790526,31,3270.0,1.3999999999999986
35620.0,32,1207.0,13.873563218390805,4.479667785140987,32,3332.0,0.1777579424241772,32,3332.0,-0.6199999999999974
35625.0,32,1243.0,14.453488372093023,4.472183860781871,32,3487.0,0.17574397040618459,32,3487.0,-1.5499999999999972
35630.0,35,1334.0,14.822222222222223,4.459714006406167,33,3647.0,0.17151731787591826,33,3647.0,-1.6000000000000014
35635.0,36,1430.0,16.06741573033708,4.507044703993778,35,3825.0,0.17580193580018533,35,3825.0,-1.7800000000000011
35640.0,38,1510.0,17.15909090909091,4.069592430551541,38,3904.0,0.1434653869817891,38,3904.0,-0.7899999999999991
35645.0,35,1599.0,19.035714285714285,4.328909443774419,35,3867.0,0.17296804234534163,35,3867.0,0.36999999999999744
35650.0,35,1694.0,20.166666666666668,4.687422537823295,35,3843.0,0.19322031087236088,35,3843.0,0.240000000000002
35655.0,38,1763.0,20.03409090909091,4.193107635888261,38,3958.0,0.16085036400002667,38,3958.0,-1.1499999999999986
35660.0,40,1824.0,20.727272727272727,3.5733248430887445,40,4113.0,0.11269829587551312,40,4113.0,-1.5500000000000043
35665.0,47,1968.0,22.620689655172413,3.248960004634785,47,4314.0,0.09482310890006998,47,4314.0,-2.009999999999998
35670.0,48,2086.0,23.977011494252874,3.1427195201060116,48,4448.0,0.09052709621084584,48,4448.0,-1.3399999999999963
35675.0,46,2163.0,24.862068965517242,3.342447027383735,46,4471.0,0.11587167447632228,46,4471.0,-0.23000000000000398
35680.0,41,2221.0,25.238636363636363,3.5769389262467683,41,4481.0,0.13382944383588605,41,4481.0,-0.10000000000000142
35685.0,38,2262.0,26.0,3.685250197932392,38,4392.0,0.13334105085419432,38,4392.0,0.8900000000000006
35690.0,37,1890.0,21.477272727272727,3.5694468919675044,37,4416.0,0.11929897647732451,37,4416.0,-0.23999999999999488
35695.0,37,1718.0,19.08888888888889,3.8738557808865464,37,4325.0,0.13582876958940815,37,4325.0,0.9099999999999966
35700.0,41,1838.0,20.42222222222222,4.184182260107569,41,4337.0,0.15260263986803796,41,4337.0,-0.11999999999999744
35705.0,46,1368.0,14.709677419354838,3.877618163269937,46,4278.0,0.11528125607589551,46,4278.0,0.5899999999999963
35710.0,43,674.0,7.247311827956989,3.785806110587405,43,4242.0,0.10457528531384677,43,4242.0,0.35999999999999943
35715.0,43,552.0,6.065934065934066,3.6224005723156383,43,4008.0,0.10951882650113341,43,4008.0,2.3400000000000034
35720.0,44,649.0,7.292134831460674,3.44784413710185,44,4156.0,0.10582225658979605,44,4156.0,-1.480000000000004
35725.0,50,835.0,9.382022471910112,3.4727438507092425,50,4325.0,0.10785133925799992,50,4325.0,-1.6899999999999977
35730.0,54,1094.0,11.891304347826088,3.5354488247940425,54,4575.0,0.11097749740848037,54,4575.0,-2.5
35735.0,57,1238.0,13.604395604395604,3.047592348847351,57,4715.0,0.08084321619268019,57,4715.0,-1.3999999999999986
35740.0,59,1302.0,14.466666666666667,2.67569567214917,59,4728.0,0.05949050250845725,59,4728.0,-0.13000000000000256
35745.0,56,1365.0,15.0,3.1242582916014134,56,4736.0,0.08552212256892858,56,4736.0,-0.0799999999999983
35750.0,55,1404.0,15.775280898876405,3.065687888510147,55,5000.0,0.08947983813031508,55,5000.0,-2.6400000000000006
35755.0,56,1457.0,16.18888888888889,2.971747477741589,56,5280.0,0.08722291292092119,56,5280.0,-2.799999999999997
35760.0,58,1517.0,16.855555555555554,2.7160217333251744,58,5563.0,0.07217289662419345,58,5563.0,-2.8300000000000054
35765.0,62,1590.0,17.47252747252747,2.4435971349738637,62,5861.0,0.05318613732934102,62,5861.0,-2.979999999999997
35770.0,59,1607.0,17.855555555555554,2.3974807405919147,59,6005.0,0.06117536291860903,59,6005.0,-1.4399999999999977
35775.0,56,1569.0,17.433333333333334,2.6817338805191944,56,5986.0,0.08261841422267457,56,5986.0,0.18999999999999773
35780.0,54,1517.0,16.138297872340427,3.0587534497199775,54,5959.0,0.10510639070123909,54,5959.0,0.269999999999996
35785.0,49,1249.0,13.725274725274724,2.810382603136171,49,5954.0,0.09212519116554405,49,5954.0,0.05000000000000426
35790.0,47,851.0,9.670454545454545,2.650224812894407,47,5746.0,0.08861952555933042,47,5746.0,2.0799999999999983
35795.0,43,666.0,7.568181818181818,3.2701951672237413,43,5610.0,0.1192441144590829,43,5610.0,1.3599999999999994
35800.0,44,447.0,5.258823529411765,3.107390703101442,44,5717.0,0.1142744056358643,44,5717.0,-1.0700000000000003
35805.0,51,538.0,6.113636363636363,2.9591975240020534,51,5814.0,0.09919512253323393,51,5814.0,-0.9699999999999989
35810.0,55,707.0,7.943820224719101,2.932848231382274,55,6032.0,0.0909318652879104,55,6032.0,-2.1799999999999997
35815.0,56,796.0,8.9438202247191,2.5138325684649927,56,6135.0,0.06475765120924079,56,6135.0,-1.0300000000000011
35820.0,54,818.0,9.088888888888889,2.8467488511010552,54,6064.0,0.07820851467048563,54,6064.0,0.7100000000000009
35825.0,50,825.0,9.166666666666666,3.410115835395246,50,5976.0,0.10905868694739596,50,5976.0,0.8800000000000026
35830.0,48,804.0,8.64516129032258,3.4533475676803858,47,6201.0,0.10244461833064324,47,6201.0,-2.25
35835.0,48,839.0,9.219780219780219,3.4058544007796208,48,6441.0,0.09540680088344795,48,6441.0,-2.3999999999999986
35840.0,55,949.0,10.428571428571429,3.0076384704930748,55,6698.0,0.0671648997388228,55,6698.0,-2.5700000000000074
35845.0,57,1037.0,11.651685393258427,2.6574935753125275,57,6795.0,0.06728928405622177,57,6795.0,-0.9699999999999989
35850.0,53,1082.0,12.295454545454545,2.863106499792915,53,6700.0,0.08488106821899707,53,6700.0,0.9500000000000028
35855.0,50,1112.0,12.219780219780219,3.22311930160064,50,6596.0,0.11083458768618772,50,6596.0,1.0400000000000063
35860.0,46,1127.0,12.662921348314606,3.2353308808438084,46,6320.0,0.10810544004064392,46,6320.0,2.759999999999991
35865.0,44,1126.0,12.795454545454545,3.3994411937259836,44,6041.0,0.11308000154825644,44,6041.0,2.7900000000000063
35870.0,39,1106.0,12.71264367816092,3.7610167024993024,39,5941.0,0.1415864308367007,39,5941.0,1.0
35875.0,35,1066.0,12.69047619047619,4.103348039797116,35,5684.0,0.1647982742055659,35,5684.0,2.569999999999993
35880.0,33,1050.0,12.209302325581396,4.260993450468263,32,5561.0,0.1823388969626762,32,5561.0,1.230000000000004
35885.0,34,1111.0,12.918604651162791,3.890265429581334,33,5574.0,0.15495896678183052,33,5574.0,-0.13000000000000256
35890.0,41,1214.0,13.954022988505747,3.6233287546698087,41,5761.0,0.13928746337726322,41,5761.0,-1.8699999999999974
35895.0,43,1341.0,15.413793103448276,3.7735989059536332,42,5956.0,0.14061071411128412,42,5956.0,-1.9500000000000028
35900.0,40,1425.0,16.193181818181817,4.072943717296702,40,6002.0,0.15180527172013059,40,6002.0,-0.46000000000000085
35905.0,36,1472.0,16.355555555555554,4.3799643067285405,36,5880.0,0.16905414359762122,36,5880.0,1.220000000000006
35910.0,32,1531.0,17.202247191011235,4.695408373904158,32,5746.0,0.17698661143521321,32,5746.0,1.3399999999999963
35915.0,35,1285.0,14.438202247191011,4.293702520832374,35,5663.0,0.15111124251141927,35,5663.0,0.8299999999999983
35920.0,36,823.0,9.247191011235955,4.178645170406064,36,5398.0,0.14505510267690638,36,5398.0,2.6500000000000057
35925.0,36,737.0,8.471264367816092,4.349852904083659,36,5215.0,0.1558699341931811,36,5215.0,1.8299999999999983
35930.0,41,817.0,9.284090909090908,3.831134329460888,41,5251.0,0.12890198194176217,41,5251.0,-0.35999999999999943
35935.0,44,887.0,10.079545454545455,3.3009224149934706,44,5314.0,0.0928626222920992,44,5314.0,-0.6300000000000026
35940.0,44,954.0,10.719101123595506,3.267825718202611,44,5373.0,0.09814088345406335,44,5373.0,-0.5899999999999963
35945.0,40,867.0,9.852272727272727,3.2796380967479064,40,5502.0,0.10584050140666862,40,5502.0,-1.2900000000000063
35950.0,42,937.0,10.770114942528735,3.169854066507971,42,5653.0,0.10680051627083896,42,5653.0,-1.509999999999998
35955.0,45,1069.0,12.01123595505618,3.0991520682475637,45,5835.0,0.10632957024418908,45,5835.0,-1.8200000000000003
35960.0,51,1229.0,13.808988764044944,2.848247828361245,51,6066.0,0.10131198186684472,51,6066.0,-2.309999999999995
35965.0,53,1349.0,15.157303370786517,2.2888612187164177,53,6153.0,0.06340877956867283,53,6153.0,-0.8700000000000045
35970.0,51,1425.0,15.833333333333334,2.7536875920243276,51,6064.0,0.08477833186888141,51,6064.0,0.8900000000000006
35975.0,47,1484.0,16.674157303370787,3.1288483021737763,47,5960.0,0.10848079012013008,47,5960.0,1.0399999999999991
35980.0,47,1519.0,16.159574468085108,3.2396126957392593,47,6179.0,0.10468319713040199,47,6179.0,-2.1899999999999977
35985.0,47,1606.0,17.268817204301076,2.9958840043147514,47,6416.0,0.08627941356158798,47,6416.0,-2.3699999999999974
35990.0,54,1754.0,19.488888888888887,2.729371378397029,54,6671.0,0.0878986606904784,54,6671.0,-2.549999999999997
35995.0,55,1877.0,21.089887640449437,2.5827554064045026,55,6761.0,0.07979633972889219,55,6761.0,-0.9000000000000057
36000.0,56,1972.0,21.91111111111111,2.628951902930784,56,6676.0,0.08260694386517073,56,6676.0,0.8499999999999943
36005.0,52,2059.0,21.904255319148938,3.073500663469614,52,6588.0,0.1060669670936987,52,6588.0,0.8800000000000097
36010.0,49,2129.0,22.648936170212767,3.0311186621154103,49,6311.0,0.10188582909350372,49,6311.0,2.769999999999996
36015.0,48,1593.0,16.9468085106383,2.9827152437826334,48,6331.0,0.09507340378701357,48,6331.0,-0.20000000000000284
36020.0,46,1121.0,12.053763440860216,3.180163365594415,46,6191.0,0.11009127285734446,46,6191.0,1.4000000000000057
36025.0,44,1130.0,12.150537634408602,3.7525796865976146,44,6128.0,0.13378271581210557,44,6128.0,0.6299999999999955
36030.0,45,1188.0,12.774193548387096,3.5171041358556505,45,6162.0,0.11442832352732396,45,6162.0,-0.3399999999999963
36035.0,49,1273.0,13.542553191489361,3.364712167196512,49,6031.0,0.10278425796496518,49,6031.0,1.3099999999999952
36040.0,49,1366.0,14.378947368421052,3.459229712991918,49,5914.0,0.10265312963603646,49,5914.0,1.1700000000000017
36045.0,46,1108.0,11.787234042553191,3.485122231415253,46,5889.0,0.10355914743788888,46,5889.0,0.25
36050.0,44,608.0,6.537634408602151,3.7018172173494945,44,5654.0,0.11925863159393886,44,5654.0,2.3500000000000014
36055.0,40,452.0,4.808510638297872,3.978928087917709,40,5484.0,0.14130073413896332,40,5484.0,1.6999999999999957
36060.0,41,537.0,5.712765957446808,4.003260192886031,41,5294.0,0.13562454929862247,41,5294.0,1.9000000000000057
36065.0,48,613.0,6.4526315789473685,3.5379815845289717,48,5472.0,0.09446654627775376,48,5472.0,-1.7800000000000011
36070.0,55,802.0,8.813186813186814,2.9713630523119363,55,5713.0,0.07776213238840456,55,5713.0,-2.4100000000000037
36075.0,57,1008.0,11.076923076923077,3.147169592097019,57,5991.0,0.07903004804562073,57,5991.0,-2.779999999999994
36080.0,54,1107.0,12.032608695652174,3.1341065736704614,54,6061.0,0.07596374382319239,54,6061.0,-0.7000000000000028
36085.0,51,1119.0,12.03225806451613,3.1901031825931616,51,5913.0,0.08085996398899023,51,5913.0,1.4799999999999969
36090.0,50,1156.0,12.703296703296703,3.123520291039522,50,5758.0,0.09057318644820167,50,5758.0,1.5500000000000043
36095.0,51,1141.0,12.402173913043478,3.1014813903009153,51,5891.0,0.08984214217912355,51,5891.0,-1.3299999999999983
36100.0,52,1148.0,12.478260869565217,3.25256271778846,52,5979.0,0.09036164297535795,52,5979.0,-0.8800000000000026
36105.0,55,1245.0,13.24468085106383,3.322288752104752,55,6170.0,0.09656714069052444,55,6170.0,-1.9100000000000037
36110.0,56,1305.0,14.184782608695652,2.749129832762199,55,6234.0,0.06910101321330286,55,6234.0,-0.6400000000000006
36115.0,58,1333.0,14.333333333333334,2.4704682695787343,58,6523.0,0.054872633853590966,58,6523.0,-2.8900000000000006
36120.0,54,1350.0,14.673913043478262,2.8316326720677742,54,6384.0,0.07761610714911922,54,6384.0,1.3900000000000006
36125.0,50,1064.0,11.955056179775282,2.798098486003612,50,6443.0,0.08315100350179,50,6443.0,-0.5900000000000034
36130.0,45,649.0,7.131868131868132,3.0839861526087224,45,6351.0,0.1013491118920371,45,6351.0,0.9200000000000088
36135.0,44,589.0,6.544444444444444,3.2613942621281025,44,6335.0,0.10992925280794429,44,6335.0,0.1599999999999966
36140.0,46,501.0,5.629213483146067,2.787791353965212,46,6518.0,0.07449733602227805,46,6518.0,-1.8300000000000054
36145.0,49,547.0,6.287356321839081,2.841859649295431,49,6734.0,0.07836678301803071,49,6734.0,-2.1599999999999966
36150.0,54,722.0,8.298850574712644,2.890381621311733,54,6991.0,0.0811125798916586,54,6991.0,-2.569999999999993
36155.0,56,822.0,8.934782608695652,2.74755810868726,56,7045.0,0.07460129266374195,56,7045.0,-0.5400000000000063
36160.0,52,847.0,9.307692307692308,2.895431165266135,52,6870.0,0.07989857306284448,52,6870.0,1.75
36165.0,52,864.0,9.707865168539326,2.7769016796278283,52,6697.0,0.07801901402467763,52,6697.0,1.730000000000004
36170.0,48,786.0,8.831460674157304,3.002375210575361,48,6827.0,0.07586656292705862,48,6827.0,-1.2999999999999972
36175.0,46,743.0,8.63953488372093,3.193255205037984,46,6888.0,0.09640223329110448,46,6888.0,-0.6099999999999994
36180.0,49,820.0,9.318181818181818,3.4104706863025878,49,7044.0,0.11026420239889795,49,7044.0,-1.5600000000000023
36185.0,53,877.0,9.853932584269662,2.9861485296029375,53,7081.0,0.07756147589034781,53,7081.0,-0.37000000000000455
36190.0,52,902.0,10.488372093023257,2.599141177743475,52,6902.0,0.06805626895569038,52,6902.0,1.7900000000000063
36195.0,48,920.0,10.823529411764707,3.1078282810101,48,6738.0,0.1005680168283465,48,6738.0,1.6400000000000006
36200.0,43,915.0,10.892857142857142,3.541410379573896,43,6397.0,0.12082154741925054,43,6397.0,3.4099999999999966
36205.0,38,885.0,10.172413793103448,4.111877307691808,38,6053.0,0.1466001599414093,38,6053.0,3.4399999999999977
36210.0,34,547.0,6.287356321839081,4.152773952418537,34,6228.0,0.1466493800870279,34,6228.0,-1.75
36215.0,33,400.0,4.651162790697675,3.7956741691965106,33,6275.0,0.12161788181064624,33,6275.0,-0.46999999999999886
36220.0,33,372.0,4.428571428571429,4.115853700942667,33,6270.0,0.1411523067887744,33,6270.0,0.04999999999999716
36225.0,38,375.0,4.573170731707317,3.984049355947686,38,6390.0,0.14383935411695406,38,6390.0,-1.1999999999999957
36230.0,43,504.0,5.929411764705883,3.936170059481452,43,6549.0,0.13445897542969806,43,6549.0,-1.5899999999999963
36235.0,44,644.0,7.666666666666667,3.856582026961589,44,6762.0,0.12426521958883108,44,6762.0,-2.1300000000000097
36240.0,45,745.0,8.975903614457831,3.3990563890009917,45,6920.0,0.089296405112727,45,6920.0,-1.5799999999999983
36245.0,45,895.0,10.783132530120483,3.801936498856196,45,7089.0,0.10656165932342511,45,7089.0,-1.6899999999999977
36250.0,46,1084.0,13.21951219512195,3.9464305221150853,46,7311.0,0.12342966655652655,46,7311.0,-2.219999999999999
36255.0,48,1191.0,14.011764705882353,3.778853550068715,48,7333.0,0.10805088215740487,48,7333.0,-0.21999999999999886
36260.0,49,1211.0,14.416666666666666,3.428167630242007,49,7146.0,0.0959707189550043,49,7146.0,1.8700000000000045
36265.0,50,1237.0,14.903614457831326,3.15248263116598,50,6970.0,0.0881820743699438,50,6970.0,1.759999999999991
36270.0,49,1257.0,15.329268292682928,3.1342121221168533,49,7210.0,0.09427743359055347,49,7210.0,-2.3999999999999915
36275.0,50,1284.0,15.851851851851851,3.167147720919951,50,7459.0,0.09076702481145882,50,7459.0,-2.490000000000009
36280.0,53,1319.0,15.702380952380953,2.8891469513402486,53,7712.0,0.08751955336149905,53,7712.0,-2.530000000000001
36285.0,50,1311.0,15.795180722891565,2.819170788820523,50,7745.0,0.08699633470299628,50,7745.0,-0.3299999999999983
36290.0,50,1262.0,15.204819277108435,2.4897383488439293,50,7546.0,0.0733718563874569,50,7546.0,1.990000000000009
36295.0,48,1210.0,14.578313253012048,2.887030340434619,48,7347.0,0.10252169644026589,48,7347.0,1.9899999999999949
36300.0,43,1140.0,13.902439024390244,3.3614053453662174,43,6930.0,0.12090680575321969,43,6930.0,4.170000000000002
36305.0,38,1045.0,12.294117647058824,3.9581771970931374,38,6504.0,0.14619769821977222,38,6504.0,4.259999999999991
36310.0,33,931.0,11.353658536585366,3.999660101537593,33,6263.0,0.16504426590806487,33,6263.0,2.4100000000000037
36315.0,31,850.0,10.625,3.9559648239325846,31,5811.0,0.16323578977853673,31,5811.0,4.520000000000003
36320.0,31,785.0,9.8125,3.999769859041566,30,5932.0,0.16713218096455673,30,5932.0,-1.2100000000000009
36325.0,34,867.0,10.8375,4.093098613869797,34,6087.0,0.16874097017368922,34,6087.0,-1.5499999999999972
36330.0,40,968.0,11.662650602409638,3.994770289923598,39,6269.0,0.16397301748968027,39,6269.0,-1.8200000000000003
36335.0,36,1030.0,12.261904761904763,4.161373283643976,36,6227.0,0.15516563177102072,36,6227.0,0.4199999999999946
36340.0,36,1055.0,12.55952380952381,4.0790459934000785,36,5974.0,0.13751687860554582,36,5974.0,2.530000000000001
36345.0,32,1077.0,13.134146341463415,4.632719543171214,32,5730.0,0.1753337165915112,32,5730.0,2.440000000000005
36350.0,28,1111.0,13.716049382716049,5.139432911045791,28,5283.0,0.20322160508670742,28,5283.0,4.469999999999999
36355.0,28,1176.0,13.83529411764706,5.257707013762936,28,4864.0,0.2101935611974855,28,4864.0,4.189999999999998
36360.0,30,1242.0,14.44186046511628,5.10178818031124,29,4656.0,0.19869050498266266,29,4656.0,2.0799999999999983
36365.0,31,1313.0,15.630952380952381,4.447307852985169,31,4288.0,0.16277787490389048,31,4288.0,3.6799999999999997
36370.0,31,1393.0,16.98780487804878,4.631735452780976,31,4107.0,0.17936551549277477,31,4107.0,1.8100000000000023
36375.0,30,1459.0,18.012345679012345,4.757969047514073,29,3918.0,0.1963122987333655,29,3918.0,1.8900000000000006
36380.0,26,1500.0,17.857142857142858,4.7991113074547895,26,3711.0,0.2024555507337295,26,3711.0,2.0700000000000003
36385.0,21,968.0,11.523809523809524,4.775220352261683,20,3608.0,0.2015006210214882,20,3608.0,1.0300000000000011
36390.0,20,544.0,6.554216867469879,4.837814266063977,20,3339.0,0.20210727575495788,20,3339.0,2.6899999999999977
36395.0,25,618.0,7.445783132530121,5.336411427765774,24,3166.0,0.22858472306537903,24,3166.0,1.7300000000000004
36400.0,29,744.0,8.857142857142858,5.419608571205011,29,3073.0,0.21388630277832058,29,3073.0,0.9299999999999997
36405.0,32,835.0,9.823529411764707,4.94727224688281,32,3060.0,0.17776341198980827,32,3060.0,0.129999999999999
36410.0,32,890.0,10.72289156626506,4.757305285489405,32,2915.0,0.15064123424908255,32,2915.0,1.4500000000000028
36415.0,35,952.0,11.609756097560975,4.480265565201309,35,2778.0,0.13367627224419182,35,2778.0,1.3699999999999974
36420.0,36,1022.0,12.313253012048193,4.668868391752902,36,2541.0,0.14285275897556435,36,2541.0,2.370000000000001
36425.0,33,1088.0,13.108433734939759,4.942449641869086,33,2392.0,0.1690953434428901,33,2392.0,1.4899999999999984
36430.0,30,1070.0,12.298850574712644,5.108674581174215,30,2491.0,0.17410762981115727,30,2491.0,-0.9899999999999984
36435.0,31,1114.0,12.953488372093023,5.0745141335919755,31,2598.0,0.16828807612105715,31,2598.0,-1.0700000000000003
36440.0,34,1166.0,13.402298850574713,4.847540102182661,34,2751.0,0.1506831897633595,34,2751.0,-1.5300000000000011
36445.0,35,1237.0,14.552941176470588,4.865969204344508,35,2922.0,0.1403866635014411,35,2922.0,-1.7099999999999973
36450.0,36,1361.0,17.0125,4.656349621991477,36,3100.0,0.13193029116260038,36,3100.0,-1.7800000000000011
36455.0,38,1048.0,12.938271604938272,4.429082446842649,38,3096.0,0.1293902269059704,38,3096.0,0.03999999999999915
36460.0,37,886.0,11.075,4.057656808057843,37,2978.0,0.11931286323038491,37,2978.0,1.1799999999999997
36465.0,44,1092.0,13.65,3.828853426365208,44,2972.0,0.11288634607057144,44,2972.0,0.060000000000002274
36470.0,48,1209.0,15.7012987012987,3.3104561701647204,48,3064.0,0.0871319806360139,48,3064.0,-0.9200000000000017
36475.0,46,1248.0,16.42105263157895,3.631986622907082,46,3025.0,0.10833792415397875,46,3025.0,0.39000000000000057
36480.0,41,1266.0,16.23076923076923,3.911916661865565,41,2979.0,0.13845942747904805,41,2979.0,0.46000000000000085
36485.0,38,1267.0,16.037974683544302,4.195259312511062,38,2806.0,0.1460854478734255,38,2806.0,1.7300000000000004
36490.0,37,1258.0,17.232876712328768,3.8497348846189663,37,2640.0,0.14473540253679074,37,2640.0,1.6600000000000001
36495.0,34,1238.0,16.958904109589042,4.317600304812455,34,2498.0,0.16654154014735859,34,2498.0,1.4199999999999982
36500.0,31,797.0,10.626666666666667,4.221512863257439,31,2497.0,0.15884813357995203,31,2497.0,0.010000000000001563
36505.0,27,527.0,6.670886075949367,4.632248342138244,27,2391.0,0.1787788900406931,27,2391.0,1.0599999999999987
36510.0,26,470.0,5.949367088607595,4.938142127285113,26,2369.0,0.1920823214883073,26,2369.0,0.21999999999999886
36515.0,30,489.0,6.269230769230769,4.678114502137484,30,2450.0,0.16230284655714444,30,2450.0,-0.8099999999999987
36520.0,29,440.0,5.641025641025641,4.693513916597114,29,2477.0,0.16045103274493988,29,2477.0,-0.2699999999999996
36525.0,30,489.0,6.189873417721519,5.040616654321916,30,2456.0,0.18236773590285063,30,2456.0,0.21000000000000085
36530.0,35,654.0,7.879518072289157,5.183217194537075,35,2533.0,0.18168869624058875,35,2533.0,-0.7699999999999996
36535.0,38,706.0,8.716049382716049,4.6416364288650485,38,2651.0,0.13955588241320058,38,2651.0,-1.1800000000000033
36540.0,46,914.0,11.283950617283951,3.6935631068341386,46,2820.0,0.0718355874447461,46,2820.0,-1.6899999999999977
36545.0,47,1148.0,14.35,3.807520996260366,47,3029.0,0.08783073402228327,47,3029.0,-2.09
36550.0,47,1241.0,15.320987654320987,3.9192683443321306,47,3133.0,0.0891732138065745,47,3133.0,-1.0399999999999991
36555.0,43,1219.0,14.511904761904763,4.111529180654972,43,3092.0,0.11357160170148105,43,3092.0,0.4099999999999966
36560.0,41,1180.0,14.390243902439025,4.2577143234208865,41,3040.0,0.13524957369767196,41,3040.0,0.5200000000000031
36565.0,39,1073.0,13.582278481012658,3.66450734255489,39,3194.0,0.09924779237948916,39,3194.0,-1.5400000000000027
36570.0,41,1028.0,13.526315789473685,3.4922927270196924,41,3374.0,0.09088825330115098,41,3374.0,-1.8000000000000007
36575.0,42,990.0,13.2,3.5686054749603735,42,3576.0,0.10559382644533263,42,3576.0,-2.019999999999996
36580.0,42,909.0,11.653846153846153,3.381877794335387,42,3649.0,0.10547911723262002,42,3649.0,-0.730000000000004
36585.0,37,781.0,10.276315789473685,3.431241345749197,37,3579.0,0.12435757121228985,37,3579.0,0.7000000000000028
36590.0,37,642.0,8.447368421052632,3.3169153981726613,37,3504.0,0.11816735955107541,37,3504.0,0.75
36595.0,33,520.0,6.753246753246753,3.888856935318823,33,3304.0,0.1358349790551212,33,3304.0,2.0
36600.0,30,443.0,5.828947368421052,4.248930379396084,30,3086.0,0.1607851687067608,30,3086.0,2.1799999999999997
36605.0,26,408.0,5.1,4.523884966561857,26,2979.0,0.1774359738629675,26,2979.0,1.0700000000000003
36610.0,26,404.0,5.05,4.479786331487728,25,3086.0,0.17394739909528567,25,3086.0,-1.0700000000000003
36615.0,32,472.0,5.974683544303797,3.799711094229927,32,3235.0,0.13405917118747315,32,3235.0,-1.490000000000002
36620.0,38,572.0,7.2405063291139244,3.753955509974919,38,3413.0,0.13175335345709874,38,3413.0,-1.7800000000000011
36625.0,40,693.0,8.6625,4.031094067100318,40,3600.0,0.13418309010353513,40,3600.0,-1.8699999999999974
36630.0,39,754.0,9.08433734939759,4.097805556188859,39,3657.0,0.13450575098893489,39,3657.0,-0.5700000000000003
36635.0,36,758.0,9.358024691358025,4.087017227615166,36,3571.0,0.14476215420462898,36,3571.0,0.8599999999999994
36640.0,36,764.0,9.317073170731707,4.200712326093176,36,3484.0,0.13902286612239376,36,3484.0,0.8699999999999974
36645.0,32,800.0,9.75609756097561,4.800505210183898,32,3274.0,0.1642041201833695,32,3274.0,2.1000000000000014
36650.0,32,855.0,10.6875,4.98058348762279,32,3072.0,0.18540672022763988,32,3072.0,2.020000000000003
36655.0,34,911.0,11.109756097560975,4.857194110425747,34,3006.0,0.19020001771049455,34,3006.0,0.6600000000000001
36660.0,33,968.0,12.1,4.4938043745927345,33,2849.0,0.17759300908528522,33,2849.0,1.5700000000000003
36665.0,32,1017.0,12.873417721518987,4.303956196270542,31,2802.0,0.17041977747362208,31,2802.0,0.46999999999999886
36670.0,32,763.0,9.782051282051283,4.226242424489419,30,2832.0,0.1694170576136298,30,2832.0,-0.3000000000000007
36675.0,28,685.0,8.5625,4.754884947871273,28,2787.0,0.19190838259093732,28,2787.0,0.4499999999999993
36680.0,30,724.0,8.619047619047619,4.962334257934356,29,2833.0,0.2023410500554684,29,2833.0,-0.4599999999999973
36685.0,28,423.0,5.096385542168675,4.90020564528541,28,2839.0,0.18774620958532384,28,2839.0,-0.060000000000002274
36690.0,30,391.0,4.710843373493976,4.675650263261142,30,2849.0,0.1570270235588767,30,2849.0,-0.09999999999999787
36695.0,35,550.0,6.626506024096385,4.723742471459246,35,2914.0,0.1582692570733986,35,2914.0,-0.6500000000000021
36700.0,40,646.0,7.9753086419753085,4.475734707355955,40,2979.0,0.15150237114892798,40,2979.0,-0.6499999999999986
36705.0,41,692.0,8.141176470588235,4.188698392026877,41,3062.0,0.12975978068440053,41,3062.0,-0.8300000000000018
36710.0,41,737.0,8.773809523809524,3.9770950061813486,41,3146.0,0.11778532852944505,41,3146.0,-0.8399999999999999
36715.0,44,787.0,9.481927710843374,3.445803668889682,44,3121.0,0.09544564369923064,44,3121.0,0.25
36720.0,40,835.0,10.060240963855422,3.7336728641726125,40,2978.0,0.11507690285788233,40,2978.0,1.4299999999999997
36725.0,37,865.0,10.421686746987952,4.110870703055114,37,3054.0,0.13782676161978172,37,3054.0,-0.759999999999998
36730.0,33,877.0,10.566265060240964,4.207026528050738,33,2898.0,0.151546760854093,33,2898.0,1.5599999999999987
36735.0,30,764.0,9.317073170731707,4.107282973889732,30,2943.0,0.14845227985398343,30,2943.0,-0.4499999999999993
36740.0,33,694.0,8.675,3.6380005978987717,33,2947.0,0.12572925022025813,33,2947.0,-0.03999999999999915
36745.0,32,692.0,8.65,3.9952521138576045,32,3043.0,0.151446975534397,32,3043.0,-0.9600000000000009
36750.0,34,723.0,9.0375,4.039001714349962,34,3208.0,0.13980871041431464,34,3208.0,-1.6499999999999986
36755.0,32,754.0,8.976190476190476,4.146903882241221,32,3251.0,0.13255168719933316,32,3251.0,-0.4299999999999997
36760.0,31,790.0,9.294117647058824,4.41200135126736,31,3165.0,0.15452886359778528,31,3165.0,0.8599999999999994
36765.0,32,839.0,9.988095238095237,4.195424913846028,32,3086.0,0.14170609051949254,32,3086.0,0.7899999999999991
36770.0,32,898.0,10.819277108433734,4.446938232319674,32,2917.0,0.15324453856769757,32,2917.0,1.6899999999999977
36775.0,32,958.0,11.682926829268293,4.767120277469238,32,2769.0,0.1776191552726518,32,2769.0,1.4800000000000004
36780.0,34,1019.0,11.71264367816092,4.766318808944807,34,2644.0,0.17226307453969503,34,2644.0,1.25
36785.0,34,814.0,9.576470588235294,4.214955686172106,33,2697.0,0.15560093007844106,33,2697.0,-0.5299999999999976
36790.0,34,803.0,9.674698795180722,4.026951561355177,34,2697.0,0.14982614673826694,34,2697.0,0.0
36795.0,37,881.0,10.74390243902439,4.3241314587980435,37,2796.0,0.16457604684727992,37,2796.0,-0.990000000000002
36800.0,36,555.0,6.607142857142857,4.394719866525227,36,2818.0,0.1488082624541475,36,2818.0,-0.21999999999999886
36805.0,33,418.0,4.91764705882353,4.638022948915954,33,2740.0,0.16328945455846536,33,2740.0,0.7800000000000011
36810.0,35,494.0,5.744186046511628,4.872143537059345,35,2759.0,0.17593695698820203,35,2759.0,-0.19000000000000128
36815.0,38,542.0,6.3023255813953485,4.464974295013061,38,2822.0,0.14293105796790684,38,2822.0,-0.629999999999999
36820.0,37,574.0,6.752941176470588,4.582992418634802,37,2772.0,0.14287454272765263,37,2772.0,0.5
36825.0,37,614.0,7.397590361445783,4.84520691075877,37,2726.0,0.1697828698309887,37,2726.0,0.4599999999999973
36830.0,39,611.0,7.104651162790698,4.307820060355687,39,2882.0,0.13765671327502976,39,2882.0,-1.5599999999999987
36835.0,43,671.0,7.894117647058824,3.8907530942644057,43,3075.0,0.11310071110701148,43,3075.0,-1.9299999999999997
36840.0,46,751.0,8.94047619047619,3.5060251365159405,46,3298.0,0.09109263204290248,46,3298.0,-2.229999999999997
36845.0,45,794.0,9.925,3.2392079558100777,45,3404.0,0.08328597044681975,45,3404.0,-1.0600000000000023
36850.0,43,791.0,9.8875,3.391685681512798,43,3374.0,0.10376701660211837,43,3374.0,0.29999999999999716
36855.0,38,770.0,9.27710843373494,3.8252765311609687,38,3327.0,0.1360228792750051,38,3327.0,0.46999999999999886
36860.0,34,726.0,8.853658536585366,4.094306074764256,34,3165.0,0.1549132392414854,34,3165.0,1.6200000000000045
36865.0,35,675.0,8.4375,3.5869710274405606,35,3334.0,0.1335279665571294,35,3334.0,-1.6900000000000048
36870.0,38,670.0,8.271604938271604,3.5523043847803315,38,3516.0,0.12706550600382013,38,3516.0,-1.8199999999999932
36875.0,39,750.0,9.146341463414634,3.7202410961090404,39,3706.0,0.12280326297442742,39,3706.0,-1.9000000000000057
36880.0,40,828.0,9.627906976744185,3.7465247936238457,40,3782.0,0.12213519607870502,40,3782.0,-0.759999999999998
36885.0,40,878.0,10.452380952380953,3.6608091886173044,40,3746.0,0.1311485997047731,40,3746.0,0.35999999999999943
36890.0,42,933.0,11.240963855421686,3.387842382188768,42,3719.0,0.12138577414898943,42,3719.0,0.2700000000000031
36895.0,39,983.0,11.987804878048781,3.690133628684093,39,3585.0,0.1422459282512319,39,3585.0,1.3399999999999963
36900.0,36,1015.0,12.228915662650602,4.206642301837987,36,3437.0,0.16685829745582653,36,3437.0,1.480000000000004
36905.0,32,1034.0,12.16470588235294,4.400208273132039,32,3293.0,0.178389626503858,32,3293.0,1.4399999999999977
36910.0,30,1057.0,12.583333333333334,4.302903958212964,30,3422.0,0.17673572891768422,30,3422.0,-1.2899999999999991
36915.0,36,1145.0,13.795180722891565,3.9205621061813654,36,3589.0,0.14733294546073844,36,3589.0,-1.6700000000000017
36920.0,41,1265.0,15.617283950617283,3.633109561431594,41,3782.0,0.13845384753373363,41,3782.0,-1.9299999999999997
36925.0,40,1064.0,12.975609756097562,3.828001343392564,40,3837.0,0.14545793011808014,40,3837.0,-0.5499999999999972
36930.0,37,973.0,11.313953488372093,4.194929768690389,37,3788.0,0.16023888740416545,37,3788.0,0.4899999999999949
36935.0,39,1088.0,12.505747126436782,4.436066501461059,39,3828.0,0.1681969883518218,39,3828.0,-0.3999999999999986
36940.0,41,1155.0,13.430232558139535,3.7901065405210783,41,3901.0,0.1230918294712646,41,3901.0,-0.7299999999999969
36945.0,41,1211.0,14.081395348837209,4.1189015769916635,41,3860.0,0.1322171669590271,41,3860.0,0.4099999999999966
36950.0,41,1271.0,14.952941176470588,4.332459049503539,41,3825.0,0.15832419683374005,41,3825.0,0.3500000000000014
36955.0,42,1331.0,14.78888888888889,4.300721108566872,42,3691.0,0.15023391596019223,42,3691.0,1.3400000000000034
36960.0,41,1391.0,15.629213483146067,4.279711290023832,41,3570.0,0.13945379810357414,41,3570.0,1.2099999999999937
36965.0,40,1425.0,16.379310344827587,3.805863098213838,40,3750.0,0.11567993802767683,40,3750.0,-1.7999999999999972
36970.0,42,1489.0,17.726190476190474,3.637628162227902,42,3960.0,0.12672419652828656,42,3960.0,-2.1000000000000014
36975.0,44,1561.0,18.80722891566265,3.7309869775514923,44,4175.0,0.13676964105784303,44,4175.0,-2.1499999999999986
36980.0,46,1640.0,18.636363636363637,3.8735228939037216,46,4399.0,0.12022999392396164,46,4399.0,-2.240000000000002
36985.0,44,1662.0,19.103448275862068,3.5866828829265085,44,4496.0,0.10529256568276354,44,4496.0,-0.9699999999999989
36990.0,43,1640.0,19.069767441860463,3.4044768097932963,43,4462.0,0.10794879786907373,43,4462.0,0.3400000000000034
36995.0,40,1640.0,19.294117647058822,3.7717715499763904,40,4415.0,0.14491378224247778,40,4415.0,0.46999999999999886
37000.0,38,1686.0,19.83529411764706,4.017647102498369,38,4245.0,0.15994127094877797,38,4245.0,1.6999999999999957
37005.0,35,1122.0,12.75,4.1603652176657775,35,4185.0,0.16402895170615975,35,4185.0,0.6000000000000014
37010.0,35,605.0,7.034883720930233,3.9845614073541937,35,3964.0,0.16024591211819927,35,3964.0,2.210000000000001
37015.0,40,618.0,7.103448275862069,3.7501986380362413,40,3834.0,0.13489014517512557,40,3834.0,1.2999999999999972
37020.0,45,737.0,8.471264367816092,3.859312548070462,45,3763.0,0.12897923558314303,45,3763.0,0.7100000000000009
37025.0,47,808.0,9.505882352941176,3.37831765613585,47,3853.0,0.11031445190530124,47,3853.0,-0.8999999999999986
37030.0,44,831.0,9.551724137931034,3.314811673378066,44,4078.0,0.11206403134090023,44,4078.0,-2.25
37035.0,40,834.0,9.477272727272727,3.4448586657624314,40,4019.0,0.11110162016658924,40,4019.0,0.5900000000000034
37040.0,42,536.0,6.022471910112359,3.212592982120554,42,4075.0,0.10207258237379431,42,4075.0,-0.5600000000000023
37045.0,40,419.0,4.707865168539326,3.222483402520581,39,4158.0,0.1061244599785777,39,4158.0,-0.8299999999999983
37050.0,43,507.0,5.696629213483146,3.3454758111692247,43,4263.0,0.10808529922739625,43,4263.0,-1.0500000000000043
37055.0,47,576.0,6.4,3.1009387751231503,47,4337.0,0.1127971119812673,47,4337.0,-0.7399999999999949
37060.0,49,631.0,6.934065934065934,2.877313758072012,49,4288.0,0.09976081037993294,49,4288.0,0.4899999999999949
37065.0,47,681.0,7.651685393258427,2.76890776455745,47,4234.0,0.09817303215251962,47,4234.0,0.5399999999999991
37070.0,44,723.0,8.033333333333333,3.154600253023234,44,4049.0,0.10615539929061342,44,4049.0,1.8500000000000014
37075.0,41,750.0,8.241758241758241,3.6691633928408285,41,3878.0,0.13110134686256641,41,3878.0,1.7100000000000009
37080.0,38,593.0,6.177083333333333,3.703833301108483,38,3967.0,0.12961930044780395,38,3967.0,-0.8900000000000006
37085.0,38,557.0,5.989247311827957,3.6246344656938687,38,4018.0,0.13376606492963475,38,4018.0,-0.509999999999998
37090.0,39,629.0,6.988888888888889,3.5506233115769827,39,4141.0,0.1303099216903969,39,4141.0,-1.2299999999999969
37095.0,42,711.0,7.98876404494382,3.5799767934787363,42,4208.0,0.11656951551828842,42,4208.0,-0.6700000000000017
37100.0,42,772.0,8.674157303370787,3.8159285616750354,42,4285.0,0.11798265105779818,42,4285.0,-0.7700000000000031
37105.0,40,827.0,9.087912087912088,3.8463773036270825,40,4355.0,0.1310686636805783,40,4355.0,-0.6999999999999957
37110.0,37,706.0,7.758241758241758,3.7763586380269185,37,4416.0,0.12069888370099784,37,4416.0,-0.6099999999999994
37115.0,37,608.0,6.7555555555555555,3.5219230514572026,37,4489.0,0.1084983167311842,37,4489.0,-0.730000000000004
37120.0,37,657.0,7.382022471910112,3.7756850160302933,37,4587.0,0.11647130467532002,37,4587.0,-0.9799999999999969
37125.0,43,738.0,8.2,3.8084289399492928,43,4644.0,0.1126147745711443,43,4644.0,-0.5700000000000003
37130.0,44,798.0,8.580645161290322,3.675235386515085,44,4569.0,0.10914723610120257,44,4569.0,0.75
37135.0,42,857.0,9.522222222222222,3.4739151679716582,42,4491.0,0.109664218534512,42,4491.0,0.7800000000000011
37140.0,42,841.0,9.894117647058824,2.7674838238808737,42,4655.0,0.0890555835429921,42,4655.0,-1.6400000000000006
37145.0,43,898.0,10.69047619047619,2.8819588656887736,43,4844.0,0.09365491385015802,43,4844.0,-1.8900000000000006
37150.0,46,969.0,11.267441860465116,3.01542707028559,46,5062.0,0.10150323462363678,46,5062.0,-2.1799999999999997
37155.0,44,998.0,11.340909090909092,2.8959847444062072,44,5189.0,0.09517512123516607,44,5189.0,-1.2700000000000031
37160.0,46,1088.0,12.505747126436782,2.800784263328055,46,5279.0,0.09526273097419956,46,5279.0,-0.8999999999999986
37165.0,53,1259.0,14.306818181818182,2.6692498497515733,53,5475.0,0.08643122506291644,53,5475.0,-1.9600000000000009
37170.0,56,1365.0,15.166666666666666,2.5725819253359212,56,5579.0,0.06986447389688497,56,5579.0,-1.0399999999999991
37175.0,52,1402.0,15.406593406593407,2.967957988174887,52,5512.0,0.08489585480719537,52,5512.0,0.6700000000000017
37180.0,49,1425.0,15.48913043478261,3.3023607301741227,49,5439.0,0.11089895960477222,49,5439.0,0.7299999999999969
37185.0,44,1425.0,15.833333333333334,3.690829456050141,44,5210.0,0.1306572380853246,44,5210.0,2.289999999999999
37190.0,42,1434.0,16.1123595505618,3.764444478520529,42,4977.0,0.12354495910179913,42,4977.0,2.3299999999999983
37195.0,44,1499.0,16.47252747252747,4.11338190952372,44,4759.0,0.1427154514220673,44,4759.0,2.1799999999999997
37200.0,43,1565.0,17.78409090909091,3.916491959435534,43,4701.0,0.14749655966640374,43,4701.0,0.5800000000000054
37205.0,42,1567.0,17.60674157303371,3.6481338945621915,42,4871.0,0.14315453417777274,42,4871.0,-1.7000000000000028
37210.0,45,1630.0,18.11111111111111,3.904994388672967,44,5068.0,0.14941199695476046,44,5068.0,-1.9699999999999989
37215.0,46,1704.0,19.146067415730336,3.8922181553543016,46,5295.0,0.13784390668822613,46,5295.0,-2.270000000000003
37220.0,43,1730.0,20.11627906976744,3.920159622745036,43,5368.0,0.1329018862661327,43,5368.0,-0.7299999999999969
37225.0,38,1700.0,20.238095238095237,4.294425950695859,38,5272.0,0.15652472362724992,38,5272.0,0.9600000000000009
37230.0,33,1646.0,19.13953488372093,4.3834792508634,33,5444.0,0.17059142741685554,33,5444.0,-1.7199999999999989
37235.0,31,966.0,11.5,4.408193150461222,31,5360.0,0.16075704397296478,31,5360.0,0.8399999999999963
37240.0,34,427.0,5.083333333333333,4.0899762357627125,34,5109.0,0.14280801447352165,34,5109.0,2.509999999999998
37245.0,37,433.0,5.034883720930233,4.239111305554395,37,4966.0,0.14919633761981055,37,4966.0,1.4300000000000068
37250.0,41,548.0,6.2988505747126435,4.032304348011726,41,4855.0,0.1280800211905099,41,4855.0,1.1099999999999994
37255.0,44,683.0,7.850574712643678,3.7940885878172295,44,4983.0,0.12731071970083876,44,4983.0,-1.2800000000000011
37260.0,42,738.0,8.68235294117647,3.447079887219728,42,5029.0,0.09581888873633133,42,5029.0,-0.46000000000000085
37265.0,41,726.0,8.541176470588235,3.2717359854136436,41,4902.0,0.09505329150660692,41,4902.0,1.269999999999996
37270.0,38,714.0,8.602409638554217,3.6231328526059583,38,4768.0,0.11864532683356238,38,4768.0,1.3400000000000034
37275.0,37,733.0,8.831325301204819,3.7794960166558575,37,4943.0,0.10688402856108202,37,4943.0,-1.75
37280.0,42,798.0,9.279069767441861,3.807852521970206,42,5145.0,0.10447317695942697,42,5145.0,-2.020000000000003
37285.0,48,888.0,10.206896551724139,3.3843241787285754,48,5368.0,0.08678776681454144,48,5368.0,-2.229999999999997
37290.0,49,707.0,8.220930232558139,2.9132598773754736,49,5496.0,0.06779986679983761,49,5496.0,-1.2800000000000011
37295.0,48,726.0,8.44186046511628,3.1924720444843016,48,5564.0,0.09368832739282335,48,5564.0,-0.6799999999999997
37300.0,50,836.0,9.952380952380953,3.2355960447568255,50,5727.0,0.10346274374498564,50,5727.0,-1.6300000000000026
37305.0,49,861.0,10.011627906976743,3.082913613840637,49,5786.0,0.09719808871213707,49,5786.0,-0.5899999999999963
37310.0,45,810.0,9.418604651162791,3.229697643419617,45,5642.0,0.09921448436668025,45,5642.0,1.4399999999999977
37315.0,44,747.0,8.586206896551724,3.3096993041557035,44,5493.0,0.09948374176487212,44,5493.0,1.490000000000002
37320.0,41,707.0,8.220930232558139,3.7520440110714235,41,5174.0,0.11548909021737801,41,5174.0,3.1899999999999977
37325.0,38,677.0,8.358024691358025,3.7141705893731407,38,5340.0,0.12707989579617548,38,5340.0,-1.6599999999999966
37330.0,43,732.0,8.819277108433734,3.398805096816228,43,5537.0,0.11260351467412849,43,5537.0,-1.9699999999999989
37335.0,47,811.0,9.771084337349398,3.283677787757166,47,5764.0,0.10509415892509585,47,5764.0,-2.270000000000003
37340.0,48,855.0,10.301204819277109,2.8298835562855,48,5814.0,0.07909771519860602,48,5814.0,-0.5
37345.0,45,857.0,10.08235294117647,3.2381794545699476,45,5670.0,0.1070219753359648,45,5670.0,1.4399999999999977
37350.0,41,844.0,10.047619047619047,3.8382475513267984,41,5509.0,0.1305279155684622,41,5509.0,1.6099999999999994
37355.0,36,809.0,9.51764705882353,4.227404821253879,36,5156.0,0.14903688628796832,36,5156.0,3.530000000000001
37360.0,34,755.0,9.096385542168674,4.274798764762807,34,5327.0,0.14843040234982666,34,5327.0,-1.7100000000000009
37365.0,35,704.0,8.481927710843374,4.118531634456137,35,5501.0,0.12600706480906043,35,5501.0,-1.7399999999999949
37370.0,37,717.0,8.851851851851851,4.178037720089606,37,5680.0,0.12830661284195288,37,5680.0,-1.7899999999999991
37375.0,39,791.0,10.012658227848101,4.036329887053832,39,5682.0,0.13427310875261264,39,5682.0,-0.020000000000003126
37380.0,41,836.0,10.320987654320987,3.697799833239276,41,5500.0,0.12304180909715502,41,5500.0,1.8200000000000003
37385.0,36,872.0,10.765432098765432,4.009261344327062,36,5310.0,0.1473243500694128,36,5310.0,1.8999999999999986
37390.0,35,895.0,11.049382716049383,3.843708164787242,35,4950.0,0.1251273452197045,35,4950.0,3.6000000000000014
37395.0,32,912.0,11.4,4.359560263950885,32,4637.0,0.1603249307488606,32,4637.0,3.1300000000000026
37400.0,29,761.0,9.5125,4.184183533671691,29,4703.0,0.15520747040398122,29,4703.0,-0.6600000000000037
37405.0,30,809.0,9.987654320987655,4.3540740896996475,30,4757.0,0.17941494624324775,30,4757.0,-0.5399999999999991
37410.0,35,899.0,11.2375,4.2237617796317775,35,4910.0,0.17365288473369953,35,4910.0,-1.5300000000000011
37415.0,40,972.0,12.0,3.6991597246691277,40,4931.0,0.12196033387785929,40,4931.0,-0.21000000000000085
37420.0,37,1016.0,12.390243902439025,3.970299673580407,37,4790.0,0.12987655535543238,37,4790.0,1.4100000000000037
37425.0,33,1044.0,12.88888888888889,4.197817352771518,33,4634.0,0.1576349981754704,33,4634.0,1.5599999999999952
37430.0,30,1056.0,12.423529411764706,4.593977986466825,30,4303.0,0.17610632026413744,30,4303.0,3.3100000000000023
37435.0,28,569.0,6.540229885057471,4.6632184837234885,28,4251.0,0.17024437370553697,28,4251.0,0.5200000000000031
37440.0,27,247.0,2.9058823529411764,4.663790311613288,27,4073.0,0.1692589679556272,27,4073.0,1.7800000000000011
37445.0,32,323.0,3.8452380952380953,4.797467787293311,32,3997.0,0.17172265138049125,32,3997.0,0.759999999999998
37450.0,38,383.0,4.559523809523809,4.249236094080737,38,3997.0,0.1344400496008684,38,3997.0,0.0
37455.0,38,428.0,4.863636363636363,4.2022808622211505,38,4018.0,0.11990289818246597,38,4018.0,-0.21000000000000085
37460.0,35,458.0,5.4523809523809526,3.9094192634548586,35,4022.0,0.12324407888615314,35,4022.0,-0.03999999999999915
37465.0,35,338.0,4.172839506172839,3.3472389218572647,35,4123.0,0.10568026770805874,35,4123.0,-1.009999999999998
37470.0,37,366.0,4.409638554216867,3.384115603619759,37,4250.0,0.10546112906183394,37,4250.0,-1.2700000000000031
37475.0,38,454.0,5.469879518072289,3.5035255930277005,38,4407.0,0.12010242842503804,38,4407.0,-1.5700000000000003
37480.0,40,455.0,5.290697674418604,3.429259536731597,40,4546.0,0.11714617601015205,40,4546.0,-1.3900000000000006
37485.0,45,590.0,7.023809523809524,2.946470949900244,45,4724.0,0.09519470032458495,45,4724.0,-1.7800000000000011
37490.0,52,755.0,8.988095238095237,2.382158686279529,52,4952.0,0.06612045929345124,52,4952.0,-2.280000000000001
37495.0,50,796.0,9.476190476190476,2.496976253225999,50,5084.0,0.07352603819750086,50,5084.0,-1.3200000000000003
37500.0,50,872.0,10.258823529411766,2.6921327965881465,50,5237.0,0.08076684103973175,50,5237.0,-1.529999999999994
37505.0,51,1043.0,12.127906976744185,2.6179334855195107,51,5414.0,0.0819356320604463,51,5414.0,-1.7700000000000031
37510.0,55,1257.0,14.448275862068966,2.525457510243271,55,5662.0,0.07464258966060032,55,5662.0,-2.479999999999997
37515.0,61,1541.0,17.511363636363637,2.2128726835522365,61,5953.0,0.054394634561673115,61,5953.0,-2.9100000000000037
37520.0,65,1855.0,20.84269662921348,2.3377328066919554,65,6266.0,0.06001823995839223,65,6266.0,-3.1299999999999955
37525.0,67,2006.0,23.057471264367816,2.050103588223922,67,6377.0,0.043733827201941,67,6377.0,-1.1100000000000065
37530.0,65,2030.0,22.808988764044944,2.1994643439352064,65,6267.0,0.06161845572705493,65,6267.0,1.1000000000000014
37535.0,60,2035.0,22.865168539325843,2.725387445585196,60,6139.0,0.09477056408029647,60,6139.0,1.2800000000000011
37540.0,56,1943.0,22.333333333333332,2.2483656265261627,56,6376.0,0.0657282890675986,56,6376.0,-2.3699999999999974
37545.0,59,1928.0,22.952380952380953,2.1418099636495915,59,6645.0,0.06166370967984159,59,6645.0,-2.690000000000005
37550.0,58,1912.0,22.761904761904763,2.4929489324319567,58,6932.0,0.07121318681879146,58,6932.0,-2.8699999999999903
37555.0,55,1846.0,21.71764705882353,2.5164385075521865,55,7007.0,0.07738821829943199,55,7007.0,-0.75
37560.0,50,1726.0,20.547619047619047,2.7174265437605256,50,6863.0,0.08903433734046984,50,6863.0,1.4399999999999977
37565.0,46,1585.0,18.86904761904762,3.020105770434117,46,6703.0,0.09736170397419092,46,6703.0,1.5999999999999943
37570.0,43,1428.0,17.0,3.4153950136887814,43,6345.0,0.11964050651253902,43,6345.0,3.5799999999999983
37575.0,38,1248.0,15.21951219512195,3.7450730683278515,38,5968.0,0.1296939872783998,38,5968.0,3.770000000000003
37580.0,32,827.0,9.963855421686747,3.8883573734062753,32,6022.0,0.14374887245052387,32,6022.0,-0.5399999999999991
37585.0,29,466.0,5.614457831325301,4.03935951464414,29,5988.0,0.15581604993400963,29,5988.0,0.3399999999999963
37590.0,31,299.0,3.6463414634146343,4.03798204207786,31,6027.0,0.1508071716828421,31,6027.0,-0.39000000000000057
37595.0,37,312.0,3.8518518518518516,3.7978335080733823,37,6151.0,0.13521052605259118,37,6151.0,-1.2399999999999949
37600.0,40,431.0,5.2560975609756095,4.069233694315771,40,6305.0,0.12642055568545557,40,6305.0,-1.5399999999999991
37605.0,42,563.0,6.7023809523809526,4.070694630267216,42,6510.0,0.13200873187884232,42,6510.0,-2.049999999999997
37610.0,42,613.0,7.2976190476190474,3.999745385234667,42,6504.0,0.1170936395973595,42,6504.0,0.05999999999998806
37615.0,39,593.0,7.059523809523809,3.8494118354281825,39,6275.0,0.11282109716768841,39,6275.0,2.2900000000000063
37620.0,36,593.0,7.320987654320987,4.169377587725585,36,6038.0,0.14631024297432096,36,6038.0,2.3699999999999974
37625.0,37,528.0,6.439024390243903,4.149842031750335,36,6163.0,0.13253965205888,36,6163.0,-1.25
37630.0,42,577.0,6.632183908045977,3.850106884762777,42,6366.0,0.11128093673946167,42,6366.0,-2.029999999999994
37635.0,45,651.0,7.658823529411765,3.6479096817413854,45,6532.0,0.10582290628357179,45,6532.0,-1.6599999999999966
37640.0,47,690.0,8.313253012048193,2.9440055978216124,47,6540.0,0.0719212221969466,47,6540.0,-0.0800000000000125
37645.0,43,692.0,8.54320987654321,3.1919824724030676,43,6327.0,0.0936280651464692,43,6327.0,2.1300000000000026
37650.0,41,677.0,8.358024691358025,3.578881667696203,41,6115.0,0.12049707964489967,41,6115.0,2.1200000000000045
37655.0,40,635.0,7.650602409638554,3.3600495613832195,39,6292.0,0.11382383144934463,39,6292.0,-1.7700000000000031
37660.0,40,611.0,7.451219512195122,3.256286710598799,40,6493.0,0.1044609372290751,40,6493.0,-2.010000000000005
37665.0,44,607.0,7.313253012048193,2.994175623683845,44,6699.0,0.08166994787097553,44,6699.0,-2.059999999999988
37670.0,42,616.0,7.421686746987952,3.232122419272509,42,6700.0,0.09590771871627247,42,6700.0,-0.010000000000005116
37675.0,38,624.0,7.8,3.5127423070868473,38,6466.0,0.11700690564761405,38,6466.0,2.3400000000000034
37680.0,38,664.0,8.097560975609756,3.6522754421377526,38,6272.0,0.13433815146695113,38,6272.0,1.9399999999999977
37685.0,38,703.0,8.369047619047619,3.8268761580708235,38,5903.0,0.1341882218910768,38,5903.0,3.6899999999999977
37690.0,37,470.0,5.529411764705882,3.5524332344822485,37,5969.0,0.11111551339411346,37,5969.0,-0.6599999999999966
37695.0,36,411.0,5.012195121951219,3.688482993932252,36,5980.0,0.12799432054285492,36,5980.0,-0.10999999999999943
37700.0,37,448.0,5.670886075949367,3.9211837676388015,37,6081.0,0.1408320501071015,37,6081.0,-1.0100000000000051
37705.0,36,474.0,5.851851851851852,3.8924500939563798,36,6066.0,0.13664323786264426,36,6066.0,0.15000000000000568
37710.0,37,505.0,6.234567901234568,3.8140967475349887,37,6057.0,0.12579179544794666,37,6057.0,0.0899999999999963
37715.0,40,540.0,6.585365853658536,3.374495900711315,40,6048.0,0.09977816998402692,40,6048.0,0.09000000000000341
37720.0,36,570.0,6.867469879518072,3.8578548988001535,36,5658.0,0.12589524916665557,36,5658.0,3.8999999999999986
37725.0,33,585.0,6.964285714285714,4.310944525984722,33,5272.0,0.15209749172937537,33,5272.0,3.8599999999999994
37730.0,31,588.0,7.0,4.48086843149734,31,5064.0,0.17593527810182633,31,5064.0,2.0799999999999983
37735.0,29,608.0,7.414634146341464,4.538511695726113,27,4665.0,0.18263130248576198,27,4665.0,3.990000000000002
37740.0,29,654.0,7.975609756097561,4.358009509283816,29,4294.0,0.1640126899226968,29,4294.0,3.710000000000001
37745.0,31,715.0,8.82716049382716,4.1853362479284755,29,4099.0,0.1610365677157636,29,4099.0,1.9499999999999957
37750.0,26,765.0,9.444444444444445,4.53573661004541,25,3899.0,0.1764303692888439,25,3899.0,2.0
37755.0,21,797.0,9.71951219512195,4.65923568307805,21,3848.0,0.19418114685128746,21,3848.0,0.5100000000000051
37760.0,19,815.0,9.819277108433734,4.821825034694841,19,3625.0,0.19303154428486882,19,3625.0,2.229999999999997
37765.0,19,846.0,10.19277108433735,4.517594869304077,18,3401.0,0.19153329609920275,18,3401.0,2.240000000000002
37770.0,20,923.0,11.25609756097561,4.645684471204654,17,3333.0,0.20471211853875074,17,3333.0,0.6799999999999997
37775.0,20,599.0,7.216867469879518,4.9487465679230125,19,3280.0,0.2078055765561442,19,3280.0,0.5300000000000011
37780.0,19,477.0,5.678571428571429,4.965313154625299,18,3113.0,0.22256103154415063,18,3113.0,1.6699999999999982
37785.0,24,581.0,6.8352941176470585,4.987434928429054,24,3065.0,0.2135416768815655,24,3065.0,0.4800000000000004
37790.0,29,713.0,8.290697674418604,4.486720656904513,29,3138.0,0.15040945501217134,29,3138.0,-0.7300000000000004
37795.0,32,806.0,9.595238095238095,4.354853381594727,32,3122.0,0.1432071957630087,32,3122.0,0.16000000000000014
37800.0,32,856.0,10.070588235294117,4.660555111951506,32,2935.0,0.14007632165789644,32,2935.0,1.8699999999999974
37805.0,33,906.0,10.295454545454545,5.00032639313498,33,2747.0,0.1630604049172135,33,2747.0,1.8800000000000026
37810.0,32,956.0,11.116279069767442,4.944451969789942,32,2516.0,0.16195731941224326,32,2516.0,2.3099999999999987
37815.0,34,726.0,8.541176470588235,4.512309150251139,34,2567.0,0.1324142341405256,34,2567.0,-0.5100000000000016
37820.0,34,699.0,8.127906976744185,4.759543216912086,34,2562.0,0.1380758424553201,34,2562.0,0.05000000000000071
37825.0,37,765.0,8.895348837209303,4.923054303850835,37,2655.0,0.15469927568593259,37,2655.0,-0.9299999999999997
37830.0,36,790.0,9.186046511627907,4.560252376082986,36,2712.0,0.14499383293862766,36,2712.0,-0.5700000000000003
37835.0,33,771.0,8.862068965517242,4.531882206398237,33,2762.0,0.12737199507259844,33,2762.0,-0.5
37840.0,32,745.0,8.869047619047619,4.348572437152335,32,2798.0,0.12325855874154587,32,2798.0,-0.35999999999999943
37845.0,31,732.0,9.265822784810126,4.058175684088307,31,2926.0,0.12654326615976716,31,2926.0,-1.2800000000000011
37850.0,34,807.0,10.346153846153847,4.092433764190602,34,3083.0,0.1380854432616081,34,3083.0,-1.5699999999999967
37855.0,40,912.0,11.121951219512194,3.9404781496171677,40,3266.0,0.12970585201883766,40,3266.0,-1.8299999999999983
37860.0,44,1042.0,12.864197530864198,3.4532224850326014,44,3476.0,0.09219198006718149,44,3476.0,-2.1000000000000014
37865.0,45,741.0,9.379746835443038,3.1303073964064185,45,3529.0,0.0779581373128956,45,3529.0,-0.5300000000000011
37870.0,42,601.0,8.013333333333334,2.86186152898256,42,3470.0,0.09645979515910366,42,3470.0,0.5899999999999963
37875.0,44,734.0,9.657894736842104,3.127746601533708,44,3503.0,0.11792853057677868,44,3503.0,-0.3299999999999983
37880.0,45,798.0,10.10126582278481,2.8669261974305673,45,3575.0,0.10032474034908323,45,3575.0,-0.7199999999999989
37885.0,44,832.0,10.531645569620252,2.9850200010203407,44,3510.0,0.09800110340654145,44,3510.0,0.6499999999999986
37890.0,46,873.0,11.050632911392405,2.880670277288889,46,3452.0,0.09880339387995205,46,3452.0,0.5799999999999983
37895.0,47,923.0,11.683544303797468,3.0977524486747745,47,3280.0,0.11074175930268552,47,3280.0,1.720000000000006
37900.0,44,965.0,12.371794871794872,3.5335485592438376,44,3116.0,0.14301240682118374,44,3116.0,1.639999999999997
37905.0,42,915.0,11.158536585365853,3.4693990176382066,41,3241.0,0.12860408027999604,41,3241.0,-1.2499999999999964
37910.0,44,925.0,11.144578313253012,3.2772212968254775,43,3449.0,0.11694396369870783,43,3449.0,-2.0800000000000054
37915.0,44,933.0,11.107142857142858,3.143086678696928,44,3665.0,0.10071124772771028,44,3665.0,-2.1599999999999966
37920.0,45,924.0,10.870588235294118,3.3215033312757964,45,3751.0,0.10928611822875078,45,3751.0,-0.8599999999999994
37925.0,42,889.0,10.337209302325581,3.784529254040064,42,3699.0,0.1306263200294117,42,3699.0,0.519999999999996
37930.0,39,838.0,9.632183908045977,3.9749676214839185,39,3642.0,0.15261595034748218,39,3642.0,0.5700000000000003
37935.0,36,740.0,8.604651162790697,3.956828127532708,35,3747.0,0.14158952120112298,35,3747.0,-1.0499999999999972
37940.0,37,719.0,8.55952380952381,3.53876727353287,37,3933.0,0.11534175890944455,37,3933.0,-1.8599999999999994
37945.0,37,773.0,9.313253012048193,3.8885411250142825,37,4011.0,0.1355337759822975,37,4011.0,-0.7800000000000011
37950.0,42,859.0,10.475609756097562,3.453037741648778,42,4079.0,0.12373644437384362,42,4079.0,-0.6799999999999997
37955.0,41,919.0,10.686046511627907,3.532548244591808,41,4027.0,0.12359425691297517,41,4027.0,0.519999999999996
37960.0,40,978.0,11.372093023255815,3.7410459680158015,40,3975.0,0.13242237361702083,40,3975.0,0.5200000000000031
37965.0,39,1030.0,12.261904761904763,3.5389686804239178,39,3829.0,0.12122318068088342,39,3829.0,1.4600000000000009
37970.0,37,1073.0,12.623529411764705,3.9233214642123846,37,3692.0,0.14517550600200374,37,3692.0,1.3699999999999974
37975.0,33,1104.0,13.142857142857142,4.194915540524096,33,3654.0,0.1698218571349662,33,3654.0,0.38000000000000256
37980.0,31,1167.0,13.261363636363637,4.520227433118032,31,3502.0,0.18756604205395647,31,3502.0,1.519999999999996
37985.0,33,1242.0,13.955056179775282,4.353604116644427,32,3453.0,0.17896780858884456,32,3453.0,0.490000000000002
37990.0,35,1328.0,15.264367816091953,3.9328878329228103,35,3308.0,0.15739272002472635,35,3308.0,1.4500000000000028
37995.0,34,1412.0,16.229885057471265,4.275331261129516,33,3378.0,0.1822058623932215,33,3378.0,-0.7000000000000028
38000.0,30,1482.0,17.232558139534884,4.518214762954134,29,3330.0,0.190373473950028,29,3330.0,0.480000000000004
38005.0,24,1190.0,13.222222222222221,4.754501740125917,24,3229.0,0.2073287913754134,24,3229.0,1.009999999999998
38010.0,26,1112.0,12.49438202247191,4.6076802128596475,25,3132.0,0.2007138248786252,25,3132.0,0.9699999999999989
38015.0,27,1206.0,13.704545454545455,4.738077151104968,27,3150.0,0.2058984491915394,27,3150.0,-0.17999999999999972
38020.0,31,825.0,9.375,4.671383917247939,30,3094.0,0.19273752105624295,30,3094.0,0.5599999999999987
38025.0,31,551.0,6.333333333333333,4.639852726332524,31,3065.0,0.17994609727512142,31,3065.0,0.2900000000000027
38030.0,34,698.0,7.7555555555555555,4.622984211853588,34,2938.0,0.16657067116324342,34,2938.0,1.2699999999999996
38035.0,39,883.0,9.703296703296703,4.440506008463634,39,2864.0,0.14784246403123424,39,2864.0,0.7399999999999984
38040.0,45,835.0,9.382022471910112,3.803733517623103,45,2964.0,0.09773431646431982,45,2964.0,-1.0
38045.0,49,984.0,10.813186813186814,3.9629793114385072,49,3029.0,0.1015790501901248,49,3029.0,-0.6499999999999986
38050.0,52,1237.0,13.593406593406593,4.176383120751401,52,3200.0,0.11235661420750563,52,3200.0,-1.7100000000000009
38055.0,51,1349.0,14.66304347826087,4.018159617978124,51,3322.0,0.0966455403824572,51,3322.0,-1.2199999999999989
38060.0,47,1348.0,14.977777777777778,4.175668533647386,47,3302.0,0.10323225184090949,47,3302.0,0.19999999999999574
38065.0,47,1335.0,15.523255813953488,3.803801446747083,47,3273.0,0.09764865571184839,47,3273.0,0.29000000000000625
38070.0,45,1296.0,14.89655172413793,3.911027680810068,44,3479.0,0.08830448698970082,44,3479.0,-2.0600000000000023
38075.0,46,1276.0,15.373493975903614,3.7358826896984128,46,3711.0,0.09103507529666854,46,3711.0,-2.3200000000000003
38080.0,47,1261.0,14.83529411764706,3.6860641898933917,47,3931.0,0.1005914523938084,47,3931.0,-2.200000000000003
38085.0,45,1115.0,13.273809523809524,3.3585846207552783,45,4080.0,0.09483511829339164,45,4080.0,-1.4899999999999949
38090.0,47,1076.0,12.80952380952381,3.1753732926132274,47,4209.0,0.0872595042468536,47,4209.0,-1.2900000000000063
38095.0,49,1073.0,13.085365853658537,3.1617122451065143,49,4427.0,0.10479476485795289,49,4427.0,-2.1799999999999997
38100.0,48,991.0,12.234567901234568,2.889742183401005,48,4512.0,0.09761240470884515,48,4512.0,-0.8499999999999943
38105.0,45,893.0,10.759036144578314,2.8841438966984683,45,4592.0,0.09326037619549668,45,4592.0,-0.8000000000000043
38110.0,42,851.0,10.130952380952381,3.2139247983187893,42,4653.0,0.10886650706702172,42,4653.0,-0.6099999999999994
38115.0,41,854.0,10.289156626506024,3.11747105509089,41,4413.0,0.10739939136587669,41,4413.0,2.3999999999999986
38120.0,42,892.0,10.878048780487806,2.997488131734329,42,4611.0,0.1097147643893129,42,4611.0,-1.9799999999999969
38125.0,47,962.0,11.731707317073171,3.0010611463523973,47,4839.0,0.09846561804293383,47,4839.0,-2.280000000000001
38130.0,52,1056.0,12.137931034482758,2.944259651368608,52,5086.0,0.08942984324407569,52,5086.0,-2.469999999999999
38135.0,51,1096.0,12.597701149425287,2.8498900952668604,51,5297.0,0.0839286158090073,51,5297.0,-2.1099999999999994
38140.0,54,1205.0,14.011627906976743,2.473615660571457,54,5547.0,0.07089357914939848,54,5547.0,-2.5
38145.0,56,1329.0,15.453488372093023,2.5616237029908295,56,5824.0,0.08038364605546103,56,5824.0,-2.770000000000003
38150.0,55,1445.0,17.40963855421687,2.465424012186117,55,6095.0,0.07522697603393408,55,6095.0,-2.710000000000001
38155.0,55,1565.0,18.41176470588235,2.5748408745172537,55,6372.0,0.0812572031740132,55,6372.0,-2.769999999999996
38160.0,55,1687.0,19.847058823529412,2.5287433623754225,55,6645.0,0.07899294295397344,55,6645.0,-2.730000000000004
38165.0,54,1724.0,20.523809523809526,2.243321178320414,54,6729.0,0.058172567174618904,54,6729.0,-0.8400000000000034
38170.0,54,1768.0,21.5609756097561,2.2383063909075744,54,6625.0,0.07845825395566665,54,6625.0,1.0400000000000063
38175.0,55,1814.0,22.121951219512194,2.431742774844783,55,6523.0,0.09310256552572951,55,6523.0,1.019999999999996
38180.0,54,1843.0,21.68235294117647,2.2608676331835578,54,6777.0,0.0791333386708935,54,6777.0,-2.539999999999992
38185.0,54,1878.0,22.094117647058823,2.2952720376488416,54,7045.0,0.08435607732235124,54,7045.0,-2.680000000000007
38190.0,58,1928.0,22.41860465116279,1.954097004205777,58,7322.0,0.06394503947959065,58,7322.0,-2.769999999999996
38195.0,56,1954.0,22.72093023255814,2.1345381950549718,56,7415.0,0.06424871434277496,56,7415.0,-0.9300000000000068
38200.0,51,1934.0,22.488372093023255,2.6428522255830025,51,7299.0,0.08771439482072656,51,7299.0,1.1600000000000108
38205.0,46,1889.0,21.71264367816092,3.0305843778071924,46,7163.0,0.11274088072632264,46,7163.0,1.3599999999999994
38210.0,41,1819.0,21.151162790697676,3.5167758199432195,41,6832.0,0.13125007379852088,41,6832.0,3.3100000000000023
38215.0,39,1729.0,20.1046511627907,3.533706206186086,39,6505.0,0.12536400541803427,39,6505.0,3.269999999999996
38220.0,34,1624.0,19.333333333333332,3.9054027481044074,34,6205.0,0.1496127062931011,34,6205.0,3.0
38225.0,31,1490.0,17.951807228915662,4.106714032497869,31,6362.0,0.1656086316689565,31,6362.0,-1.5700000000000003
38230.0,33,1430.0,16.823529411764707,3.993077829548911,33,6522.0,0.1606310202588864,33,6522.0,-1.6000000000000014
38235.0,39,1536.0,17.86046511627907,3.8718037850708362,37,6685.0,0.14394967391406255,37,6685.0,-1.6299999999999955
38240.0,42,1625.0,18.8953488372093,3.4573678164715465,41,6701.0,0.11513859056292992,41,6701.0,-0.1600000000000108
38245.0,40,1699.0,19.75581395348837,3.8617884034609142,40,6568.0,0.13700092190165272,40,6568.0,1.3299999999999983
38250.0,37,1764.0,20.75294117647059,4.268337511570314,37,6420.0,0.16347753460685918,37,6420.0,1.480000000000004
38255.0,33,1696.0,19.72093023255814,4.2004327615720305,33,6532.0,0.1606944397159776,33,6532.0,-1.1199999999999903
38260.0,35,1756.0,20.658823529411766,4.297564269255524,35,6646.0,0.1616518819200263,35,6646.0,-1.1400000000000006
38265.0,40,1876.0,22.333333333333332,4.0764696766454795,40,6835.0,0.15608691922830437,40,6835.0,-1.8900000000000006
38270.0,45,1990.0,23.69047619047619,3.433723255934139,45,7020.0,0.1147584723562448,45,7020.0,-1.8500000000000085
38275.0,49,2155.0,25.654761904761905,3.2416839424625823,49,7256.0,0.09926801252047793,49,7256.0,-2.3599999999999994
38280.0,51,2337.0,26.556818181818183,3.3259054644967305,51,7506.0,0.10728364365605088,51,7506.0,-2.5
38285.0,52,2526.0,29.03448275862069,3.0321566219098903,52,7765.0,0.08310395487467076,52,7765.0,-2.5900000000000034
38290.0,56,2728.0,31.35632183908046,2.645099698759386,56,8037.0,0.0664587797494553,56,8037.0,-2.719999999999999
38295.0,57,2975.0,34.195402298850574,2.5929241489692303,57,8321.0,0.06677698325904131,57,8321.0,-2.839999999999989
38300.0,61,3265.0,38.411764705882355,2.424884866766823,61,8611.0,0.07088203795821832,61,8611.0,-2.9000000000000057
38305.0,66,3585.0,41.206896551724135,2.1011474814969846,66,8933.0,0.0683620632713855,66,8933.0,-3.219999999999999
38310.0,72,3930.0,44.65909090909091,1.7142040696508984,72,9276.0,0.05258475920020879,72,9276.0,-3.430000000000007
38315.0,70,3417.0,39.275862068965516,1.3999271339937636,70,9315.0,0.035358962574112904,70,9315.0,-0.39000000000000057
38320.0,68,2737.0,31.45977011494253,1.5881512191343259,68,9090.0,0.05103967336964139,68,9090.0,2.25
38325.0,65,2636.0,30.651162790697676,1.8654106616155903,65,8937.0,0.07482437868966327,65,8937.0,1.5300000000000011
38330.0,66,2943.0,32.34065934065934,2.26873001923399,66,8716.0,0.08391408094904544,66,8716.0,2.210000000000008
38335.0,67,3276.0,35.608695652173914,2.4737287466944786,67,8721.0,0.08862775416071152,67,8721.0,-0.04999999999999716
38340.0,70,3367.0,37.41111111111111,1.5051426189839443,70,8817.0,0.028075705570921386,70,8817.0,-0.960000000000008
38345.0,67,3286.0,36.51111111111111,1.9420303993738575,67,8671.0,0.05160165910499107,67,8671.0,1.460000000000008
38350.0,62,3181.0,35.34444444444444,2.664183206231834,62,8501.0,0.08289195816235057,62,8501.0,1.6999999999999886
38355.0,57,3051.0,32.806451612903224,3.2862953965675215,57,8076.0,0.09921493267224578,57,8076.0,4.25
38360.0,52,2896.0,31.47826086956522,3.5542030901003256,52,7639.0,0.11329653253142631,52,7639.0,4.3700000000000045
38365.0,49,2650.0,28.804347826086957,3.323850693170036,49,7803.0,0.09506638215240776,49,7803.0,-1.6400000000000006
38370.0,47,2432.0,26.725274725274726,3.6594807516889762,47,7939.0,0.10888038480914457,47,7939.0,-1.3599999999999994
38375.0,47,2242.0,25.191011235955056,3.9025351438028353,47,8142.0,0.12828843712547405,47,8142.0,-2.030000000000001
38380.0,44,2004.0,22.266666666666666,3.954494092301038,44,8124.0,0.11792802977185722,44,8124.0,0.18000000000000682
38385.0,39,1714.0,19.258426966292134,4.333385373500187,39,7846.0,0.13444177941959012,39,7846.0,2.780000000000001
38390.0,36,1405.0,16.149425287356323,4.509251447649973,36,7555.0,0.15209254774313616,36,7555.0,2.9099999999999966
38395.0,34,1083.0,12.593023255813954,4.500542146165043,34,7726.0,0.1431936686084236,34,7726.0,-1.710000000000008
38400.0,34,803.0,9.792682926829269,4.41424918655229,34,7896.0,0.15223148308085616,34,7896.0,-1.6999999999999886
38405.0,35,631.0,7.602409638554217,4.207773864948715,35,8067.0,0.14199169314057147,35,8067.0,-1.710000000000008
38410.0,40,751.0,9.048192771084338,3.892038371644873,40,8258.0,0.12570656120906676,40,8258.0,-1.9099999999999966
38415.0,45,836.0,9.952380952380953,3.2540190238281617,45,8219.0,0.09522233329608876,45,8219.0,0.39000000000000057
38420.0,44,887.0,10.55952380952381,3.218819835578419,44,7945.0,0.09545686142486362,44,7945.0,2.739999999999995
38425.0,41,927.0,11.734177215189874,3.4106405811921876,41,7668.0,0.12752590348529108,41,7668.0,2.769999999999996
38430.0,37,949.0,12.012658227848101,3.4274856512855174,37,7150.0,0.1389926526995672,37,7150.0,5.180000000000007
38435.0,33,959.0,11.9875,3.9045588497728785,33,6634.0,0.15619290613164188,33,6634.0,5.159999999999997
38440.0,34,707.0,8.728395061728396,3.5145499137993523,34,6671.0,0.13210847757159722,34,6671.0,-0.36999999999999034
38445.0,35,688.0,8.493827160493828,3.650251196831096,35,6667.0,0.14016625172565259,35,6667.0,0.03999999999999204
38450.0,40,778.0,9.848101265822784,3.6581750631142023,40,6776.0,0.14489923195865828,40,6776.0,-1.0900000000000034
38455.0,39,835.0,10.060240963855422,3.86598437359539,39,6729.0,0.13959496111337802,39,6729.0,0.46999999999999886
38460.0,38,851.0,10.130952380952381,3.8486095453361973,38,6682.0,0.12045517626350562,38,6682.0,0.4700000000000131
38465.0,35,856.0,10.070588235294117,3.8364418957679063,35,6622.0,0.11731167660707871,35,6622.0,0.5999999999999943
38470.0,34,470.0,5.465116279069767,4.0385646848906465,34,6647.0,0.12594018295645593,34,6647.0,-0.25
38475.0,34,306.0,3.6,4.041199462152105,34,6685.0,0.13363897997076066,34,6685.0,-0.37999999999999545
38480.0,34,375.0,4.3604651162790695,4.030679370304833,34,6745.0,0.13702835695914944,34,6745.0,-0.6000000000000085
38485.0,40,441.0,5.188235294117647,3.721676095841494,40,6682.0,0.12349912488341934,40,6682.0,0.6300000000000097
38490.0,44,493.0,5.666666666666667,3.1899647615872246,44,6388.0,0.08457710095670828,44,6388.0,2.9399999999999906
38495.0,42,552.0,6.4941176470588236,3.3462669247715344,42,6105.0,0.11130258215683317,42,6105.0,2.8300000000000054
38500.0,39,597.0,7.37037037037037,3.3931302832676393,39,5592.0,0.1302021109125464,39,5592.0,5.1299999999999955
38505.0,37,563.0,6.783132530120482,3.251725460196513,36,5670.0,0.1257429341635422,36,5670.0,-0.7800000000000011
38510.0,41,563.0,6.623529411764705,3.116529174730927,40,5856.0,0.11021401745140408,40,5856.0,-1.8599999999999994
38515.0,40,630.0,7.325581395348837,3.0591025885949956,40,5973.0,0.09383084616814588,40,5973.0,-1.1699999999999946
38520.0,43,706.0,8.114942528735632,3.311034110333482,43,5940.0,0.11112624447467444,43,5940.0,0.3299999999999983
38525.0,44,771.0,9.070588235294117,3.3275939829375174,44,5698.0,0.1207203951692713,44,5698.0,2.4200000000000017
38530.0,44,835.0,9.277777777777779,3.6373301486803515,44,5457.0,0.1310336357276092,44,5457.0,2.4099999999999966
38535.0,40,887.0,9.747252747252746,3.9775941777060164,40,5094.0,0.13960856269192687,40,5094.0,3.6300000000000026
38540.0,40,933.0,10.48314606741573,4.041799401521223,40,4743.0,0.1377984885967145,40,4743.0,3.509999999999998
38545.0,35,963.0,11.19767441860465,4.308922083119759,35,4411.0,0.16008879760532618,35,4411.0,3.3200000000000003
38550.0,31,757.0,9.120481927710843,4.283907653908168,31,4470.0,0.17363364667330766,31,4470.0,-0.5900000000000034
38555.0,34,786.0,9.03448275862069,4.415308984428966,34,4485.0,0.17573671753277015,34,4485.0,-0.14999999999999858
38560.0,38,891.0,10.241379310344827,4.069624087629586,38,4612.0,0.15383478594076358,38,4612.0,-1.269999999999996
38565.0,39,645.0,7.5,3.6780714362623064,39,4668.0,0.14008071863587096,39,4668.0,-0.5600000000000023
38570.0,38,592.0,6.883720930232558,4.015742064769152,38,4631.0,0.15101658877438728,38,4631.0,0.36999999999999744
38575.0,40,710.0,8.160919540229886,4.378108509944073,40,4691.0,0.16026960452014802,40,4691.0,-0.5999999999999943
38580.0,42,849.0,9.32967032967033,4.218525336557953,42,4885.0,0.14211283844059266,42,4885.0,-1.9400000000000048
38585.0,45,1056.0,12.0,4.063284219541899,45,5107.0,0.13812578331468583,45,5107.0,-2.219999999999999
38590.0,52,1301.0,14.954022988505747,3.580288265858502,52,5351.0,0.10532499389706988,52,5351.0,-2.4399999999999977
38595.0,56,1439.0,16.168539325842698,3.298577110508407,56,5409.0,0.09623141830379259,56,5409.0,-0.5800000000000054
38600.0,55,1489.0,16.920454545454547,2.9828380009140925,55,5477.0,0.07319379598143806,55,5477.0,-0.6799999999999997
38605.0,52,1531.0,17.011111111111113,3.1867528515834818,52,5321.0,0.10418229604629022,52,5321.0,1.5600000000000023
38610.0,49,1289.0,14.48314606741573,3.0910381183293096,49,5421.0,0.10009994841701077,49,5421.0,-1.0
38615.0,48,1061.0,12.056818181818182,2.578915143639774,48,5533.0,0.06592927430718122,48,5533.0,-1.1199999999999974
38620.0,50,1085.0,12.616279069767442,2.717863619498922,50,5572.0,0.08153210451205176,50,5572.0,-0.39000000000000057
38625.0,52,1069.0,12.430232558139535,2.687470119886995,52,5603.0,0.08547007492551408,52,5603.0,-0.3100000000000023
38630.0,50,1019.0,11.322222222222223,2.95850066717267,50,5415.0,0.0976427860599562,50,5415.0,1.8800000000000026
38635.0,47,952.0,10.577777777777778,3.347087771952392,47,5215.0,0.119809947354645,47,5215.0,2.0
38640.0,46,873.0,9.920454545454545,3.1074466857414467,46,4802.0,0.09900484732128856,46,4802.0,4.1299999999999955
38645.0,44,761.0,8.74712643678161,3.3021479585032028,44,4999.0,0.10799485779239351,44,4999.0,-1.9699999999999989
38650.0,44,709.0,8.244186046511627,3.518556508958296,44,5217.0,0.12347877315162464,44,5217.0,-2.1799999999999997
38655.0,44,714.0,8.02247191011236,3.6454823258066105,44,5435.0,0.12434997100606118,44,5435.0,-2.1799999999999997
38660.0,42,727.0,8.453488372093023,3.5535371501157336,42,5425.0,0.11526184918094644,42,5425.0,0.10000000000000142
38665.0,44,782.0,9.093023255813954,3.2993392980807132,44,5192.0,0.10692853079152699,44,5192.0,2.3299999999999983
38670.0,43,846.0,9.952941176470588,3.5139469136608206,43,5102.0,0.12692059788530308,43,5102.0,0.8999999999999986
38675.0,41,621.0,7.22093023255814,3.4536447962104306,41,5183.0,0.12080551523552185,41,5183.0,-0.8099999999999952
38680.0,39,550.0,6.25,3.6752948313282974,39,5192.0,0.13429575960568496,39,5192.0,-0.09000000000000341
38685.0,39,590.0,6.781609195402299,3.8785081181357306,39,5289.0,0.14389075319406291,39,5289.0,-0.9699999999999989
38690.0,40,619.0,7.1976744186046515,3.5513175766714316,40,5323.0,0.11109764739758657,40,5323.0,-0.3399999999999963
38695.0,41,673.0,8.011904761904763,3.6264449585264615,41,5211.0,0.11397987053300158,41,5211.0,1.1199999999999974
38700.0,42,728.0,8.666666666666666,3.626326142886074,42,5100.0,0.12612172044915276,42,5100.0,1.1099999999999994
38705.0,38,774.0,9.0,3.861735725929543,38,4840.0,0.14173457511867812,38,4840.0,2.6000000000000014
38710.0,34,802.0,9.325581395348838,4.23143734984875,34,4580.0,0.15800351163612222,34,4580.0,2.6000000000000014
38715.0,35,822.0,9.448275862068966,4.20084678095275,35,4325.0,0.15091969653682205,35,4325.0,2.549999999999997
38720.0,35,861.0,9.89655172413793,4.287175775406647,34,4093.0,0.16989315231728566,34,4093.0,2.3200000000000003
38725.0,30,921.0,10.83529411764706,4.656872441958183,29,3990.0,0.20078035988413992,29,3990.0,1.0300000000000011
38730.0,32,994.0,11.295454545454545,4.637869717916853,31,3886.0,0.2050303718326412,31,3886.0,1.0399999999999991
38735.0,30,1062.0,12.206896551724139,4.72388159379431,29,3791.0,0.20290725610281402,29,3791.0,0.9500000000000028
38740.0,33,789.0,9.068965517241379,4.336439803342096,31,3937.0,0.1729937752582478,31,3937.0,-1.4600000000000009
38745.0,35,492.0,5.655172413793103,4.496846209956401,35,4101.0,0.16900356475365524,35,4101.0,-1.6400000000000006
38750.0,36,580.0,6.904761904761905,4.517791295877156,36,4266.0,0.1786876809131078,36,4266.0,-1.6499999999999986
38755.0,37,720.0,8.470588235294118,4.4461186192986615,36,4243.0,0.18198198813323807,36,4243.0,0.22999999999999687
38760.0,39,823.0,9.68235294117647,4.000352589829471,38,4433.0,0.15094845234293497,38,4433.0,-1.8999999999999986
38765.0,44,964.0,11.209302325581396,3.518498547936254,44,4461.0,0.13020236605067464,44,4461.0,-0.28000000000000114
38770.0,45,1175.0,13.505747126436782,3.524884532948348,45,4369.0,0.12023506157901255,45,4369.0,0.9200000000000017
38775.0,50,1415.0,16.079545454545453,3.5520457583658067,50,4389.0,0.12433762039172858,50,4389.0,-0.20000000000000284
38780.0,55,1680.0,18.876404494382022,3.2005388865200137,55,4528.0,0.10608276386140275,55,4528.0,-1.3900000000000006
38785.0,56,1675.0,19.03409090909091,3.058858516930142,56,4689.0,0.09292177219922301,56,4689.0,-1.6099999999999994
38790.0,56,1878.0,21.837209302325583,2.7296205595011163,56,4799.0,0.07237927482400826,56,4799.0,-1.1000000000000014
38795.0,58,2166.0,25.186046511627907,2.944642304665207,58,5014.0,0.08046070182630904,58,5014.0,-2.1499999999999986
38800.0,58,2273.0,26.430232558139537,2.9736868324522754,58,5123.0,0.07699935355806793,58,5123.0,-1.0899999999999963
38805.0,56,2242.0,24.63736263736264,3.143162922354228,56,5224.0,0.07541897562654881,56,5224.0,-1.0100000000000051
38810.0,52,2192.0,24.355555555555554,3.2905093870261473,52,5305.0,0.09290636892139555,52,5305.0,-0.8099999999999952
38815.0,51,2129.0,23.921348314606742,3.1341435657975767,51,5028.0,0.08313337041577214,51,5028.0,2.769999999999996
38820.0,48,2059.0,23.397727272727273,3.497078123207633,48,4784.0,0.1115543011015496,48,4784.0,2.4399999999999977
38825.0,46,1855.0,21.079545454545453,3.4590127339707237,46,5012.0,0.10537959303714066,46,5012.0,-2.279999999999994
38830.0,47,1756.0,19.08695652173913,3.5618656375089977,47,5173.0,0.10717524368729461,47,5173.0,-1.6099999999999994
38835.0,45,1649.0,18.12087912087912,3.372333726187231,45,5349.0,0.095898689521386,45,5349.0,-1.7600000000000051
38840.0,51,1153.0,13.102272727272727,2.892018378422665,51,5587.0,0.08386277019175865,51,5587.0,-2.3799999999999955
38845.0,49,814.0,9.35632183908046,2.7542517507589124,49,5517.0,0.08617692637377727,49,5517.0,0.6999999999999957
38850.0,48,801.0,9.313953488372093,3.0955234432407503,48,5525.0,0.11030324001476947,48,5525.0,-0.0799999999999983
38855.0,47,807.0,9.067415730337078,3.0174107846804468,47,5705.0,0.11084836797050193,47,5705.0,-1.7999999999999972
38860.0,49,921.0,10.348314606741573,3.134003298467239,49,5904.0,0.10574154314520037,49,5904.0,-1.990000000000002
38865.0,52,1100.0,12.64367816091954,2.8777728531961277,52,6154.0,0.09508415614038862,52,6154.0,-2.5
38870.0,53,1231.0,13.988636363636363,2.9281277649681616,53,6218.0,0.08794054225359996,53,6218.0,-0.6400000000000006
38875.0,53,1276.0,14.666666666666666,3.0803446278171736,53,6083.0,0.09557037375850598,53,6083.0,1.3500000000000014
38880.0,54,1321.0,14.677777777777777,3.0249741959388916,54,5949.0,0.0983640339238424,54,5949.0,1.3399999999999963
38885.0,51,1361.0,15.465909090909092,3.181998302027314,51,5635.0,0.11573043721874413,51,5635.0,3.1400000000000006
38890.0,54,1398.0,15.707865168539326,2.692678347036646,52,5890.0,0.07740158833967262,52,5890.0,-2.549999999999997
38895.0,56,1455.0,16.166666666666668,2.9215339223927943,54,6159.0,0.08322489720079844,54,6159.0,-2.690000000000005
38900.0,58,1500.0,16.853932584269664,2.8284486463019545,57,6440.0,0.08696985126177585,57,6440.0,-2.8100000000000023
38905.0,55,1515.0,16.467391304347824,2.9812370446488536,55,6521.0,0.09120475635633818,55,6521.0,-0.8099999999999881
38910.0,50,1480.0,16.444444444444443,3.201585808880771,50,6378.0,0.11045951481224198,50,6378.0,1.4299999999999926
38915.0,47,1423.0,16.170454545454547,3.2856754167386,47,6226.0,0.11413952055291778,47,6226.0,1.5200000000000031
38920.0,46,1352.0,15.540229885057471,3.2764807910507785,45,6449.0,0.1050086445695697,45,6449.0,-2.229999999999997
38925.0,45,1281.0,15.25,3.318289018431077,45,6678.0,0.1129076817992004,45,6678.0,-2.2900000000000063
38930.0,45,1231.0,14.313953488372093,3.3695270887340616,45,6899.0,0.11505648823838219,45,6899.0,-2.2099999999999937
38935.0,43,1202.0,14.141176470588235,3.1485855216175804,43,6913.0,0.1056735920437784,43,6913.0,-0.14000000000000057
38940.0,46,1276.0,15.19047619047619,2.891415616928506,46,6733.0,0.0963507285993984,46,6733.0,1.7999999999999972
38945.0,47,1356.0,15.952941176470588,2.9876602829622843,47,6560.0,0.10877874601989788,47,6560.0,1.730000000000004
38950.0,43,1030.0,11.976744186046512,3.1500947957020364,43,6631.0,0.10847300708560975,43,6631.0,-0.710000000000008
38955.0,40,877.0,9.965909090909092,3.316600033349601,40,6590.0,0.12210119609189325,40,6590.0,0.4099999999999966
38960.0,42,934.0,10.735632183908047,3.3274456128905037,42,6644.0,0.12540239460147729,42,6644.0,-0.539999999999992
38965.0,47,1008.0,11.454545454545455,2.7813122063800395,47,6844.0,0.08753100709793317,47,6844.0,-2.0
38970.0,50,1167.0,13.413793103448276,2.957413451143771,50,7089.0,0.09237247748340757,50,7089.0,-2.450000000000003
38975.0,55,1357.0,15.779069767441861,2.7792375935063522,55,7353.0,0.09274035608440899,55,7353.0,-2.6400000000000006
38980.0,57,1475.0,16.208791208791208,2.7087616328233723,57,7425.0,0.07769608126229985,57,7425.0,-0.7199999999999989
38985.0,53,1520.0,16.703296703296704,2.8185232648929093,53,7279.0,0.08640326346684296,53,7279.0,1.4599999999999937
38990.0,53,1557.0,17.10989010989011,2.7585113066858917,53,7136.0,0.08352225280374619,53,7136.0,1.4300000000000068
38995.0,49,1589.0,17.46153846153846,3.2767106287435275,49,6821.0,0.10275775957787574,49,6821.0,3.1500000000000057
39000.0,45,1633.0,18.348314606741575,3.813052851152118,45,6498.0,0.1346856033209324,45,6498.0,3.2299999999999898
39005.0,45,1708.0,18.76923076923077,3.942528480937533,45,6185.0,0.1446463484690801,45,6185.0,3.1300000000000026
39010.0,48,1767.0,19.417582417582416,3.2426320222412595,48,6415.0,0.10650672995165467,48,6415.0,-2.3000000000000043
39015.0,52,1862.0,20.68888888888889,2.9275332587321548,52,6661.0,0.09483394507994185,52,6661.0,-2.4599999999999937
39020.0,51,1952.0,21.68888888888889,3.1973504968276307,51,6890.0,0.1100259947630281,51,6890.0,-2.2900000000000063
39025.0,49,2014.0,22.886363636363637,3.373782340775536,49,6957.0,0.11478238772945079,49,6957.0,-0.6699999999999875
39030.0,45,2029.0,22.296703296703296,3.8138490070196354,45,6817.0,0.13305729216765577,45,6817.0,1.3999999999999915
39035.0,40,2019.0,22.685393258426966,4.000414861791125,40,6663.0,0.1471268839384837,40,6663.0,1.5400000000000063
39040.0,38,1442.0,16.386363636363637,3.776938071264642,38,6591.0,0.12642211914952112,38,6591.0,0.7199999999999989
39045.0,34,698.0,8.022988505747126,4.16690956627997,34,6315.0,0.15460665670255608,34,6315.0,2.759999999999998
39050.0,35,607.0,6.8977272727272725,4.556876509522319,35,6112.0,0.17739936414773935,35,6112.0,2.030000000000001
39055.0,42,727.0,8.077777777777778,4.212807671321332,42,5912.0,0.15618649314667035,42,5912.0,2.0
39060.0,45,812.0,8.923076923076923,3.5394784265900463,45,5930.0,0.10474444123771903,45,5930.0,-0.17999999999999972
39065.0,46,874.0,9.820224719101123,3.3468463234518535,46,5777.0,0.0873966136727288,46,5777.0,1.529999999999994
39070.0,42,923.0,10.370786516853933,3.7934865795598345,42,5617.0,0.11824349564420363,42,5617.0,1.6000000000000014
39075.0,40,955.0,10.977011494252874,3.9617070373270997,40,5272.0,0.1394764487249971,40,5272.0,3.450000000000003
39080.0,35,658.0,7.230769230769231,4.102245204075057,35,5302.0,0.1395600732252955,35,5302.0,-0.30000000000000426
39085.0,36,505.0,5.611111111111111,4.229111194584053,36,5234.0,0.14891297309757032,36,5234.0,0.6799999999999997
39090.0,42,603.0,6.7,4.0800530315373615,42,5269.0,0.12815267539883726,42,5269.0,-0.3499999999999943
39095.0,47,686.0,7.707865168539326,3.79013235007567,47,5305.0,0.104443494324697,47,5305.0,-0.35999999999999943
39100.0,44,736.0,8.658823529411764,3.645838469365873,44,5345.0,0.10479226877986125,44,5345.0,-0.4000000000000057
39105.0,41,768.0,8.827586206896552,3.6926930199753834,41,5366.0,0.12208578934840612,41,5366.0,-0.20999999999999375
39110.0,37,737.0,8.375,3.7255204070936996,37,5498.0,0.11814448250614575,37,5498.0,-1.3200000000000003
39115.0,41,752.0,8.44943820224719,3.5090569757419385,41,5641.0,0.10794248164274865,41,5641.0,-1.4299999999999997
39120.0,43,844.0,9.929411764705883,3.3748445829085574,43,5843.0,0.12131674736122827,43,5843.0,-2.020000000000003
39125.0,44,935.0,11.0,3.2685725173817506,44,5859.0,0.11127212010426242,44,5859.0,-0.1600000000000037
39130.0,44,995.0,11.306818181818182,3.2646522429981797,44,5683.0,0.11010981912526706,44,5683.0,1.7600000000000051
39135.0,43,1053.0,12.10344827586207,3.258666872017261,43,5509.0,0.12650541651678981,43,5509.0,1.7399999999999949
39140.0,42,1101.0,12.655172413793103,3.12694469212289,42,5146.0,0.11138336606031052,42,5146.0,3.6300000000000026
39145.0,40,1142.0,13.126436781609195,3.5400940725259895,40,4803.0,0.12396731000939896,40,4803.0,3.4299999999999997
39150.0,35,1168.0,13.581395348837209,3.8974469140426637,35,4489.0,0.145172871652969,35,4489.0,3.1400000000000006
39155.0,32,940.0,10.444444444444445,4.033376517210565,32,4475.0,0.15041693577760662,32,4475.0,0.14000000000000057
39160.0,35,695.0,7.554347826086956,3.9977384741707294,34,4353.0,0.14840387804556343,34,4353.0,1.2199999999999989
39165.0,38,785.0,8.626373626373626,4.0135622328878044,38,4331.0,0.1549264146770446,38,4331.0,0.21999999999999886
39170.0,43,531.0,5.966292134831461,3.81635602158848,43,4385.0,0.1249748840452077,43,4385.0,-0.5399999999999991
39175.0,42,476.0,5.288888888888889,4.321893581824522,42,4357.0,0.13881556013153018,42,4357.0,0.28000000000000114
39180.0,43,611.0,6.788888888888889,4.472748326112365,43,4428.0,0.15447469773708247,43,4428.0,-0.7100000000000009
39185.0,42,655.0,7.359550561797753,4.202654941919452,42,4450.0,0.13648284244631784,42,4450.0,-0.21999999999999886
39190.0,41,652.0,7.325842696629214,4.29907628416404,41,4278.0,0.12660411762218202,41,4278.0,1.7199999999999989
39195.0,42,707.0,7.943820224719101,4.576657992276856,42,4107.0,0.14457848943054336,42,4107.0,1.7100000000000009
39200.0,41,658.0,7.4772727272727275,4.347784521987185,41,4255.0,0.12822013860365825,41,4255.0,-1.4799999999999969
39205.0,46,728.0,8.088888888888889,4.109528204630606,46,4430.0,0.11391037818285402,46,4430.0,-1.75
39210.0,47,811.0,9.32183908045977,3.741371070064749,47,4661.0,0.10492468256966835,47,4661.0,-2.3100000000000023
39215.0,48,857.0,9.965116279069768,3.3748316739196524,48,4733.0,0.07127029144594513,48,4733.0,-0.7199999999999989
39220.0,44,860.0,10.36144578313253,3.3802555303588155,44,4633.0,0.09774328965578898,44,4633.0,1.0
39225.0,42,847.0,10.45679012345679,3.216157585056868,42,4848.0,0.11244309848734572,42,4848.0,-2.1499999999999986
39230.0,39,812.0,9.666666666666666,3.305653803892443,39,4723.0,0.11506615492127123,39,4723.0,1.25
39235.0,35,612.0,7.285714285714286,3.503145718523812,35,4820.0,0.1317622575742304,35,4820.0,-0.970000000000006
39240.0,38,567.0,6.75,2.9611726698411194,38,4938.0,0.09528597312764996,38,4938.0,-1.1799999999999997
39245.0,40,629.0,7.578313253012048,3.053733414449236,40,5083.0,0.1076400114161205,40,5083.0,-1.4499999999999957
39250.0,42,701.0,8.548780487804878,3.071094305987476,42,5114.0,0.10075409890729788,42,5114.0,-0.3100000000000023
39255.0,42,751.0,8.732558139534884,3.2739141797326283,42,4979.0,0.11123856128788957,42,4979.0,1.3500000000000014
39260.0,42,800.0,9.195402298850574,3.459622290004292,42,4845.0,0.12187040180636313,42,4845.0,1.3399999999999963
39265.0,42,820.0,9.647058823529411,2.91946152665687,42,5025.0,0.09141058686593441,42,5025.0,-1.7999999999999972
39270.0,44,875.0,10.174418604651162,3.063167535947695,44,5242.0,0.09589108876450608,44,5242.0,-2.1700000000000017
39275.0,45,942.0,11.349397590361447,2.8947976074827317,45,5465.0,0.10335897009071288,45,5465.0,-2.229999999999997
39280.0,43,995.0,11.705882352941176,2.943064650564497,43,5502.0,0.10033016083757623,43,5502.0,-0.37000000000000455
39285.0,43,1050.0,12.209302325581396,2.9169594041067515,43,5358.0,0.10347761703350164,43,5358.0,1.4400000000000048
39290.0,44,1109.0,12.602272727272727,2.9808539913953225,44,5228.0,0.10624965732277147,44,5228.0,1.2999999999999972
39295.0,45,1179.0,13.397727272727273,3.25544995304495,45,4948.0,0.117918958293557,45,4948.0,2.8000000000000043
39300.0,41,1242.0,14.113636363636363,3.7455600133488463,41,4744.0,0.14124360721067755,41,4744.0,2.039999999999999
39305.0,37,883.0,9.92134831460674,3.7312717824626342,37,4739.0,0.14527839281289673,37,4739.0,0.04999999999999716
39310.0,32,435.0,4.943181818181818,3.785062368485971,32,4574.0,0.15103214377112803,32,4574.0,1.6499999999999986
39315.0,34,441.0,5.188235294117647,3.7793647072525487,34,4481.0,0.15434605748617583,34,4481.0,0.9299999999999997
39320.0,39,509.0,5.9186046511627906,3.7579049875700674,39,4513.0,0.13076704358703334,39,4513.0,-0.3200000000000003
39325.0,41,567.0,6.593023255813954,3.8852571324246354,41,4429.0,0.1334475869161268,41,4429.0,0.8400000000000034
39330.0,37,612.0,6.8,4.283237426198389,37,4331.0,0.1566743273845437,37,4331.0,0.9799999999999969
39335.0,34,597.0,6.633333333333334,4.273143340256558,34,4395.0,0.14903450484789368,34,4395.0,-0.6400000000000006
39340.0,34,591.0,6.715909090909091,4.142484015829754,34,4416.0,0.13750266301889744,34,4416.0,-0.20999999999999375
39345.0,36,659.0,7.574712643678161,4.410203473782291,36,4533.0,0.15067235778994584,36,4533.0,-1.1700000000000017
39350.0,39,736.0,8.459770114942529,4.281623188171803,39,4568.0,0.13402009075603719,39,4568.0,-0.3500000000000014
39355.0,40,786.0,8.831460674157304,4.119097653283658,40,4456.0,0.12598631203710417,40,4456.0,1.1199999999999974
39360.0,39,835.0,9.488636363636363,4.005634518316551,39,4356.0,0.1287225179731453,39,4356.0,1.0
39365.0,39,879.0,10.220930232558139,3.788494952547606,39,4130.0,0.1210825330971533,39,4130.0,2.260000000000005
39370.0,34,911.0,10.975903614457831,4.166228897787899,34,3903.0,0.15563437538722893,34,3903.0,2.269999999999996
39375.0,30,752.0,9.060240963855422,4.139519781070762,30,3975.0,0.15467942961612766,30,3975.0,-0.7199999999999989
39380.0,31,798.0,9.172413793103448,4.31793072337133,31,4034.0,0.16589417741693993,31,4034.0,-0.5900000000000034
39385.0,37,893.0,10.147727272727273,4.371545828733565,37,4187.0,0.1611123113186005,37,4187.0,-1.529999999999994
39390.0,43,1017.0,11.825581395348838,3.710983265918957,43,4385.0,0.10534920981569411,43,4385.0,-1.980000000000004
39395.0,42,1101.0,13.107142857142858,3.9313909652197174,42,4452.0,0.11282139492243838,42,4452.0,-0.6700000000000017
39400.0,39,1131.0,13.792682926829269,3.8298813170808197,39,4362.0,0.13334513896114986,39,4362.0,0.9000000000000057
39405.0,34,1141.0,13.423529411764706,4.223177934651929,34,4255.0,0.16725679220701348,34,4255.0,1.0700000000000003
39410.0,30,1154.0,13.576470588235294,4.372767462741485,30,3988.0,0.16969547324682696,30,3988.0,2.6699999999999946
39415.0,33,1216.0,13.977011494252874,4.540895361844915,33,3728.0,0.16940189397638095,33,3728.0,2.6000000000000014
39420.0,35,1287.0,14.793103448275861,4.639835901987021,34,3532.0,0.18135485511055374,34,3532.0,1.9600000000000009
39425.0,37,1362.0,15.655172413793103,4.491422974618082,35,3469.0,0.17162985469990905,35,3469.0,0.6300000000000026
39430.0,32,1241.0,14.264367816091953,4.390078842621044,32,3561.0,0.1790361935015194,32,3561.0,-0.9200000000000017
39435.0,34,1290.0,14.827586206896552,4.514422690049775,34,3618.0,0.19195999637032007,34,3618.0,-0.5700000000000003
39440.0,36,1368.0,15.545454545454545,4.333744410207746,36,3773.0,0.15748077492336512,36,3773.0,-1.5499999999999972
39445.0,35,882.0,10.626506024096386,4.312371620187627,35,3738.0,0.15485929979891866,35,3738.0,0.3499999999999943
39450.0,32,419.0,4.988095238095238,4.890188031855519,32,3698.0,0.16230035323301117,32,3698.0,0.4000000000000057
39455.0,32,490.0,5.632183908045977,5.056380529052791,32,3382.0,0.19348767486788485,32,3382.0,3.1599999999999966
39460.0,35,564.0,6.558139534883721,4.8195804128984,35,3408.0,0.17758499409952597,35,3408.0,-0.259999999999998
39465.0,41,599.0,7.047058823529412,4.2020790255085005,41,3328.0,0.13811770259413156,41,3328.0,0.7999999999999972
39470.0,41,649.0,7.635294117647059,4.335961718218172,41,3267.0,0.14472156970986527,41,3267.0,0.6099999999999994
39475.0,42,699.0,8.03448275862069,4.369764776708731,42,3089.0,0.13808343813285776,42,3089.0,1.7800000000000011
39480.0,38,742.0,8.337078651685394,4.700256823089241,38,2914.0,0.1617321953665255,38,2914.0,1.75
39485.0,35,768.0,8.930232558139535,4.661939392496242,35,2856.0,0.17164294455981655,35,2856.0,0.5800000000000018
39490.0,34,782.0,9.421686746987952,4.248298821492851,34,2795.0,0.15890433152832203,34,2795.0,0.6099999999999994
39495.0,33,790.0,9.634146341463415,4.4988995856010865,32,2635.0,0.17140648222636956,32,2635.0,1.5999999999999979
39500.0,28,605.0,7.469135802469136,4.563597129292323,27,2705.0,0.17704160975692107,27,2705.0,-0.6999999999999993
39505.0,27,566.0,6.819277108433735,4.681076927214234,27,2741.0,0.19324062561495856,27,2741.0,-0.35999999999999943
39510.0,28,558.0,6.72289156626506,4.878158638652114,28,2869.0,0.20889290167503063,28,2869.0,-1.2800000000000011
39515.0,30,568.0,6.843373493975903,4.235384000248816,30,2888.0,0.15987644596634953,30,2888.0,-0.18999999999999773
39520.0,27,616.0,7.604938271604938,4.444484766291323,27,2809.0,0.18405390744665007,27,2809.0,0.7899999999999991
39525.0,27,676.0,8.345679012345679,4.878827181627207,27,2736.0,0.2014580764103971,27,2736.0,0.7300000000000004
39530.0,27,736.0,8.975609756097562,4.833771482828708,27,2586.0,0.19614671889795834,27,2586.0,1.5
39535.0,28,796.0,9.476190476190476,4.554853762450137,28,2551.0,0.17972410371973813,28,2551.0,0.34999999999999787
39540.0,29,714.0,8.4,4.057924472050352,28,2537.0,0.1452145053408694,28,2537.0,0.14000000000000057
39545.0,34,792.0,9.209302325581396,4.307466852949482,34,2624.0,0.15387596172150855,34,2624.0,-0.8699999999999974
39550.0,35,885.0,10.172413793103448,4.608051981918086,35,2787.0,0.16933711680932093,35,2787.0,-1.6300000000000026
39555.0,36,702.0,7.887640449438202,4.540912419198032,36,2958.0,0.15175136849756096,36,2958.0,-1.7099999999999973
39560.0,31,380.0,4.367816091954023,4.651382671793606,31,2734.0,0.14469279102246482,31,2734.0,2.2399999999999984
39565.0,31,460.0,5.476190476190476,4.523086115037491,31,2599.0,0.147974850735507,31,2599.0,1.3500000000000014
39570.0,37,626.0,7.634146341463414,4.194599100475407,37,2766.0,0.14546226742704862,37,2766.0,-1.6700000000000017
39575.0,47,840.0,10.120481927710843,3.8775673662836754,47,2981.0,0.11661024421345877,47,2981.0,-2.1499999999999986
39580.0,51,1085.0,12.616279069767442,3.5472395944633166,51,3225.0,0.10367620378195085,51,3225.0,-2.4400000000000013
39585.0,53,1217.0,14.488095238095237,3.166906830153915,53,3365.0,0.07987034153905317,53,3365.0,-1.3999999999999986
39590.0,52,1258.0,14.8,3.0231849110171725,52,3380.0,0.06972718134171609,52,3380.0,-0.14999999999999858
39595.0,50,1290.0,15.176470588235293,3.357343987024781,50,3388.0,0.10178617793425715,50,3388.0,-0.0800000000000054
39600.0,45,1124.0,13.380952380952381,3.3772850956904987,45,3539.0,0.09754839382601858,45,3539.0,-1.509999999999998
39605.0,46,1117.0,13.621951219512194,3.419599354413097,46,3670.0,0.11085033235000871,46,3670.0,-1.3100000000000023
39610.0,48,1130.0,13.950617283950617,3.1254169920326187,48,3888.0,0.10698750253347127,48,3888.0,-2.1799999999999997
39615.0,47,1104.0,13.463414634146341,2.841933900893907,47,3994.0,0.06940323167968006,47,3994.0,-1.0599999999999952
39620.0,43,1034.0,12.457831325301205,3.3130993732997642,43,3972.0,0.08937066564017736,43,3972.0,0.21999999999999886
39625.0,40,946.0,11.825,3.3735499812423604,40,4053.0,0.11545999419651921,40,4053.0,-0.8100000000000023
39630.0,38,672.0,8.096385542168674,3.406116020576192,38,4081.0,0.11676747842384425,38,4081.0,-0.28000000000000114
39635.0,36,358.0,4.261904761904762,3.442817779079507,36,4114.0,0.11060535026384942,36,4114.0,-0.3299999999999983
39640.0,41,353.0,4.2023809523809526,3.0270845510718822,41,4172.0,0.09257653102939277,41,4172.0,-0.5799999999999983
39645.0,40,431.0,5.192771084337349,3.2788925214676343,40,4168.0,0.11374305328075657,40,4168.0,0.03999999999999915
39650.0,44,565.0,6.807228915662651,3.2433651315761343,44,4241.0,0.11302467023918933,44,4241.0,-0.7299999999999969
39655.0,48,642.0,7.379310344827586,3.1058273268431074,48,4323.0,0.09999039341049593,48,4323.0,-0.8200000000000003
39660.0,47,665.0,7.47191011235955,3.2229483410146402,47,4264.0,0.09970350339393101,47,4264.0,0.5899999999999963
39665.0,46,682.0,7.930232558139535,3.0189648208995234,46,4200.0,0.10058095713415119,46,4200.0,0.6400000000000006
39670.0,43,692.0,8.141176470588235,3.485381215422708,43,4006.0,0.1169657439910324,43,4006.0,1.9399999999999977
39675.0,42,662.0,7.880952380952381,3.6906362853674946,42,4215.0,0.12938553620172324,42,4215.0,-2.0899999999999963
39680.0,41,688.0,8.0,3.7134131578700837,41,4380.0,0.12105589588382115,41,4380.0,-1.6499999999999986
39685.0,46,773.0,8.988372093023257,3.586337373781485,46,4602.0,0.11513463417098083,46,4602.0,-2.220000000000006
39690.0,48,831.0,9.443181818181818,3.064466419812133,48,4690.0,0.08142786162548808,48,4690.0,-0.8799999999999955
39695.0,45,854.0,9.595505617977528,3.444495363586072,45,4631.0,0.09817148156720597,45,4631.0,0.5899999999999963
39700.0,42,863.0,10.034883720930232,3.853778479883136,42,4555.0,0.12869631654104102,42,4555.0,0.7600000000000051
39705.0,37,581.0,6.6022727272727275,3.9049503545820348,37,4637.0,0.1273918047965312,37,4637.0,-0.8200000000000003
39710.0,35,489.0,5.556818181818182,4.187656853806181,35,4661.0,0.14085782714222203,35,4661.0,-0.240000000000002
39715.0,37,459.0,5.4,3.884690888920762,37,4781.0,0.13112767884245397,37,4781.0,-1.2000000000000028
39720.0,38,477.0,5.746987951807229,3.8824127724251585,38,4967.0,0.12429200084356624,38,4967.0,-1.8599999999999994
39725.0,40,541.0,6.679012345679013,3.7879507416391585,40,5002.0,0.11609415247141791,40,5002.0,-0.3500000000000014
39730.0,41,566.0,6.902439024390244,3.4555868676828623,41,4884.0,0.10885062716561193,41,4884.0,1.1799999999999997
39735.0,37,582.0,7.0120481927710845,3.803518291979521,37,4762.0,0.13026229466032793,37,4762.0,1.220000000000006
39740.0,38,590.0,7.375,3.1397057275275544,38,4945.0,0.10297401670355168,38,4945.0,-1.8300000000000054
39745.0,40,612.0,7.555555555555555,3.372377120339926,40,5142.0,0.10545199528743587,40,5142.0,-1.9699999999999989
39750.0,43,667.0,8.134146341463415,3.360605646566286,43,5348.0,0.09832265756112837,43,5348.0,-2.059999999999995
39755.0,42,500.0,5.882352941176471,3.464868662869865,42,5446.0,0.10395940472725855,42,5446.0,-0.980000000000004
39760.0,45,554.0,6.517647058823529,3.370190773627503,45,5509.0,0.10606071867209013,45,5509.0,-0.6300000000000026
39765.0,51,696.0,8.188235294117646,2.985083426100182,51,5687.0,0.08546203344782845,51,5687.0,-1.779999999999994
39770.0,52,763.0,9.304878048780488,2.5909254368250876,52,5762.0,0.08338161656442857,52,5762.0,-0.75
39775.0,48,757.0,9.120481927710843,2.862141468027792,48,5834.0,0.08104284801148812,48,5834.0,-0.720000000000006
39780.0,45,736.0,8.761904761904763,3.0393280578018373,45,5892.0,0.10027260956236739,45,5892.0,-0.5799999999999983
39785.0,43,682.0,8.419753086419753,3.0060529350785132,43,6090.0,0.10603852529465557,43,6090.0,-1.9799999999999969
39790.0,45,691.0,8.746835443037975,2.749822726187857,45,6310.0,0.1000836004558174,45,6310.0,-2.200000000000003
39795.0,51,778.0,9.848101265822784,2.4054505331784686,51,6551.0,0.07847347848038395,51,6551.0,-2.4100000000000037
39800.0,56,892.0,11.012345679012345,2.4240691083185757,56,6820.0,0.06454720174771478,56,6820.0,-2.6899999999999977
39805.0,54,948.0,11.152941176470588,2.4695647527519315,54,6901.0,0.06775617551955394,54,6901.0,-0.8100000000000023
39810.0,51,948.0,11.285714285714286,2.484407188821354,51,6783.0,0.08520585943130911,51,6783.0,1.1800000000000068
39815.0,50,939.0,11.451219512195122,2.263756288859462,50,6656.0,0.088827656356699,50,6656.0,1.269999999999996
39820.0,45,914.0,11.283950617283951,2.753967090240629,45,6328.0,0.10768550892900867,45,6328.0,3.280000000000001
39825.0,41,865.0,10.679012345679013,3.3360800186379356,41,5992.0,0.1273735837778896,41,5992.0,3.3599999999999994
39830.0,35,791.0,9.53012048192771,3.775350823572703,35,5653.0,0.15017895440354767,35,5653.0,3.3900000000000006
39835.0,31,745.0,8.975903614457831,4.208168374597283,31,5467.0,0.17327024829086815,31,5467.0,1.8599999999999994
39840.0,36,500.0,6.172839506172839,3.5857109871606823,35,5454.0,0.1379661915096794,35,5454.0,0.13000000000000256
39845.0,41,494.0,6.024390243902439,3.655074043670389,40,5647.0,0.14064941379048745,40,5647.0,-1.9299999999999997
39850.0,43,597.0,7.280487804878049,3.8076538454422484,43,5851.0,0.14401978867162651,43,5851.0,-2.039999999999999
39855.0,41,649.0,7.635294117647059,3.9824616204888352,40,5922.0,0.1497328832516646,40,5922.0,-0.7100000000000009
39860.0,40,706.0,8.305882352941177,4.125555172476603,40,6123.0,0.14616935036786302,40,6123.0,-2.009999999999998
39865.0,41,578.0,6.963855421686747,3.9120844226680545,41,6223.0,0.1332462853201076,41,6223.0,-1.0
39870.0,41,667.0,8.3375,3.958657147175272,41,6301.0,0.1538911617823677,41,6301.0,-0.7800000000000011
39875.0,47,887.0,10.817073170731707,4.030307284073996,47,6488.0,0.1539816005328298,47,6488.0,-1.8699999999999974
39880.0,48,1009.0,12.011904761904763,3.6194576805019962,48,6516.0,0.12485099291326204,48,6516.0,-0.28000000000000114
39885.0,49,1055.0,12.865853658536585,2.956175585549781,49,6554.0,0.08814666850568868,49,6554.0,-0.38000000000000966
39890.0,50,1104.0,13.463414634146341,2.7046823094450607,50,6594.0,0.07500470652532087,50,6594.0,-0.3999999999999915
39895.0,49,1055.0,12.710843373493976,2.707096508980556,49,6693.0,0.07720106770836833,49,6693.0,-0.9900000000000091
39900.0,46,979.0,11.939024390243903,2.7466708815033476,46,6802.0,0.08634759049057601,46,6802.0,-1.0899999999999892
39905.0,47,1012.0,11.767441860465116,3.004912622198892,47,6933.0,0.09861557244246275,47,6933.0,-1.3100000000000023
39910.0,50,1012.0,11.905882352941177,2.7473424263019335,50,6961.0,0.09067191272943272,50,6961.0,-0.28000000000000114
39915.0,50,976.0,11.48235294117647,2.374683856216171,50,6774.0,0.07566758488240631,50,6774.0,1.8700000000000045
39920.0,46,931.0,10.952941176470588,2.8693896486547525,46,6583.0,0.10439675341953485,46,6583.0,1.9099999999999966
39925.0,42,869.0,10.104651162790697,3.3497414746763354,42,6189.0,0.12013110152613403,42,6189.0,3.9399999999999977
39930.0,40,802.0,8.911111111111111,3.713513581211146,40,5806.0,0.1360304833280489,40,5806.0,3.8299999999999983
39935.0,39,692.0,7.604395604395604,3.5573038862607005,39,5996.0,0.12482232401009677,39,5996.0,-1.8999999999999986
39940.0,42,675.0,7.758620689655173,3.2000684369196906,42,6090.0,0.11085101779953835,42,6090.0,-0.9399999999999977
39945.0,39,738.0,8.68235294117647,3.3856157886607603,39,6206.0,0.11673420627136799,39,6206.0,-1.1600000000000037
39950.0,43,817.0,9.5,3.5612245223008596,43,6207.0,0.11991534943601614,43,6207.0,-0.00999999999999801
39955.0,44,882.0,9.8,3.6900815200368715,44,6025.0,0.13140016642708896,44,6025.0,1.8200000000000003
39960.0,42,941.0,10.573033707865168,3.801160885211331,42,5837.0,0.13923884022742097,42,5837.0,1.8800000000000026
39965.0,40,990.0,11.25,3.9165619614466674,40,5447.0,0.14240824050110112,40,5447.0,3.8999999999999986
39970.0,35,857.0,9.738636363636363,4.1860799759368374,35,5555.0,0.15185170089433433,35,5555.0,-1.0799999999999983
39975.0,35,885.0,10.290697674418604,4.511799046584776,35,5642.0,0.16952456999472754,35,5642.0,-0.8700000000000045
39980.0,42,1000.0,11.363636363636363,4.224348528739651,42,5823.0,0.1592824652005978,42,5823.0,-1.8099999999999952
39985.0,42,700.0,8.13953488372093,3.7961033370944746,42,5864.0,0.127933729939375,42,5864.0,-0.4100000000000037
39990.0,43,591.0,6.952941176470588,3.3438422729970183,43,5814.0,0.099856271279222,43,5814.0,0.5
39995.0,45,738.0,8.68235294117647,3.640553107584806,45,5864.0,0.12288010897102973,45,5864.0,-0.5
40000.0,47,741.0,8.717647058823529,3.2918347219055772,47,5979.0,0.0975984610445337,47,5979.0,-1.1499999999999986
40005.0,45,793.0,8.910112359550562,3.699103672089733,45,6033.0,0.12001721075397594,45,6033.0,-0.5399999999999991
40010.0,47,1003.0,11.397727272727273,3.702771646118926,47,6167.0,0.1259331077006456,47,6167.0,-1.3400000000000034
40015.0,53,1255.0,14.425287356321839,3.1802161125349344,53,6404.0,0.09581925401019865,53,6404.0,-2.3700000000000045
40020.0,57,1383.0,15.539325842696629,2.9682660318647627,57,6437.0,0.07285323168035245,57,6437.0,-0.3299999999999983
40025.0,55,1412.0,15.688888888888888,3.1119292332468453,55,6233.0,0.08037556498348598,55,6233.0,2.0400000000000063
40030.0,52,1428.0,15.866666666666667,3.2549459397010727,52,6030.0,0.10373299239185775,52,6030.0,2.030000000000001
40035.0,48,1426.0,16.39080459770115,3.4635343699939654,48,5613.0,0.11998659691854147,48,5613.0,4.169999999999995
40040.0,46,1409.0,16.011363636363637,3.6364717524606394,46,5243.0,0.1196662263286853,46,5243.0,3.700000000000003
40045.0,45,1389.0,16.151162790697676,3.6012847278737454,45,4886.0,0.11837525566556147,45,4886.0,3.5700000000000003
40050.0,40,1247.0,14.670588235294117,3.6546891341275556,40,5040.0,0.13613366372559782,40,5040.0,-1.5399999999999991
40055.0,43,1203.0,13.51685393258427,3.807915669544487,42,5199.0,0.1449177625828358,42,5199.0,-1.5900000000000034
40060.0,42,1160.0,13.03370786516854,4.175874947211086,42,5412.0,0.15750263923829363,42,5412.0,-2.1299999999999955
40065.0,41,1075.0,12.07865168539326,4.098166207047403,41,5410.0,0.11665530799116157,41,5410.0,0.01999999999999602
40070.0,36,945.0,10.738636363636363,4.5176686712173835,36,5189.0,0.1460762621777667,36,5189.0,2.210000000000001
40075.0,32,792.0,9.31764705882353,4.822869592159508,32,5153.0,0.17505954025605835,32,5153.0,0.35999999999999943
40080.0,27,652.0,7.855421686746988,4.725852688668069,27,5098.0,0.17524106819625113,27,5098.0,0.5500000000000043
40085.0,23,570.0,6.951219512195122,5.204540805445761,23,4831.0,0.1990081732104293,23,4831.0,2.6699999999999946
40090.0,26,616.0,7.7,5.011414743340123,26,4405.0,0.18310267330665464,26,4405.0,4.260000000000005
40095.0,27,671.0,8.49367088607595,4.824791139028827,27,4041.0,0.17726215184611613,27,4041.0,3.6400000000000006
40100.0,28,732.0,9.265822784810126,4.802961287349453,28,3754.0,0.18542953297848075,28,3754.0,2.8699999999999974
40105.0,24,776.0,9.349397590361447,4.974812723269498,24,3622.0,0.20362768926460245,24,3622.0,1.3200000000000003
40110.0,24,483.0,6.0375,4.546014582235031,21,3567.0,0.18448542867257542,21,3567.0,0.5499999999999972
40115.0,22,260.0,3.2911392405063293,4.472487216963834,21,3423.0,0.18787681314864507,21,3423.0,1.4400000000000048
40120.0,22,320.0,4.050632911392405,4.90699260014001,21,3357.0,0.20737751338944574,21,3357.0,0.6599999999999966
40125.0,27,387.0,5.025974025974026,4.665600034151861,27,3337.0,0.17755131985056916,27,3337.0,0.20000000000000284
40130.0,26,431.0,5.320987654320987,4.93445362248928,26,3192.0,0.19261581704083236,26,3192.0,1.4499999999999957
40135.0,26,475.0,5.72289156626506,5.266055182004269,26,3041.0,0.2064071176495719,26,3041.0,1.5100000000000016
40140.0,28,303.0,3.740740740740741,4.765202923968282,28,3074.0,0.17255007626414945,28,3074.0,-0.3299999999999983
40145.0,31,336.0,4.148148148148148,4.665568495348664,31,3151.0,0.15602075370182977,31,3151.0,-0.7700000000000031
40150.0,36,426.0,5.2592592592592595,4.527678017253227,36,3237.0,0.14923872232387622,36,3237.0,-0.8599999999999959
40155.0,40,538.0,6.255813953488372,4.269571037934666,40,3424.0,0.13343916140954024,40,3424.0,-1.8700000000000045
40160.0,41,660.0,7.857142857142857,3.957767964638092,41,3626.0,0.10966442301182551,41,3626.0,-2.019999999999996
40165.0,44,794.0,9.566265060240964,3.546471151464646,44,3840.0,0.08869989797240659,44,3840.0,-2.1400000000000006
40170.0,46,943.0,11.7875,3.3854557750058745,46,4067.0,0.08928470451167214,46,4067.0,-2.270000000000003
40175.0,44,984.0,12.455696202531646,3.3801389433782836,44,4195.0,0.0973430990290823,44,4195.0,-1.2800000000000011
40180.0,48,1162.0,14.0,3.3905039878291596,48,4294.0,0.11083014896700319,48,4294.0,-0.9899999999999949
40185.0,52,1412.0,17.432098765432098,3.168151488888962,52,4494.0,0.10919641107959147,52,4494.0,-2.0
40190.0,56,1536.0,18.962962962962962,2.5166108596363292,56,4588.0,0.05648893945690477,56,4588.0,-0.9400000000000048
40195.0,52,1553.0,19.658227848101266,2.7834536456687275,52,4503.0,0.07655826885062324,52,4503.0,0.8500000000000014
40200.0,50,1553.0,19.658227848101266,3.1326778070289043,50,4405.0,0.1048863410493385,50,4405.0,0.980000000000004
40205.0,45,1535.0,19.1875,3.2998596295027838,45,4128.0,0.1230677145848126,45,4128.0,2.769999999999996
40210.0,42,1500.0,18.9873417721519,3.5270040817077137,42,3858.0,0.14048000319978846,42,3858.0,2.700000000000003
40215.0,41,1427.0,17.8375,3.1181528307991684,41,4036.0,0.11009395860086378,41,4036.0,-1.7800000000000011
40220.0,44,1387.0,16.914634146341463,3.3426694477393926,44,4249.0,0.11800528987774384,44,4249.0,-2.1300000000000026
40225.0,44,1355.0,16.325301204819276,3.6315086252649342,44,4464.0,0.13021177716199972,44,4464.0,-2.1499999999999986
40230.0,44,1284.0,14.930232558139535,3.744361195236318,44,4526.0,0.11533022399251551,44,4526.0,-0.6199999999999974
40235.0,39,1169.0,13.75294117647059,4.062032058434494,39,4424.0,0.1395780435654513,39,4424.0,1.019999999999996
40240.0,39,1043.0,12.270588235294118,3.930866862124128,39,4312.0,0.13400794122312987,39,4312.0,1.1200000000000045
40245.0,34,956.0,11.24705882352941,4.512375133305924,34,4055.0,0.15593103339239367,34,4055.0,2.5700000000000003
40250.0,29,901.0,11.123456790123457,4.7664510819953865,29,3780.0,0.18468855964358263,29,3780.0,2.75
40255.0,26,889.0,10.841463414634147,5.163399520907316,26,3636.0,0.21499809417459365,26,3636.0,1.4399999999999977
40260.0,26,946.0,11.679012345679013,5.033494616224142,26,3368.0,0.20903549932440543,26,3368.0,2.6799999999999997
40265.0,30,1006.0,12.419753086419753,4.516888676772456,29,3246.0,0.18033352685190163,29,3246.0,1.2199999999999989
40270.0,32,621.0,7.7625,4.30405747403297,30,3210.0,0.17168855470435765,30,3210.0,0.35999999999999943
40275.0,24,369.0,4.670886075949367,4.716880286378472,24,3055.0,0.2014798970635594,24,3055.0,1.5500000000000007
40280.0,26,424.0,5.108433734939759,5.04195522682741,25,2982.0,0.21645209639632973,25,2982.0,0.7300000000000004
40285.0,27,441.0,5.313253012048193,4.574329658884216,26,2973.0,0.17911299861872723,26,2973.0,0.08999999999999986
40290.0,33,497.0,5.847058823529411,4.3357869674182306,33,3110.0,0.1438749823709725,33,3110.0,-1.370000000000001
40295.0,32,557.0,6.630952380952381,4.6699133656962255,32,3161.0,0.15010128409972892,32,3161.0,-0.509999999999998
40300.0,32,364.0,4.439024390243903,4.555098338968172,32,3205.0,0.1476528493693073,32,3205.0,-0.4399999999999977
40305.0,39,387.0,4.662650602409639,3.911387315512239,39,3379.0,0.12773424681167253,39,3379.0,-1.740000000000002
40310.0,44,489.0,5.891566265060241,3.185512486792748,44,3497.0,0.09753443904807704,44,3497.0,-1.1799999999999997
40315.0,47,592.0,7.132530120481928,2.955327281712697,47,3657.0,0.07104682149449332,47,3657.0,-1.6000000000000014
40320.0,48,670.0,8.072289156626505,3.056744012115425,48,3760.0,0.07663747504401107,48,3760.0,-1.0300000000000011
40325.0,45,701.0,8.654320987654321,3.1363898555151404,45,3739.0,0.09386342573030312,45,3739.0,0.21000000000000085
40330.0,42,714.0,8.30232558139535,3.617869432699314,42,3705.0,0.1217269229964179,42,3705.0,0.3400000000000034
40335.0,38,743.0,8.845238095238095,3.6958285221774982,38,3538.0,0.13414228746927268,38,3538.0,1.6699999999999946
40340.0,38,807.0,9.72289156626506,3.649285157551258,38,3368.0,0.13235670948755474,38,3368.0,1.7000000000000028
40345.0,36,868.0,10.716049382716049,3.9676573557523653,36,3204.0,0.1528756898981889,36,3204.0,1.6400000000000006
40350.0,39,855.0,10.301204819277109,3.881387653254005,38,3383.0,0.14312030651633123,38,3383.0,-1.7899999999999991
40355.0,41,938.0,11.166666666666666,3.5460375248866955,41,3582.0,0.1368181812244734,41,3582.0,-1.990000000000002
40360.0,43,1049.0,12.341176470588236,3.605126551008346,43,3792.0,0.1341784275222595,43,3792.0,-2.1000000000000014
40365.0,43,1113.0,12.94186046511628,3.5553377994045614,43,3923.0,0.11402687875131942,43,3923.0,-1.3099999999999952
40370.0,45,1228.0,13.954545454545455,3.926266175949129,45,4028.0,0.13040445634586073,45,4028.0,-1.0500000000000043
40375.0,45,1283.0,14.74712643678161,3.7651723315265584,45,4119.0,0.13072310782373503,45,4119.0,-0.9099999999999966
40380.0,42,1318.0,14.808988764044944,3.7901569976641962,42,4073.0,0.13804915694564207,42,4073.0,0.46000000000000085
40385.0,39,1382.0,15.885057471264368,3.9785764001028023,39,4016.0,0.1541071444544323,39,4016.0,0.5700000000000003
40390.0,42,1466.0,17.24705882352941,3.7647767462733466,42,3841.0,0.14136978420044852,42,3841.0,1.75
40395.0,43,1556.0,18.093023255813954,3.918205006365102,43,3692.0,0.14758635726639616,43,3692.0,1.4899999999999949
40400.0,44,1648.0,19.162790697674417,3.8190910037736434,43,3566.0,0.14027656617625742,43,3566.0,1.2600000000000051
40405.0,43,1735.0,19.27777777777778,4.105531289915851,41,3555.0,0.15527109500010325,41,3555.0,0.10999999999999943
40410.0,37,1794.0,20.15730337078652,4.135752437155869,37,3540.0,0.16054992001383925,37,3540.0,0.14999999999999858
40415.0,38,1401.0,15.395604395604396,3.9195475836583262,37,3544.0,0.14224400732925035,37,3544.0,-0.03999999999999915
40420.0,35,1187.0,12.902173913043478,4.247554737376402,33,3451.0,0.1608170374196465,33,3451.0,0.9299999999999997
40425.0,35,1226.0,13.931818181818182,4.524593254311244,34,3425.0,0.1872498714829018,34,3425.0,0.259999999999998
40430.0,36,1265.0,13.901098901098901,4.447876981084146,36,3488.0,0.16750588012174925,36,3488.0,-0.6300000000000026
40435.0,33,1323.0,14.380434782608695,4.624418290176687,33,3423.0,0.16033631742028415,33,3423.0,0.6500000000000057
40440.0,34,1411.0,15.677777777777777,4.756205252912897,34,3382.0,0.16508199338705082,34,3382.0,0.4099999999999966
40445.0,35,1505.0,16.910112359550563,4.898524267456611,35,3295.0,0.17362603472942678,35,3295.0,0.8699999999999974
40450.0,36,1601.0,17.98876404494382,4.892465395051989,35,3230.0,0.17029364377917397,35,3230.0,0.6500000000000057
40455.0,38,1468.0,16.13186813186813,4.318986648446626,38,3408.0,0.15069721997425883,38,3408.0,-1.7800000000000011
40460.0,44,1532.0,16.652173913043477,4.0038459751987645,43,3609.0,0.12403191786122791,43,3609.0,-2.010000000000005
40465.0,47,1658.0,18.21978021978022,3.6574342490680567,47,3724.0,0.1062364623001497,47,3724.0,-1.1499999999999986
40470.0,43,1748.0,19.863636363636363,3.723204070335582,43,3945.0,0.11589906487195123,43,3945.0,-2.210000000000001
40475.0,44,1823.0,21.197674418604652,3.6250673195155483,44,4047.0,0.11747180623577075,44,4047.0,-1.019999999999996
40480.0,41,1883.0,21.15730337078652,3.870261576176394,41,4062.0,0.1402378038138415,41,4062.0,-0.14999999999999858
40485.0,41,1983.0,22.53409090909091,3.8572556470855828,41,4067.0,0.1381941613298832,41,4067.0,-0.05000000000000426
40490.0,44,2052.0,23.86046511627907,3.4206977145988042,43,4168.0,0.11410129622954679,43,4168.0,-1.009999999999998
40495.0,47,2140.0,24.88372093023256,3.2830569251787263,47,4399.0,0.10316870638288622,47,4399.0,-2.3100000000000023
40500.0,49,2281.0,26.83529411764706,3.2868255284873347,49,4471.0,0.11217439933720305,49,4471.0,-0.7199999999999989
40505.0,52,1779.0,19.766666666666666,3.0768038668951534,52,4444.0,0.09968643668365065,52,4444.0,0.2700000000000031
40510.0,48,1076.0,11.955555555555556,3.175163486167128,48,4202.0,0.10359841047940574,48,4202.0,2.4199999999999946
40515.0,46,953.0,10.829545454545455,3.14500227628598,46,4021.0,0.1079215104089627,46,4021.0,1.8100000000000023
40520.0,48,1101.0,12.370786516853933,3.5265787347705158,48,3818.0,0.11454635292078146,48,3818.0,2.030000000000001
40525.0,51,1204.0,13.377777777777778,3.216567997324516,51,3935.0,0.10166604219587903,51,3935.0,-1.1700000000000017
40530.0,53,1284.0,13.956521739130435,2.9289786724616964,53,4197.0,0.08878891293409105,53,4197.0,-2.6199999999999974
40535.0,53,1364.0,15.155555555555555,2.758390803608094,53,4214.0,0.08415021943314711,53,4214.0,-0.1700000000000017
40540.0,55,1451.0,15.945054945054945,2.7736575321315233,55,4239.0,0.07635312374178913,55,4239.0,-0.25
40545.0,52,1406.0,15.45054945054945,2.751500596232685,52,4413.0,0.08058700824692559,52,4413.0,-1.740000000000002
40550.0,51,1434.0,15.58695652173913,2.9646478943966623,51,4602.0,0.0895506301183113,51,4602.0,-1.8900000000000006
40555.0,52,1507.0,16.03191489361702,2.813738348854756,52,4814.0,0.08342098725484154,52,4814.0,-2.1199999999999974
40560.0,53,1541.0,16.393617021276597,2.9266606489921436,53,4943.0,0.08946616690680995,53,4943.0,-1.2899999999999991
40565.0,53,1539.0,16.2,2.647876922685027,53,4939.0,0.07115774403492842,53,4939.0,0.03999999999999915
40570.0,49,1531.0,16.28723404255319,3.0972599061054376,49,4928.0,0.09784590332802313,49,4928.0,0.10999999999999943
40575.0,46,1509.0,16.402173913043477,3.366705270840199,46,4788.0,0.11574132155693795,46,4788.0,1.3999999999999986
40580.0,43,1351.0,14.221052631578948,3.4599243370390647,43,4852.0,0.11629579135906667,43,4852.0,-0.6400000000000006
40585.0,41,1229.0,12.936842105263159,3.3444188965368187,41,4823.0,0.10541826310922679,41,4823.0,0.29000000000000625
40590.0,44,1333.0,14.180851063829786,3.491456533904593,44,4892.0,0.1111910016553544,44,4892.0,-0.6900000000000048
40595.0,48,1436.0,15.608695652173912,3.303848493767632,48,4985.0,0.09989428555286543,48,4985.0,-0.9299999999999997
40600.0,48,1522.0,16.365591397849464,3.5511692973323927,48,5092.0,0.09811446116723435,48,5092.0,-1.0700000000000003
40605.0,48,1607.0,16.739583333333332,3.5768052488289555,48,5197.0,0.10969762813829785,48,5197.0,-1.0499999999999972
40610.0,46,1541.0,16.052083333333332,3.2138013971017565,46,5347.0,0.08691481887460277,46,5347.0,-1.5
40615.0,49,1601.0,17.03191489361702,2.9049143362776815,49,5529.0,0.07932144412335547,49,5529.0,-1.8200000000000003
40620.0,49,1691.0,18.380434782608695,3.100609550560145,49,5703.0,0.09415666400992641,49,5703.0,-1.740000000000002
40625.0,48,1718.0,18.67391304347826,3.289438121253787,48,5871.0,0.10135424402247228,48,5871.0,-1.6799999999999997
40630.0,52,1875.0,19.736842105263158,3.232870481105487,52,6045.0,0.10368267766177452,52,6045.0,-1.740000000000002
40635.0,58,2070.0,22.258064516129032,2.7054524471881276,58,6305.0,0.07931220688473396,58,6305.0,-2.5999999999999943
40640.0,58,1651.0,18.142857142857142,2.2643748605698075,58,6332.0,0.05024425242337922,58,6332.0,-0.2700000000000031
40645.0,54,1080.0,12.0,2.4941128790399163,54,6155.0,0.0700998363794927,54,6155.0,1.7700000000000031
40650.0,52,1070.0,11.758241758241759,3.0738601065904683,52,6039.0,0.0986621654800685,52,6039.0,1.1599999999999966
40655.0,55,1142.0,12.021052631578947,2.8772884876291402,55,6127.0,0.07976991188880217,55,6127.0,-0.8800000000000026
40660.0,56,1175.0,12.5,2.846740955442616,56,6054.0,0.0768660034056289,56,6054.0,0.730000000000004
40665.0,57,1224.0,13.02127659574468,2.722092381808079,57,5995.0,0.0751288629023393,57,5995.0,0.5899999999999963
40670.0,58,1284.0,13.659574468085106,2.9709600202106956,58,5793.0,0.08057368417694374,58,5793.0,2.020000000000003
40675.0,56,1338.0,14.23404255319149,3.393582689006939,56,5606.0,0.10594225617511299,56,5606.0,1.8699999999999974
40680.0,54,1362.0,14.336842105263157,3.3370077308941624,54,5861.0,0.1005223933764556,54,5861.0,-2.549999999999997
40685.0,53,1391.0,14.797872340425531,3.2194439716814984,53,6127.0,0.10102205506055634,53,6127.0,-2.6600000000000037
40690.0,55,1427.0,15.68131868131868,2.8343189924185856,55,6392.0,0.08465082188987426,55,6392.0,-2.6499999999999986
40695.0,51,1418.0,15.755555555555556,3.1533669067958874,51,6481.0,0.09564350143224365,51,6481.0,-0.8900000000000006
40700.0,46,1358.0,15.431818181818182,3.5542318912551307,46,6395.0,0.11469154087079846,46,6395.0,0.8599999999999994
40705.0,41,1273.0,14.144444444444444,3.9786493026126917,41,6282.0,0.1439117559246401,41,6282.0,1.1300000000000026
40710.0,36,1163.0,12.922222222222222,4.3304124831383355,36,5988.0,0.1566299745120484,36,5988.0,2.9399999999999977
40715.0,33,1034.0,11.75,4.412473028050915,33,5696.0,0.1543353134831893,33,5696.0,2.9200000000000017
40720.0,30,741.0,8.517241379310345,4.713616219506102,30,5629.0,0.16731219621939594,30,5629.0,0.6700000000000017
40725.0,31,495.0,5.755813953488372,4.770444856997798,31,5414.0,0.1790680594469087,31,5414.0,2.1499999999999986
40730.0,32,520.0,5.909090909090909,4.776494704366261,32,5285.0,0.18392627046148247,32,5285.0,1.2899999999999991
40735.0,36,624.0,7.172413793103448,4.637379772159382,36,5215.0,0.1581149950861627,36,5215.0,0.7000000000000028
40740.0,40,457.0,5.376470588235295,4.063468461864889,40,5291.0,0.1235979965279077,40,5291.0,-0.759999999999998
40745.0,39,493.0,5.869047619047619,3.997685745835368,39,5311.0,0.12849305786983967,39,5311.0,-0.20000000000000284
40750.0,40,624.0,7.428571428571429,4.253528640182175,40,5425.0,0.14897702715098685,40,5425.0,-1.1400000000000006
40755.0,40,704.0,8.091954022988507,4.0552526905823445,40,5445.0,0.13624096117973886,40,5445.0,-0.20000000000000284
40760.0,40,734.0,8.534883720930232,4.225067091993822,40,5285.0,0.1424037137663444,40,5285.0,1.6000000000000014
40765.0,43,767.0,8.816091954022989,3.899365305406008,43,5130.0,0.11988405556737725,43,5130.0,1.5500000000000043
40770.0,43,726.0,8.25,3.736669647394343,43,5294.0,0.09085917169938952,43,5294.0,-1.6400000000000006
40775.0,46,783.0,9.104651162790697,3.750243695649245,46,5488.0,0.09936644715897336,46,5488.0,-1.9400000000000048
40780.0,48,848.0,9.74712643678161,3.586922774882407,48,5721.0,0.10198518592305732,48,5721.0,-2.3299999999999983
40785.0,46,870.0,10.0,3.4987084638176764,46,5769.0,0.08571065273604492,46,5769.0,-0.4799999999999969
40790.0,46,850.0,10.0,3.1695513451715334,46,5625.0,0.07559539408382694,46,5625.0,1.4399999999999977
40795.0,43,822.0,10.024390243902438,3.3737347965693507,43,5479.0,0.10820069455603824,43,5479.0,1.4600000000000009
40800.0,37,772.0,9.414634146341463,3.8500896661520425,37,5143.0,0.13334308508189832,37,5143.0,3.3599999999999994
40805.0,34,703.0,8.46987951807229,4.104836160470222,34,4796.0,0.15664139120842352,34,4796.0,3.469999999999999
40810.0,31,632.0,7.614457831325301,4.446698793366056,31,4453.0,0.17193676592599447,31,4453.0,3.4299999999999997
40815.0,33,624.0,7.428571428571429,4.072304155065815,32,4284.0,0.15079428610771872,32,4284.0,1.6899999999999977
40820.0,29,664.0,8.097560975609756,4.442469846476846,29,3962.0,0.17678740642916413,29,3962.0,3.220000000000006
40825.0,31,562.0,7.025,4.3305251283291115,29,4098.0,0.18333741661152417,29,4098.0,-1.3599999999999994
40830.0,37,638.0,7.595238095238095,4.25548220174917,36,4264.0,0.17244681344221213,36,4264.0,-1.6600000000000037
40835.0,37,737.0,8.773809523809524,4.31965543404953,36,4432.0,0.17239264609406363,36,4432.0,-1.6799999999999997
40840.0,37,800.0,9.411764705882353,4.0723753390373645,37,4453.0,0.14019246677399652,37,4453.0,-0.21000000000000085
40845.0,34,832.0,9.904761904761905,4.5614062324332885,34,4306.0,0.16755204272859267,34,4306.0,1.4699999999999989
40850.0,30,876.0,10.682926829268293,5.1650850085257085,30,4130.0,0.19524318029571902,30,4130.0,1.7600000000000051
40855.0,30,951.0,11.321428571428571,5.214005250931764,30,3821.0,0.19991680354956015,30,3821.0,3.0899999999999963
40860.0,31,666.0,8.024096385542169,4.636388911727776,31,3812.0,0.17146194805029336,31,3812.0,0.09000000000000341
40865.0,33,505.0,6.0843373493975905,4.245941570841836,33,3720.0,0.14594805858257157,33,3720.0,0.9199999999999946
40870.0,38,610.0,7.439024390243903,4.307289626082517,38,3728.0,0.15047177483082877,38,3728.0,-0.0799999999999983
40875.0,40,553.0,6.7439024390243905,4.148510292809174,40,3840.0,0.12352640419834979,40,3840.0,-1.1199999999999974
40880.0,41,663.0,7.709302325581396,4.10113085746737,41,3979.0,0.12653102112787082,41,3979.0,-1.3900000000000006
40885.0,41,792.0,9.428571428571429,4.032996308192545,41,4135.0,0.13402865396005942,41,4135.0,-1.5600000000000023
40890.0,42,866.0,10.30952380952381,3.6703716525950147,42,4165.0,0.1132746845121265,42,4165.0,-0.29999999999999716
40895.0,43,923.0,10.988095238095237,3.616169915321742,43,4198.0,0.10817900120256874,43,4198.0,-0.3299999999999983
40900.0,44,983.0,11.843373493975903,3.6780265476882743,44,4242.0,0.11872836901521104,44,4242.0,-0.44000000000000483
40905.0,43,1043.0,12.270588235294118,3.6300099454375414,43,3964.0,0.1283237952857328,43,3964.0,2.780000000000001
40910.0,40,1096.0,13.204819277108435,3.6078358369626002,40,3853.0,0.13822949500838172,40,3853.0,1.1099999999999994
40915.0,41,1141.0,13.914634146341463,3.451891443945453,40,3582.0,0.12451934233720674,40,3582.0,2.710000000000001
40920.0,38,1176.0,14.168674698795181,3.954008740808908,36,3354.0,0.15076271087991588,36,3354.0,2.280000000000001
40925.0,34,1190.0,14.512195121951219,4.341865903777152,33,3222.0,0.16587044717228897,33,3222.0,1.3200000000000003
40930.0,31,1026.0,12.214285714285714,4.286121805645275,29,3279.0,0.17102253916575483,29,3279.0,-0.5700000000000003
40935.0,30,947.0,11.273809523809524,4.317749541958662,30,3282.0,0.1652000586259583,30,3282.0,-0.030000000000001137
40940.0,33,960.0,11.428571428571429,4.324209545536141,33,3369.0,0.16902357610785929,33,3369.0,-0.8699999999999974
40945.0,33,922.0,11.108433734939759,4.316969394185542,33,3332.0,0.15751752022550508,33,3332.0,0.36999999999999744
40950.0,31,505.0,6.011904761904762,4.740600356888946,31,3487.0,0.16157478626220417,31,3487.0,-1.5499999999999972
40955.0,32,545.0,6.337209302325581,4.800714015730412,32,3303.0,0.17224951316962106,32,3303.0,1.8399999999999963
40960.0,38,720.0,8.181818181818182,4.812392743007947,38,3230.0,0.18020289708410944,38,3230.0,0.730000000000004
40965.0,43,815.0,9.476744186046512,4.034509135048079,43,3208.0,0.11538278269941714,43,3208.0,0.21999999999999886
40970.0,45,864.0,10.046511627906977,3.8811586950201833,45,3172.0,0.11008519148693204,45,3172.0,0.35999999999999943
40975.0,45,914.0,10.627906976744185,4.059637139013648,45,3135.0,0.11678533411458812,45,3135.0,0.36999999999999744
40980.0,42,956.0,10.741573033707866,4.442053695642552,42,2970.0,0.13452776858880813,42,2970.0,1.6500000000000021
40985.0,38,979.0,11.383720930232558,4.590702882565202,38,2809.0,0.15173632373876078,38,2809.0,1.6099999999999994
40990.0,38,918.0,10.674418604651162,4.024574163115857,38,2949.0,0.11999831525690037,38,2949.0,-1.3999999999999986
40995.0,38,931.0,11.216867469879517,4.123988733537747,38,3116.0,0.13247078563922227,38,3116.0,-1.6700000000000017
41000.0,40,949.0,11.433734939759036,4.221829866530035,40,3304.0,0.14100123298274647,40,3304.0,-1.879999999999999
41005.0,38,926.0,10.64367816091954,4.3711636921608825,38,3369.0,0.13169155983966177,38,3369.0,-0.6499999999999986
41010.0,34,857.0,10.202380952380953,4.420970962962514,34,3304.0,0.14320387410325183,34,3304.0,0.6499999999999986
41015.0,33,801.0,9.768292682926829,4.2503500681259085,33,3232.0,0.147464041315956,33,3232.0,0.7199999999999989
41020.0,31,804.0,9.686746987951807,4.622059246181399,31,3048.0,0.16818944241067785,31,3048.0,1.8399999999999999
41025.0,27,857.0,10.325301204819278,5.028956786172623,27,2873.0,0.1912870530754565,27,2873.0,1.75
41030.0,27,575.0,6.686046511627907,5.040768698310024,27,2867.0,0.18806030895038406,27,2867.0,0.05999999999999872
41035.0,29,509.0,6.059523809523809,4.832379899197471,29,2801.0,0.18263088710462333,29,2801.0,0.6600000000000001
41040.0,36,595.0,7.168674698795181,4.258485099301831,36,2843.0,0.14655880931336873,36,2843.0,-0.41999999999999815
41045.0,37,668.0,8.048192771084338,4.294457551075361,37,2910.0,0.13741668192328763,37,2910.0,-0.6700000000000017
41050.0,35,702.0,8.886075949367088,4.2068046128753975,35,2980.0,0.13702110485043226,35,2980.0,-0.6999999999999993
41055.0,31,719.0,8.662650602409638,4.4241575003057,31,3033.0,0.1540922063329906,31,3033.0,-0.5299999999999976
41060.0,27,736.0,8.867469879518072,4.69094442216719,27,2870.0,0.17051505792958416,27,2870.0,1.629999999999999
41065.0,29,722.0,8.698795180722891,4.227897530296995,29,2958.0,0.14729900580296268,29,2958.0,-0.879999999999999
41070.0,35,807.0,9.72289156626506,4.243566466813139,35,3096.0,0.1512483723043389,35,3096.0,-1.3800000000000026
41075.0,39,917.0,11.182926829268293,4.081038105387052,39,3279.0,0.13148763223248672,39,3279.0,-1.8299999999999983
41080.0,41,960.0,11.566265060240964,3.6787578273354535,41,3427.0,0.10817684981711238,41,3427.0,-1.480000000000004
41085.0,42,1092.0,13.317073170731707,3.518515917426261,42,3585.0,0.10800621987891361,42,3585.0,-1.5799999999999983
41090.0,47,1237.0,15.271604938271604,2.9691663158522963,47,3803.0,0.0952402654499231,47,3803.0,-2.1799999999999997
41095.0,45,1302.0,15.878048780487806,3.1102611856353537,45,3903.0,0.09242759356317257,45,3903.0,-1.0
41100.0,42,1335.0,16.48148148148148,3.3311253292224676,42,3995.0,0.10417146933458853,42,3995.0,-0.9200000000000017
41105.0,41,1384.0,16.476190476190474,3.5781126471701827,41,3949.0,0.13232828237158217,41,3949.0,0.46000000000000085
41110.0,43,1006.0,11.83529411764706,3.320728434728341,43,3956.0,0.11078604993636833,43,3956.0,-0.07000000000000028
41115.0,46,573.0,6.821428571428571,2.7493417149964605,46,3993.0,0.08110342115097002,46,3993.0,-0.36999999999999744
41120.0,46,612.0,7.2,3.0712040247765797,46,3915.0,0.09464974608039388,46,3915.0,0.7800000000000011
41125.0,50,689.0,8.105882352941176,3.1273411354906218,50,4147.0,0.09990875481177448,50,4147.0,-2.3200000000000003
41130.0,54,798.0,9.388235294117647,2.6089007234140666,54,4414.0,0.08279656931987228,54,4414.0,-2.6700000000000017
41135.0,57,918.0,10.674418604651162,2.5316821074798312,57,4686.0,0.08292292339017307,57,4686.0,-2.719999999999999
41140.0,55,950.0,11.30952380952381,1.9900797530040562,55,4810.0,0.06024474635349612,55,4810.0,-1.240000000000002
41145.0,54,916.0,10.776470588235295,2.3200635933131406,54,4782.0,0.0783424495530101,54,4782.0,0.28000000000000114
41150.0,52,875.0,10.174418604651162,2.7519024146250137,52,4747.0,0.10288242463057683,52,4747.0,0.3500000000000014
41155.0,49,861.0,10.011627906976743,2.5192274611170924,49,4983.0,0.09920017915015075,49,4983.0,-2.3599999999999994
41160.0,50,906.0,10.534883720930232,2.585556227742024,50,5231.0,0.09362313285217956,50,5231.0,-2.480000000000004
41165.0,56,1016.0,11.67816091954023,2.3571980259520884,56,5495.0,0.07787340210508782,56,5495.0,-2.6400000000000006
41170.0,59,1107.0,12.579545454545455,2.3553794486698143,59,5786.0,0.06528423237579395,59,5786.0,-2.9099999999999966
41175.0,57,1153.0,12.955056179775282,2.452254878110626,57,5753.0,0.07130216032794678,57,5753.0,0.3299999999999983
41180.0,53,1185.0,12.880434782608695,2.8259473604034264,53,5716.0,0.09456617019677549,53,5716.0,0.37000000000000455
41185.0,47,1012.0,11.12087912087912,2.874922535785346,47,5779.0,0.10152724449408017,47,5779.0,-0.6300000000000026
41190.0,45,739.0,8.303370786516854,2.56808425446212,45,5849.0,0.07926786084776026,45,5849.0,-0.7000000000000028
41195.0,45,715.0,8.218390804597702,2.784267614538397,45,5935.0,0.09179672446285018,45,5935.0,-0.8599999999999994
41200.0,47,693.0,8.05813953488372,2.863696772692202,47,6154.0,0.0916540794330626,47,6154.0,-2.1899999999999977
41205.0,50,744.0,8.651162790697674,2.735473895266512,50,6401.0,0.09538431958192278,50,6401.0,-2.470000000000006
41210.0,55,924.0,10.744186046511627,2.3929037583203017,55,6665.0,0.08143985403837285,55,6665.0,-2.6400000000000006
41215.0,58,830.0,9.540229885057471,2.0464124532428967,58,6829.0,0.0600081516629947,58,6829.0,-1.6400000000000006
41220.0,57,948.0,10.772727272727273,2.275262820464181,57,6940.0,0.07099023913532855,57,6940.0,-1.1099999999999994
41225.0,59,1153.0,13.102272727272727,2.4710834052076676,59,7150.0,0.08284261050390566,59,7150.0,-2.0999999999999943
41230.0,58,1235.0,13.722222222222221,2.456233704139383,58,7255.0,0.070065736432839,58,7255.0,-1.0499999999999972
41235.0,54,1244.0,13.97752808988764,2.729977978632985,54,7155.0,0.08258215293005962,54,7155.0,1.0
41240.0,53,1285.0,14.277777777777779,2.87528793118467,53,7043.0,0.08747091569453012,53,7043.0,1.1199999999999903
41245.0,55,1200.0,13.636363636363637,2.5412421502810503,55,7156.0,0.07186886330546927,55,7156.0,-1.1299999999999955
41250.0,54,1062.0,11.932584269662922,2.7800956800132854,54,7295.0,0.069753420347533,54,7295.0,-1.3900000000000006
41255.0,55,1111.0,12.208791208791208,2.8632269679779894,55,7453.0,0.0871122262332445,55,7453.0,-1.5799999999999983
41260.0,55,1166.0,13.101123595505618,2.7823377162145193,55,7500.0,0.08940877266122653,55,7500.0,-0.46999999999999886
41265.0,57,1166.0,13.101123595505618,2.4137051121949,57,7573.0,0.06652174679434712,57,7573.0,-0.730000000000004
41270.0,52,1116.0,12.539325842696629,2.9348377016399643,52,7431.0,0.08355515391486618,52,7431.0,1.4200000000000017
41275.0,47,1041.0,11.96551724137931,3.4405277779762007,47,7267.0,0.11438280321709819,47,7267.0,1.6400000000000006
41280.0,42,941.0,10.455555555555556,3.8757192171369197,42,6895.0,0.1256023152170848,42,6895.0,3.719999999999999
41285.0,37,816.0,9.168539325842696,4.37264766421635,37,6525.0,0.15350722037291095,37,6525.0,3.700000000000003
41290.0,35,595.0,7.083333333333333,3.8690742307507096,35,6699.0,0.13112831089435334,35,6699.0,-1.7399999999999949
41295.0,35,492.0,6.0,3.7528965117916955,35,6808.0,0.1314265533262039,35,6808.0,-1.0900000000000034
41300.0,39,575.0,6.927710843373494,3.8361475975463852,39,6954.0,0.12638967927736988,39,6954.0,-1.460000000000008
41305.0,42,637.0,7.32183908045977,3.8482964474827166,42,6961.0,0.12593176536636583,42,6961.0,-0.06999999999999318
41310.0,39,667.0,7.666666666666667,3.9317951703467346,39,6777.0,0.1391725490089528,39,6777.0,1.8400000000000034
41315.0,39,690.0,8.117647058823529,3.81245492404691,39,6592.0,0.1290165532620182,39,6592.0,1.8499999999999943
41320.0,35,480.0,5.714285714285714,3.9938660127624828,35,6686.0,0.13286060437274472,35,6686.0,-0.9399999999999977
41325.0,33,438.0,5.27710843373494,4.384018538242029,33,6719.0,0.15439340527578568,33,6719.0,-0.3299999999999983
41330.0,34,477.0,5.817073170731708,4.361236812456199,34,6843.0,0.1624055758355983,34,6843.0,-1.240000000000009
41335.0,36,541.0,6.597560975609756,4.036638200455711,36,6822.0,0.13349491928948082,36,6822.0,0.21000000000000796
41340.0,40,583.0,6.940476190476191,3.574287948194117,40,6609.0,0.10225659434111749,40,6609.0,2.1299999999999955
41345.0,38,632.0,7.614457831325301,3.816395573191786,38,6404.0,0.12608598892188216,38,6404.0,2.049999999999997
41350.0,35,667.0,8.3375,3.9283956570814906,35,6006.0,0.14460262977047578,35,6006.0,3.980000000000004
41355.0,31,684.0,8.142857142857142,4.426365506652034,31,5607.0,0.1709557237118151,31,5607.0,3.990000000000002
41360.0,30,672.0,7.905882352941177,4.2635362968188035,30,5734.0,0.159095401704854,30,5734.0,-1.2700000000000031
41365.0,33,736.0,8.761904761904763,3.7814754276019307,33,5893.0,0.13878288717613854,33,5893.0,-1.5899999999999963
41370.0,38,841.0,10.25609756097561,3.620267245309577,38,6072.0,0.1341473451354221,38,6072.0,-1.7899999999999991
41375.0,40,923.0,11.120481927710843,3.7672531195621626,40,6067.0,0.12189575982447876,40,6067.0,0.04999999999999716
41380.0,39,973.0,11.056818181818182,4.025960948687992,39,5870.0,0.13961404127081745,39,5870.0,1.9699999999999989
41385.0,34,1006.0,11.303370786516854,4.226708299542493,34,5661.0,0.15523007915573808,34,5661.0,2.0900000000000034
41390.0,34,788.0,8.954545454545455,3.9476495624058314,33,5719.0,0.12780550871646718,33,5719.0,-0.5799999999999983
41395.0,34,734.0,8.738095238095237,3.7971699099765495,34,5895.0,0.13120391658826813,34,5895.0,-1.7600000000000051
41400.0,35,814.0,9.926829268292684,3.9455177612892722,35,5889.0,0.1494443267859372,35,5889.0,0.060000000000002274
41405.0,40,892.0,10.494117647058824,3.5556871267082584,40,5879.0,0.12907509045463486,40,5879.0,0.10000000000000142
41410.0,41,947.0,11.011627906976743,3.3660032960791146,41,5677.0,0.11949525216034636,41,5677.0,2.019999999999996
41415.0,43,1008.0,11.720930232558139,3.2536057026203844,43,5479.0,0.11006959065316613,43,5479.0,1.980000000000004
41420.0,39,605.0,7.034883720930233,3.3179369051191148,39,5504.0,0.10604957928884201,39,5504.0,-0.25
41425.0,35,339.0,3.941860465116279,3.758768335901394,35,5405.0,0.12953927275046817,35,5405.0,0.990000000000002
41430.0,36,378.0,4.344827586206897,3.901847846351421,36,5389.0,0.14046079432564276,36,5389.0,0.1599999999999966
41435.0,40,433.0,4.920454545454546,3.6265780486733146,40,5361.0,0.1215912134634449,40,5361.0,0.28000000000000114
41440.0,43,485.0,5.449438202247191,3.2049307977283426,43,5354.0,0.08396012725264243,43,5354.0,0.07000000000000028
41445.0,43,545.0,6.264367816091954,3.255372475364035,43,5354.0,0.09982806766011428,43,5354.0,0.0
41450.0,40,598.0,7.035294117647059,3.4365852350538173,40,4940.0,0.12083191072895796,40,4940.0,4.140000000000001
41455.0,38,575.0,6.534090909090909,3.3200298792556904,38,5051.0,0.12226985081626665,38,5051.0,-1.1099999999999994
41460.0,38,588.0,6.606741573033708,3.477033736045957,38,5148.0,0.11923542121447712,38,5148.0,-0.9699999999999989
41465.0,41,647.0,7.436781609195402,3.298028721472641,41,5327.0,0.11432661788481585,41,5327.0,-1.7900000000000063
41470.0,41,559.0,6.425287356321839,3.3275167638902494,41,5413.0,0.09721146769851138,41,5413.0,-0.8599999999999994
41475.0,43,586.0,6.813953488372093,3.4752307928344415,43,5455.0,0.10525564102309978,43,5455.0,-0.4199999999999946
41480.0,48,735.0,8.076923076923077,3.5839218111899993,48,5591.0,0.11140967581683706,48,5591.0,-1.3599999999999994
41485.0,47,802.0,8.813186813186814,3.423480648190029,47,5595.0,0.0971561324953783,47,5595.0,-0.04000000000000625
41490.0,46,802.0,9.113636363636363,3.1705826686435548,46,5367.0,0.08721767337877359,46,5367.0,2.280000000000001
41495.0,43,797.0,9.160919540229886,3.587683299445113,43,5134.0,0.11481167271448037,43,5134.0,2.3299999999999983
41500.0,39,806.0,9.264367816091953,4.103983686035298,39,4682.0,0.1315254212209036,39,4682.0,4.520000000000003
41505.0,38,845.0,9.38888888888889,4.40666829841342,38,4270.0,0.14795160750309166,38,4270.0,4.119999999999997
41510.0,40,841.0,9.779069767441861,4.042736037211231,40,4461.0,0.1384731549420812,40,4461.0,-1.9099999999999966
41515.0,46,898.0,10.44186046511628,3.2644125369679777,46,4637.0,0.09943662994796816,46,4637.0,-1.759999999999998
41520.0,46,971.0,11.423529411764706,3.2630130739820644,46,4840.0,0.10169576314280976,46,4840.0,-2.030000000000001
41525.0,48,1056.0,12.423529411764706,3.4928482230592386,48,5073.0,0.10948339317127245,48,5073.0,-2.3299999999999983
41530.0,46,1088.0,12.651162790697674,3.5574363397167983,46,5110.0,0.12107994481903504,46,5110.0,-0.37000000000000455
41535.0,41,1058.0,12.595238095238095,3.608218194248436,41,4931.0,0.13106933066063398,41,4931.0,1.7899999999999991
41540.0,38,1009.0,12.011904761904763,3.9766754941946814,38,4742.0,0.14278924044890987,38,4742.0,1.8900000000000006
41545.0,34,944.0,11.373493975903614,4.218585798447421,34,4369.0,0.1538636709849031,34,4369.0,3.730000000000004
41550.0,31,808.0,10.1,4.31269245904547,31,4471.0,0.16222624282710554,31,4471.0,-1.0200000000000031
41555.0,35,877.0,10.695121951219512,4.2001649803693875,35,4593.0,0.16181727537709523,35,4593.0,-1.2199999999999989
41560.0,41,972.0,11.710843373493976,3.9291779912732343,41,4780.0,0.13837256637152012,41,4780.0,-1.8699999999999974
41565.0,44,1046.0,12.602409638554217,3.433285922752838,44,4837.0,0.0859080633224458,44,4837.0,-0.5700000000000003
41570.0,41,1086.0,13.24390243902439,3.734919134484868,41,4742.0,0.1142379783863158,41,4742.0,0.9499999999999957
41575.0,37,1108.0,13.512195121951219,4.213918691320187,37,4630.0,0.14688299376887246,37,4630.0,1.1200000000000045
41580.0,37,1066.0,12.541176470588235,3.9514501627195426,36,4771.0,0.1302854576195613,36,4771.0,-1.4100000000000037
41585.0,36,1079.0,12.694117647058823,3.9060065276594766,36,4955.0,0.12467536598945113,36,4955.0,-1.8399999999999963
41590.0,40,1156.0,13.761904761904763,3.571081843567463,40,5127.0,0.11329397692745939,40,5127.0,-1.720000000000006
41595.0,41,1238.0,14.738095238095237,3.566630362515955,41,5180.0,0.11443443729234697,41,5180.0,-0.529999999999994
41600.0,41,1293.0,15.578313253012048,3.638047857836706,41,5093.0,0.1245610498989931,41,5093.0,0.8699999999999974
41605.0,43,1348.0,16.047619047619047,3.3289041406810744,43,5010.0,0.1229182629433862,43,5010.0,0.8299999999999983
41610.0,39,1332.0,15.857142857142858,3.2495631494394273,39,5164.0,0.10982266780904697,39,5164.0,-1.5399999999999991
41615.0,41,1385.0,16.488095238095237,3.154754881619385,41,5349.0,0.10730061029042039,41,5349.0,-1.8500000000000014
41620.0,44,1452.0,17.285714285714285,3.1648506638797937,44,5564.0,0.10560250283435717,44,5564.0,-2.1499999999999986
41625.0,44,1501.0,17.86904761904762,3.1040865425763835,44,5629.0,0.09750876350237894,44,5629.0,-0.6499999999999986
41630.0,41,1550.0,18.023255813953487,3.3428659022631577,41,5531.0,0.11623397343491514,41,5531.0,0.9799999999999969
41635.0,41,1605.0,18.448275862068964,3.6904777262931785,41,5429.0,0.13391921754453456,41,5429.0,1.0200000000000031
41640.0,43,1662.0,18.886363636363637,3.340910506590794,43,5192.0,0.10651597035203476,43,5192.0,2.3699999999999974
41645.0,40,1031.0,11.584269662921349,3.5563936380488204,40,5145.0,0.11344965962607552,40,5145.0,0.46999999999999886
41650.0,37,401.0,4.556818181818182,3.779986925746631,37,4903.0,0.13266265022136697,37,4903.0,2.4200000000000017
41655.0,35,314.0,3.5681818181818183,4.106624576938377,35,4743.0,0.15581922477126592,35,4743.0,1.6000000000000014
41660.0,36,378.0,4.447058823529412,4.078706023182616,36,4585.0,0.1473146336578551,36,4585.0,1.5799999999999983
41665.0,43,429.0,4.988372093023256,3.534700493808887,43,4737.0,0.10712255458056319,43,4737.0,-1.519999999999996
41670.0,49,588.0,6.837209302325581,3.3515082827343323,49,4948.0,0.09392927293151757,49,4948.0,-2.1099999999999994
41675.0,50,758.0,8.71264367816092,3.530561379034136,50,5191.0,0.10190360009491248,50,5191.0,-2.4299999999999997
41680.0,49,827.0,9.188888888888888,3.546938459499661,49,5260.0,0.09472117785900411,49,5260.0,-0.6900000000000048
41685.0,45,814.0,9.146067415730338,3.730861124395549,45,5149.0,0.1112733741347905,45,5149.0,1.1099999999999994
41690.0,43,818.0,9.511627906976743,3.6382198975297286,43,5020.0,0.11802305089544762,43,5020.0,1.2899999999999991
41695.0,44,862.0,10.261904761904763,3.717537536102366,44,4747.0,0.13068121864676574,44,4747.0,2.730000000000004
41700.0,45,907.0,10.670588235294117,3.7288271817213445,45,4487.0,0.1273579043891055,45,4487.0,2.6000000000000014
41705.0,41,826.0,9.386363636363637,3.7108500550648844,41,4635.0,0.120193751018951,41,4635.0,-1.480000000000004
41710.0,43,855.0,9.827586206896552,3.5785726600882604,43,4789.0,0.12083608573749464,43,4789.0,-1.5399999999999991
41715.0,45,896.0,10.181818181818182,3.6038197469270674,45,5008.0,0.12173582853336705,45,5008.0,-2.1899999999999977
41720.0,45,905.0,10.523255813953488,3.4629920071463562,45,5054.0,0.11197418893355836,45,5054.0,-0.46000000000000085
41725.0,41,867.0,10.321428571428571,3.802980394866549,41,5097.0,0.12256417684949755,41,5097.0,-0.4299999999999997
41730.0,37,812.0,9.552941176470588,4.15050570419456,37,4951.0,0.1530648791522918,37,4951.0,1.4600000000000009
41735.0,32,732.0,8.611764705882353,4.605993227006838,32,4627.0,0.16922000437887175,32,4627.0,3.239999999999995
41740.0,30,656.0,8.0,4.301739121913317,30,4299.0,0.15838041713157136,30,4299.0,3.280000000000001
41745.0,27,543.0,6.621951219512195,4.593985142150909,27,4435.0,0.17396654347109763,27,4435.0,-1.3599999999999994
41750.0,33,623.0,7.506024096385542,4.534559443713967,33,4593.0,0.1575458448111023,33,4593.0,-1.5799999999999983
41755.0,37,705.0,8.294117647058824,4.116933988506926,37,4706.0,0.1426647824176601,37,4706.0,-1.1300000000000026
41760.0,38,764.0,8.988235294117647,3.9818434363714266,38,4724.0,0.12558751048135408,38,4724.0,-0.17999999999999972
41765.0,38,806.0,9.829268292682928,3.627738343591935,38,4576.0,0.1200600941297887,38,4576.0,1.480000000000004
41770.0,34,838.0,10.60759493670886,3.807166181347133,34,4435.0,0.14685741535837993,34,4435.0,1.4099999999999966
41775.0,32,859.0,10.604938271604938,4.3076415090167774,32,4137.0,0.16563935141402458,32,4137.0,2.980000000000004
41780.0,28,912.0,10.729411764705882,4.861364045608654,28,3879.0,0.1865227770531269,28,3879.0,2.5799999999999983
41785.0,29,978.0,11.372093023255815,4.853878131607942,28,3660.0,0.18886334429687188,28,3660.0,2.1899999999999977
41790.0,34,1057.0,12.435294117647059,4.516919199748607,32,3577.0,0.17068313871272797,32,3577.0,0.8299999999999983
41795.0,31,1130.0,13.452380952380953,4.5802232607434705,31,3622.0,0.17506888820920963,31,3622.0,-0.44999999999999574
41800.0,31,813.0,9.914634146341463,4.496423823491884,31,3580.0,0.17281887255383033,31,3580.0,0.4200000000000017
41805.0,28,440.0,5.238095238095238,4.593115993738768,28,3405.0,0.17789439019076686,28,3405.0,1.75
41810.0,28,489.0,5.821428571428571,4.79182744318617,28,3295.0,0.19030377080920743,28,3295.0,1.0999999999999943
41815.0,33,524.0,6.238095238095238,4.278982940240205,33,3305.0,0.1377907844614204,33,3305.0,-0.09999999999999432
41820.0,31,581.0,6.916666666666667,4.696715434614167,31,3213.0,0.15627668551953167,31,3213.0,0.9199999999999946
41825.0,31,651.0,7.75,5.114570572121775,31,3121.0,0.18615886697851944,31,3121.0,0.9200000000000017
41830.0,31,721.0,8.383720930232558,5.209381052284048,31,2925.0,0.19435289977456874,31,2925.0,1.9600000000000009
41835.0,32,731.0,8.306818181818182,4.647986615051088,32,2969.0,0.15564902397994665,32,2969.0,-0.4400000000000013
41840.0,36,774.0,8.89655172413793,4.386812773953897,36,2991.0,0.13797785297814116,36,2991.0,-0.21999999999999886
41845.0,40,883.0,10.267441860465116,4.435513474038062,40,3125.0,0.13553044599219508,40,3125.0,-1.3399999999999999
41850.0,40,737.0,8.773809523809524,4.304431280344995,40,3199.0,0.12393358260102498,40,3199.0,-0.7399999999999984
41855.0,38,726.0,8.541176470588235,4.340690050582079,38,3201.0,0.1349046549183236,38,3201.0,-0.019999999999999574
41860.0,40,836.0,9.83529411764706,4.290717139959628,40,3293.0,0.1376265424782094,40,3293.0,-0.9200000000000017
41865.0,42,887.0,10.817073170731707,3.51056980001774,42,3355.0,0.10514276564394404,42,3355.0,-0.6199999999999974
41870.0,40,929.0,11.329268292682928,3.891551744800047,40,3275.0,0.1193140680638696,40,3275.0,0.7999999999999972
41875.0,40,979.0,11.939024390243903,4.273128080748818,40,3196.0,0.14363244232434397,40,3196.0,0.7899999999999991
41880.0,41,1029.0,12.105882352941176,4.191460426512888,41,2992.0,0.14418588862126114,41,2992.0,2.039999999999999
41885.0,38,1072.0,13.073170731707316,4.408345466105932,38,2817.0,0.16618071589139283,38,2817.0,1.75
41890.0,36,1100.0,13.414634146341463,4.48116670740961,36,2648.0,0.16101552044880596,36,2648.0,1.6900000000000013
41895.0,34,1121.0,13.670731707317072,4.471934135019543,34,2611.0,0.1648163873067905,34,2611.0,0.370000000000001
41900.0,31,1037.0,12.9625,4.465312721973999,31,2719.0,0.17156121857751422,31,2719.0,-1.0800000000000018
41905.0,33,1044.0,12.731707317073171,4.546703135866394,32,2837.0,0.18672226794052516,32,2837.0,-1.1799999999999997
41910.0,34,1055.0,12.865853658536585,4.594196058208246,34,2998.0,0.18104324753563297,34,2998.0,-1.6099999999999994
41915.0,33,1045.0,12.74390243902439,4.389290984310945,33,3047.0,0.14618590081050725,33,3047.0,-0.48999999999999844
41920.0,31,1060.0,13.08641975308642,4.704425624216581,31,2976.0,0.1689391530319239,31,2976.0,0.7099999999999973
41925.0,29,1118.0,13.975,5.008430862714098,29,2900.0,0.20048778406364617,29,2900.0,0.7600000000000016
41930.0,30,1183.0,13.91764705882353,5.136640224318587,30,2781.0,0.20481358412234182,30,2781.0,1.1900000000000013
41935.0,30,1064.0,12.666666666666666,4.900135245113812,29,2840.0,0.18622322675616593,29,2840.0,-0.5899999999999999
41940.0,38,1130.0,13.614457831325302,4.098849301930559,38,3012.0,0.12725056874026203,38,3012.0,-1.7200000000000024
41945.0,39,1230.0,15.0,4.084111814187215,39,3137.0,0.1300489089758662,39,3137.0,-1.25
41950.0,42,1313.0,15.819277108433734,4.072418061123407,42,3241.0,0.1328640826306068,42,3241.0,-1.0399999999999956
41955.0,37,1351.0,15.894117647058824,4.06545698976623,37,3246.0,0.14249162998005507,37,3246.0,-0.05000000000000426
41960.0,34,1372.0,16.141176470588235,4.439002388570394,34,3235.0,0.1648278369046957,34,3235.0,0.10999999999999943
41965.0,33,1411.0,17.0,4.228872572433472,33,3126.0,0.1480606998979654,33,3126.0,1.0899999999999999
41970.0,32,1493.0,18.6625,4.450961639977886,32,3031.0,0.17225576662495323,32,3031.0,0.9500000000000028
41975.0,33,1579.0,19.9873417721519,4.775209892024728,33,3032.0,0.19452752395267547,33,3032.0,-0.010000000000001563
41980.0,34,1666.0,20.317073170731707,4.5119937787188,34,2963.0,0.1884732256347306,34,2963.0,0.6900000000000013
41985.0,30,1742.0,20.987951807228917,4.692154811153051,29,2960.0,0.19571524317626127,29,2960.0,0.029999999999997584
41990.0,33,1148.0,14.35,4.0917952618868805,31,2862.0,0.1671242349469094,31,2862.0,0.9800000000000004
41995.0,26,551.0,6.802469135802469,4.687994327694226,26,2577.0,0.19673457630376467,26,2577.0,2.8500000000000014
42000.0,27,521.0,6.353658536585366,5.12203254176264,26,2364.0,0.22429589884482667,26,2364.0,2.129999999999999
42005.0,28,448.0,5.209302325581396,4.8964436944083065,28,2413.0,0.2001239228150751,28,2413.0,-0.48999999999999844
42010.0,35,592.0,6.883720930232558,4.824325131900192,35,2459.0,0.17858027396798182,35,2459.0,-0.46000000000000085
42015.0,42,788.0,9.380952380952381,4.525282460029458,42,2633.0,0.1504827500005924,42,2633.0,-1.7399999999999984
42020.0,46,963.0,11.464285714285714,4.143439354895889,45,2706.0,0.11877450929860428,45,2706.0,-0.7300000000000004
42025.0,47,1129.0,13.768292682926829,3.8963331905248304,47,2940.0,0.10299564902224498,47,2940.0,-2.34
42030.0,48,1363.0,16.03529411764706,3.9146779005657657,48,2955.0,0.11518429365675403,48,2955.0,-0.15000000000000213
42035.0,54,1620.0,18.837209302325583,3.5286297685872796,54,3212.0,0.08599258183181849,54,3212.0,-2.5699999999999967
42040.0,58,1900.0,22.352941176470587,3.1399246475502243,58,3492.0,0.06735447152903581,58,3492.0,-2.8000000000000043
42045.0,59,2191.0,25.776470588235295,3.161866639536131,59,3783.0,0.07049734132173223,59,3783.0,-2.9099999999999966
42050.0,57,2435.0,29.337349397590362,2.9664559878654857,57,3985.0,0.0695185649793,57,3985.0,-2.020000000000003
42055.0,57,2686.0,32.75609756097561,2.6446829678388317,57,4157.0,0.08845758077881175,57,4157.0,-1.7199999999999989
42060.0,59,2973.0,35.81927710843374,2.6539684522205294,59,4398.0,0.09475634462784528,59,4398.0,-2.4099999999999966
42065.0,60,3040.0,36.19047619047619,2.1556733825066594,59,4542.0,0.047793099634818925,59,4542.0,-1.4400000000000048
42070.0,58,2949.0,35.96341463414634,2.1798701427449116,58,4842.0,0.057176743224970246,58,4842.0,-3.0
42075.0,54,2838.0,35.03703703703704,2.4244976062480874,54,4820.0,0.07935232095390367,54,4820.0,0.21999999999999886
42080.0,54,2703.0,32.17857142857143,2.388397431390039,54,5075.0,0.0811520061080161,54,5075.0,-2.549999999999997
42085.0,56,2586.0,30.069767441860463,2.5257335456138934,56,5350.0,0.08428782588021151,56,5350.0,-2.75
42090.0,58,2478.0,28.482758620689655,2.14293486044921,58,5630.0,0.06078702008073645,58,5630.0,-2.799999999999997
42095.0,57,2332.0,27.435294117647057,2.0238158217453277,57,5761.0,0.06164466035176274,57,5761.0,-1.3100000000000023
42100.0,54,2139.0,24.872093023255815,2.447652675271375,54,5726.0,0.07734440470548264,54,5726.0,0.3500000000000014
42105.0,51,1930.0,21.444444444444443,2.8406715857445737,51,5674.0,0.10227764982681607,51,5674.0,0.519999999999996
42110.0,48,1265.0,13.901098901098901,2.785127472270785,48,5707.0,0.09062522648676491,48,5707.0,-0.3299999999999983
42115.0,47,642.0,7.213483146067416,2.614731081974728,47,5756.0,0.07963477509898738,47,5756.0,-0.490000000000002
42120.0,45,531.0,6.174418604651163,2.6961133063138316,45,5814.0,0.09319978301346624,45,5814.0,-0.5799999999999983
42125.0,44,510.0,5.930232558139535,3.175846383494417,44,5765.0,0.11236185970876557,44,5765.0,0.490000000000002
42130.0,46,441.0,5.011363636363637,3.039772117980767,46,5927.0,0.096997085588927,46,5927.0,-1.6200000000000045
42135.0,51,599.0,6.965116279069767,2.807430716296025,51,6117.0,0.09738153615275214,51,6117.0,-1.8999999999999986
42140.0,57,789.0,9.068965517241379,2.5182374920325126,57,6386.0,0.07380216395623408,57,6386.0,-2.6899999999999977
42145.0,57,889.0,10.337209302325581,2.324629127368543,57,6485.0,0.06552156458492239,57,6485.0,-0.9899999999999949
42150.0,53,903.0,10.623529411764705,2.6513825209247512,53,6577.0,0.07678232140785417,53,6577.0,-0.9200000000000017
42155.0,48,893.0,10.147727272727273,3.1728262991297593,48,6462.0,0.11179166400577614,48,6462.0,1.1499999999999915
42160.0,45,794.0,9.022727272727273,3.2094472020723415,45,6561.0,0.11078537351317153,45,6561.0,-0.9899999999999949
42165.0,48,755.0,8.779069767441861,2.615949812503945,48,6686.0,0.0724119373094903,48,6686.0,-1.25
42170.0,54,834.0,9.586206896551724,2.7789312499087138,54,6802.0,0.08200402467498498,54,6802.0,-1.1599999999999966
42175.0,55,876.0,9.954545454545455,2.75021884459,55,6879.0,0.077902635783168,55,6879.0,-0.7700000000000102
42180.0,52,881.0,9.78888888888889,2.8670004697176847,52,6768.0,0.09393560412262565,52,6768.0,1.1099999999999994
42185.0,48,871.0,9.897727272727273,3.271222558196197,48,6649.0,0.11672740634817518,48,6649.0,1.190000000000012
42190.0,45,840.0,9.767441860465116,3.1283946998063628,45,6343.0,0.10025113649717321,45,6343.0,3.059999999999995
42195.0,41,633.0,7.535714285714286,3.2675704078926797,41,6480.0,0.11117425740940912,41,6480.0,-1.3699999999999974
42200.0,40,566.0,6.738095238095238,3.6577463190614816,40,6598.0,0.1294446700115412,40,6598.0,-1.1800000000000068
42205.0,40,508.0,5.906976744186046,3.7659388409852945,40,6789.0,0.13838276048749087,40,6789.0,-1.9099999999999966
42210.0,38,396.0,4.714285714285714,3.7950853434950655,38,6911.0,0.13208525909520435,38,6911.0,-1.2199999999999989
42215.0,43,492.0,5.788235294117647,3.616664524844181,43,7014.0,0.10113042396291362,43,7014.0,-1.0300000000000011
42220.0,47,641.0,7.453488372093023,3.7112654557737197,47,7219.0,0.1056763541694742,47,7219.0,-2.049999999999997
42225.0,49,791.0,9.19767441860465,3.58037665405606,49,7449.0,0.10247075052031761,49,7449.0,-2.299999999999997
42230.0,50,958.0,11.011494252873563,3.5638316210873233,50,7699.0,0.09665229465342434,50,7699.0,-2.5
42235.0,50,1128.0,13.270588235294118,3.5006099466386646,50,7946.0,0.09295668299389388,50,7946.0,-2.469999999999999
42240.0,50,1193.0,14.548780487804878,2.9951426394200054,50,7973.0,0.07328365888043148,50,7973.0,-0.27000000000001023
42245.0,51,1222.0,15.275,2.9274523031456887,51,7787.0,0.08532749869623202,51,7787.0,1.8599999999999994
42250.0,51,1252.0,15.45679012345679,3.1618667843644195,51,7605.0,0.09858588264125462,51,7605.0,1.8200000000000074
42255.0,48,1273.0,15.337349397590362,3.406842050855485,48,7217.0,0.11471660901750881,48,7217.0,3.8799999999999955
42260.0,44,1068.0,13.185185185185185,3.1771532327699132,44,7352.0,0.11171551610222272,44,7352.0,-1.3499999999999943
42265.0,47,1042.0,12.864197530864198,2.8431826398892523,47,7461.0,0.1030788734370697,47,7461.0,-1.0900000000000034
42270.0,48,1052.0,12.987654320987655,3.1204366506392582,48,7671.0,0.11046001916906482,48,7671.0,-2.0999999999999943
42275.0,47,1021.0,12.604938271604938,3.2112952861365955,47,7688.0,0.10267555054236654,47,7688.0,-0.1700000000000017
42280.0,44,947.0,11.409638554216867,3.294470481374585,44,7698.0,0.10261661665152144,44,7698.0,-0.10000000000000853
42285.0,39,847.0,10.329268292682928,3.6268292370241086,39,7679.0,0.12663243417180473,39,7679.0,0.18999999999999773
42290.0,36,726.0,8.853658536585366,3.7156833777560903,36,7207.0,0.12220033875275763,36,7207.0,4.720000000000013
42295.0,32,590.0,7.283950617283951,4.081544801091097,32,6743.0,0.1481292333393933,32,6743.0,4.639999999999986
42300.0,27,460.0,5.75,4.597094221532414,27,6475.0,0.18674238366662413,27,6475.0,2.680000000000007
42305.0,24,385.0,4.63855421686747,4.9700181531568495,24,5978.0,0.2058941154576891,24,5978.0,4.969999999999999
42310.0,24,421.0,5.197530864197531,4.910534048499523,24,5490.0,0.1960417081477998,24,5490.0,4.880000000000003
42315.0,27,461.0,5.7625,4.02398400054144,27,5410.0,0.15156388568448204,27,5410.0,0.7999999999999972
42320.0,25,505.0,6.3125,4.341051288656738,23,5340.0,0.17482538030824196,23,5340.0,0.7000000000000028
42325.0,22,532.0,6.734177215189874,4.620291660454836,21,5064.0,0.1930990666108777,21,5064.0,2.759999999999998
42330.0,17,533.0,6.580246913580247,4.761793175836477,17,4781.0,0.2019647234244214,17,4781.0,2.8299999999999983
42335.0,16,549.0,6.614457831325301,4.841697271787599,16,4482.0,0.19333723870092073,16,4482.0,2.990000000000002
42340.0,16,600.0,7.407407407407407,4.521341767799313,15,4549.0,0.18154606311971064,15,4549.0,-0.6700000000000017
42345.0,16,666.0,8.325,4.731766421918486,15,4263.0,0.19926479638502426,15,4263.0,2.8599999999999994
42350.0,16,730.0,9.125,4.806928451759218,16,3994.0,0.2036245251500874,16,3994.0,2.690000000000005
42355.0,16,794.0,9.452380952380953,4.576292018040799,15,3725.0,0.1938570347713779,15,3725.0,2.6899999999999977
42360.0,13,573.0,6.987804878048781,4.201363077791275,13,3679.0,0.17963646185980092,13,3679.0,0.46000000000000085
42365.0,20,573.0,6.903614457831325,3.979915811317344,18,3584.0,0.15243236067298285,18,3584.0,0.9499999999999957
42370.0,26,680.0,8.19277108433735,4.256774196235481,23,3612.0,0.16823775027189958,23,3612.0,-0.27999999999999403
42375.0,30,796.0,9.590361445783133,4.101314761667735,29,3752.0,0.14948121911599446,29,3752.0,-1.4000000000000057
42380.0,32,597.0,6.941860465116279,4.149472775103363,32,3896.0,0.14084079087199042,32,3896.0,-1.4399999999999977
42385.0,33,615.0,7.068965517241379,4.229200050822426,33,3924.0,0.1235412174983613,33,3924.0,-0.28000000000000114
42390.0,37,784.0,8.909090909090908,4.108277666163727,37,3876.0,0.11022242959693968,37,3876.0,0.480000000000004
42395.0,44,989.0,10.988888888888889,4.081073606561147,44,3946.0,0.1068200504225272,44,3946.0,-0.7000000000000028
42400.0,48,1219.0,13.852272727272727,3.9957694076078836,48,4176.0,0.0995611762157137,48,4176.0,-2.299999999999997
42405.0,50,1336.0,15.01123595505618,4.069347490704236,50,4217.0,0.09737037426289222,50,4217.0,-0.4100000000000037
42410.0,46,1354.0,15.563218390804598,3.889336087256833,46,4047.0,0.09171136871234328,46,4047.0,1.7000000000000028
42415.0,47,1364.0,15.5,3.93391959255565,47,3874.0,0.10086435073787423,47,3874.0,1.7299999999999969
42420.0,43,1331.0,15.845238095238095,3.8799290051615665,43,4066.0,0.09300813306316534,43,4066.0,-1.9199999999999946
42425.0,45,1332.0,16.860759493670887,3.688416890329376,45,4284.0,0.10388112107070387,45,4284.0,-2.180000000000007
42430.0,47,1340.0,16.962025316455698,3.2914067801337734,47,4510.0,0.10310920077323592,47,4510.0,-2.259999999999998
42435.0,44,1304.0,16.50632911392405,3.123465159048617,44,4526.0,0.08722735435585405,44,4526.0,-0.1599999999999966
42440.0,43,1224.0,15.3,2.9602597161631063,43,4321.0,0.08810092690170931,43,4321.0,2.049999999999997
42445.0,39,1132.0,14.15,3.4006033024017137,39,4147.0,0.1190322895926841,39,4147.0,1.740000000000002
42450.0,36,1025.0,12.8125,3.8352583221024643,36,3807.0,0.1389624963371991,36,3807.0,3.3999999999999986
42455.0,32,942.0,11.62962962962963,4.018711973898633,32,3475.0,0.15979280148209432,32,3475.0,3.3200000000000003
42460.0,30,914.0,11.012048192771084,4.294518003191511,30,3358.0,0.17315406669612468,30,3358.0,1.1700000000000017
42465.0,29,947.0,11.409638554216867,4.382269313541771,29,3119.0,0.1737198107480335,29,3119.0,2.389999999999997
42470.0,32,980.0,11.80722891566265,4.055311789526901,31,3235.0,0.1588943784666334,31,3235.0,-1.1600000000000001
42475.0,35,1067.0,13.17283950617284,4.05356582092454,35,3397.0,0.16356563247970568,35,3397.0,-1.6199999999999974
42480.0,40,1173.0,14.132530120481928,3.9746592655190622,39,3584.0,0.16257051235804396,39,3584.0,-1.8700000000000045
42485.0,36,1239.0,14.75,4.345968107172295,36,3630.0,0.15796414483814156,36,3630.0,-0.45999999999999375
42490.0,36,1264.0,14.870588235294118,4.191455914549713,36,3552.0,0.13784952432643519,36,3552.0,0.779999999999994
42495.0,33,1288.0,15.333333333333334,4.72838870034653,33,3479.0,0.16771743454379762,33,3479.0,0.730000000000004
42500.0,29,1335.0,15.892857142857142,5.332286409482272,29,3303.0,0.20125285620518968,29,3303.0,1.759999999999998
42505.0,29,1405.0,16.529411764705884,5.5240792908174985,29,3197.0,0.215667821493408,29,3197.0,1.0600000000000023
42510.0,30,1475.0,17.352941176470587,4.874994429784328,30,3183.0,0.18254260643784648,30,3183.0,0.14000000000000057
42515.0,32,1556.0,18.523809523809526,4.548874017334289,32,3109.0,0.1600923598049003,32,3109.0,0.7399999999999984
42520.0,32,1640.0,20.0,4.436950588121486,31,3195.0,0.16410229674712096,31,3195.0,-0.8599999999999994
42525.0,29,1713.0,20.890243902439025,4.732207744458879,27,3188.0,0.19165327861523182,27,3188.0,0.07000000000000028
42530.0,27,1707.0,20.321428571428573,4.6241620339004115,26,3281.0,0.18762392227044997,26,3281.0,-0.9300000000000033
42535.0,28,1762.0,21.228915662650603,4.550849696831199,28,3395.0,0.19036830691216935,28,3395.0,-1.1400000000000006
42540.0,30,1881.0,22.392857142857142,4.407162325490956,30,3539.0,0.17261362813205464,30,3539.0,-1.4399999999999977
42545.0,32,1353.0,16.107142857142858,4.623425191562435,32,3441.0,0.1700461257708297,32,3441.0,0.980000000000004
42550.0,32,839.0,10.231707317073171,4.809932972398022,32,3157.0,0.17111379332428173,32,3157.0,2.8399999999999963
42555.0,35,885.0,10.290697674418604,4.736853913813577,35,2979.0,0.16901561251943478,35,2979.0,1.7800000000000011
42560.0,39,1070.0,12.738095238095237,4.29962636103156,39,2829.0,0.13920383024038774,39,2829.0,1.5
42565.0,47,1181.0,14.402439024390244,3.3049088157135342,47,2935.0,0.0877650241719965,47,2935.0,-1.0600000000000023
42570.0,49,1242.0,14.963855421686747,3.310100169591539,49,3178.0,0.07837013699794217,49,3178.0,-2.4299999999999997
42575.0,47,1295.0,15.235294117647058,3.6596037679939206,47,3196.0,0.09070734214452443,47,3196.0,-0.17999999999999972
42580.0,43,1331.0,15.298850574712644,3.9874729649498506,43,3191.0,0.12018051929652913,43,3191.0,0.05000000000000071
42585.0,39,1349.0,16.05952380952381,3.7035593470644037,39,3172.0,0.12027932673065664,39,3172.0,0.19000000000000128
42590.0,39,1358.0,16.5609756097561,3.503696946739604,39,3047.0,0.11439342071768603,39,3047.0,1.25
42595.0,37,1322.0,16.121951219512194,3.4283303052147094,37,3206.0,0.12342049794032259,37,3206.0,-1.5900000000000034
42600.0,37,1321.0,15.91566265060241,3.67616195289318,37,3384.0,0.13905484403630214,37,3384.0,-1.7800000000000011
42605.0,39,1328.0,15.264367816091953,3.8360688535519993,39,3572.0,0.1422853969352903,39,3572.0,-1.8799999999999955
42610.0,40,1360.0,15.813953488372093,3.8217979674727256,40,3771.0,0.121259559893198,40,3771.0,-1.990000000000002
42615.0,42,1310.0,15.411764705882353,3.463567151596149,42,3865.0,0.0979583928846142,42,3865.0,-0.9399999999999977
42620.0,40,1380.0,16.428571428571427,3.5310872799122244,40,3911.0,0.11467049821295891,40,3911.0,-0.46000000000000085
42625.0,44,1584.0,19.08433734939759,3.6384300587747505,44,4042.0,0.12962686011763896,44,4042.0,-1.3100000000000023
42630.0,46,1705.0,19.825581395348838,3.410823879736103,46,4135.0,0.11480316532055242,46,4135.0,-0.9299999999999997
42635.0,48,1761.0,20.24137931034483,3.306746937182054,48,4236.0,0.10163043889081162,48,4236.0,-1.009999999999998
42640.0,50,1823.0,21.197674418604652,2.84814704218179,50,4343.0,0.08333822669886767,50,4343.0,-1.0700000000000003
42645.0,51,1284.0,14.930232558139535,2.7143354585206327,51,4367.0,0.07453954549339686,51,4367.0,-0.240000000000002
42650.0,48,801.0,9.313953488372093,2.8004236454508726,48,4415.0,0.0770129069753001,48,4415.0,-0.4799999999999969
42655.0,48,808.0,9.395348837209303,2.672735200909679,48,4312.0,0.09166087198392753,48,4312.0,1.0300000000000011
42660.0,50,820.0,9.425287356321839,2.415152744557477,50,4519.0,0.08084534871018417,50,4519.0,-2.0700000000000003
42665.0,57,908.0,10.318181818181818,2.2219761490297163,57,4769.0,0.061777954757335295,57,4769.0,-2.5
42670.0,58,1016.0,11.415730337078651,2.4623092142276977,58,5055.0,0.06337958284049308,58,5055.0,-2.8599999999999994
42675.0,57,1034.0,11.617977528089888,2.5657888194786294,57,5184.0,0.06010691013920775,57,5184.0,-1.2900000000000063
42680.0,56,975.0,10.714285714285714,2.5993374706102537,56,5147.0,0.07662671107545951,56,5147.0,0.37000000000000455
42685.0,51,917.0,10.188888888888888,2.8055279889807085,51,5109.0,0.09597065626669865,51,5109.0,0.37999999999999545
42690.0,50,818.0,9.191011235955056,2.4541495293179154,50,5194.0,0.07178982053525115,50,5194.0,-0.8499999999999943
42695.0,46,716.0,8.044943820224718,2.864530205788877,46,5293.0,0.08151026373765047,46,5293.0,-0.990000000000002
42700.0,49,794.0,8.92134831460674,3.200450374887349,49,5321.0,0.10623385616190845,49,5321.0,-0.28000000000000114
42705.0,55,858.0,9.225806451612904,2.9012909934524247,55,5425.0,0.08593618764962882,55,5425.0,-1.0399999999999991
42710.0,53,897.0,9.75,3.1480109869671002,53,5382.0,0.09430528748742059,53,5382.0,0.4299999999999997
42715.0,50,920.0,10.337078651685394,3.1086953345338935,50,5327.0,0.09651775286742545,50,5327.0,0.5499999999999972
42720.0,46,928.0,10.790697674418604,3.2933133302473108,46,5117.0,0.11130941997577043,46,5117.0,2.1000000000000014
42725.0,41,913.0,10.616279069767442,3.9212557282513427,41,4893.0,0.13934680140431605,41,4893.0,2.240000000000002
42730.0,36,873.0,9.920454545454545,4.322688626224011,36,4661.0,0.15812705559772008,36,4661.0,2.3200000000000003
42735.0,32,526.0,6.045977011494253,4.114630164054796,31,4711.0,0.14834684358935044,31,4711.0,-0.5
42740.0,32,404.0,4.6976744186046515,4.099194365624751,32,4696.0,0.14765899310521857,32,4696.0,0.14999999999999858
42745.0,37,498.0,5.858823529411764,4.23218392888758,37,4797.0,0.1585367190138992,37,4797.0,-1.009999999999998
42750.0,38,476.0,5.534883720930233,4.30473234168571,38,4866.0,0.1337838694616088,38,4866.0,-0.6899999999999977
42755.0,37,491.0,5.579545454545454,4.537944727366406,37,4887.0,0.1534364290768994,37,4887.0,-0.21000000000000085
42760.0,40,609.0,6.920454545454546,4.54894194044908,40,4989.0,0.15284379269075482,40,4989.0,-1.0200000000000031
42765.0,41,651.0,7.569767441860465,4.025562748907629,41,5029.0,0.12136509988993716,41,5029.0,-0.3999999999999986
42770.0,37,656.0,7.903614457831325,4.276487998416093,37,4906.0,0.1434880418579737,37,4906.0,1.2299999999999969
42775.0,37,696.0,8.385542168674698,4.58226672706143,37,4784.0,0.16823478351971732,37,4784.0,1.2199999999999989
42780.0,38,543.0,6.170454545454546,4.203501944025367,38,4880.0,0.1331594626249586,38,4880.0,-0.9599999999999937
42785.0,41,575.0,6.609195402298851,4.026177425691942,41,4973.0,0.11992366497964976,41,4973.0,-0.9299999999999997
42790.0,45,645.0,7.329545454545454,3.935160649646636,45,5168.0,0.11026094413226593,45,5168.0,-1.9500000000000028
42795.0,44,644.0,7.576470588235294,3.622650955820576,44,5345.0,0.08825830328851855,44,5345.0,-1.7700000000000031
42800.0,45,721.0,9.0125,3.5233918208726904,45,5535.0,0.0969281133480477,45,5535.0,-1.8999999999999986
42805.0,46,805.0,9.698795180722891,3.5455984597699537,46,5762.0,0.10318458820316907,46,5762.0,-2.269999999999996
42810.0,44,796.0,9.476190476190476,3.5979361455975267,44,5809.0,0.09458041519614938,44,5809.0,-0.47000000000000597
42815.0,44,716.0,8.523809523809524,3.335318006466986,44,5670.0,0.08334200606555726,44,5670.0,1.3900000000000006
42820.0,40,662.0,8.17283950617284,3.532233117574848,40,5520.0,0.10940408795200589,40,5520.0,1.5
42825.0,37,664.0,8.3,3.920180582019083,37,5179.0,0.13500674669304447,37,5179.0,3.4100000000000037
42830.0,36,692.0,8.337349397590362,4.195111840848425,36,4843.0,0.1482161448643214,36,4843.0,3.3599999999999994
42835.0,37,723.0,8.817073170731707,3.9321639329652993,37,4694.0,0.13895421259587667,37,4694.0,1.490000000000002
42840.0,41,762.0,9.180722891566266,3.752590350426391,41,4405.0,0.12489709260545523,41,4405.0,2.8900000000000006
42845.0,38,796.0,9.707317073170731,3.9803299483354926,36,4284.0,0.14953957350678482,36,4284.0,1.2099999999999937
42850.0,33,806.0,10.075,4.113064816907783,32,4146.0,0.17275217070544016,32,4146.0,1.3800000000000026
42855.0,33,568.0,6.843373493975903,4.338215008497972,33,4314.0,0.16969130921158349,33,4314.0,-1.6799999999999997
42860.0,34,513.0,6.2560975609756095,4.390216079641726,33,4461.0,0.17173302605534704,33,4461.0,-1.4699999999999989
42865.0,36,528.0,6.439024390243903,4.152636922914382,36,4628.0,0.14798836184662867,36,4628.0,-1.6700000000000017
42870.0,35,554.0,7.012658227848101,4.273327778313812,35,4802.0,0.15738959624136628,35,4802.0,-1.740000000000002
42875.0,33,565.0,7.243589743589744,4.5555821444834,33,4809.0,0.16700544704857367,33,4809.0,-0.07000000000000028
42880.0,33,625.0,7.8125,4.625239458736995,33,4639.0,0.17238609214520945,33,4639.0,1.7000000000000028
42885.0,34,685.0,8.45679012345679,4.455091867626979,34,4477.0,0.16545415932925325,34,4477.0,1.6199999999999974
42890.0,36,753.0,9.4125,3.965196705057737,36,4164.0,0.13398884084696533,36,4164.0,3.1300000000000026
42895.0,36,828.0,10.35,4.161998689629807,36,3873.0,0.1495597544019754,36,3873.0,2.9100000000000037
42900.0,35,720.0,9.0,4.295988763818206,35,3968.0,0.15597754284334306,35,3968.0,-0.9500000000000028
42905.0,37,776.0,9.238095238095237,4.316869747743241,37,4049.0,0.1595879911082387,37,4049.0,-0.8100000000000023
42910.0,36,846.0,10.317073170731707,4.379777385178282,36,4207.0,0.1615828273285985,36,4207.0,-1.5799999999999983
42915.0,37,883.0,10.901234567901234,3.9805362394206356,37,4224.0,0.12282209178356883,37,4224.0,-0.1700000000000017
42920.0,33,881.0,11.0125,4.136535448512204,33,4236.0,0.1333080554154411,33,4236.0,-0.11999999999999744
42925.0,31,891.0,10.865853658536585,4.396203252487648,31,4229.0,0.15245239292458904,31,4229.0,0.07000000000000028
42930.0,32,957.0,11.258823529411766,4.407057670247278,32,4383.0,0.15721839235706728,32,4383.0,-1.5399999999999991
42935.0,37,1062.0,12.494117647058824,4.150695273447206,37,4558.0,0.1307498575402093,37,4558.0,-1.75
42940.0,44,1199.0,14.44578313253012,3.465047322464245,44,4765.0,0.10079479420287966,44,4765.0,-2.0700000000000003
42945.0,47,1043.0,12.566265060240964,3.1030770876207296,47,4865.0,0.0815296832487556,47,4865.0,-1.0
42950.0,46,1102.0,13.439024390243903,3.150375165068606,46,4911.0,0.0952811632480809,46,4911.0,-0.46000000000000085
42955.0,48,1267.0,15.265060240963855,3.035371685210065,48,5053.0,0.10627086468242286,48,5053.0,-1.4200000000000017
42960.0,49,1439.0,17.337349397590362,2.7801774918846807,49,5285.0,0.0855950416164696,49,5285.0,-2.3200000000000003
42965.0,53,1640.0,20.0,2.532067011809068,53,5540.0,0.07422658412758233,53,5540.0,-2.549999999999997
42970.0,53,1772.0,21.609756097560975,2.567248437169289,53,5603.0,0.06125326929143089,53,5603.0,-0.6300000000000026
42975.0,53,1827.0,22.28048780487805,2.775541048408904,53,5474.0,0.07961975968048025,53,5474.0,1.2899999999999991
42980.0,53,1882.0,22.404761904761905,2.946739503029528,53,5347.0,0.10142165356127548,53,5347.0,1.2700000000000031
42985.0,51,1542.0,18.141176470588235,2.738335450178846,51,5370.0,0.08661512952057883,51,5370.0,-0.23000000000000398
42990.0,49,1021.0,11.872093023255815,2.6107277170883343,49,5400.0,0.07541535551680278,49,5400.0,-0.29999999999999716
42995.0,49,959.0,11.022988505747126,2.8836001542101606,49,5448.0,0.08387304412061722,49,5448.0,-0.4799999999999969
43000.0,50,993.0,11.68235294117647,3.080736397327108,50,5373.0,0.0995418420124931,50,5373.0,0.75
43005.0,51,1036.0,11.908045977011493,3.0363621759584905,51,5323.0,0.10734650357613196,51,5323.0,0.5
43010.0,51,1018.0,11.701149425287356,3.00349390312227,51,5535.0,0.10388798830053034,51,5535.0,-2.1200000000000045
43015.0,55,1075.0,12.35632183908046,2.5491490246784383,55,5786.0,0.06783908535440014,55,5786.0,-2.509999999999998
43020.0,57,1148.0,13.195402298850574,2.7083486939999,57,6066.0,0.08247787922869675,57,6066.0,-2.799999999999997
43025.0,56,1189.0,13.825581395348838,2.864722394449261,56,6318.0,0.07389533043263168,56,6318.0,-2.520000000000003
43030.0,56,1314.0,15.10344827586207,2.8424120414207876,56,6592.0,0.08217029950181128,56,6592.0,-2.740000000000002
43035.0,57,1531.0,17.802325581395348,2.8926641835922133,57,6871.0,0.09153425626486855,57,6871.0,-2.789999999999992
43040.0,61,1740.0,20.0,2.3743240679631525,61,7083.0,0.04404660969104169,61,7083.0,-2.1200000000000045
43045.0,63,2019.0,23.476744186046513,2.3424929902872402,63,7296.0,0.05310053971303847,63,7296.0,-2.1299999999999955
43050.0,65,2341.0,27.22093023255814,2.527062701065415,65,7586.0,0.06615035509260932,65,7586.0,-2.9000000000000057
43055.0,66,2657.0,30.193181818181817,2.288287080300341,66,7902.0,0.05356362404264097,66,7902.0,-3.1599999999999966
43060.0,67,2992.0,34.39080459770115,2.426083791256559,67,8239.0,0.061791643620532126,67,8239.0,-3.3700000000000045
43065.0,68,3328.0,38.252873563218394,2.0937081362267715,68,8573.0,0.031890402664465,68,8573.0,-3.3400000000000034
43070.0,66,3412.0,39.674418604651166,2.2375111166810857,66,8633.0,0.0354931291851698,66,8633.0,-0.5999999999999943
43075.0,61,3302.0,40.26829268292683,2.2415713177650294,61,8415.0,0.061580319999577325,61,8415.0,2.1799999999999926
43080.0,56,3167.0,37.70238095238095,2.6704983333485535,56,8203.0,0.09143565155570485,56,8203.0,2.1200000000000045
43085.0,51,3007.0,36.2289156626506,3.1686092214741155,51,7773.0,0.11301820199541388,51,7773.0,4.299999999999997
43090.0,47,2823.0,34.426829268292686,3.1596787748601067,47,7347.0,0.10951883462557681,47,7347.0,4.260000000000005
43095.0,44,2626.0,32.02439024390244,3.5644367805258637,44,6940.0,0.13226626936317126,44,6940.0,4.069999999999993
43100.0,39,2406.0,30.075,3.859322583963226,39,6740.0,0.14834350717437775,39,6740.0,2.0
43105.0,38,2159.0,26.65432098765432,3.78084703952772,38,6920.0,0.14869152207560593,38,6920.0,-1.7999999999999972
43110.0,38,1919.0,23.9875,4.110823776675846,38,7107.0,0.162848586383286,38,7107.0,-1.8699999999999903
43115.0,38,1678.0,20.975,3.7454825220881007,38,7288.0,0.1287330051604389,38,7288.0,-1.8100000000000023
43120.0,37,1395.0,17.884615384615383,3.9181306706080306,37,7266.0,0.13897312098014278,37,7266.0,0.21999999999999886
43125.0,31,1054.0,13.512820512820513,4.64769857101872,31,7002.0,0.16905349759431412,31,7002.0,2.6400000000000006
43130.0,26,690.0,8.518518518518519,5.309258099280682,26,6718.0,0.20163319157463702,26,6718.0,2.839999999999989
43135.0,23,280.0,3.5443037974683542,5.143061272955228,22,6766.0,0.1926146796544213,22,6766.0,-0.47999999999998977
43140.0,29,329.0,4.1125,4.764846311634755,29,6907.0,0.15379360140976772,29,6907.0,-1.4099999999999966
43145.0,35,409.0,5.177215189873418,4.547394497792834,35,6998.0,0.147396094149368,35,6998.0,-0.9100000000000108
43150.0,39,514.0,6.675324675324675,3.980115296465793,39,7181.0,0.119488724074659,39,7181.0,-1.8299999999999983
43155.0,40,573.0,7.346153846153846,3.8034646049166634,40,7152.0,0.11160735230899031,40,7152.0,0.29000000000000625
43160.0,35,575.0,7.467532467532467,3.8451172471382127,35,6881.0,0.12282234279812194,35,6881.0,2.7099999999999937
43165.0,36,567.0,7.4605263157894735,3.5216121507835387,36,6604.0,0.11749274628022607,36,6604.0,2.769999999999996
43170.0,31,556.0,7.315789473684211,4.012329989945664,31,6126.0,0.14234826500040904,31,6126.0,4.780000000000008
43175.0,28,328.0,4.315789473684211,4.24891728646355,28,6164.0,0.15092125204487258,28,6164.0,-0.38000000000000256
43180.0,31,322.0,4.128205128205129,4.331852380464849,31,6168.0,0.16177660664863283,31,6168.0,-0.03999999999999915
43185.0,37,392.0,5.090909090909091,4.06166774710237,37,6284.0,0.1518244440884502,37,6284.0,-1.1600000000000037
43190.0,39,458.0,5.871794871794871,3.7936211486630853,39,6450.0,0.11770607000767454,39,6450.0,-1.6599999999999966
43195.0,42,560.0,7.17948717948718,3.8038445548451856,42,6654.0,0.11522303202682288,42,6654.0,-2.0400000000000063
43200.0,43,672.0,8.50632911392405,3.9508608248037573,43,6864.0,0.1212087521078817,43,6864.0,-2.0999999999999943
43205.0,43,696.0,8.487804878048781,3.750807722448189,43,6851.0,0.10925977929572178,43,6851.0,0.12999999999999545
43210.0,38,653.0,8.265822784810126,3.7435122374857057,38,6604.0,0.13278371862455407,38,6604.0,2.469999999999999
43215.0,37,648.0,8.1,3.6694483552838393,37,6350.0,0.12307098905772364,37,6350.0,2.5400000000000063
43220.0,37,681.0,8.620253164556962,3.9561638863947,37,5898.0,0.13606393286217963,37,5898.0,4.520000000000003
43225.0,37,716.0,9.179487179487179,4.253335304430036,37,5462.0,0.15368754484441863,37,5462.0,4.359999999999999
43230.0,37,751.0,9.158536585365853,4.230169444745221,37,5233.0,0.15208516914461578,37,5233.0,2.289999999999999
43235.0,36,724.0,8.938271604938272,3.885186057849618,36,5376.0,0.1433923191510932,36,5376.0,-1.4299999999999997
43240.0,42,764.0,9.794871794871796,3.387640450114726,41,5550.0,0.1300589732685683,41,5550.0,-1.740000000000002
43245.0,40,810.0,10.384615384615385,3.6758271975783052,40,5747.0,0.13687347572962788,40,5747.0,-1.9699999999999989
43250.0,38,807.0,10.346153846153847,3.9743365990010227,38,5719.0,0.14008492820317534,38,5719.0,0.28000000000000114
43255.0,35,756.0,9.333333333333334,4.169951566465873,35,5465.0,0.1511882636750875,35,5465.0,2.539999999999999
43260.0,32,691.0,8.426829268292684,4.56639791054209,32,5204.0,0.17154173710106582,32,5204.0,2.6099999999999994
43265.0,31,570.0,6.951219512195122,4.180763239515677,30,5306.0,0.14048618008531819,30,5306.0,-1.0200000000000031
43270.0,31,595.0,7.2560975609756095,4.466234489083954,31,5465.0,0.14749532780989877,31,5465.0,-1.5899999999999963
43275.0,36,685.0,8.353658536585366,4.543908984071773,36,5603.0,0.1549084565847914,36,5603.0,-1.3800000000000026
43280.0,39,749.0,8.916666666666666,4.063330598351439,39,5568.0,0.1328931702561972,39,5568.0,0.3500000000000014
43285.0,38,784.0,9.560975609756097,3.869932083990686,38,5312.0,0.11941369378461546,38,5312.0,2.5600000000000023
43290.0,37,814.0,10.175,3.7081039458968506,37,5049.0,0.12480652971275043,37,5049.0,2.6299999999999955
43295.0,35,802.0,10.282051282051283,3.5931314933450333,35,5197.0,0.12016922156098853,35,5197.0,-1.4799999999999969
43300.0,37,825.0,10.576923076923077,3.5965433260760733,37,5372.0,0.12448840483635164,37,5372.0,-1.75
43305.0,38,878.0,10.975,3.4450302766650145,38,5555.0,0.12877988752846878,38,5555.0,-1.8299999999999983
43310.0,38,552.0,6.814814814814815,3.4254713460946973,38,5576.0,0.11090339161076898,38,5576.0,-0.21000000000000085
43315.0,40,425.0,5.379746835443038,3.1646875769272396,40,5507.0,0.11001866228308817,40,5507.0,0.6899999999999977
43320.0,47,566.0,6.987654320987654,3.168635987053508,47,5552.0,0.10593822570226351,47,5552.0,-0.45000000000000284
43325.0,48,636.0,7.851851851851852,3.0055252709367815,48,5537.0,0.09621663693777774,48,5537.0,0.15000000000000568
43330.0,45,640.0,7.710843373493976,3.0225148565867497,45,5524.0,0.09197446639902576,45,5524.0,0.12999999999999545
43335.0,42,627.0,7.554216867469879,3.27099330012015,42,5493.0,0.11026757864783125,42,5493.0,0.3100000000000023
43340.0,43,627.0,7.464285714285714,3.039677848626695,43,4971.0,0.0949342562409328,43,4971.0,5.219999999999999
43345.0,40,666.0,8.024096385542169,3.5188595371942215,40,4484.0,0.12726642741818064,40,4484.0,4.869999999999997
43350.0,40,711.0,8.777777777777779,3.6601375708982657,40,4247.0,0.14088156698145732,40,4247.0,2.3700000000000045
43355.0,41,756.0,8.894117647058824,3.883860643971214,40,3823.0,0.15155687191170797,40,3823.0,4.240000000000002
43360.0,38,788.0,9.162790697674419,3.9124497546202504,38,3556.0,0.14777914428528383,38,3556.0,2.6699999999999946
43365.0,39,811.0,9.541176470588235,3.598952951009855,37,3493.0,0.1412318190701131,37,3493.0,0.6300000000000026
43370.0,36,697.0,8.297619047619047,3.8811969965931907,35,3578.0,0.15345571060233865,35,3578.0,-0.8500000000000014
43375.0,32,652.0,7.761904761904762,4.431091600754396,31,3613.0,0.18276841892023762,31,3613.0,-0.3500000000000014
43380.0,32,652.0,7.670588235294118,4.534344247729122,31,3726.0,0.18478009013491478,31,3726.0,-1.1299999999999955
43385.0,32,604.0,7.190476190476191,4.433984646964255,31,3751.0,0.17715017393410964,31,3751.0,-0.25
43390.0,31,560.0,6.666666666666667,4.335404279011395,31,3889.0,0.14634569364037325,31,3889.0,-1.3800000000000026
43395.0,30,607.0,7.226190476190476,4.737810452520613,30,3914.0,0.16069977705064142,30,3914.0,-0.25
43400.0,32,660.0,8.048780487804878,4.762057507689316,32,3926.0,0.17169588899285781,32,3926.0,-0.11999999999999744
43405.0,33,710.0,8.55421686746988,4.468522493272556,33,3952.0,0.15192871742701405,33,3952.0,-0.2600000000000051
43410.0,36,755.0,8.988095238095237,3.87428673865159,36,4105.0,0.12066480507442559,36,4105.0,-1.529999999999994
43415.0,43,846.0,10.19277108433735,3.2447051021713955,43,4308.0,0.08401717883788858,43,4308.0,-2.030000000000001
43420.0,45,956.0,11.802469135802468,3.064450816853083,45,4526.0,0.08342977341099352,45,4526.0,-2.1799999999999997
43425.0,44,1017.0,12.25301204819277,3.23450910991435,44,4597.0,0.08419091482657118,44,4597.0,-0.7100000000000009
43430.0,40,1027.0,11.804597701149426,3.5257142701429025,40,4506.0,0.1061570134290843,40,4506.0,0.9099999999999966
43435.0,36,1037.0,11.919540229885058,3.8441870581757347,36,4403.0,0.13079764242061018,36,4403.0,1.0300000000000011
43440.0,36,794.0,9.452380952380953,3.369515383472521,36,4461.0,0.104204756684745,36,4461.0,-0.5799999999999983
43445.0,37,776.0,9.580246913580247,3.2284891290851387,37,4466.0,0.11348938830600588,37,4466.0,-0.04999999999999716
43450.0,40,869.0,10.728395061728396,3.3994681411965,40,4573.0,0.12330276924092579,40,4573.0,-1.0700000000000003
43455.0,43,941.0,11.070588235294117,3.2310765943127207,43,4629.0,0.1023002852433652,43,4629.0,-0.5600000000000023
43460.0,41,983.0,11.702380952380953,3.259516967937106,41,4531.0,0.1098149328835826,41,4531.0,0.9799999999999969
43465.0,44,1034.0,12.16470588235294,3.0890077209925453,44,4442.0,0.10520789342369223,44,4442.0,0.8900000000000006
43470.0,41,618.0,7.270588235294118,3.1760667137602576,40,4470.0,0.10338952110561521,40,4470.0,-0.28000000000000114
43475.0,39,351.0,4.129411764705883,3.2973198867367715,39,4673.0,0.10868345026332911,39,4673.0,-2.029999999999994
43480.0,39,377.0,4.235955056179775,3.567289701490641,39,4574.0,0.11966581484833341,39,4574.0,0.9899999999999949
43485.0,41,432.0,4.909090909090909,3.548829362445257,41,4516.0,0.1233992312943336,41,4516.0,0.5800000000000054
43490.0,44,543.0,6.3882352941176475,3.0173753761489674,44,4674.0,0.09738199904284765,44,4674.0,-1.5800000000000054
43495.0,47,611.0,7.104651162790698,3.029072173457168,47,4853.0,0.08697966303337493,47,4853.0,-1.7899999999999991
43500.0,52,785.0,8.920454545454545,3.2588507787692524,52,5068.0,0.09687335026819986,52,5068.0,-2.1499999999999986
43505.0,53,971.0,10.554347826086957,3.381160050577476,53,5327.0,0.09158739823760395,53,5327.0,-2.5900000000000034
43510.0,52,1039.0,11.417582417582418,3.2252854020933444,52,5536.0,0.07445381001175498,52,5536.0,-2.0899999999999963
43515.0,55,1234.0,14.022727272727273,2.9536055159268986,55,5741.0,0.06751170794308722,55,5741.0,-2.049999999999997
43520.0,56,1473.0,17.32941176470588,2.9786265304812303,56,6015.0,0.0840092780950946,56,6015.0,-2.740000000000002
43525.0,58,1597.0,19.011904761904763,2.7768958902155187,58,6103.0,0.06699555330365405,58,6103.0,-0.8800000000000026
43530.0,58,1611.0,18.517241379310345,2.7765677396951802,58,5992.0,0.07316841571224653,58,5992.0,1.1099999999999994
43535.0,54,1611.0,18.306818181818183,3.242888748387398,54,5870.0,0.10026395815397854,54,5870.0,1.2199999999999989
43540.0,53,1599.0,18.593023255813954,2.960619834421818,53,5570.0,0.08554709588442674,53,5570.0,3.0
43545.0,50,1583.0,18.845238095238095,3.370589583903623,50,5284.0,0.10786253284992312,50,5284.0,2.8599999999999994
43550.0,46,1445.0,17.40963855421687,3.4301656140963876,46,5520.0,0.11377581306477781,46,5520.0,-2.3599999999999994
43555.0,47,1405.0,16.726190476190474,3.399662051322621,47,5756.0,0.10952351192921515,47,5756.0,-2.3599999999999994
43560.0,46,1353.0,16.301204819277107,3.5551069676061866,46,5923.0,0.12225040800504501,46,5923.0,-1.6699999999999946
43565.0,46,1280.0,15.802469135802468,3.182321353699782,46,6104.0,0.0940792333614689,46,6104.0,-1.8100000000000023
43570.0,45,1177.0,14.530864197530864,3.420958434599967,45,6140.0,0.10798720416921107,45,6140.0,-0.35999999999999943
43575.0,40,1017.0,12.873417721518987,3.6265520362048362,40,5984.0,0.1251463288983883,40,5984.0,1.5599999999999952
43580.0,35,832.0,10.271604938271604,4.111017476789504,35,5808.0,0.15522298174980279,35,5808.0,1.7600000000000051
43585.0,30,624.0,7.8,4.565770708173022,30,5444.0,0.18108390182388684,30,5444.0,3.6400000000000006
43590.0,29,324.0,4.207792207792208,4.057319099810042,29,5511.0,0.1533585848297706,29,5511.0,-0.6700000000000017
43595.0,33,382.0,4.897435897435898,4.26008150997748,33,5595.0,0.1553911950415177,33,5595.0,-0.8400000000000034
43600.0,39,467.0,5.9113924050632916,4.103120249365375,39,5770.0,0.14464452465227776,39,5770.0,-1.75
43605.0,39,484.0,5.831325301204819,4.024914566535177,39,5914.0,0.12532182920473525,39,5914.0,-1.4399999999999977
43610.0,41,589.0,7.271604938271605,4.1403364412112085,41,6065.0,0.1305483101261002,41,6065.0,-1.509999999999998
43615.0,44,703.0,8.7875,3.6507372108257092,44,6272.0,0.11223622363824479,44,6272.0,-2.0700000000000003
43620.0,45,665.0,8.3125,3.496980271935975,45,6414.0,0.10049809249436474,45,6414.0,-1.4200000000000017
43625.0,43,782.0,9.775,3.6668317684397067,43,6576.0,0.10756787599109122,43,6576.0,-1.6200000000000045
43630.0,45,964.0,11.614457831325302,3.6852700868606294,45,6757.0,0.12179041145558513,45,6757.0,-1.809999999999988
43635.0,46,1056.0,13.037037037037036,3.41515953286167,46,6768.0,0.11998221793130488,46,6768.0,-0.11000000000001364
43640.0,49,1065.0,13.3125,2.8672444953376135,49,6571.0,0.08168078502677845,49,6571.0,1.970000000000013
43645.0,50,1085.0,13.5625,2.940769223727782,50,6388.0,0.09252424323912593,50,6388.0,1.8299999999999912
43650.0,46,1096.0,13.873417721518987,3.2716328094745304,46,5999.0,0.11206854430394361,46,5999.0,3.8900000000000006
43655.0,42,1089.0,13.28048780487805,3.691439235589173,42,5604.0,0.13799443953374174,42,5604.0,3.950000000000003
43660.0,39,1066.0,12.843373493975903,4.124721410912932,39,5211.0,0.16366834890158735,39,5211.0,3.9299999999999997
43665.0,39,1030.0,12.117647058823529,3.820212627372198,39,5029.0,0.13333105452861513,39,5029.0,1.8200000000000003
43670.0,37,994.0,11.833333333333334,4.2396514486314665,37,4710.0,0.15665247160953732,37,4710.0,3.1899999999999977
43675.0,32,934.0,11.530864197530864,4.514810067287841,32,4549.0,0.1759485448841988,32,4549.0,1.6099999999999994
43680.0,26,847.0,10.204819277108435,4.703214248282508,26,4523.0,0.19263317655357637,26,4523.0,0.2600000000000051
43685.0,23,739.0,9.012195121951219,4.892517430737559,23,4330.0,0.20362636939133893,23,4330.0,1.9299999999999997
43690.0,24,546.0,6.825,4.557467849487102,22,4435.0,0.18173068761542402,22,4435.0,-1.0500000000000043
43695.0,24,455.0,5.909090909090909,4.673618336230842,24,4546.0,0.19178713540768083,24,4546.0,-1.1099999999999994
43700.0,25,442.0,5.815789473684211,5.0431953399479905,24,4666.0,0.21202189059958385,24,4666.0,-1.1999999999999957
43705.0,26,522.0,6.6075949367088604,4.861587866759424,26,4616.0,0.19445569267132676,26,4616.0,0.5
43710.0,28,573.0,7.1625,4.636296024122859,28,4414.0,0.18477551079877222,28,4414.0,2.019999999999996
43715.0,29,631.0,7.987341772151899,4.272548307022641,29,4207.0,0.15521940856418032,29,4207.0,2.0700000000000003
43720.0,29,696.0,8.7,4.388591906235656,29,3857.0,0.15819483458384095,29,3857.0,3.5
43725.0,29,507.0,6.5,4.215221132411356,28,3892.0,0.15942174843692186,28,3892.0,-0.3500000000000014
43730.0,33,520.0,6.5,4.087743466716963,32,3895.0,0.15790844653753242,32,3895.0,-0.030000000000001137
43735.0,34,604.0,7.55,4.224108868236345,34,4009.0,0.161695918575236,34,4009.0,-1.1400000000000006
43740.0,35,654.0,8.175,3.6210800318554037,34,4007.0,0.12340775102243423,34,4007.0,0.020000000000003126
43745.0,37,683.0,8.5375,3.8747802472582746,37,4180.0,0.11702711169209172,37,4180.0,-1.7299999999999969
43750.0,34,686.0,8.469135802469136,4.2299883227569275,34,4178.0,0.1298389368004029,34,4178.0,0.01999999999999602
43755.0,30,724.0,8.619047619047619,4.4956324260183536,30,3973.0,0.14837566879224942,30,3973.0,2.0500000000000043
43760.0,30,498.0,6.073170731707317,4.298155922170642,30,4005.0,0.13669043154542626,30,4005.0,-0.3200000000000003
43765.0,35,496.0,6.1234567901234565,3.8977655720173883,35,4007.0,0.12107199684577827,35,4007.0,-0.020000000000003126
43770.0,41,591.0,7.296296296296297,3.747940683128904,41,4126.0,0.11579359488212501,41,4126.0,-1.1899999999999977
43775.0,40,448.0,5.530864197530864,3.706140559983887,40,4198.0,0.10516206106348554,40,4198.0,-0.7199999999999989
43780.0,38,427.0,5.144578313253012,3.8303770144834544,38,4198.0,0.1199079797163003,38,4198.0,0.0
43785.0,40,529.0,6.2976190476190474,3.9593517395518822,40,4291.0,0.12994194147525165,40,4291.0,-0.9299999999999997
43790.0,44,660.0,8.048780487804878,3.059221801849114,44,4482.0,0.08419150328866723,44,4482.0,-1.9100000000000037
43795.0,47,863.0,10.654320987654321,3.049923004959359,47,4713.0,0.08362599292380105,47,4713.0,-2.3100000000000023
43800.0,48,1080.0,13.5,3.1451095681196515,48,4949.0,0.08655667662086965,48,4949.0,-2.3599999999999994
43805.0,50,1211.0,14.590361445783133,3.151130056414844,50,5135.0,0.09302461702987179,50,5135.0,-1.8599999999999994
43810.0,56,1476.0,17.571428571428573,3.117540872571814,56,5346.0,0.0883675703064228,56,5346.0,-2.1099999999999994
43815.0,60,1766.0,21.023809523809526,2.7677762736800067,60,5634.0,0.06878389911707096,60,5634.0,-2.8800000000000026
43820.0,60,1886.0,23.28395061728395,2.4011350316278253,60,5700.0,0.05074736119865091,60,5700.0,-0.6599999999999966
43825.0,56,1868.0,22.78048780487805,2.7603718252255653,56,5756.0,0.06228579779239544,56,5756.0,-0.5600000000000023
43830.0,52,1829.0,22.03614457831325,2.958844263731844,52,5564.0,0.09543002015443669,52,5564.0,1.9200000000000017
43835.0,48,1772.0,21.609756097560975,3.155671748872645,48,5141.0,0.11477178345851075,48,5141.0,4.230000000000004
43840.0,48,1700.0,20.987654320987655,2.8595879800362902,48,4739.0,0.10002212100606675,48,4739.0,4.019999999999996
43845.0,44,1620.0,20.0,3.0966634291354946,44,4391.0,0.11513652682200394,44,4391.0,3.480000000000004
43850.0,42,1526.0,18.609756097560975,3.6715158734707036,41,4296.0,0.15268454786123106,41,4296.0,0.9499999999999957
43855.0,39,1418.0,16.88095238095238,3.9485398383371297,37,4039.0,0.16184312718299287,37,4039.0,2.5700000000000003
43860.0,33,1283.0,15.273809523809524,4.328847656932855,33,3933.0,0.17277562231689422,33,3933.0,1.0600000000000023
43865.0,30,1127.0,13.416666666666666,4.244278525432872,30,3943.0,0.16740496534390728,30,3943.0,-0.10000000000000142
43870.0,26,958.0,11.82716049382716,4.505295393675778,26,3789.0,0.18057303599057414,26,3789.0,1.5399999999999991
43875.0,20,771.0,9.6375,5.05381618534476,20,3621.0,0.21906140184390804,20,3621.0,1.6799999999999997
43880.0,19,585.0,7.134146341463414,4.963706200346311,18,3674.0,0.2155444619772381,18,3674.0,-0.5300000000000011
43885.0,22,531.0,6.555555555555555,5.015533076041067,21,3749.0,0.2210451463921055,21,3749.0,-0.75
43890.0,24,629.0,7.8625,4.64071553938476,24,3855.0,0.19245979773576055,24,3855.0,-1.0599999999999952
43895.0,31,474.0,5.851851851851852,4.3749016147287305,30,3982.0,0.16965760147523767,30,3982.0,-1.2700000000000031
43900.0,33,514.0,6.425,4.066460491646412,33,4021.0,0.1504143087530753,33,4021.0,-0.39000000000000057
43905.0,33,654.0,8.175,3.8330084407279217,33,4175.0,0.13513890100703232,33,4175.0,-1.5399999999999991
43910.0,40,750.0,9.25925925925926,3.758581511495762,40,4188.0,0.12047343306917056,40,4188.0,-0.13000000000000256
43915.0,42,799.0,9.9875,3.3709259105773697,42,4068.0,0.10168222343460583,42,4068.0,1.2000000000000028
43920.0,44,859.0,10.475609756097562,3.778145251493759,44,3963.0,0.12039373720669447,44,3963.0,1.0499999999999972
43925.0,41,658.0,7.927710843373494,3.9144314028447,41,4064.0,0.11117672791034086,41,4064.0,-1.009999999999998
43930.0,40,654.0,7.694117647058824,4.031973650474772,40,4118.0,0.12322057356197748,40,4118.0,-0.5399999999999991
43935.0,42,704.0,8.481927710843374,4.014217164887697,42,4273.0,0.12652845023183107,42,4273.0,-1.5499999999999972
43940.0,42,714.0,8.602409638554217,3.6595587181688427,42,4310.0,0.10193684177693485,42,4310.0,-0.37000000000000455
43945.0,39,684.0,8.240963855421686,3.851317776057969,39,4227.0,0.10442061336430705,39,4227.0,0.8299999999999983
43950.0,36,641.0,7.72289156626506,4.40943837634554,36,4130.0,0.14184253115381332,36,4130.0,0.970000000000006
43955.0,32,586.0,7.146341463414634,4.425426370736988,32,3893.0,0.15526697509252307,32,3893.0,2.3699999999999974
43960.0,31,507.0,6.182926829268292,4.103622428839403,31,4003.0,0.14392792582985262,31,4003.0,-1.1000000000000014
43965.0,33,555.0,6.7682926829268295,3.8444201076348574,33,4147.0,0.12508599676234264,33,4147.0,-1.4399999999999977
43970.0,38,660.0,8.048780487804878,4.033554200393157,38,4325.0,0.13474555130503157,38,4325.0,-1.7800000000000011
43975.0,40,739.0,9.123456790123457,3.9244215530728366,40,4379.0,0.11638551956414361,40,4379.0,-0.5399999999999991
43980.0,39,788.0,9.728395061728396,3.8825660388297694,39,4296.0,0.1333953995881652,39,4296.0,0.8299999999999983
43985.0,35,822.0,10.148148148148149,3.9560107294312252,35,4196.0,0.14225930317852642,35,4196.0,1.0
43990.0,36,849.0,10.481481481481481,3.719392011472751,36,4373.0,0.1249836447673689,36,4373.0,-1.769999999999996
43995.0,38,883.0,10.768292682926829,3.7487490841583297,38,4555.0,0.12449260997279187,38,4555.0,-1.8200000000000003
44000.0,40,986.0,11.879518072289157,3.924963880916325,40,4746.0,0.1241844058420523,40,4746.0,-1.9100000000000037
44005.0,42,1075.0,12.647058823529411,3.6955185460074804,42,4799.0,0.12192868290848387,42,4799.0,-0.5300000000000011
44010.0,42,1135.0,13.674698795180722,3.2947267900998187,42,4705.0,0.11294010506496198,42,4705.0,0.9400000000000048
44015.0,44,1199.0,14.802469135802468,2.9131823099128127,44,4621.0,0.11023566841704466,44,4621.0,0.8399999999999963
44020.0,41,1251.0,15.25609756097561,3.066273782527647,41,4823.0,0.10515751527723229,41,4823.0,-2.019999999999996
44025.0,43,1312.0,16.19753086419753,3.108472541278666,43,5036.0,0.11033807929882812,43,5036.0,-2.1300000000000026
44030.0,44,1392.0,16.376470588235293,3.12243552188635,44,5252.0,0.1102728058556406,44,5252.0,-2.1600000000000037
44035.0,45,1482.0,17.03448275862069,2.94639937304608,45,5315.0,0.09525708704895473,45,5315.0,-0.6299999999999955
44040.0,46,1560.0,18.571428571428573,2.631720675152382,46,5232.0,0.09281360731961794,46,5232.0,0.8299999999999983
44045.0,47,1644.0,19.80722891566265,2.7343934054268275,47,5158.0,0.10708774523786097,47,5158.0,0.740000000000002
44050.0,44,1296.0,15.428571428571429,2.8445777736862516,44,5135.0,0.10564936637037263,44,5135.0,0.22999999999999687
44055.0,43,725.0,8.146067415730338,3.0408682566015446,43,5123.0,0.11691504911653923,43,5123.0,0.12000000000000455
44060.0,41,636.0,7.066666666666666,2.978341202661235,41,5120.0,0.10427625016576328,41,5120.0,0.02999999999999403
44065.0,44,710.0,8.068181818181818,2.7291206151982923,44,4995.0,0.09528117265570683,44,4995.0,1.25
44070.0,47,539.0,6.125,2.827470128999814,47,5102.0,0.09509416512919859,47,5102.0,-1.0700000000000003
44075.0,53,615.0,7.151162790697675,2.4780308063432486,53,5253.0,0.08919239409047286,53,5253.0,-1.509999999999998
44080.0,57,813.0,8.934065934065934,2.660185163676133,57,5445.0,0.08977808724087169,57,5445.0,-1.9200000000000017
44085.0,58,921.0,10.01086956521739,2.4313734633407367,58,5545.0,0.07477772611050792,58,5545.0,-1.0
44090.0,58,959.0,10.423913043478262,2.312995710578986,58,5462.0,0.0678477259170175,58,5462.0,0.8300000000000054
44095.0,54,991.0,10.89010989010989,2.8217010023379916,54,5374.0,0.09362462364747288,54,5374.0,0.8799999999999955
44100.0,51,943.0,10.362637362637363,3.0185842843772455,50,5458.0,0.09343023184099584,50,5458.0,-0.8399999999999963
44105.0,52,878.0,9.340425531914894,2.961091142324019,52,5722.0,0.0884433882122544,52,5722.0,-2.6400000000000006
44110.0,55,964.0,10.041666666666666,2.9954257085803335,55,5709.0,0.08435319257208547,55,5709.0,0.12999999999999545
44115.0,59,1026.0,11.152173913043478,2.2984465790871447,59,5797.0,0.05769854309310302,59,5797.0,-0.8799999999999955
44120.0,58,1070.0,11.505376344086022,2.62953528293282,58,5717.0,0.07324260974579475,58,5717.0,0.7999999999999972
44125.0,54,1100.0,12.087912087912088,3.0494909984838166,54,5633.0,0.10170925208174637,54,5633.0,0.8400000000000034
44130.0,50,1058.0,11.376344086021506,3.0699207728743514,49,5769.0,0.09866715784233292,49,5769.0,-1.3599999999999994
44135.0,48,995.0,10.934065934065934,2.8801651300137854,48,6015.0,0.08523625235306831,48,6015.0,-2.460000000000001
44140.0,48,977.0,10.855555555555556,2.9088226910673125,48,6076.0,0.08701062568137509,48,6076.0,-0.6099999999999994
44145.0,49,928.0,10.311111111111112,2.9275388901447124,49,6127.0,0.087772072670269,49,6127.0,-0.5100000000000051
44150.0,45,892.0,10.25287356321839,3.2121480890173233,45,5978.0,0.10841584227602649,45,5978.0,1.490000000000002
44155.0,45,967.0,10.744444444444444,3.5129923499282305,45,5856.0,0.12658525285381447,45,5856.0,1.2199999999999989
44160.0,45,1041.0,11.315217391304348,3.4763385315071162,45,5612.0,0.11413377048055366,45,5612.0,2.440000000000005
44165.0,44,1111.0,12.344444444444445,3.4776340357369344,44,5377.0,0.11780810714498012,44,5377.0,2.3499999999999943
44170.0,41,1171.0,12.868131868131869,3.870665426032246,41,5296.0,0.14670561420328823,41,5296.0,0.8100000000000023
44175.0,38,1221.0,13.875,4.1175739148603165,38,5077.0,0.16953047223177573,38,5077.0,2.1899999999999977
44180.0,36,1280.0,14.222222222222221,4.188296555618353,35,4988.0,0.18253405978028392,35,4988.0,0.8900000000000006
44185.0,34,1014.0,11.266666666666667,4.1278988639105485,33,4882.0,0.17117449466593057,33,4882.0,1.0600000000000023
44190.0,37,956.0,10.741573033707866,3.7910778201116693,37,4840.0,0.1555613305658931,37,4840.0,0.4200000000000017
44195.0,39,1063.0,11.811111111111112,4.221410294915874,38,4893.0,0.16762325958693863,38,4893.0,-0.5300000000000011
44200.0,38,826.0,9.076923076923077,4.1457230617208065,38,4908.0,0.1539964260328675,38,4908.0,-0.14999999999999858
44205.0,35,611.0,6.641304347826087,4.437173914556795,35,4809.0,0.17118344963365503,35,4809.0,0.9899999999999949
44210.0,35,744.0,8.359550561797754,4.620189803376465,35,4771.0,0.1790698305537646,35,4771.0,0.38000000000000256
44215.0,42,852.0,9.573033707865168,4.209304067552845,42,4808.0,0.12658860812068715,42,4808.0,-0.36999999999999744
44220.0,44,922.0,10.244444444444444,4.191001810805973,44,4717.0,0.12672120024180605,44,4717.0,0.9099999999999966
44225.0,43,992.0,10.901098901098901,4.376904225710505,43,4622.0,0.1390770232264997,43,4622.0,0.9500000000000028
44230.0,43,986.0,10.48936170212766,4.082392281063176,43,4782.0,0.11241999626565644,43,4782.0,-1.6000000000000014
44235.0,46,1066.0,11.46236559139785,3.9595245065228974,46,4963.0,0.10820855261245224,46,4963.0,-1.8100000000000023
44240.0,50,1159.0,12.597826086956522,3.7385678596488816,50,5199.0,0.10176906518049605,50,5199.0,-2.3599999999999994
44245.0,48,1168.0,12.977777777777778,3.496281603808289,48,5349.0,0.08045607056525704,48,5349.0,-1.5
44250.0,48,1223.0,13.43956043956044,3.8297220748976915,48,5471.0,0.10270476722859981,48,5471.0,-1.2199999999999989
44255.0,49,1322.0,14.369565217391305,3.661735466071876,49,5675.0,0.10737160725006022,49,5675.0,-2.039999999999999
44260.0,48,1333.0,15.147727272727273,3.26848464360513,48,5739.0,0.09159852892879931,48,5739.0,-0.6400000000000006
44265.0,47,1298.0,15.270588235294118,2.840072283570553,47,5626.0,0.07993689097861204,47,5626.0,1.1300000000000026
44270.0,44,1311.0,15.423529411764706,3.2483773931990987,44,5511.0,0.11576254144159272,44,5511.0,1.1499999999999986
44275.0,43,1329.0,15.453488372093023,3.402202121075905,43,5695.0,0.10692827473360793,43,5695.0,-1.8400000000000034
44280.0,48,1409.0,15.655555555555555,3.3788629252442517,48,5917.0,0.10859367092389195,48,5917.0,-2.219999999999999
44285.0,53,1514.0,17.402298850574713,3.0076529784090598,53,6170.0,0.10094435363616154,53,6170.0,-2.530000000000001
44290.0,53,1585.0,18.011363636363637,2.5624756651608727,53,6252.0,0.06308532624276565,53,6252.0,-0.8200000000000003
44295.0,50,1617.0,18.586206896551722,2.7003788781505857,50,6149.0,0.08726635206848023,50,6149.0,1.0300000000000011
44300.0,48,1633.0,18.556818181818183,2.8934797327919983,48,6212.0,0.10439331562841132,48,6212.0,-0.6299999999999955
44305.0,44,1146.0,12.733333333333333,2.94619143820883,44,6225.0,0.09653875355795032,44,6225.0,-0.13000000000000256
44310.0,44,536.0,5.955555555555556,2.898576354514763,44,6440.0,0.10280581542992653,44,6440.0,-2.1500000000000057
44315.0,44,430.0,4.886363636363637,2.6018787312547262,44,6269.0,0.08739306304705204,44,6269.0,1.710000000000008
44320.0,41,429.0,4.875,3.171390585448926,41,6172.0,0.1008935964183458,41,6172.0,0.9699999999999989
44325.0,42,391.0,4.546511627906977,3.1322894458644592,42,6319.0,0.11150122918976019,42,6319.0,-1.4699999999999989
44330.0,50,548.0,6.2988505747126435,2.6858717155168867,50,6526.0,0.08685156060349532,50,6526.0,-2.0700000000000074
44335.0,55,732.0,8.224719101123595,2.6982468222972007,55,6778.0,0.09217104468938483,55,6778.0,-2.519999999999996
44340.0,58,904.0,10.044444444444444,2.255928347431614,56,7028.0,0.048782486677752424,56,7028.0,-2.5
44345.0,59,1110.0,12.197802197802197,2.477894874974739,59,7321.0,0.060239814301437766,59,7321.0,-2.9299999999999926
44350.0,59,1324.0,15.395348837209303,2.264363329238965,59,7612.0,0.06984014825199529,59,7612.0,-2.910000000000011
44355.0,57,1482.0,16.84090909090909,2.363000637997929,57,7745.0,0.0713655443220117,57,7745.0,-1.3299999999999983
44360.0,58,1654.0,18.795454545454547,2.51762558792359,58,7804.0,0.08227163571908788,58,7804.0,-0.5900000000000034
44365.0,65,1955.0,21.96629213483146,2.286069443415375,65,7960.0,0.06878519258873037,65,7960.0,-1.559999999999988
44370.0,67,2095.0,24.080459770114942,1.891039742046996,67,8052.0,0.04167215549275296,67,8052.0,-0.9200000000000017
44375.0,64,2104.0,24.183908045977013,2.3473096489686855,64,7909.0,0.05986129106271704,64,7909.0,1.4299999999999926
44380.0,59,2089.0,23.471910112359552,2.7698201026308116,59,7744.0,0.08610965956747778,59,7744.0,1.6500000000000057
44385.0,54,2049.0,23.28409090909091,3.2024283859444633,54,7326.0,0.10667884929502823,54,7326.0,4.179999999999993
44390.0,53,1929.0,21.920454545454547,2.9303622373136875,53,7531.0,0.08107821852334474,53,7531.0,-2.049999999999997
44395.0,52,1862.0,21.15909090909091,3.1471511591478913,52,7791.0,0.08315292694894784,52,7791.0,-2.5999999999999943
44400.0,51,1796.0,20.88372093023256,3.396443800414531,51,7987.0,0.0998107324509275,51,7987.0,-1.960000000000008
44405.0,49,1683.0,19.125,3.492641339361734,49,7991.0,0.10453399689692307,49,7991.0,-0.03999999999999204
44410.0,44,1518.0,17.651162790697676,3.705262082966671,44,7741.0,0.12154533545580014,44,7741.0,2.5
44415.0,42,1332.0,15.857142857142858,3.610908155839859,42,7472.0,0.11414766081797414,42,7472.0,2.6899999999999977
44420.0,37,1045.0,12.74390243902439,3.7311943557776246,37,7614.0,0.11303904386428193,37,7614.0,-1.4200000000000017
44425.0,37,835.0,10.569620253164556,3.8501624010585704,37,7767.0,0.1310204844065356,37,7767.0,-1.5300000000000011
44430.0,37,625.0,7.621951219512195,4.030674418790948,37,7950.0,0.14063135444202052,37,7950.0,-1.8299999999999983
44435.0,35,433.0,5.481012658227848,3.785657171002676,35,7878.0,0.12639347950072444,35,7878.0,0.7199999999999989
44440.0,38,465.0,5.8125,3.548621130329297,38,7570.0,0.11078758906326236,38,7570.0,3.0799999999999983
44445.0,39,505.0,6.3924050632911396,3.4824048833684267,39,7272.0,0.11951127779574185,39,7272.0,2.980000000000004
44450.0,37,531.0,6.6375,3.646525445599208,37,7448.0,0.1185452499477417,37,7448.0,-1.7600000000000051
44455.0,38,569.0,6.855421686746988,3.5849602465769053,38,7638.0,0.11845015678782082,38,7638.0,-1.8999999999999915
44460.0,40,616.0,7.421686746987952,3.5055007864668686,40,7833.0,0.114256483095309,40,7833.0,-1.9500000000000028
44465.0,45,701.0,8.345238095238095,3.0128210173521803,45,8044.0,0.08203091990891655,45,8044.0,-2.1099999999999994
44470.0,44,688.0,8.6,2.8792387701649624,44,8197.0,0.09219934358059041,44,8197.0,-1.5300000000000011
44475.0,48,836.0,10.45,2.9557444681716873,48,8344.0,0.09765035553019087,48,8344.0,-1.4699999999999989
44480.0,52,1015.0,12.378048780487806,2.7661909511523337,52,8589.0,0.1042863234025716,52,8589.0,-2.450000000000003
44485.0,51,1094.0,13.341463414634147,2.556210627682597,51,8571.0,0.08146994726037794,51,8571.0,0.18000000000000682
44490.0,51,1092.0,13.0,2.5467106837412388,51,8288.0,0.07107667153039723,51,8288.0,2.8299999999999983
44495.0,47,1086.0,13.08433734939759,3.0402265936111896,47,8002.0,0.10093712233246444,47,8002.0,2.8599999999999994
44500.0,45,1096.0,13.530864197530864,3.082102635276858,45,8218.0,0.10114315767910233,45,8218.0,-2.160000000000011
44505.0,50,1161.0,13.987951807228916,2.917097023450907,50,8461.0,0.09178918217770204,50,8461.0,-2.4299999999999926
44510.0,54,1250.0,15.060240963855422,2.677430346674188,54,8723.0,0.07962420438121533,54,8723.0,-2.6200000000000045
44515.0,56,1304.0,15.523809523809524,2.20140439393126,56,8720.0,0.05022529432551468,56,8720.0,0.030000000000001137
44520.0,52,1322.0,15.552941176470588,2.5834798419309237,52,8497.0,0.07520207317203892,52,8497.0,2.230000000000004
44525.0,49,1326.0,15.6,3.1550273978982237,49,8263.0,0.10763248618444507,49,8263.0,2.3400000000000034
44530.0,45,1306.0,15.364705882352942,3.328281976467688,45,7788.0,0.12149571327815627,45,7788.0,4.75
44535.0,41,1246.0,14.833333333333334,3.3514260564806513,41,7978.0,0.12048287643616662,41,7978.0,-1.9000000000000057
44540.0,43,1207.0,14.71951219512195,3.085520213768137,43,8191.0,0.1121906025977263,43,8191.0,-2.1299999999999955
44545.0,43,1174.0,14.493827160493828,3.1934065453061775,43,8404.0,0.11430076847179477,43,8404.0,-2.1300000000000097
44550.0,41,1151.0,14.3875,3.367411381181171,41,8370.0,0.11560145886041151,41,8370.0,0.3400000000000034
44555.0,41,1206.0,14.53012048192771,3.412679677762718,41,8094.0,0.12539981774589035,41,8094.0,2.760000000000005
44560.0,40,1260.0,15.180722891566266,3.7205600200835685,40,7829.0,0.14923396011304288,40,7829.0,2.6499999999999915
44565.0,38,1301.0,15.488095238095237,3.7299767299572024,38,7340.0,0.13276289174034103,38,7340.0,4.890000000000001
44570.0,37,1336.0,15.717647058823529,4.174486199982458,37,6866.0,0.15113519874861053,37,6866.0,4.740000000000009
44575.0,33,1360.0,16.19047619047619,4.541635928745407,33,6400.0,0.17401622543449485,33,6400.0,4.659999999999997
44580.0,29,837.0,9.964285714285714,4.400327152825213,29,6336.0,0.1771565499858279,29,6336.0,0.6400000000000006
44585.0,28,425.0,5.059523809523809,4.505064255339445,28,6125.0,0.17684317442646227,28,6125.0,2.1099999999999994
44590.0,34,484.0,5.694117647058824,4.3717440388407525,34,6014.0,0.16161930613875153,34,6014.0,1.1099999999999994
44595.0,37,554.0,6.674698795180723,4.027951551172628,37,6164.0,0.13794035809431543,37,6164.0,-1.5
44600.0,40,676.0,8.24390243902439,4.252525768456418,40,6356.0,0.14421867322117068,40,6356.0,-1.9200000000000017
44605.0,42,803.0,9.447058823529412,4.2724914281655,42,6556.0,0.14747961003218313,42,6556.0,-2.0
44610.0,40,917.0,10.662790697674419,4.29797632231709,40,6650.0,0.1318111622318915,40,6650.0,-0.9399999999999977
44615.0,43,1090.0,12.976190476190476,3.795537996518696,43,6707.0,0.12039773673338511,43,6707.0,-0.5699999999999932
44620.0,49,1325.0,15.588235294117647,3.929500726683536,49,6891.0,0.1323694715332362,49,6891.0,-1.8400000000000034
44625.0,55,1585.0,18.2183908045977,3.534766163930796,55,7151.0,0.09722387306378527,55,7151.0,-2.6000000000000085
44630.0,56,1717.0,19.511363636363637,3.052296929379321,56,7175.0,0.0712969309308286,56,7175.0,-0.23999999999999488
44635.0,53,1744.0,20.27906976744186,3.206203377141206,53,6941.0,0.0906087364760241,53,6941.0,2.3400000000000034
44640.0,50,1756.0,20.658823529411766,3.0953566758121522,50,6690.0,0.08857492139038714,50,6690.0,2.509999999999991
44645.0,50,1763.0,21.240963855421686,3.1549098679768095,50,6198.0,0.10442320981757723,50,6198.0,4.920000000000009
44650.0,45,1752.0,21.10843373493976,3.641285889116048,45,5705.0,0.1299373256081723,45,5705.0,4.93
44655.0,42,1724.0,20.28235294117647,3.8624738163528027,42,5224.0,0.1542680139342092,42,5224.0,4.809999999999995
44660.0,39,1679.0,19.523255813953487,4.0593890774806995,39,4986.0,0.15905405448444757,39,4986.0,2.3800000000000026
44665.0,40,1179.0,13.709302325581396,3.7239495502345683,40,5183.0,0.1319443372661762,40,5183.0,-1.9699999999999989
44670.0,42,854.0,9.930232558139535,3.7057678731955725,42,5210.0,0.1294349257601991,42,5210.0,-0.2700000000000031
44675.0,43,790.0,9.186046511627907,3.915901820581716,42,5414.0,0.13459185786277106,42,5414.0,-2.039999999999999
44680.0,41,682.0,7.75,4.001800522766675,41,5588.0,0.13771606531778643,41,5588.0,-1.740000000000002
44685.0,43,677.0,8.05952380952381,3.9595980734962217,43,5778.0,0.1501160634505998,43,5778.0,-1.8999999999999986
44690.0,45,743.0,9.17283950617284,3.513806484697129,45,5995.0,0.139772575219463,45,5995.0,-2.1700000000000017
44695.0,43,715.0,8.82716049382716,3.804464026942544,43,6135.0,0.12624093184383545,43,6135.0,-1.3999999999999986
44700.0,47,933.0,11.518518518518519,3.9226331998425192,47,6281.0,0.13436976850199744,47,6281.0,-1.4600000000000009
44705.0,53,1183.0,13.91764705882353,3.5922896046152313,53,6522.0,0.12416385640094268,53,6522.0,-2.4099999999999966
44710.0,54,1362.0,16.023529411764706,2.908588313459039,54,6604.0,0.0733919930842123,54,6604.0,-0.8200000000000074
44715.0,55,1488.0,17.50588235294118,2.8387184681286683,55,6578.0,0.06778942590786068,55,6578.0,0.2600000000000051
44720.0,55,1756.0,21.156626506024097,3.0405000531497355,55,6641.0,0.0929562550221673,55,6641.0,-0.6299999999999955
44725.0,58,1853.0,22.325301204819276,2.6486615647973046,58,6643.0,0.07457370834544703,58,6643.0,-0.020000000000010232
44730.0,54,1825.0,20.977011494252874,3.017745344772087,54,6374.0,0.08351528562616295,54,6374.0,2.690000000000005
44735.0,51,1780.0,20.697674418604652,3.244265713800534,51,6096.0,0.1040880906745449,51,6096.0,2.780000000000001
44740.0,49,1676.0,19.264367816091955,2.9942896112588406,49,6259.0,0.07772167862735016,49,6259.0,-1.6300000000000026
44745.0,52,1599.0,18.811764705882354,2.7816454411445677,52,6451.0,0.07143441626897376,52,6451.0,-1.9200000000000017
44750.0,51,1546.0,17.976744186046513,3.08605403994189,51,6659.0,0.08683475438591808,51,6659.0,-2.0799999999999983
44755.0,53,1453.0,16.325842696629213,3.0165241466998434,53,6883.0,0.08147008777981324,53,6883.0,-2.239999999999995
44760.0,56,1420.0,16.136363636363637,2.8784290219872806,56,7144.0,0.08194950117686514,56,7144.0,-2.6099999999999994
44765.0,58,1397.0,16.24418604651163,2.503631385069638,58,7424.0,0.0629354047649677,58,7424.0,-2.799999999999997
44770.0,58,1382.0,16.258823529411764,2.5824337657904883,58,7714.0,0.05773941768157127,58,7714.0,-2.9000000000000057
44775.0,58,1374.0,16.357142857142858,2.696895468010587,58,8004.0,0.06506266474776198,58,8004.0,-2.9000000000000057
44780.0,55,1291.0,15.369047619047619,2.5228247956850263,55,7981.0,0.07217555701937813,55,7981.0,0.23000000000000398
44785.0,50,1161.0,13.987951807228916,2.7244275425576467,50,7760.0,0.09285387450667874,50,7760.0,2.210000000000008
44790.0,49,1084.0,13.382716049382717,2.5257667389557157,49,7525.0,0.09076204067632869,49,7525.0,2.3499999999999943
44795.0,49,1129.0,13.938271604938272,2.8438076404296813,49,7073.0,0.09959251706560332,49,7073.0,4.519999999999996
44800.0,49,1173.0,14.132530120481928,3.320111572937348,49,6631.0,0.11753492504627186,49,6631.0,4.420000000000002
44805.0,45,1203.0,14.152941176470588,3.492742974094667,45,6197.0,0.13780204359536638,45,6197.0,4.340000000000003
44810.0,41,1006.0,11.976190476190476,3.1966401914109945,41,6316.0,0.12082897926708491,41,6316.0,-1.1899999999999977
44815.0,42,992.0,11.80952380952381,3.397750704044243,42,6413.0,0.13229709040936027,42,6413.0,-0.9699999999999989
44820.0,44,1007.0,12.28048780487805,3.566871770816379,44,6604.0,0.13570594908952,44,6604.0,-1.9100000000000108
44825.0,40,972.0,11.853658536585366,3.853074941095631,40,6582.0,0.1363020573624748,40,6582.0,0.22000000000001307
44830.0,35,887.0,10.435294117647059,4.421361830563647,35,6322.0,0.15569499889450814,35,6322.0,2.5999999999999943
44835.0,30,777.0,9.141176470588235,5.025561371652788,30,6035.0,0.18132313675963913,30,6035.0,2.8699999999999974
44840.0,26,647.0,7.795180722891566,5.232869906245748,26,5605.0,0.190481651854302,26,5605.0,4.300000000000004
44845.0,24,563.0,6.950617283950617,5.577198587573998,24,5181.0,0.2064219887521083,24,5181.0,4.239999999999995
44850.0,24,613.0,7.567901234567901,5.6819554767369205,24,4959.0,0.21742604908478577,24,4959.0,2.219999999999999
44855.0,25,663.0,7.8,5.594636635368994,25,4584.0,0.20178451880044196,25,4584.0,3.75
44860.0,25,714.0,8.602409638554217,4.921039275757624,24,4543.0,0.17304876425629886,24,4543.0,0.4100000000000037
44865.0,28,757.0,9.011904761904763,4.808962979405652,26,4652.0,0.16610113310091884,26,4652.0,-1.0900000000000034
44870.0,29,817.0,9.843373493975903,4.923401055578016,28,4792.0,0.17481620736551562,28,4792.0,-1.3999999999999986
44875.0,30,887.0,11.371794871794872,4.854825305477437,29,4932.0,0.18182612909768162,29,4932.0,-1.3999999999999986
44880.0,30,998.0,12.632911392405063,4.702007546559596,30,5083.0,0.16637472247792437,30,5083.0,-1.509999999999998
44885.0,32,774.0,9.79746835443038,4.554968909071493,32,5079.0,0.15191397402374868,32,5079.0,0.03999999999999915
44890.0,36,693.0,8.6625,4.239388057097168,36,4993.0,0.13709334670391346,36,4993.0,0.8599999999999994
44895.0,40,883.0,11.320512820512821,4.014787543788854,40,5011.0,0.14249147781283497,40,5011.0,-0.17999999999999972
44900.0,45,1098.0,14.25974025974026,3.6716224954230405,45,5146.0,0.12194936085697881,45,5146.0,-1.3500000000000014
44905.0,47,1209.0,15.30379746835443,3.353007145391422,47,5175.0,0.10804831910700229,47,5175.0,-0.28999999999999915
44910.0,45,1232.0,15.209876543209877,3.5401365696674794,45,5002.0,0.10784348853202065,45,5002.0,1.7299999999999969
44915.0,44,1246.0,15.772151898734178,3.431853542362955,44,4824.0,0.10450142120915788,44,4824.0,1.7800000000000011
44920.0,40,940.0,11.89873417721519,3.608783405233394,40,4903.0,0.10166737351763029,40,4903.0,-0.7899999999999991
44925.0,39,827.0,10.468354430379748,4.082085544191214,39,4919.0,0.12264397688443826,39,4919.0,-0.1599999999999966
44930.0,41,820.0,10.0,4.090456592021201,41,5023.0,0.12839762608861402,41,5023.0,-1.0399999999999991
44935.0,41,772.0,9.530864197530864,3.804911450607381,41,5016.0,0.10904363993723884,41,5016.0,0.07000000000000028
44940.0,40,688.0,8.493827160493828,3.4658757496448773,40,5011.0,0.07590956224803438,40,5011.0,0.04999999999999716
44945.0,37,593.0,7.4125,3.69033062446574,37,4994.0,0.10103471187749348,37,4994.0,0.1700000000000017
44950.0,33,489.0,6.037037037037037,4.283076305332137,33,4563.0,0.1336019680103567,33,4563.0,4.309999999999995
44955.0,30,421.0,5.072289156626506,4.394033415285045,30,4132.0,0.1606775883342013,30,4132.0,4.310000000000002
44960.0,25,258.0,3.225,4.169485319888651,25,4197.0,0.15367146996871267,25,4197.0,-0.6499999999999986
44965.0,29,292.0,3.65,3.9466765767079957,29,4267.0,0.13682957188284223,29,4267.0,-0.7000000000000028
44970.0,34,372.0,4.65,4.103391359188651,34,4424.0,0.13651867798825323,34,4424.0,-1.5700000000000003
44975.0,37,429.0,5.3625,3.8195070595041614,37,4396.0,0.11609494726386489,37,4396.0,0.28000000000000114
44980.0,34,455.0,5.481927710843373,4.030987861187393,34,4208.0,0.13293545088517128,34,4208.0,1.8800000000000026
44985.0,31,465.0,5.7407407407407405,4.180936463091796,31,4010.0,0.15502630325156933,31,4010.0,1.9799999999999969
44990.0,30,464.0,5.658536585365853,4.205881795046384,30,3643.0,0.14416061536565256,30,3643.0,3.6700000000000017
44995.0,28,468.0,5.63855421686747,4.782966834755369,28,3293.0,0.16801294011999907,28,3293.0,3.5
45000.0,24,494.0,6.024390243902439,5.135717666118987,24,3100.0,0.18971633286583353,24,3100.0,1.9299999999999997
45005.0,24,526.0,6.337349397590361,5.055521419325428,24,3049.0,0.1910822847987995,24,3049.0,0.5100000000000016
45010.0,30,593.0,7.2317073170731705,4.64070112452654,29,3188.0,0.17638438640012985,29,3188.0,-1.3900000000000006
45015.0,36,687.0,8.69620253164557,3.766884784154033,36,3360.0,0.12805046079472693,36,3360.0,-1.7200000000000024
45020.0,39,807.0,10.346153846153847,3.8909023182828637,39,3541.0,0.12971688455354113,39,3541.0,-1.8099999999999952
45025.0,38,870.0,11.012658227848101,4.170058947044075,38,3555.0,0.13184377993405774,38,3555.0,-0.14000000000000057
45030.0,33,878.0,10.578313253012048,4.477093752754278,33,3387.0,0.15377641010077137,33,3387.0,1.6799999999999997
45035.0,30,896.0,10.926829268292684,4.476222742518705,30,3259.0,0.16479050893098537,30,3259.0,1.279999999999994
45040.0,34,957.0,11.670731707317072,4.198165993848241,34,3418.0,0.14852946564290345,34,3418.0,-1.5899999999999963
45045.0,39,1047.0,13.0875,4.043754525550072,39,3604.0,0.13910906119999325,39,3604.0,-1.8599999999999994
45050.0,45,1162.0,14.345679012345679,3.757924635385704,45,3814.0,0.11683824588174267,45,3814.0,-2.1000000000000014
45055.0,46,970.0,11.547619047619047,3.3667019337275144,46,3913.0,0.09644444338114996,46,3913.0,-0.990000000000002
45060.0,45,968.0,11.662650602409638,3.3607712309528277,45,3934.0,0.10730117245345916,45,3934.0,-0.21000000000000085
45065.0,48,1107.0,13.5,2.998017827083299,48,4054.0,0.09158807063845806,48,4054.0,-1.1999999999999957
45070.0,51,1257.0,15.518518518518519,2.8340106802200813,51,4299.0,0.08598169301945972,51,4299.0,-2.450000000000003
45075.0,53,1421.0,17.54320987654321,2.8099880014063334,53,4560.0,0.07788208226651636,53,4560.0,-2.6099999999999994
45080.0,54,1626.0,19.129411764705882,2.924525311414614,54,4825.0,0.08357672211359361,54,4825.0,-2.6499999999999986
45085.0,54,1753.0,21.120481927710845,2.4862642493236917,54,4911.0,0.07047277455909462,54,4911.0,-0.8599999999999994
45090.0,57,1807.0,22.308641975308642,1.9848430604206515,57,4828.0,0.06328889431684906,57,4828.0,0.8299999999999983
45095.0,58,1867.0,22.49397590361446,2.333952011498502,58,4818.0,0.07943975437710012,58,4818.0,0.10000000000000142
45100.0,54,1845.0,21.964285714285715,2.558610970294612,54,5043.0,0.08743999353361623,54,5043.0,-2.25
45105.0,55,1893.0,21.511363636363637,2.8193787447713556,55,5276.0,0.08783989422495143,55,5276.0,-2.3299999999999983
45110.0,57,1950.0,22.15909090909091,2.698183867989938,57,5556.0,0.08211230306347449,57,5556.0,-2.8000000000000043
45115.0,60,1972.0,22.666666666666668,2.092234530111989,60,5691.0,0.04912043725087387,60,5691.0,-1.3499999999999943
45120.0,56,1959.0,22.77906976744186,2.4448187720573227,56,5672.0,0.07284361907602839,56,5672.0,0.18999999999999773
45125.0,51,1924.0,22.63529411764706,2.9229558616498004,51,5635.0,0.10477192907631623,51,5635.0,0.36999999999999744
45130.0,47,1812.0,20.59090909090909,3.047076163491919,47,5838.0,0.10276369969951266,47,5838.0,-2.030000000000001
45135.0,47,1747.0,19.852272727272727,3.192462547230173,47,6060.0,0.10369926135148429,47,6060.0,-2.219999999999999
45140.0,49,1688.0,19.627906976744185,2.8411099037225096,49,6299.0,0.09319007006498575,49,6299.0,-2.3900000000000006
45145.0,46,1607.0,19.13095238095238,2.9077861666487923,46,6373.0,0.09625104098381469,46,6373.0,-0.7399999999999949
45150.0,42,1544.0,18.38095238095238,3.3337297517209055,42,6262.0,0.11415717284236758,42,6262.0,1.1099999999999994
45155.0,42,1604.0,18.651162790697676,3.38669600610433,42,6149.0,0.12635570034461746,42,6149.0,1.1299999999999955
45160.0,43,1601.0,18.402298850574713,3.2177650310241384,43,6316.0,0.10915564728598848,43,6316.0,-1.6699999999999946
45165.0,45,1670.0,19.195402298850574,3.133728096756592,45,6517.0,0.09953978849328438,45,6517.0,-2.010000000000005
45170.0,48,1755.0,20.17241379310345,3.1060069218675093,48,6750.0,0.09782303185246204,48,6750.0,-2.3299999999999983
45175.0,46,1801.0,21.44047619047619,3.0475630112299137,46,6817.0,0.09876209033609346,46,6817.0,-0.6700000000000017
45180.0,42,1830.0,21.27906976744186,3.3485592074909465,42,6698.0,0.11581319445235602,42,6698.0,1.1899999999999977
45185.0,42,1890.0,21.976744186046513,3.424342752966346,42,6580.0,0.12864170554848686,42,6580.0,1.1800000000000068
45190.0,46,1207.0,14.034883720930232,2.750466112582643,45,6522.0,0.0877238341636321,45,6522.0,0.5799999999999983
45195.0,43,492.0,5.655172413793103,2.952200893980474,43,6745.0,0.09178993948824839,43,6745.0,-2.230000000000004
45200.0,41,346.0,3.9770114942528734,3.26185574939871,41,6467.0,0.11289947486403609,41,6467.0,2.780000000000001
45205.0,40,395.0,4.540229885057471,3.357375307745871,40,6127.0,0.12598981015942756,40,6127.0,3.3999999999999986
45210.0,41,484.0,5.627906976744186,3.3229480550630104,41,6084.0,0.1269501527646051,41,6084.0,0.4299999999999997
45215.0,48,558.0,6.413793103448276,2.7074669970094285,48,6124.0,0.07876871554405264,48,6124.0,-0.3999999999999986
45220.0,50,606.0,6.9655172413793105,2.8467308261585447,50,6011.0,0.08992801382837104,50,6011.0,1.1300000000000026
45225.0,46,641.0,7.284090909090909,3.3945843053773332,46,5891.0,0.10993607797494212,46,5891.0,1.2000000000000028
45230.0,43,661.0,7.184782608695652,3.844309813451635,43,5601.0,0.12439753481731698,43,5601.0,2.8999999999999986
45235.0,39,608.0,6.681318681318682,4.045899222868637,39,5700.0,0.1341128682385098,39,5700.0,-0.990000000000002
45240.0,39,594.0,6.6,3.85424057721242,39,5808.0,0.11916069565772733,39,5808.0,-1.0799999999999983
45245.0,45,682.0,7.75,3.7441407531099924,45,5928.0,0.1193362097775031,45,5928.0,-1.2000000000000028
45250.0,50,796.0,9.149425287356323,3.520361657258535,50,6147.0,0.11061510968261519,50,6147.0,-2.1899999999999977
45255.0,48,797.0,8.855555555555556,3.3666063803340047,48,6328.0,0.09952725196463084,48,6328.0,-1.8100000000000023
45260.0,50,917.0,10.303370786516854,3.456261018275567,50,6521.0,0.10945761947934869,50,6521.0,-1.9299999999999926
45265.0,53,1050.0,12.068965517241379,3.1044882949134114,53,6776.0,0.0886073451666439,53,6776.0,-2.5500000000000114
45270.0,53,1190.0,13.837209302325581,3.1512338992848243,53,7041.0,0.08733794804770667,53,7041.0,-2.6499999999999915
45275.0,50,1206.0,14.188235294117646,3.375292174531624,50,7094.0,0.08702062542724148,50,7094.0,-0.5300000000000011
45280.0,46,1165.0,13.705882352941176,3.5272516783013184,46,6924.0,0.11158502053339324,46,6924.0,1.7000000000000028
45285.0,46,1195.0,14.226190476190476,3.7007802435502297,46,6746.0,0.13279668094164374,46,6746.0,1.7800000000000011
45290.0,49,1228.0,14.619047619047619,3.10752447965972,49,6382.0,0.10094186687292797,49,6382.0,3.6399999999999935
45295.0,46,1264.0,15.047619047619047,3.6133779817411327,46,6034.0,0.11977704187906546,46,6034.0,3.479999999999997
45300.0,44,1240.0,14.761904761904763,3.582859497478851,44,6253.0,0.11912207010012912,44,6253.0,-2.1899999999999977
45305.0,46,1261.0,14.494252873563218,3.5803566329996173,46,6442.0,0.11942101506044324,46,6442.0,-1.8900000000000006
45310.0,47,1280.0,14.883720930232558,3.5292912041598754,47,6671.0,0.1230293350583121,47,6671.0,-2.289999999999992
45315.0,49,1277.0,15.202380952380953,3.0675871822712617,49,6700.0,0.08470938856300761,49,6700.0,-0.29000000000000625
45320.0,44,1237.0,15.085365853658537,3.3957834795226374,44,6536.0,0.11468240450807098,44,6536.0,1.6400000000000006
45325.0,39,1172.0,14.292682926829269,4.009751622255144,39,6353.0,0.14923686901816868,39,6353.0,1.8299999999999983
45330.0,34,1082.0,13.195121951219512,4.301244565215535,34,5966.0,0.16743578481700272,34,5966.0,3.8700000000000045
45335.0,29,991.0,12.085365853658537,4.740274281301714,29,5562.0,0.19212836451015813,29,5562.0,4.039999999999999
45340.0,29,500.0,6.25,4.115092804004701,28,5526.0,0.15724033066046952,28,5526.0,0.35999999999999943
45345.0,27,298.0,3.6790123456790123,4.520243017481094,27,5388.0,0.1759716943366451,27,5388.0,1.3799999999999955
45350.0,33,378.0,4.666666666666667,4.62609024603706,33,5361.0,0.18215935936972433,33,5361.0,0.2700000000000031
45355.0,36,440.0,5.301204819277109,4.247162605286281,36,5338.0,0.14103366783017066,36,5338.0,0.22999999999999687
45360.0,33,470.0,5.662650602409639,4.609032438282331,33,5126.0,0.15601766953351168,33,5126.0,2.1200000000000045
45365.0,31,485.0,5.914634146341464,4.5374604229165705,31,4905.0,0.15627808498797896,31,4905.0,2.210000000000001
45370.0,31,359.0,4.325301204819277,4.3825403096979985,30,4982.0,0.14322764775151997,30,4982.0,-0.7700000000000031
45375.0,30,410.0,5.061728395061729,4.348984928330975,30,5136.0,0.14546697775065762,30,5136.0,-1.5399999999999991
45380.0,35,505.0,5.9411764705882355,4.5174339063020925,35,5208.0,0.15727524698217574,35,5208.0,-0.7199999999999989
45385.0,40,625.0,7.440476190476191,3.99325822706628,40,5390.0,0.12937333333527087,40,5390.0,-1.8200000000000003
45390.0,45,548.0,6.523809523809524,3.176894687660356,45,5508.0,0.07871060884981297,45,5508.0,-1.1799999999999997
45395.0,45,668.0,7.9523809523809526,3.48893592334804,45,5607.0,0.095007223466506,45,5607.0,-0.990000000000002
45400.0,46,826.0,10.073170731707316,3.5301405724306574,46,5801.0,0.10419176541974572,46,5801.0,-1.9399999999999977
45405.0,45,837.0,10.08433734939759,3.391866669768601,45,5928.0,0.10522891693635905,45,5928.0,-1.2700000000000031
45410.0,44,949.0,11.297619047619047,3.4750006837073153,44,6013.0,0.0986973943238043,44,6013.0,-0.8500000000000014
45415.0,50,1181.0,14.402439024390244,3.135670084848913,50,6190.0,0.08983699757721113,50,6190.0,-1.769999999999996
45420.0,54,1293.0,15.768292682926829,2.860442869307909,54,6219.0,0.06647435172126978,54,6219.0,-0.28999999999999915
45425.0,52,1307.0,15.939024390243903,3.051249962270747,52,6019.0,0.07637850725704089,52,6019.0,2.0
45430.0,49,1308.0,15.209302325581396,3.5142439309270883,49,5806.0,0.10441211661639142,49,5806.0,2.1299999999999955
45435.0,45,1291.0,15.188235294117646,3.707848778921685,45,5361.0,0.1186363456869649,45,5361.0,4.450000000000003
45440.0,47,1241.0,14.430232558139535,3.4022252400844875,47,5561.0,0.0971487498479463,47,5561.0,-2.0
45445.0,48,1224.0,14.571428571428571,3.1710526764842526,48,5797.0,0.08953263874659412,48,5797.0,-2.3599999999999994
45450.0,50,1219.0,14.341176470588236,3.454415148108176,50,6043.0,0.09765775670393717,50,6043.0,-2.460000000000001
45455.0,48,1173.0,13.8,3.403818198101677,48,6051.0,0.10272283041194331,48,6051.0,-0.0799999999999983
45460.0,43,1073.0,12.773809523809524,3.6986562689734668,43,5808.0,0.11936720343947674,43,5808.0,2.4299999999999997
45465.0,40,951.0,11.457831325301205,3.6699165741325284,40,5573.0,0.11551408157700081,40,5573.0,2.3500000000000014
45470.0,36,816.0,10.074074074074074,4.122447229609263,36,5170.0,0.14104821610030763,36,5170.0,4.029999999999994
45475.0,31,657.0,8.532467532467532,4.559039495779801,31,4768.0,0.17745445376447963,31,4768.0,4.020000000000003
45480.0,27,513.0,6.493670886075949,4.935806367468431,27,4364.0,0.19789199810517039,27,4364.0,4.039999999999999
45485.0,25,421.0,5.467532467532467,4.926827948860381,24,3977.0,0.20974639011920437,24,3977.0,3.8699999999999974
45490.0,26,458.0,5.871794871794871,4.843670970203457,25,3765.0,0.20251487669691226,25,3765.0,2.1200000000000045
45495.0,29,513.0,6.576923076923077,4.740588305493266,27,3577.0,0.20339880891985251,27,3577.0,1.8799999999999955
45500.0,27,557.0,7.233766233766234,4.847800137820949,26,3407.0,0.21373911336428625,26,3407.0,1.7000000000000028
45505.0,24,534.0,6.675,4.885357509145676,24,3512.0,0.20923049896882825,24,3512.0,-1.0499999999999972
45510.0,25,580.0,7.160493827160494,5.076556096044479,25,3626.0,0.217522039476235,25,3626.0,-1.1400000000000006
45515.0,31,668.0,8.246913580246913,4.4972118634518985,30,3751.0,0.173091555080759,30,3751.0,-1.25
45520.0,34,816.0,10.461538461538462,4.447215847129726,33,3908.0,0.18018330493885598,33,3908.0,-1.5700000000000003
45525.0,35,735.0,9.30379746835443,4.568777646951351,35,3982.0,0.17997175804617566,35,3982.0,-0.740000000000002
45530.0,39,867.0,10.573170731707316,4.3934529583933815,39,4018.0,0.17332217692895457,39,4018.0,-0.35999999999999943
45535.0,43,1072.0,13.234567901234568,3.9261558976786355,43,4167.0,0.13951890565423253,43,4167.0,-1.490000000000002
45540.0,47,1190.0,14.512195121951219,3.3735949387828432,47,4208.0,0.09432834857111959,47,4208.0,-0.4099999999999966
45545.0,49,1246.0,15.575,3.1741635735394302,49,4286.0,0.07670594743241481,49,4286.0,-0.7800000000000011
45550.0,46,1290.0,15.925925925925926,3.4385398671529366,46,4352.0,0.10106646700707675,46,4352.0,-0.6600000000000037
45555.0,42,1317.0,15.867469879518072,3.6930580835134,42,4082.0,0.120695406047757,42,4082.0,2.700000000000003
45560.0,38,1325.0,15.963855421686747,3.804418410042124,38,3807.0,0.12772229973196564,38,3807.0,2.75
45565.0,38,1324.0,15.951807228915662,3.774411430609187,38,3740.0,0.12790527007466437,38,3740.0,0.6700000000000017
45570.0,38,1318.0,16.073170731707318,3.995219309507778,36,3553.0,0.14927429365664632,36,3553.0,1.8699999999999974
45575.0,32,1284.0,15.851851851851851,4.141186426454422,31,3359.0,0.15921737119820106,31,3359.0,1.9399999999999977
45580.0,28,1235.0,14.702380952380953,4.482125008244937,28,3401.0,0.1735969443728999,28,3401.0,-0.4199999999999946
45585.0,27,756.0,8.894117647058824,4.309214540978507,26,3365.0,0.16517886777796945,26,3365.0,0.35999999999999943
45590.0,27,510.0,6.0,4.258873385825084,27,3215.0,0.16334692976173412,27,3215.0,1.5
45595.0,27,575.0,6.845238095238095,4.688871996994015,27,3162.0,0.18806965363997763,27,3162.0,0.5299999999999976
45600.0,29,423.0,5.096385542168675,4.67627796223462,29,3173.0,0.17545625014031413,29,3173.0,-0.10999999999999943
45605.0,30,448.0,5.209302325581396,4.885764644741545,30,3206.0,0.17094269059046238,30,3206.0,-0.33000000000000185
45610.0,36,613.0,7.127906976744186,4.73954919884293,36,3216.0,0.1593466115338647,36,3216.0,-0.09999999999999432
45615.0,42,809.0,9.51764705882353,4.321120554843845,42,3358.0,0.13905077298580654,42,3358.0,-1.4200000000000017
45620.0,47,1034.0,12.16470588235294,3.705828597606253,47,3583.0,0.10425048066867015,47,3583.0,-2.25
45625.0,49,1097.0,12.905882352941177,3.518161141142386,49,3744.0,0.09253066056282162,49,3744.0,-1.6099999999999994
45630.0,54,1339.0,15.215909090909092,3.484995857746726,54,3905.0,0.09773764863756984,54,3905.0,-1.6099999999999994
45635.0,54,1607.0,18.261363636363637,3.7304123597994665,54,4156.0,0.10491776278681553,54,4156.0,-2.510000000000005
45640.0,55,1710.0,20.11764705882353,2.980103954719235,55,4255.0,0.058107471260401326,55,4255.0,-0.9899999999999949
45645.0,52,1697.0,20.202380952380953,3.34929625569944,52,4188.0,0.07679294293915237,52,4188.0,0.6699999999999946
45650.0,48,1666.0,20.825,3.3980405487785226,48,4108.0,0.10839863206944686,48,4108.0,0.8000000000000043
45655.0,45,1618.0,19.261904761904763,3.7673920610302565,45,3863.0,0.12182396177657076,45,3863.0,2.4499999999999957
45660.0,42,1552.0,18.046511627906977,4.270735421447466,42,3611.0,0.1473590102933922,42,3611.0,2.520000000000003
45665.0,42,1474.0,17.547619047619047,3.8865595284713184,42,3514.0,0.12617884217566436,42,3514.0,0.9699999999999989
45670.0,38,1385.0,16.686746987951807,4.046739478272358,38,3274.0,0.14420761124044523,38,3274.0,2.3999999999999986
45675.0,36,1281.0,15.25,4.565571420405483,35,3062.0,0.17031881816075126,35,3062.0,2.120000000000001
45680.0,32,1158.0,13.951807228915662,4.336686705217575,32,3018.0,0.1738086671706171,32,3018.0,0.4400000000000013
45685.0,27,1019.0,12.27710843373494,4.405128746228109,27,2957.0,0.18050985638661263,27,2957.0,0.6099999999999994
45690.0,29,902.0,10.867469879518072,4.265726244048365,27,2998.0,0.16773615540587294,27,2998.0,-0.41000000000000014
45695.0,23,828.0,10.097560975609756,4.685530990150931,23,3030.0,0.1896864725582189,23,3030.0,-0.3200000000000003
45700.0,19,689.0,8.6125,4.963927276113307,18,3061.0,0.20828220937940034,18,3061.0,-0.3099999999999987
45705.0,20,704.0,8.691358024691358,5.072798290110578,18,3093.0,0.21868637595758234,18,3093.0,-0.3200000000000003
45710.0,25,808.0,9.853658536585366,4.714227349631145,25,3209.0,0.18942782454497853,25,3209.0,-1.1600000000000037
45715.0,30,896.0,10.926829268292684,4.077333256759222,28,3220.0,0.1486513750258422,28,3220.0,-0.10999999999999943
45720.0,34,971.0,11.987654320987655,3.6249853932802187,33,3371.0,0.12794222426527427,33,3371.0,-1.509999999999998
45725.0,34,1030.0,12.716049382716049,3.4410137884424152,32,3543.0,0.11704605035121393,32,3543.0,-1.7199999999999989
45730.0,37,1098.0,12.91764705882353,3.340230459897485,37,3719.0,0.11300665861021143,37,3719.0,-1.759999999999998
45735.0,41,1193.0,14.373493975903614,3.074623008837425,41,3895.0,0.09167905297805883,41,3895.0,-1.7600000000000051
45740.0,48,1318.0,15.879518072289157,2.8307006425102053,48,4115.0,0.0634698272523159,48,4115.0,-2.1999999999999957
45745.0,49,1418.0,17.08433734939759,2.9009545360612963,49,4232.0,0.06811118502330489,49,4232.0,-1.1700000000000017
45750.0,47,1474.0,17.759036144578314,3.1631007896755263,47,4215.0,0.09241486473334258,47,4215.0,0.1700000000000017
45755.0,42,1512.0,17.379310344827587,3.558313629790882,42,4186.0,0.1142939361737295,42,4186.0,0.28999999999999915
45760.0,39,1053.0,12.10344827586207,3.4102281338872205,39,4179.0,0.09749598813286835,39,4179.0,0.07000000000000028
45765.0,38,607.0,7.058139534883721,3.3331193889431865,38,4023.0,0.09395028580452619,38,4023.0,1.5600000000000023
45770.0,40,661.0,7.597701149425287,3.7068093422198225,40,3944.0,0.11652781842169845,40,3944.0,0.7899999999999991
45775.0,43,759.0,9.035714285714286,3.2762836542066474,43,4141.0,0.09564004420948831,43,4141.0,-1.9699999999999989
45780.0,50,918.0,10.674418604651162,3.029851616780945,50,4382.0,0.08913841540902857,50,4382.0,-2.4100000000000037
45785.0,54,1102.0,12.813953488372093,2.8092644296934806,54,4644.0,0.085387580967072,54,4644.0,-2.6199999999999974
45790.0,55,1206.0,14.023255813953488,2.299650631358021,55,4769.0,0.0598311577101369,55,4769.0,-1.25
45795.0,51,1238.0,14.229885057471265,2.6732680642365834,51,4744.0,0.08634993656137067,51,4744.0,0.25
45800.0,48,1253.0,14.569767441860465,2.612437177329715,48,4986.0,0.09798038416288889,48,4986.0,-2.4200000000000017
45805.0,47,878.0,9.865168539325843,2.641735754650802,47,5062.0,0.08754273893209186,47,5062.0,-0.759999999999998
45810.0,46,724.0,8.134831460674157,2.736332554165815,46,5035.0,0.10158234464382417,46,5035.0,0.269999999999996
45815.0,53,824.0,9.155555555555555,2.4939639374208227,53,5126.0,0.08202718114477939,53,5126.0,-0.9099999999999966
45820.0,56,897.0,9.857142857142858,2.359051319668553,56,5244.0,0.07072605380140021,56,5244.0,-1.1799999999999997
45825.0,54,936.0,10.173913043478262,2.7263792093998274,54,5210.0,0.07681649867237518,54,5210.0,0.3399999999999963
45830.0,51,961.0,10.22340425531915,3.0574790744818845,51,5168.0,0.09861799181061626,51,5168.0,0.4200000000000017
45835.0,47,970.0,10.777777777777779,3.312111869405662,47,4979.0,0.11656436537939271,47,4979.0,1.8900000000000006
45840.0,45,766.0,8.606741573033707,3.059386082011904,45,5040.0,0.09901094367377235,45,5040.0,-0.6099999999999994
45845.0,40,517.0,5.875,3.397292022774898,40,4992.0,0.10790171261586372,40,4992.0,0.4799999999999969
45850.0,40,484.0,5.563218390804598,3.7563332065807327,40,5026.0,0.12958823835960026,40,5026.0,-0.3399999999999963
45855.0,41,459.0,5.1,3.6352505275609417,41,5072.0,0.1150894099210622,41,5072.0,-0.46000000000000085
45860.0,41,504.0,5.538461538461538,3.7173162911721334,41,4971.0,0.11311499489569564,41,4971.0,1.009999999999998
45865.0,45,556.0,6.043478260869565,3.6947820145279353,45,4873.0,0.11216174356303658,45,4873.0,0.980000000000004
45870.0,41,607.0,6.8977272727272725,3.913139472201097,41,4624.0,0.13013698509049282,41,4624.0,2.489999999999995
45875.0,36,637.0,7.238636363636363,4.571503134246467,36,4374.0,0.16421969590920252,36,4374.0,2.5
45880.0,31,642.0,7.295454545454546,4.6595428513629376,31,4121.0,0.17933456187818914,31,4121.0,2.530000000000001
45885.0,27,507.0,5.827586206896552,4.651210251592882,27,4192.0,0.1838573756314288,27,4192.0,-0.7100000000000009
45890.0,34,581.0,6.6022727272727275,4.367964637704625,34,4279.0,0.1529629891196458,34,4279.0,-0.8699999999999974
45895.0,38,686.0,7.976744186046512,4.245208192358008,38,4457.0,0.15037070387074522,38,4457.0,-1.7800000000000011
45900.0,38,760.0,9.156626506024097,4.024195255434682,38,4500.0,0.14430845583137036,38,4500.0,-0.4299999999999997
45905.0,34,790.0,9.294117647058824,4.433080190218666,34,4387.0,0.15943674005988223,34,4387.0,1.1300000000000026
45910.0,31,801.0,9.423529411764706,4.616577743956879,31,4263.0,0.1719789459394847,31,4263.0,1.2399999999999949
45915.0,30,824.0,9.581395348837209,4.5404410326605475,30,4409.0,0.16016829291587353,30,4409.0,-1.4600000000000009
45920.0,35,918.0,10.928571428571429,4.3890185664139265,35,4574.0,0.16034522325777573,35,4574.0,-1.6499999999999986
45925.0,40,1038.0,12.357142857142858,4.378769520758613,40,4764.0,0.14134126282990658,40,4764.0,-1.8999999999999986
45930.0,43,853.0,9.693181818181818,3.9797046312184707,43,4819.0,0.12251022177311964,43,4819.0,-0.5499999999999972
45935.0,43,766.0,8.804597701149426,3.6447639722790304,43,4793.0,0.10985699208944034,43,4793.0,0.259999999999998
45940.0,47,922.0,10.847058823529412,3.3703150401224797,47,4855.0,0.10385543484904494,47,4855.0,-0.6199999999999974
45945.0,48,1091.0,12.988095238095237,3.2713709482146407,48,5028.0,0.09690857004900764,48,5028.0,-1.730000000000004
45950.0,48,1157.0,13.939759036144578,3.1336521832082807,48,5098.0,0.09794496034728573,48,5098.0,-0.6999999999999957
45955.0,43,1169.0,13.593023255813954,3.3139587047288854,43,4989.0,0.11345262585532859,43,4989.0,1.0899999999999963
45960.0,43,1209.0,14.392857142857142,3.4850076295946204,43,4872.0,0.12737343960889103,43,4872.0,1.1700000000000017
45965.0,49,1262.0,15.023809523809524,2.949387742318911,48,5099.0,0.09294670978786503,48,5099.0,-2.270000000000003
45970.0,54,1341.0,16.156626506024097,2.607539421088836,54,5355.0,0.07150784402362885,54,5355.0,-2.559999999999995
45975.0,53,1429.0,17.011904761904763,2.7229760818082585,53,5618.0,0.08131071465357731,53,5618.0,-2.6300000000000026
45980.0,52,1475.0,16.761363636363637,2.950752696155696,52,5705.0,0.08458120885377463,52,5705.0,-0.8699999999999974
45985.0,49,1475.0,16.573033707865168,3.0109744103975506,49,5633.0,0.08862122613700467,49,5633.0,0.7199999999999989
45990.0,49,1467.0,16.48314606741573,2.912091988045179,49,5549.0,0.09519914659363606,49,5549.0,0.8399999999999963
45995.0,45,1450.0,16.292134831460675,3.3249429370439194,45,5301.0,0.11148310097017076,45,5301.0,2.480000000000004
46000.0,42,1419.0,16.310344827586206,3.785549496217857,42,5060.0,0.1380326516915629,42,5060.0,2.4099999999999966
46005.0,37,1244.0,14.298850574712644,3.685437121676685,37,5189.0,0.1420616182996773,37,5189.0,-1.2899999999999991
46010.0,36,1219.0,14.174418604651162,3.6354349112466977,36,5318.0,0.14186591748779487,36,5318.0,-1.2899999999999991
46015.0,39,1258.0,14.627906976744185,3.6189290896524065,39,5506.0,0.13269656490575718,39,5506.0,-1.8800000000000026
46020.0,41,892.0,10.372093023255815,3.6122309072243013,41,5484.0,0.12008577314091562,41,5484.0,0.21999999999999886
46025.0,41,475.0,5.654761904761905,3.7582943184533573,41,5322.0,0.1271670636314691,41,5322.0,1.6200000000000045
46030.0,40,541.0,6.1477272727272725,4.2292886309817765,40,5226.0,0.15228145434299287,40,5226.0,0.9600000000000009
46035.0,42,671.0,7.625,4.137232765432542,42,5175.0,0.14113583799099758,42,5175.0,0.509999999999998
46040.0,44,816.0,9.272727272727273,4.241838981435734,44,5338.0,0.13868713938360477,44,5338.0,-1.6300000000000026
46045.0,44,907.0,10.425287356321839,3.8928050837717585,43,5501.0,0.10413511415484718,43,5501.0,-1.6299999999999955
46050.0,48,1135.0,13.352941176470589,3.9436590752577825,48,5700.0,0.11476640176819744,48,5700.0,-1.990000000000002
46055.0,54,1390.0,15.795454545454545,3.63104637476616,54,5952.0,0.09347251028075418,54,5952.0,-2.520000000000003
46060.0,54,1501.0,17.25287356321839,3.5004046147281165,54,6021.0,0.07097572707408124,54,6021.0,-0.6899999999999977
46065.0,54,1496.0,17.80952380952381,3.0445511200006035,54,5888.0,0.058212915553489064,54,5888.0,1.3299999999999983
46070.0,50,1483.0,17.867469879518072,3.4046733254190964,50,5750.0,0.09257663978006286,50,5750.0,1.3800000000000026
46075.0,48,1453.0,17.50602409638554,3.588043576855587,48,5405.0,0.10954147273357924,48,5405.0,3.450000000000003
46080.0,43,1406.0,16.160919540229884,4.078286748247883,43,5061.0,0.1343061973571062,43,5061.0,3.4399999999999977
46085.0,42,1326.0,15.241379310344827,3.94539545598556,42,5271.0,0.13143877415886482,42,5271.0,-2.1000000000000014
46090.0,46,1276.0,15.011764705882353,3.4759111467056556,46,5492.0,0.09816016933575844,46,5492.0,-2.210000000000001
46095.0,47,1232.0,15.209876543209877,3.3701858970549483,47,5698.0,0.10688147751185528,47,5698.0,-2.059999999999995
46100.0,44,1138.0,14.225,3.6768572995391637,44,5727.0,0.11586027021336398,44,5727.0,-0.29000000000000625
46105.0,39,1003.0,12.5375,3.8055469981522547,39,5537.0,0.1438656240531506,39,5537.0,1.9000000000000057
46110.0,34,843.0,10.5375,4.191119156301239,34,5327.0,0.16290156248023283,34,5327.0,2.0999999999999943
46115.0,31,670.0,8.58974358974359,4.165658585440148,31,4916.0,0.15919189251669766,31,4916.0,4.1100000000000065
46120.0,27,530.0,6.883116883116883,4.854839073972291,27,4523.0,0.19272597641381384,27,4523.0,3.9299999999999997
46125.0,25,445.0,5.933333333333334,5.164479064382689,24,4176.0,0.22054177007527834,24,4176.0,3.469999999999999
46130.0,27,495.0,6.346153846153846,5.078144485980798,25,4009.0,0.22567523018373895,25,4009.0,1.6699999999999946
46135.0,26,535.0,6.858974358974359,4.844054461885315,26,3861.0,0.21662502515923757,26,3861.0,1.480000000000004
46140.0,28,371.0,4.69620253164557,4.308245211362482,27,3892.0,0.17114782894131933,27,3892.0,-0.3100000000000023
46145.0,29,403.0,5.10126582278481,4.586328692000715,27,3908.0,0.19100379400185652,27,3908.0,-0.1599999999999966
46150.0,28,457.0,5.935064935064935,4.793407349658411,27,3995.0,0.20840720702519297,27,3995.0,-0.8700000000000045
46155.0,27,478.0,5.829268292682927,4.891397369883751,27,3985.0,0.19422267101079294,27,3985.0,0.10000000000000142
46160.0,24,502.0,6.275,4.975415129167476,24,3953.0,0.19100670752517296,24,3953.0,0.3200000000000003
46165.0,27,543.0,6.703703703703703,4.854265388053705,27,3922.0,0.17180740164238906,27,3922.0,0.3100000000000023
46170.0,27,593.0,7.506329113924051,4.98750268387254,27,3622.0,0.185891760605077,27,3622.0,3.0
46175.0,30,638.0,7.8765432098765435,4.614317937934642,30,3752.0,0.16116286544437688,30,3752.0,-1.3000000000000043
46180.0,34,713.0,8.388235294117647,4.378253549356009,34,3914.0,0.14269341716053316,34,3914.0,-1.6199999999999974
46185.0,38,812.0,9.552941176470588,4.272284156964506,38,4096.0,0.12880076228411017,38,4096.0,-1.8200000000000003
46190.0,39,876.0,10.55421686746988,3.773821976960132,39,4135.0,0.09094333475202811,39,4135.0,-0.39000000000000057
46195.0,36,898.0,10.819277108433734,3.9635477209168966,36,4016.0,0.12192363955640857,36,4016.0,1.1900000000000048
46200.0,31,902.0,11.417721518987342,3.822448297345584,31,4028.0,0.1391982438615993,31,4028.0,-0.12000000000000455
46205.0,31,929.0,11.469135802469136,3.7908224524571996,31,4181.0,0.13053624196316363,31,4181.0,-1.5300000000000011
46210.0,35,1012.0,12.810126582278482,3.4667759965024527,35,4346.0,0.12349196978951332,35,4346.0,-1.6499999999999986
46215.0,42,1127.0,14.0875,2.935749839008286,42,4538.0,0.08786978839448,42,4538.0,-1.9200000000000017
46220.0,43,1221.0,15.2625,2.923131951873604,43,4587.0,0.09133190586740567,43,4587.0,-0.4899999999999949
46225.0,43,1286.0,15.876543209876543,3.1659485828475136,43,4476.0,0.10582166468195131,43,4476.0,1.1099999999999994
46230.0,39,1339.0,16.329268292682926,3.4133480463362758,39,4359.0,0.13207535539765825,39,4359.0,1.1699999999999946
46235.0,37,942.0,11.62962962962963,3.0140491046226536,37,4376.0,0.11104590089810289,37,4376.0,-0.1699999999999946
46240.0,35,719.0,8.768292682926829,2.987543629426577,35,4290.0,0.10517768016294456,35,4290.0,0.8599999999999994
46245.0,37,783.0,9.548780487804878,3.3789881041683465,37,4299.0,0.12895465399538444,37,4299.0,-0.09000000000000341
46250.0,41,857.0,10.325301204819278,3.281220450887851,41,4323.0,0.10451825056219012,41,4323.0,-0.23999999999999488
46255.0,42,912.0,10.604651162790697,3.2582709656445883,42,4194.0,0.1098571544354574,42,4194.0,1.2899999999999991
46260.0,41,967.0,11.244186046511627,3.3991864593191004,41,4068.0,0.12371901125944687,41,4068.0,1.259999999999998
46265.0,41,1022.0,12.023529411764706,3.303572610855454,41,3805.0,0.11547349308157658,41,3805.0,2.6300000000000026
46270.0,38,1067.0,12.406976744186046,3.860840382495736,38,3581.0,0.1379629071711593,38,3581.0,2.239999999999995
46275.0,35,1095.0,12.443181818181818,4.1825270733922375,35,3492.0,0.15818505533734076,35,3492.0,0.8900000000000006
46280.0,31,1128.0,12.26086956521739,4.365458880055715,31,3288.0,0.16251980175803077,31,3288.0,2.039999999999999
46285.0,29,1190.0,13.222222222222221,4.456583131799871,29,3207.0,0.17576437692294541,29,3207.0,0.8100000000000023
46290.0,35,1275.0,14.655172413793103,4.069166515481945,34,3022.0,0.16077038540362376,34,3022.0,1.8500000000000014
46295.0,34,827.0,9.292134831460674,4.172551121228728,34,3186.0,0.157461859130748,34,3186.0,-1.6400000000000006
46300.0,35,492.0,5.466666666666667,4.384925566409978,34,3344.0,0.16898196864913562,34,3344.0,-1.5799999999999983
46305.0,37,558.0,6.2,4.237969147772703,37,3313.0,0.16763900829862843,37,3313.0,0.30999999999999517
46310.0,30,460.0,5.2272727272727275,4.278717917957906,29,3399.0,0.16534652921621928,29,3399.0,-0.8599999999999994
46315.0,34,552.0,6.344827586206897,4.326131976859308,34,3495.0,0.15973622990157227,34,3495.0,-0.9600000000000009
46320.0,42,745.0,8.662790697674419,4.413441577806359,42,3681.0,0.16054818332386592,42,3681.0,-1.8599999999999994
46325.0,45,739.0,8.593023255813954,4.102042943279905,45,3775.0,0.129840035611057,45,3775.0,-0.9399999999999977
46330.0,46,847.0,9.411111111111111,4.113899399001987,46,3821.0,0.12540279083940442,46,3821.0,-0.46000000000000085
46335.0,51,1092.0,12.409090909090908,3.676280603702829,51,3962.0,0.11454624571956928,51,3962.0,-1.4099999999999966
46340.0,58,1367.0,15.895348837209303,3.002286891346399,58,4224.0,0.07885648866841956,58,4224.0,-2.6200000000000045
46345.0,61,1662.0,19.325581395348838,2.976571961946905,61,4519.0,0.07237421013751176,61,4519.0,-2.9499999999999957
46350.0,60,1954.0,22.45977011494253,3.06620647736137,60,4811.0,0.06493291400631346,60,4811.0,-2.9200000000000017
46355.0,62,2259.0,24.824175824175825,3.06629497242484,62,5118.0,0.07241869629092941,62,5118.0,-3.0700000000000003
46360.0,63,2571.0,29.21590909090909,2.809436517534861,63,5428.0,0.07723553090083667,63,5428.0,-3.1000000000000014
46365.0,64,2679.0,29.766666666666666,2.4545563440739615,64,5565.0,0.043762493273310145,64,5565.0,-1.3699999999999974
46370.0,61,2645.0,30.402298850574713,2.3933993136489473,61,5557.0,0.06615804690228115,61,5557.0,0.0799999999999983
46375.0,58,2595.0,30.529411764705884,2.5909513290503363,58,5571.0,0.09050650205405632,58,5571.0,-0.14000000000000057
46380.0,54,2326.0,26.134831460674157,2.737619395024197,54,5592.0,0.09219702470915504,54,5592.0,-0.21000000000000085
46385.0,52,1907.0,21.919540229885058,2.4474286134226353,52,5623.0,0.07729020060561323,52,5623.0,-0.30999999999999517
46390.0,51,1671.0,19.430232558139537,2.26211357846289,51,5665.0,0.07621292582883071,51,5665.0,-0.4200000000000017
46395.0,53,1584.0,18.0,2.6521828336939546,53,5434.0,0.09477055486032727,53,5434.0,2.309999999999995
46400.0,55,1467.0,16.862068965517242,2.4737788049784326,55,5670.0,0.09141557628726418,55,5670.0,-2.3599999999999994
46405.0,60,1418.0,15.755555555555556,2.475263134188909,60,5961.0,0.07399440063560292,60,5961.0,-2.9099999999999966
46410.0,60,1374.0,15.438202247191011,2.4770034115786426,60,6259.0,0.07019629723966939,60,6259.0,-2.980000000000004
46415.0,59,1263.0,14.191011235955056,2.3313840949967695,59,6387.0,0.05501555638532172,59,6387.0,-1.279999999999994
46420.0,54,1121.0,12.595505617977528,2.736674140680234,54,6333.0,0.07583624746191853,54,6333.0,0.5399999999999991
46425.0,49,1012.0,11.5,3.27140382811704,49,6254.0,0.10766122926207296,49,6254.0,0.7899999999999991
46430.0,45,955.0,10.852272727272727,3.506088536569543,45,5989.0,0.13201845603754506,45,5989.0,2.6499999999999986
46435.0,45,1005.0,11.420454545454545,3.643095099012797,45,5737.0,0.13656562189253774,45,5737.0,2.520000000000003
46440.0,49,1062.0,11.8,3.4021829754570536,49,5664.0,0.11222903164096275,49,5664.0,0.7299999999999969
46445.0,46,1113.0,12.366666666666667,3.7778302999994353,46,5442.0,0.130531040800071,46,5442.0,2.219999999999999
46450.0,44,1152.0,12.9438202247191,3.9420960989962106,42,5361.0,0.15067000861418858,42,5361.0,0.8100000000000023
46455.0,38,1167.0,12.966666666666667,4.126466011614496,37,5259.0,0.1665539925454367,37,5259.0,1.019999999999996
46460.0,34,1164.0,13.227272727272727,4.306288740436238,34,5159.0,0.1699254781490792,34,5159.0,1.0
46465.0,31,1139.0,12.943181818181818,4.30441548110478,30,5028.0,0.15873576430809652,30,5028.0,1.3100000000000023
46470.0,26,1065.0,12.831325301204819,4.263631763765705,26,5136.0,0.1699562314452182,26,5136.0,-1.0799999999999983
46475.0,25,1016.0,12.240963855421686,4.811170650969807,25,5256.0,0.2028168732360362,25,5256.0,-1.2000000000000028
46480.0,28,1029.0,11.965116279069768,4.850210488119463,27,5381.0,0.20325086395435077,27,5381.0,-1.25
46485.0,28,881.0,10.488095238095237,4.407915260774094,28,5405.0,0.16920429290741995,28,5405.0,-0.23999999999999488
46490.0,34,963.0,11.329411764705883,4.1511292941722955,34,5398.0,0.1513808039270177,34,5398.0,0.07000000000000028
46495.0,38,1143.0,13.290697674418604,4.230036223310238,38,5501.0,0.1422195777571063,38,5501.0,-1.0300000000000011
46500.0,41,1258.0,14.627906976744185,4.14956820272416,41,5531.0,0.1196087870010541,41,5531.0,-0.30000000000000426
46505.0,42,1319.0,15.160919540229886,3.952030314072167,42,5579.0,0.10562455124297622,42,5579.0,-0.4799999999999969
46510.0,43,1379.0,15.850574712643677,3.6593373055560243,43,5623.0,0.09783064118658102,43,5623.0,-0.4399999999999977
46515.0,45,1447.0,16.825581395348838,3.573474991265661,45,5354.0,0.09685410989440088,45,5354.0,2.6899999999999977
46520.0,41,1510.0,17.558139534883722,3.930241388864783,41,5099.0,0.12268271912448274,41,5099.0,2.549999999999997
46525.0,39,1556.0,18.305882352941175,4.2681885358698795,39,4991.0,0.14747863509359962,39,4991.0,1.0800000000000054
46530.0,35,1583.0,18.406976744186046,4.232594424137151,34,4726.0,0.16044879353534222,34,4726.0,2.6499999999999986
46535.0,34,1540.0,18.11764705882353,3.9264591601364227,32,4706.0,0.1428377547961822,32,4706.0,0.19999999999999574
46540.0,36,1551.0,18.03488372093023,3.85283764844608,35,4853.0,0.1379366942557246,35,4853.0,-1.4699999999999989
46545.0,36,1574.0,18.091954022988507,4.16371203620373,35,5025.0,0.15173431317859662,35,5025.0,-1.7199999999999989
46550.0,35,1543.0,18.59036144578313,4.0130843492667765,34,5142.0,0.1506423242215189,34,5142.0,-1.1700000000000017
46555.0,37,1678.0,19.511627906976745,4.180903659609063,37,5273.0,0.15641048438656252,37,5273.0,-1.3099999999999952
46560.0,40,1862.0,21.905882352941177,4.071578097343634,40,5450.0,0.14134539800115364,40,5450.0,-1.7700000000000031
46565.0,43,1578.0,18.564705882352943,3.9539555186812443,43,5380.0,0.12359884828242938,43,5380.0,0.7000000000000028
46570.0,44,1013.0,11.779069767441861,4.194872386316212,44,5106.0,0.12940323440262919,44,5106.0,2.739999999999995
46575.0,45,923.0,10.732558139534884,4.194790530775018,45,4920.0,0.1384904757156142,45,4920.0,1.8599999999999994
46580.0,49,1158.0,13.01123595505618,3.993296495869968,49,4698.0,0.12307459954760744,49,4698.0,2.220000000000006
46585.0,53,1395.0,15.5,3.791986181532841,53,4935.0,0.10267328687262121,53,4935.0,-2.3700000000000045
46590.0,59,1677.0,19.275862068965516,2.992005497309437,59,5220.0,0.07101636713102165,59,5220.0,-2.8500000000000014
46595.0,61,1975.0,22.701149425287355,2.8919764527456984,61,5515.0,0.06164863897903979,61,5515.0,-2.9499999999999957
46600.0,59,2082.0,24.785714285714285,2.708162763905127,59,5608.0,0.05982810717518448,59,5608.0,-0.9299999999999997
46605.0,55,2045.0,23.50574712643678,2.948290846895446,55,5490.0,0.08246601433113183,55,5490.0,1.1799999999999997
46610.0,52,1990.0,23.13953488372093,3.014219507720459,52,5361.0,0.09671447713926021,52,5361.0,1.2899999999999991
46615.0,51,1925.0,22.126436781609197,3.07220061926642,51,5045.0,0.09599957065094154,51,5045.0,3.1599999999999966
46620.0,49,1848.0,21.488372093023255,3.1549937070159104,49,5288.0,0.09244322609873924,49,5288.0,-2.4299999999999997
46625.0,52,1778.0,20.674418604651162,3.2183826099172754,52,5540.0,0.10507834587427152,52,5540.0,-2.519999999999996
46630.0,52,1716.0,19.5,3.0548287840552466,52,5796.0,0.09705805205271655,52,5796.0,-2.5600000000000023
46635.0,51,1612.0,18.1123595505618,3.0869625196427894,51,5857.0,0.09123667536175985,51,5857.0,-0.6099999999999994
46640.0,52,1473.0,16.55056179775281,2.859380123858891,52,5721.0,0.08376241938476563,52,5721.0,1.3599999999999994
46645.0,47,1323.0,14.865168539325843,3.4165628459535617,47,5580.0,0.11530616277566279,47,5580.0,1.4100000000000037
46650.0,42,1177.0,13.686046511627907,3.75426219058571,42,5241.0,0.13803902907852497,42,5241.0,3.3900000000000006
46655.0,39,1054.0,12.255813953488373,3.7373528612068627,39,5425.0,0.1449688207506667,39,5425.0,-1.8400000000000034
46660.0,39,1008.0,12.144578313253012,3.585635076336674,39,5622.0,0.1420981503243465,39,5622.0,-1.9699999999999989
46665.0,41,1032.0,12.433734939759036,3.6517360513594745,41,5820.0,0.13189458624388992,41,5820.0,-1.980000000000004
46670.0,45,941.0,11.475609756097562,3.3413624385515637,45,5940.0,0.10746233351794925,45,5940.0,-1.1999999999999957
46675.0,49,1060.0,13.08641975308642,3.04234220068878,49,6038.0,0.10964274366314541,49,6038.0,-0.980000000000004
46680.0,50,1231.0,14.48235294117647,3.2077055330720214,50,6245.0,0.11851848253335737,50,6245.0,-2.0700000000000003
46685.0,48,1103.0,12.825581395348838,3.0562092769992724,48,6283.0,0.09793520868860216,48,6283.0,-0.37999999999999545
46690.0,48,840.0,9.655172413793103,3.117552764428559,48,6177.0,0.09288080803513046,48,6177.0,1.0599999999999952
46695.0,49,991.0,11.39080459770115,3.3693323224233485,49,6159.0,0.11418159806721068,49,6159.0,0.17999999999999972
46700.0,51,1095.0,13.035714285714286,3.031535936936965,51,6180.0,0.10250469297002546,51,6180.0,-0.20999999999999375
46705.0,53,1134.0,12.886363636363637,3.1858187066974506,53,6000.0,0.09922686379056606,53,6000.0,1.7999999999999972
46710.0,54,1174.0,13.494252873563218,3.000245091091979,54,5826.0,0.0987711658330799,54,5826.0,1.740000000000002
46715.0,52,1210.0,13.908045977011493,3.0105324079973017,52,5467.0,0.08964226937492713,52,5467.0,3.5899999999999963
46720.0,49,1238.0,14.068181818181818,3.5742599868683644,49,5169.0,0.11059921257495142,49,5169.0,2.980000000000004
46725.0,46,1250.0,14.044943820224718,4.022982048369821,46,4916.0,0.13838191457200905,46,4916.0,2.530000000000001
46730.0,44,1246.0,13.692307692307692,3.9511159714420394,44,4830.0,0.14143719455471102,44,4830.0,0.8599999999999994
46735.0,41,1229.0,13.655555555555555,3.987350246857725,41,4592.0,0.14237767849495,41,4592.0,2.3799999999999955
46740.0,39,1199.0,13.47191011235955,4.019055898694602,39,4643.0,0.14061023746358767,39,4643.0,-0.509999999999998
46745.0,35,994.0,11.55813953488372,4.0619832959213005,34,4752.0,0.15427296204291938,34,4752.0,-1.0900000000000034
46750.0,33,925.0,11.011904761904763,4.385028199417391,33,4834.0,0.17822794311096168,33,4834.0,-0.8200000000000003
46755.0,34,866.0,10.188235294117646,4.390291671760239,33,4981.0,0.18617089026298717,33,4981.0,-1.4699999999999989
46760.0,31,776.0,9.238095238095237,4.255595368462808,31,4987.0,0.17462515391865516,31,4987.0,-0.05999999999999517
46765.0,30,712.0,8.476190476190476,4.214971879963069,30,4984.0,0.15877088482620105,30,4984.0,0.02999999999999403
46770.0,30,777.0,9.25,4.595045759104217,30,4973.0,0.17128925445842558,30,4973.0,0.11000000000000654
46775.0,31,842.0,10.144578313253012,4.720919158149859,31,4675.0,0.17469510023830886,31,4675.0,2.979999999999997
46780.0,30,907.0,10.670588235294117,4.516003050395599,30,4539.0,0.1613909494612398,30,4539.0,1.3599999999999994
46785.0,33,724.0,8.51764705882353,3.950498889945307,33,4698.0,0.12939212461256483,33,4698.0,-1.5899999999999963
46790.0,36,479.0,5.569767441860465,3.598849878719453,36,4693.0,0.10407789688560201,36,4693.0,0.04999999999999716
46795.0,36,551.0,6.333333333333333,3.7535204455247917,36,4705.0,0.11387225096076482,36,4705.0,-0.11999999999999744
46800.0,36,639.0,7.261363636363637,3.972471608140347,36,4739.0,0.12155835088509531,36,4739.0,-0.3400000000000034
46805.0,37,734.0,8.247191011235955,4.157515953267233,37,4799.0,0.14275435503066336,37,4799.0,-0.6000000000000014
46810.0,37,580.0,6.823529411764706,3.7952416671263127,37,4770.0,0.1288545456686115,37,4770.0,0.28999999999999915
46815.0,44,701.0,8.44578313253012,3.092011519391266,44,4879.0,0.09113204987815768,44,4879.0,-1.0899999999999963
46820.0,48,926.0,11.156626506024097,3.126162988261693,48,5036.0,0.09471669479538924,48,5036.0,-1.5700000000000003
46825.0,52,1055.0,13.024691358024691,2.8864723384814965,52,5108.0,0.09520948001227517,52,5108.0,-0.7199999999999989
46830.0,52,1110.0,13.214285714285714,3.048889238537961,52,5005.0,0.10343313400488074,52,5005.0,1.0300000000000011
46835.0,51,1161.0,13.5,3.253208308890192,51,4896.0,0.10489133428923231,51,4896.0,1.0899999999999963
46840.0,51,1117.0,12.839080459770114,2.94328088203453,50,5035.0,0.07681229480235907,50,5035.0,-1.3900000000000006
46845.0,50,1095.0,12.586206896551724,3.1220038996772193,50,5289.0,0.0823944821751427,50,5289.0,-2.539999999999999
46850.0,50,1132.0,13.476190476190476,3.166087185408889,50,5381.0,0.09985722225108143,50,5381.0,-0.9200000000000017
46855.0,52,1138.0,13.080459770114942,2.788571068795815,52,5443.0,0.08836821430161472,52,5443.0,-0.6199999999999974
46860.0,48,1103.0,12.534090909090908,3.1077048583839644,48,5310.0,0.10061010420011275,48,5310.0,1.3299999999999983
46865.0,48,1057.0,12.290697674418604,2.849710699999753,48,5172.0,0.09418231467664806,48,5172.0,1.3800000000000026
46870.0,44,1004.0,11.540229885057471,3.350239593944061,44,4861.0,0.11274995503396405,44,4861.0,3.1099999999999994
46875.0,40,872.0,9.909090909090908,3.6571712515014396,40,5007.0,0.12465533462914628,40,5007.0,-1.4600000000000009
46880.0,42,830.0,9.222222222222221,3.6027537507237066,42,5162.0,0.1266483410700385,42,5162.0,-1.5499999999999972
46885.0,42,865.0,9.942528735632184,3.5930552449786277,42,5330.0,0.13244004623242894,42,5330.0,-1.6799999999999997
46890.0,42,914.0,10.627906976744185,3.3142286735338433,42,5350.0,0.11145104762048365,42,5350.0,-0.20000000000000284
46895.0,43,978.0,11.241379310344827,3.6365110744504108,43,5198.0,0.11249821099669154,43,5198.0,1.5200000000000031
46900.0,43,1042.0,12.116279069767442,3.8184319027935163,43,5050.0,0.13241424136507773,43,5050.0,1.4799999999999969
46905.0,42,1082.0,12.157303370786517,3.715791873859579,41,5239.0,0.12460540148351804,41,5239.0,-1.8900000000000006
46910.0,43,1141.0,12.677777777777777,3.5368781734335686,43,5453.0,0.10578637692252692,43,5453.0,-2.1400000000000006
46915.0,46,1221.0,13.875,3.3120655389281795,46,5677.0,0.09307323640769592,46,5677.0,-2.240000000000002
46920.0,44,943.0,10.965116279069768,3.3536201020362832,44,5748.0,0.10457423315129123,44,5748.0,-0.7099999999999937
46925.0,45,905.0,10.647058823529411,3.443739077660604,45,5735.0,0.11757347239384816,45,5735.0,0.12999999999999545
46930.0,51,1070.0,12.159090909090908,3.1898653011351983,51,5832.0,0.10918290815616291,51,5832.0,-0.9699999999999989
46935.0,51,1160.0,13.181818181818182,2.92076451829236,51,5880.0,0.0914066973248683,51,5880.0,-0.4799999999999969
46940.0,51,1186.0,13.325842696629213,2.732807048053727,51,5931.0,0.0641419550067876,51,5931.0,-0.5100000000000051
46945.0,48,1203.0,13.827586206896552,2.942923473608074,48,5971.0,0.08872440967560548,48,5971.0,-0.3999999999999986
46950.0,46,1228.0,13.954545454545455,3.2538982250855613,46,5618.0,0.11081417139624651,46,5618.0,3.530000000000001
46955.0,43,1282.0,14.404494382022472,3.48877147411557,43,5320.0,0.13377113584069472,43,5320.0,2.979999999999997
46960.0,45,1325.0,15.056818181818182,3.2327468715419907,45,5538.0,0.11127520098470627,45,5538.0,-2.1799999999999997
46965.0,52,1409.0,16.011363636363637,2.7002092271287754,52,5759.0,0.08000887148530751,52,5759.0,-2.210000000000001
46970.0,52,1508.0,16.9438202247191,2.9613942180510504,52,6016.0,0.08056807717673892,52,6016.0,-2.569999999999993
46975.0,51,1570.0,17.640449438202246,3.078353123118305,51,6089.0,0.09247136867983205,51,6089.0,-0.730000000000004
46980.0,47,1590.0,17.865168539325843,3.047448442740618,47,5976.0,0.11308490060959746,47,5976.0,1.1300000000000026
46985.0,42,1585.0,17.808988764044944,3.6250563424770625,42,5839.0,0.13535697652625045,42,5839.0,1.3699999999999974
46990.0,40,1560.0,17.727272727272727,3.400761374550974,40,5526.0,0.11702745563125595,40,5526.0,3.1300000000000026
46995.0,36,1523.0,17.306818181818183,4.011164924709103,36,5215.0,0.14545112896126752,36,5215.0,3.1099999999999994
47000.0,32,1319.0,15.160919540229886,4.1557885091817095,32,5279.0,0.15010636823507487,32,5279.0,-0.6400000000000006
47005.0,34,1350.0,15.340909090909092,4.160217565597981,33,5300.0,0.16850093873978578,33,5300.0,-0.21000000000000085
47010.0,37,1452.0,16.689655172413794,4.045420729844032,37,5423.0,0.15923412817149427,37,5423.0,-1.2299999999999969
47015.0,43,1542.0,17.724137931034484,3.1627309634578156,42,5449.0,0.11396368041518108,42,5449.0,-0.2600000000000051
47020.0,45,1621.0,18.632183908045977,3.3733543763770153,45,5663.0,0.10910324397681387,45,5663.0,-2.1400000000000006
47025.0,41,1669.0,19.183908045977013,3.7100152570241014,41,5728.0,0.11750790344354999,41,5728.0,-0.6499999999999986
47030.0,39,1651.0,18.344444444444445,3.769084010846189,39,5881.0,0.12425801562979347,39,5881.0,-1.5300000000000011
47035.0,43,1710.0,18.58695652173913,3.654858937109975,43,6087.0,0.1273953357296956,43,6087.0,-2.059999999999995
47040.0,46,1819.0,20.43820224719101,3.217236052875914,46,6287.0,0.11427969955678496,46,6287.0,-2.0
47045.0,49,1298.0,14.75,3.124503191213733,49,6258.0,0.0918783369274566,49,6258.0,0.28999999999999915
47050.0,50,650.0,7.303370786516854,3.1321901991713337,50,6035.0,0.09442832239806459,50,6035.0,2.229999999999997
47055.0,49,595.0,6.538461538461538,2.9550461403800883,49,6071.0,0.10114342901744856,49,6071.0,-0.35999999999999943
47060.0,54,744.0,8.266666666666667,2.6213085876393163,54,6314.0,0.06941298184046589,54,6314.0,-2.4299999999999997
47065.0,61,938.0,10.539325842696629,2.2262736926124242,61,6605.0,0.06064344517437666,61,6605.0,-2.9099999999999966
47070.0,64,1159.0,13.02247191011236,2.119076272718844,64,6913.0,0.056822635142878504,64,6913.0,-3.0799999999999983
47075.0,62,1296.0,14.727272727272727,2.1578522544359844,62,7030.0,0.050602352142749406,62,7030.0,-1.1700000000000017
47080.0,60,1352.0,14.695652173913043,2.4965859785576563,60,6953.0,0.07164233155812255,60,6953.0,0.769999999999996
47085.0,57,1401.0,15.395604395604396,2.412737517687219,57,6867.0,0.07773129947611442,57,6867.0,0.8599999999999994
47090.0,60,1377.0,15.131868131868131,2.0604107915318277,60,6948.0,0.05670615376269702,60,6948.0,-0.8100000000000023
47095.0,59,1294.0,14.065217391304348,2.4353247523179853,59,6889.0,0.07199494625159134,59,6889.0,0.5900000000000034
47100.0,57,1314.0,14.6,2.8560422084952597,57,6909.0,0.09774123969551218,57,6909.0,-0.20000000000000284
47105.0,57,1329.0,14.445652173913043,2.7529004259108776,57,6995.0,0.07983130688879421,57,6995.0,-0.8599999999999994
47110.0,54,1308.0,14.217391304347826,2.880797226039334,54,6883.0,0.07943375890872884,54,6883.0,1.1200000000000045
47115.0,52,1272.0,13.826086956521738,3.07079432008249,52,6755.0,0.08916266935174615,52,6755.0,1.2800000000000011
47120.0,47,1217.0,13.674157303370787,3.3914192742168274,47,6419.0,0.10910128027132891,47,6419.0,3.3599999999999994
47125.0,42,1137.0,12.920454545454545,3.9471682425590378,42,6076.0,0.13789901758288572,42,6076.0,3.4299999999999997
47130.0,37,1032.0,11.466666666666667,4.17388413629041,37,5907.0,0.15546507167151366,37,5907.0,1.6899999999999977
47135.0,33,905.0,10.284090909090908,4.250694793123819,33,5553.0,0.16380654932223904,33,5553.0,3.539999999999999
47140.0,34,808.0,9.28735632183908,4.096843048235922,33,5374.0,0.1624374066208626,33,5374.0,1.7899999999999991
47145.0,35,805.0,9.25287356321839,4.123017254522158,33,5366.0,0.1621434593320055,33,5366.0,0.0800000000000054
47150.0,39,902.0,10.134831460674157,4.2615771741832145,38,5551.0,0.16216238063177,38,5551.0,-1.8500000000000014
47155.0,41,1015.0,11.277777777777779,4.1756805529703,40,5729.0,0.16047879321648664,40,5729.0,-1.7800000000000011
47160.0,37,1090.0,12.386363636363637,4.094542377100523,37,5749.0,0.15551878805930025,37,5749.0,-0.20000000000000284
47165.0,37,1133.0,13.022988505747126,4.137838068426366,37,5582.0,0.1502255102330053,37,5582.0,1.6700000000000017
47170.0,33,1199.0,13.94186046511628,4.761812210605465,33,5408.0,0.17837682712529115,33,5408.0,1.740000000000002
47175.0,33,1084.0,12.75294117647059,4.74950459851327,33,5410.0,0.1748888176388375,33,5410.0,-0.020000000000003126
47180.0,34,915.0,10.397727272727273,4.59438125820025,34,5322.0,0.16499533941155997,34,5322.0,0.8800000000000026
47185.0,38,1025.0,11.781609195402298,4.093161610749829,38,5319.0,0.1391130191673332,38,5319.0,0.030000000000001137
47190.0,45,717.0,8.147727272727273,3.451604932154233,45,5357.0,0.08203066127668977,45,5357.0,-0.38000000000000256
47195.0,44,596.0,6.930232558139535,3.478085219554744,44,5434.0,0.09069126725258292,44,5434.0,-0.7700000000000031
47200.0,46,748.0,8.69767441860465,3.6548575375512953,46,5425.0,0.11197452074993725,46,5425.0,0.09000000000000341
47205.0,47,821.0,9.224719101123595,3.387367084624579,47,5465.0,0.09995968320866626,47,5465.0,-0.3999999999999986
47210.0,45,853.0,9.804597701149426,3.1235550660253204,45,5506.0,0.09257453897669411,45,5506.0,-0.4100000000000037
47215.0,47,924.0,10.744186046511627,2.9183077314775137,47,5540.0,0.08511506129171587,47,5540.0,-0.3399999999999963
47220.0,48,1004.0,11.674418604651162,3.0794120546294015,48,5236.0,0.10765394362759989,48,5236.0,3.039999999999999
47225.0,45,1017.0,11.689655172413794,3.174244880212007,45,5367.0,0.1023664209670321,45,5367.0,-1.3100000000000023
47230.0,45,1050.0,11.931818181818182,3.3605323146284873,45,5465.0,0.1128393751320487,45,5465.0,-0.9799999999999969
47235.0,46,1124.0,12.919540229885058,3.249105586832233,46,5648.0,0.10116023267474417,46,5648.0,-1.8299999999999983
47240.0,49,1166.0,13.101123595505618,2.9340381362516896,48,5697.0,0.06852806305845795,48,5697.0,-0.490000000000002
47245.0,45,1168.0,13.123595505617978,3.2111302249661624,45,5935.0,0.08223909608066418,45,5935.0,-2.3800000000000026
47250.0,42,1149.0,12.910112359550562,3.582012256295419,42,5770.0,0.10659767689274578,42,5770.0,1.6499999999999986
47255.0,38,1113.0,12.50561797752809,3.6692403647050793,38,5412.0,0.12458643016195572,38,5412.0,3.5800000000000054
47260.0,38,1088.0,12.224719101123595,3.398208599058939,38,5580.0,0.11825287716704902,38,5580.0,-1.6799999999999997
47265.0,41,1166.0,12.955555555555556,3.1617665823355607,41,5781.0,0.09575733408782314,41,5781.0,-2.010000000000005
47270.0,45,1295.0,14.38888888888889,3.258040180391589,45,5993.0,0.10338464629256641,45,5993.0,-2.1199999999999974
47275.0,46,1056.0,12.0,3.132807399098318,46,6041.0,0.09678167839121181,46,6041.0,-0.4799999999999969
47280.0,46,878.0,9.755555555555556,3.148121699731574,46,5979.0,0.10758527838057633,46,5979.0,0.6199999999999974
47285.0,52,1043.0,11.461538461538462,3.008530297056139,52,6020.0,0.10632231539207455,52,6020.0,-0.4100000000000037
47290.0,57,1232.0,13.538461538461538,2.4849141403238444,57,6289.0,0.07010473808905796,57,6289.0,-2.6899999999999977
47295.0,60,1447.0,16.07777777777778,2.4720446498539435,60,6584.0,0.06882619298247797,60,6584.0,-2.950000000000003
47300.0,61,1673.0,18.797752808988765,2.6401835625729326,61,6889.0,0.06561931414931506,61,6889.0,-3.049999999999997
47305.0,59,1791.0,19.681318681318682,2.698360643837863,59,6963.0,0.07481062504457477,59,6963.0,-0.7399999999999949
47310.0,58,1849.0,20.318681318681318,2.6369014974342195,58,6806.0,0.08017806128933451,58,6806.0,1.5699999999999932
47315.0,60,1918.0,21.076923076923077,2.5575370035156793,60,6675.0,0.07734021933975462,60,6675.0,1.3100000000000023
47320.0,58,1900.0,21.59090909090909,2.3036377764785128,58,6876.0,0.0764297411127528,58,6876.0,-2.010000000000005
47325.0,59,1924.0,21.617977528089888,2.504755897235328,59,7098.0,0.07100743185868504,59,7098.0,-2.219999999999999
47330.0,61,1994.0,21.440860215053764,2.5010795462477042,61,7343.0,0.08102632798986427,61,7343.0,-2.450000000000003
47335.0,63,2061.0,22.64835164835165,2.1751587563003025,63,7634.0,0.06807264567492802,63,7634.0,-2.9099999999999966
47340.0,65,2158.0,24.522727272727273,1.7975072771852665,65,7958.0,0.06374631207272466,65,7958.0,-3.239999999999995
47345.0,65,2258.0,25.65909090909091,1.9712738445611835,65,8281.0,0.06513236869847702,65,8281.0,-3.230000000000004
47350.0,62,2309.0,26.238636363636363,2.198908195977575,62,8553.0,0.06402209683659811,62,8553.0,-2.719999999999999
47355.0,62,2394.0,26.307692307692307,2.428602223100123,62,8827.0,0.07722671188007715,62,8827.0,-2.739999999999995
47360.0,62,2479.0,27.24175824175824,2.5470572532257623,62,9135.0,0.08239774104060323,62,9135.0,-3.0799999999999983
47365.0,63,2573.0,28.910112359550563,2.114939762638432,63,9448.0,0.06152017075938575,63,9448.0,-3.1300000000000097
47370.0,62,2588.0,29.078651685393258,2.2891706057701144,62,9515.0,0.061360640938650526,62,9515.0,-0.6700000000000017
47375.0,62,2648.0,30.09090909090909,2.357957681535437,62,9340.0,0.07263610853348153,62,9340.0,1.75
47380.0,62,2707.0,29.747252747252748,2.4749922762327228,62,9167.0,0.08783798696530928,62,9167.0,1.730000000000004
47385.0,58,2167.0,23.813186813186814,2.338446708454081,58,9201.0,0.07730819727946492,58,9201.0,-0.3400000000000034
47390.0,57,1457.0,16.18888888888889,2.2278910301016284,57,9041.0,0.06495622384765729,57,9041.0,1.6000000000000085
47395.0,55,1315.0,14.61111111111111,2.7459451978074387,55,8953.0,0.08879745340625045,55,8953.0,0.8799999999999955
47400.0,55,1295.0,14.55056179775281,2.745260080656046,55,8975.0,0.08136598719148062,55,8975.0,-0.21999999999999886
47405.0,54,1244.0,13.521739130434783,3.036026977295786,54,8749.0,0.08807289078585417,54,8749.0,2.260000000000005
47410.0,49,1174.0,13.044444444444444,3.2352184040115315,49,8507.0,0.10627086913063383,49,8507.0,2.4200000000000017
47415.0,47,1087.0,12.213483146067416,3.2500840228605843,47,8022.0,0.10198258245423597,47,8022.0,4.849999999999994
47420.0,42,982.0,11.159090909090908,3.8218448669968863,42,7534.0,0.1338757115055147,42,7534.0,4.8799999999999955
47425.0,37,852.0,9.681818181818182,4.276659195154977,37,7264.0,0.16092503065316863,37,7264.0,2.700000000000003
47430.0,33,702.0,7.8,4.604455166501054,33,6747.0,0.17828640151126163,33,6747.0,5.170000000000002
47435.0,31,491.0,5.51685393258427,4.427060738339759,30,6715.0,0.16985166796593462,30,6715.0,0.3199999999999932
47440.0,32,399.0,4.586206896551724,4.171181236272314,32,6566.0,0.15215785327814313,32,6566.0,1.490000000000009
47445.0,36,481.0,5.726190476190476,4.379901417254979,35,6528.0,0.177972965855706,35,6528.0,0.37999999999999545
47450.0,35,401.0,4.773809523809524,4.458055865826749,35,6610.0,0.15870843246658342,35,6610.0,-0.8199999999999932
47455.0,37,494.0,5.67816091954023,4.470071149739433,37,6727.0,0.151966607343285,37,6727.0,-1.1700000000000017
47460.0,39,611.0,7.104651162790698,4.585698973156441,39,6867.0,0.1595470831490711,39,6867.0,-1.4000000000000057
47465.0,39,690.0,8.214285714285714,4.029229510807043,39,6846.0,0.12480098997784808,39,6846.0,0.21000000000000796
47470.0,41,741.0,8.821428571428571,3.9836884000905246,41,6840.0,0.12449890399502257,41,6840.0,0.05999999999998806
47475.0,42,791.0,9.305882352941177,3.978895306112228,42,6831.0,0.12296247845219913,42,6831.0,0.09000000000000341
47480.0,42,755.0,8.579545454545455,3.6783683561527623,42,6944.0,0.11133970271745859,42,6944.0,-1.1299999999999955
47485.0,44,767.0,8.617977528089888,3.677863354695459,44,7031.0,0.10864059059101776,44,7031.0,-0.8700000000000045
47490.0,47,839.0,9.64367816091954,3.420307868876819,47,7205.0,0.09359475925844125,47,7205.0,-1.7399999999999949
47495.0,48,872.0,10.13953488372093,3.161694390440633,48,7216.0,0.07517690756501912,48,7216.0,-0.10999999999999943
47500.0,43,859.0,10.349397590361447,3.2941034530548174,43,6996.0,0.09493880933156455,43,6996.0,2.200000000000003
47505.0,40,829.0,9.869047619047619,3.476893472837362,40,6770.0,0.12226094581508513,40,6770.0,2.259999999999991
47510.0,36,781.0,9.188235294117646,3.809763562566841,36,6332.0,0.13177271581487074,36,6332.0,4.380000000000003
47515.0,36,726.0,8.642857142857142,3.6125582783017958,36,5895.0,0.1246511172716972,36,5895.0,4.369999999999997
47520.0,32,712.0,8.376470588235295,4.114075370525612,32,5460.0,0.14861855574046182,32,5460.0,4.350000000000001
47525.0,30,741.0,8.821428571428571,4.211028755926018,30,5226.0,0.16834582617561905,30,5226.0,2.3400000000000034
47530.0,29,793.0,9.220930232558139,4.264676923861252,29,4813.0,0.1767110754289977,29,4813.0,4.1299999999999955
47535.0,29,848.0,9.74712643678161,4.563379436559627,28,4590.0,0.19178214470010743,28,4590.0,2.230000000000004
47540.0,31,909.0,10.329545454545455,4.4956888232421415,31,4386.0,0.1692847139802108,31,4386.0,2.039999999999999
47545.0,28,969.0,11.137931034482758,4.717741802512641,28,4349.0,0.18524912371450988,28,4349.0,0.36999999999999744
47550.0,28,622.0,7.404761904761905,4.7633404849024075,27,4482.0,0.18960758357509339,27,4482.0,-1.3299999999999983
47555.0,31,470.0,5.402298850574713,4.809257657228592,28,4614.0,0.19048630906569888,28,4614.0,-1.3200000000000003
47560.0,28,535.0,6.369047619047619,4.878064124640327,28,4757.0,0.19161580961512695,28,4757.0,-1.4299999999999997
47565.0,32,467.0,5.695121951219512,4.369787924810106,32,4801.0,0.16363822632658998,32,4801.0,-0.4399999999999977
47570.0,37,608.0,7.325301204819277,4.385259443324781,37,4855.0,0.16061095876501033,37,4855.0,-0.5399999999999991
47575.0,41,803.0,9.91358024691358,4.011631213143235,41,5011.0,0.13847148404875875,41,5011.0,-1.5600000000000023
47580.0,43,924.0,11.132530120481928,3.6632321883433936,43,5020.0,0.12210497908609859,43,5020.0,-0.09000000000000341
47585.0,44,985.0,11.726190476190476,3.433501733244708,44,5037.0,0.09614281212424035,44,5037.0,-0.1699999999999946
47590.0,47,1052.0,12.523809523809524,3.2445216571652007,47,5057.0,0.09358872763463584,47,5057.0,-0.20000000000000284
47595.0,45,1120.0,13.493975903614459,3.4734365524014312,45,4677.0,0.11044965365364597,45,4677.0,3.799999999999997
47600.0,41,1173.0,14.304878048780488,3.789494520768906,41,4304.0,0.14478996215996795,41,4304.0,3.730000000000004
47605.0,39,1194.0,14.047058823529412,3.6937927899058645,39,4486.0,0.1342801048189682,39,4486.0,-1.8200000000000003
47610.0,41,1231.0,14.149425287356323,3.59148789882312,41,4688.0,0.12449421960297741,41,4688.0,-2.020000000000003
47615.0,43,1281.0,15.070588235294117,3.281714298135118,43,4896.0,0.11227413719642242,43,4896.0,-2.0799999999999983
47620.0,42,1031.0,12.129411764705882,3.5862912860824228,42,4984.0,0.10446431676597556,42,4984.0,-0.8800000000000026
47625.0,40,987.0,11.75,3.8078658244885912,40,5006.0,0.1282777506304932,40,5006.0,-0.21999999999999886
47630.0,43,1093.0,12.420454545454545,3.855755799850393,43,5127.0,0.13517502533643563,43,5127.0,-1.2100000000000009
47635.0,43,1265.0,14.709302325581396,3.448652903132673,43,5333.0,0.11058178483856623,43,5333.0,-2.059999999999995
47640.0,48,1390.0,16.352941176470587,3.0585534941116768,48,5346.0,0.08748544519149358,48,5346.0,-0.13000000000000256
47645.0,47,1454.0,16.906976744186046,3.369771067804859,47,5150.0,0.10395056955736744,47,5150.0,1.9600000000000009
47650.0,48,1519.0,17.45977011494253,3.6151162047098055,48,4955.0,0.11993777472984103,48,4955.0,1.9500000000000028
47655.0,47,1584.0,17.797752808988765,3.594424462830012,47,4666.0,0.1204464430058014,47,4666.0,2.8900000000000006
47660.0,46,1429.0,16.238636363636363,3.2734221809564827,46,4634.0,0.1005802199857084,46,4634.0,0.3199999999999932
47665.0,46,939.0,10.670454545454545,3.0732031806831945,46,4621.0,0.08812483380146109,46,4621.0,0.13000000000000256
47670.0,43,704.0,8.091954022988507,3.2541007369598987,43,4417.0,0.10581546561773741,43,4417.0,2.039999999999999
47675.0,44,749.0,8.511363636363637,3.6440841651193754,44,4308.0,0.1296857597354012,44,4308.0,1.0900000000000034
47680.0,45,742.0,8.153846153846153,3.4398143091409334,45,4341.0,0.11289397748898876,45,4341.0,-0.3299999999999983
47685.0,45,701.0,7.876404494382022,3.4064940060893734,45,4236.0,0.12343167330608333,45,4236.0,1.0499999999999972
47690.0,45,651.0,7.233333333333333,3.504167922155646,45,4171.0,0.1164996399637769,45,4171.0,0.6499999999999986
47695.0,42,611.0,6.714285714285714,4.0642521178629565,42,3976.0,0.13137934181597488,42,3976.0,1.9500000000000028
47700.0,37,606.0,7.046511627906977,4.447839845490869,37,3790.0,0.16448662184921645,37,3790.0,1.8599999999999994
47705.0,34,632.0,7.181818181818182,4.679288028737407,34,3602.0,0.17870978559342254,34,3602.0,1.8799999999999955
47710.0,36,701.0,7.965909090909091,4.538166799347537,35,3435.0,0.17677891178006158,35,3435.0,1.6700000000000017
47715.0,38,770.0,8.850574712643677,4.123849912127628,37,3395.0,0.15047736444906756,37,3395.0,0.3999999999999986
47720.0,36,844.0,9.590909090909092,4.518732710371379,35,3354.0,0.17696068339047633,35,3354.0,0.4100000000000037
47725.0,32,761.0,8.55056179775281,4.821378088920905,31,3409.0,0.18331246469833445,31,3409.0,-0.5500000000000043
47730.0,34,624.0,6.933333333333334,4.712858540617883,32,3565.0,0.18472413025254286,32,3565.0,-1.5599999999999952
47735.0,38,698.0,7.842696629213483,4.209427089562596,38,3741.0,0.15561850459930063,38,3741.0,-1.759999999999998
47740.0,40,810.0,9.418604651162791,4.0319245841572355,40,3926.0,0.14730636506261374,40,3926.0,-1.8500000000000014
47745.0,40,960.0,11.294117647058824,4.223269553518621,40,3935.0,0.1609613179661689,40,3935.0,-0.09000000000000341
47750.0,42,1058.0,12.595238095238095,4.180020333335238,40,3969.0,0.16300101418807247,40,3969.0,-0.3399999999999963
47755.0,45,1202.0,13.659090909090908,3.8870736980086815,45,4177.0,0.1401298202385242,45,4177.0,-2.0800000000000054
47760.0,48,1326.0,15.241379310344827,3.3182527755418327,48,4270.0,0.10746738872680178,48,4270.0,-0.9299999999999997
47765.0,54,1415.0,16.079545454545453,2.9800878371430297,54,4257.0,0.0863106643270437,54,4257.0,0.13000000000000256
47770.0,53,1514.0,17.6046511627907,3.177224877250751,53,4269.0,0.10630688101683068,53,4269.0,-0.11999999999999744
47775.0,51,1269.0,14.929411764705883,3.0121637417742475,51,4390.0,0.09978455051975396,51,4390.0,-1.2100000000000009
47780.0,48,1225.0,13.764044943820224,3.337927609629908,48,4436.0,0.11277163925682937,48,4436.0,-0.46000000000000085
47785.0,49,1299.0,14.761363636363637,3.2169836547252557,49,4577.0,0.10436054560038323,49,4577.0,-1.4100000000000037
47790.0,51,1013.0,11.511363636363637,2.9712768129847777,51,4686.0,0.08575399549051788,51,4686.0,-1.0899999999999963
47795.0,50,922.0,10.477272727272727,3.147450222588826,50,4711.0,0.09025440699794239,50,4711.0,-0.25
47800.0,51,1004.0,11.540229885057471,3.410106393458829,51,4829.0,0.10925065223490092,51,4829.0,-1.1799999999999997
47805.0,51,1007.0,11.065934065934066,3.2846054877136157,51,4936.0,0.09094415727742358,51,4936.0,-1.0700000000000003
47810.0,48,993.0,10.912087912087912,3.3343556530443017,48,4887.0,0.09461446120634812,48,4887.0,0.490000000000002
47815.0,48,1029.0,11.307692307692308,3.27512467829443,48,4834.0,0.0997072548291457,48,4834.0,0.529999999999994
47820.0,46,1106.0,12.021739130434783,3.7824935525706396,46,4650.0,0.11465039950735119,46,4650.0,1.8400000000000034
47825.0,46,988.0,11.101123595505618,3.6010216317480803,46,4665.0,0.11608437995179055,46,4665.0,-0.14999999999999858
47830.0,46,738.0,8.10989010989011,3.323106332386071,46,4706.0,0.10797830907964523,46,4706.0,-0.4100000000000037
47835.0,46,746.0,8.021505376344086,3.3215478746044917,46,4618.0,0.10332273958995136,46,4618.0,0.8800000000000026
47840.0,49,710.0,7.802197802197802,2.84207445136791,49,4792.0,0.09079749372928565,49,4792.0,-1.740000000000002
47845.0,54,817.0,8.880434782608695,2.9870656903501867,54,4981.0,0.09665796642110801,54,4981.0,-1.8900000000000006
47850.0,56,941.0,10.455555555555556,2.970035935039575,56,5250.0,0.10091415421403283,56,5250.0,-2.6899999999999977
47855.0,54,924.0,10.043478260869565,3.0153259591201644,54,5444.0,0.09234302235665925,54,5444.0,-1.9399999999999977
47860.0,54,1026.0,11.152173913043478,3.332390598599507,54,5618.0,0.09631502070988217,54,5618.0,-1.740000000000002
47865.0,56,1179.0,12.815217391304348,3.098604694056647,56,5871.0,0.08279088691907982,56,5871.0,-2.530000000000001
47870.0,54,1258.0,13.824175824175825,3.162412731127874,54,5968.0,0.08270584153556042,54,5968.0,-0.9699999999999989
47875.0,54,1303.0,14.477777777777778,3.4309077672559036,54,5891.0,0.0973342030818386,54,5891.0,0.7700000000000031
47880.0,55,1348.0,14.652173913043478,3.366571065781031,55,5819.0,0.1003446260552271,55,5819.0,0.7199999999999989
47885.0,54,1390.0,15.444444444444445,3.1011221632167305,54,6086.0,0.09245841996844405,54,6086.0,-2.6700000000000017
47890.0,57,1443.0,15.857142857142858,2.807121431073021,57,6364.0,0.05611606023847184,57,6364.0,-2.780000000000001
47895.0,59,1510.0,16.96629213483146,2.7023876865406877,59,6656.0,0.06547016974073627,59,6656.0,-2.9200000000000017
47900.0,59,1535.0,16.86813186813187,2.7480389904871894,59,6769.0,0.06700787520011288,59,6769.0,-1.1299999999999955
47905.0,55,1517.0,16.311827956989248,2.9221365166194904,55,6695.0,0.08682954732019892,55,6695.0,0.7399999999999949
47910.0,50,1477.0,16.59550561797753,2.908171345140944,50,6597.0,0.1019132731986425,50,6597.0,0.980000000000004
47915.0,47,1419.0,16.310344827586206,3.092195136396766,47,6308.0,0.10791203497994784,47,6308.0,2.8900000000000006
47920.0,43,1341.0,15.776470588235295,3.3777581477964524,43,6018.0,0.12796563158014065,43,6018.0,2.8999999999999986
47925.0,39,986.0,11.6,3.636211221936673,39,6218.0,0.1408099699765707,39,6218.0,-2.0
47930.0,34,474.0,5.386363636363637,3.760607805919193,34,6184.0,0.13928153289908204,34,6184.0,0.3399999999999963
47935.0,31,354.0,4.1647058823529415,3.775384012818753,31,5980.0,0.14608381673663062,31,5980.0,2.0400000000000063
47940.0,38,453.0,5.457831325301205,3.4138802609884427,38,5863.0,0.13414861178381815,38,5863.0,1.1699999999999946
47945.0,44,423.0,4.976470588235294,3.4188304019903293,44,5993.0,0.11132290733411021,44,5993.0,-1.2999999999999972
47950.0,46,565.0,6.569767441860465,3.718633492395241,46,6134.0,0.12713714609246932,46,6134.0,-1.4100000000000037
47955.0,48,725.0,8.055555555555555,3.894022582588088,48,6360.0,0.12779060183599383,48,6360.0,-2.259999999999998
47960.0,47,833.0,9.359550561797754,3.7037499308562647,47,6561.0,0.10581075475305021,47,6561.0,-2.009999999999998
47965.0,50,1038.0,12.069767441860465,3.4551816730901455,50,6785.0,0.09567152381991571,50,6785.0,-2.239999999999995
47970.0,55,1303.0,15.329411764705883,3.3176048478942777,55,7049.0,0.09881557376329506,55,7049.0,-2.6400000000000006
47975.0,58,1440.0,16.551724137931036,3.086895081680726,58,7118.0,0.06905501553124908,58,7118.0,-0.6900000000000119
47980.0,56,1479.0,16.806818181818183,2.9375119430115975,56,6980.0,0.08239166907542216,56,6980.0,1.3800000000000097
47985.0,53,1504.0,17.28735632183908,3.037651418024953,53,6832.0,0.09687922470872476,53,6832.0,1.480000000000004
47990.0,52,1519.0,17.870588235294118,2.8169378468963178,52,6481.0,0.0883569391642723,52,6481.0,3.509999999999991
47995.0,50,1524.0,17.517241379310345,3.3247002972265993,50,6166.0,0.11612510362886777,50,6166.0,3.1500000000000057
48000.0,45,1466.0,16.850574712643677,3.307476898757204,45,6364.0,0.11798441646518604,45,6364.0,-1.980000000000004
48005.0,47,1453.0,16.701149425287355,3.1893376616075044,47,6589.0,0.11781305369524935,47,6589.0,-2.25
48010.0,50,1451.0,16.67816091954023,3.1324385437301094,50,6829.0,0.11464773684168461,50,6829.0,-2.4000000000000057
48015.0,49,1414.0,16.25287356321839,3.055532600075975,49,6880.0,0.08735882594869651,49,6880.0,-0.5099999999999909
48020.0,44,1329.0,15.275862068965518,3.5962696702948316,44,6721.0,0.11999457470188568,44,6721.0,1.5900000000000034
48025.0,39,1219.0,14.011494252873563,3.883070825859886,39,6731.0,0.13952234844001551,39,6731.0,-0.10000000000000853
48030.0,34,1090.0,12.386363636363637,4.192173476882883,34,6530.0,0.14573256675200713,34,6530.0,2.010000000000005
48035.0,29,985.0,11.32183908045977,4.458717311137382,29,6317.0,0.1659486183810652,29,6317.0,2.1299999999999955
48040.0,28,933.0,10.976470588235294,4.520868615372691,28,5923.0,0.1669595432511738,28,5923.0,3.940000000000005
48045.0,28,913.0,10.869047619047619,4.423283569230394,28,6011.0,0.1649208152878457,28,6011.0,-0.8800000000000026
48050.0,35,999.0,12.036144578313253,4.018924861342756,34,6133.0,0.14683203950911788,34,6133.0,-1.2199999999999989
48055.0,37,1107.0,13.023529411764706,3.8723530864928293,37,6310.0,0.14865755850919182,37,6310.0,-1.7700000000000031
48060.0,36,1176.0,14.168674698795181,3.777207100886604,36,6304.0,0.1230099083582704,36,6304.0,0.060000000000002274
48065.0,35,1205.0,14.518072289156626,3.690742838466888,35,6112.0,0.1175547016389118,35,6112.0,1.9200000000000017
48070.0,33,1231.0,14.654761904761905,4.027322652631972,33,5916.0,0.1443902672742023,33,5916.0,1.9600000000000009
48075.0,31,1284.0,15.105882352941176,4.144781965624356,31,6060.0,0.1431287395599382,31,6060.0,-1.4400000000000048
48080.0,36,1379.0,15.49438202247191,4.176694352611819,36,6232.0,0.14311540908567963,36,6232.0,-1.7199999999999989
48085.0,42,1500.0,17.045454545454547,3.8250472330615666,42,6426.0,0.11960123494913315,42,6426.0,-1.9400000000000048
48090.0,47,1209.0,13.89655172413793,3.342029284390331,47,6394.0,0.0944339032714709,47,6394.0,0.3200000000000074
48095.0,46,686.0,8.070588235294117,3.221412382817028,46,6179.0,0.10378954297076738,46,6179.0,2.1499999999999986
48100.0,45,644.0,7.759036144578313,3.2442506929038335,45,6044.0,0.12068633432530913,45,6044.0,1.3500000000000014
48105.0,48,801.0,9.423529411764706,3.2519412091229976,48,5890.0,0.12250049249665741,48,5890.0,1.5399999999999991
48110.0,48,859.0,9.988372093023257,3.0688107795365234,48,5917.0,0.10053052243060458,48,5917.0,-0.2700000000000031
48115.0,47,853.0,10.035294117647059,2.7974502397234633,47,5743.0,0.08366219391912669,47,5743.0,1.740000000000002
48120.0,46,896.0,10.666666666666666,3.2200361301030487,46,5565.0,0.10633946918319181,46,5565.0,1.7800000000000011
48125.0,47,772.0,9.19047619047619,3.1801069664178305,47,5712.0,0.1065402067897004,47,5712.0,-1.4699999999999989
48130.0,50,826.0,9.386363636363637,3.29842330655016,50,5858.0,0.09653880435194488,50,5858.0,-1.4600000000000009
48135.0,52,908.0,10.318181818181818,3.3700396881251207,52,6102.0,0.10708293190139558,52,6102.0,-2.440000000000005
48140.0,53,951.0,10.685393258426966,2.982565663662333,53,6147.0,0.06582927351370349,53,6147.0,-0.44999999999999574
48145.0,50,954.0,10.6,3.2578039854333825,50,5968.0,0.07912426833532882,50,5968.0,1.7899999999999991
48150.0,46,942.0,10.704545454545455,3.2939535748753688,46,5990.0,0.10405331628449412,46,5990.0,-0.21999999999999886
48155.0,45,790.0,8.777777777777779,3.3377986758643208,45,6094.0,0.10336622390441161,45,6094.0,-1.0399999999999991
48160.0,44,648.0,7.2,3.4443512006931765,44,6208.0,0.10436767978702136,44,6208.0,-1.1400000000000006
48165.0,43,608.0,7.069767441860465,3.0422555143407983,43,6345.0,0.0896855212834466,43,6345.0,-1.3700000000000045
48170.0,44,547.0,6.511904761904762,3.047071444073581,44,6330.0,0.0985994012016427,44,6330.0,0.15000000000000568
48175.0,41,505.0,6.158536585365853,3.239704170804881,41,6091.0,0.11622882767884357,41,6091.0,2.3900000000000006
48180.0,41,550.0,6.395348837209302,3.6052016935816646,41,5850.0,0.1298234562831669,41,5850.0,2.4099999999999966
48185.0,42,550.0,6.470588235294118,3.316777384077129,41,5978.0,0.11662358652820054,41,5978.0,-1.2800000000000011
48190.0,44,578.0,6.72093023255814,2.9476495796566664,44,6192.0,0.08150442154765433,44,6192.0,-2.1400000000000006
48195.0,45,636.0,7.482352941176471,3.074769462782885,45,6307.0,0.09900167215113623,45,6307.0,-1.1499999999999986
48200.0,45,664.0,8.0,2.9106177516452916,45,6305.0,0.09602193805370905,45,6305.0,0.020000000000003126
48205.0,41,678.0,7.976470588235294,3.2297714055754008,41,6067.0,0.11432280843964365,41,6067.0,2.3799999999999955
48210.0,41,723.0,8.505882352941176,3.418186925482781,41,5843.0,0.12681007506102515,41,5843.0,2.240000000000002
48215.0,43,772.0,8.873563218390805,3.314306018893455,43,5424.0,0.11276106252836954,43,5424.0,4.189999999999998
48220.0,39,767.0,8.918604651162791,3.4054458298182437,39,5589.0,0.1196873509457599,39,5589.0,-1.6499999999999986
48225.0,41,811.0,9.430232558139535,3.5890997184793823,41,5772.0,0.12496405309047992,41,5772.0,-1.8299999999999983
48230.0,41,856.0,9.839080459770114,3.602390369237524,41,5969.0,0.12811703943117186,41,5969.0,-1.9699999999999989
48235.0,39,883.0,10.388235294117647,3.725436563914426,39,5948.0,0.13659214966659183,39,5948.0,0.21000000000000085
48240.0,41,932.0,10.964705882352941,3.6263737668764024,41,5740.0,0.12172166580003957,41,5740.0,2.0799999999999983
48245.0,42,987.0,11.75,3.6213534457736642,42,5572.0,0.12996976607042143,42,5572.0,1.6799999999999997
48250.0,38,630.0,7.411764705882353,3.746255607427355,38,5609.0,0.12474204321579864,38,5609.0,-0.37000000000000455
48255.0,36,454.0,5.159090909090909,3.8806283653948728,36,5548.0,0.1357549273853811,36,5548.0,0.6100000000000065
48260.0,37,491.0,5.709302325581396,4.067499324356104,37,5581.0,0.1516244278761617,37,5581.0,-0.3300000000000054
48265.0,39,522.0,6.289156626506024,3.3559112080216655,39,5571.0,0.10343748765156571,39,5571.0,0.10000000000000142
48270.0,40,572.0,6.975609756097561,3.4741649113272093,40,5387.0,0.11487258719834267,40,5387.0,1.8400000000000034
48275.0,41,622.0,7.404761904761905,3.64858007415395,41,5216.0,0.125763798513319,41,5216.0,1.7100000000000009
48280.0,37,618.0,7.103448275862069,3.6234462474439924,37,5351.0,0.11863188679193175,37,5351.0,-1.3500000000000014
48285.0,38,656.0,7.627906976744186,3.659266080265454,38,5495.0,0.12141682325342562,38,5495.0,-1.4400000000000048
48290.0,42,707.0,8.220930232558139,3.455766605752037,42,5694.0,0.11256850822585654,42,5694.0,-1.9899999999999949
48295.0,42,746.0,8.574712643678161,3.4431368195737035,42,5708.0,0.101113207759386,42,5708.0,-0.14000000000000057
48300.0,39,785.0,9.022988505747126,3.871885562459967,39,5522.0,0.11928288542903417,39,5522.0,1.8599999999999994
48305.0,39,830.0,9.431818181818182,3.9358461413149084,39,5338.0,0.13711241527499976,39,5338.0,1.8399999999999963
48310.0,39,743.0,8.540229885057471,3.6346847913685583,38,5464.0,0.11551318966717997,38,5464.0,-1.259999999999998
48315.0,41,790.0,9.186046511627907,3.2601126381649737,41,5671.0,0.08700298140307083,41,5671.0,-2.0700000000000003
48320.0,42,849.0,10.107142857142858,3.2953420055862406,42,5808.0,0.10359756237079083,42,5808.0,-1.3699999999999974
48325.0,43,872.0,10.380952380952381,3.2090800230376124,43,5822.0,0.10076524726033805,43,5822.0,-0.14000000000000057
48330.0,39,900.0,10.714285714285714,3.3453209313855075,39,5625.0,0.11811009172212915,39,5625.0,1.9699999999999989
48335.0,39,945.0,11.25,3.493132734226014,39,5481.0,0.1280421802341185,39,5481.0,1.4399999999999977
48340.0,41,549.0,6.458823529411765,3.039239838131421,41,5509.0,0.08844367096811336,41,5509.0,-0.28000000000000114
48345.0,37,326.0,3.880952380952381,3.334697452511259,37,5430.0,0.1072617677682193,37,5430.0,0.7900000000000063
48350.0,40,368.0,4.329411764705882,3.705173481793949,40,5446.0,0.13000113117766243,40,5446.0,-0.1600000000000037
48355.0,41,378.0,4.395348837209302,3.463164274188161,41,5469.0,0.11763231918767575,41,5469.0,-0.22999999999999687
48360.0,38,390.0,4.588235294117647,3.45835667823195,38,5489.0,0.10926643655054973,38,5489.0,-0.20000000000000284
48365.0,40,431.0,5.011627906976744,3.227958490546047,40,5508.0,0.09248298408207606,40,5508.0,-0.18999999999999773
48370.0,41,480.0,5.454545454545454,3.499962776812801,41,5191.0,0.10696086900819889,41,5191.0,3.1700000000000017
48375.0,37,515.0,5.988372093023256,3.8542104063315414,37,4862.0,0.1347939915125782,37,4862.0,3.289999999999999
48380.0,35,536.0,6.160919540229885,3.8734653700280335,34,4699.0,0.151502843360312,34,4699.0,1.6299999999999955
48385.0,32,545.0,6.411764705882353,3.9450172260054455,30,4370.0,0.15618920580622217,30,4370.0,3.289999999999999
48390.0,32,574.0,6.752941176470588,3.9351993965408645,31,4212.0,0.15057604935979776,31,4212.0,1.5800000000000054
48395.0,32,479.0,5.7023809523809526,3.8879051483972957,30,4279.0,0.14558426768663668,30,4279.0,-0.6700000000000017
48400.0,34,549.0,6.383720930232558,4.232475758606637,34,4356.0,0.15980250896773537,34,4356.0,-0.7700000000000031
48405.0,35,639.0,7.344827586206897,4.245698101119603,35,4513.0,0.1655155453854104,35,4513.0,-1.5700000000000003
48410.0,34,685.0,7.784090909090909,4.338332327883936,34,4510.0,0.14813972330803535,34,4510.0,0.030000000000001137
48415.0,32,692.0,8.046511627906977,4.326592852148063,32,4335.0,0.14216340603527847,32,4335.0,1.75
48420.0,29,720.0,8.674698795180722,4.705390944853249,29,4147.0,0.17172758711027633,29,4147.0,1.8800000000000026
48425.0,28,779.0,9.385542168674698,5.2034505486564155,28,3803.0,0.19438491314546144,28,3803.0,3.4399999999999977
48430.0,28,839.0,9.755813953488373,5.313292794056977,28,3509.0,0.2050639639685086,28,3509.0,2.9399999999999977
48435.0,29,657.0,7.551724137931035,4.916512564940509,28,3514.0,0.17589998909286245,28,3514.0,-0.04999999999999716
48440.0,30,570.0,6.627906976744186,4.453659178252691,30,3462.0,0.14426062883593632,30,3462.0,0.5200000000000031
48445.0,35,658.0,7.651162790697675,4.733033956330211,35,3507.0,0.1591756618098741,35,3507.0,-0.45000000000000284
48450.0,36,715.0,8.511904761904763,4.621853609667139,36,3649.0,0.14743495612163085,36,3649.0,-1.4200000000000017
48455.0,38,821.0,9.658823529411764,4.770315000478424,38,3827.0,0.14596994394523835,38,3827.0,-1.7800000000000011
48460.0,39,935.0,11.265060240963855,4.376525597405822,39,4018.0,0.13270326548163408,39,4018.0,-1.9099999999999966
48465.0,39,1006.0,12.419753086419753,4.0252134200283365,39,4055.0,0.11449861708474851,39,4055.0,-0.36999999999999744
48470.0,40,1056.0,13.037037037037036,4.2449526674882865,40,3930.0,0.13455403879101174,40,3930.0,1.25
48475.0,39,1106.0,13.825,4.409680597282,39,3821.0,0.1496913664771083,39,3821.0,1.0899999999999963
48480.0,39,1156.0,14.271604938271604,4.139185047899744,39,3586.0,0.1364988732803806,39,3586.0,2.3500000000000014
48485.0,37,1201.0,14.646341463414634,4.417001241311155,37,3384.0,0.14578582405391943,37,3384.0,2.019999999999996
48490.0,36,1127.0,13.91358024691358,3.9327586484133725,36,3497.0,0.12432475204524807,36,3497.0,-1.1299999999999955
48495.0,36,1155.0,14.807692307692308,3.7767115549754218,36,3609.0,0.1365732453774091,36,3609.0,-1.1200000000000045
48500.0,37,1190.0,15.454545454545455,4.029908486955218,37,3784.0,0.15121083673963392,37,3784.0,-1.75
48505.0,35,1186.0,14.641975308641975,4.16921302393717,35,3822.0,0.14119327391216993,35,3822.0,-0.37999999999999545
48510.0,33,1138.0,14.049382716049383,4.487951770774739,33,3728.0,0.1598306070500479,33,3728.0,0.9399999999999977
48515.0,30,1101.0,13.592592592592593,4.4216404273389855,30,3626.0,0.15605328007677452,30,3626.0,1.0200000000000031
48520.0,28,1115.0,13.597560975609756,4.906795899636448,28,3404.0,0.17613167458459592,28,3404.0,2.219999999999999
48525.0,26,1168.0,14.24390243902439,5.301060356590043,26,3182.0,0.195084217754702,26,3182.0,2.219999999999999
48530.0,28,1229.0,14.630952380952381,5.421399493131577,28,3093.0,0.21047827794820656,28,3093.0,0.8900000000000006
48535.0,27,1291.0,15.74390243902439,5.154079484415155,27,2917.0,0.20272368744296543,27,2917.0,1.759999999999998
48540.0,30,1357.0,16.349397590361445,4.84434289356491,29,2860.0,0.17649007172455605,29,2860.0,0.5700000000000003
48545.0,26,1424.0,17.580246913580247,4.99643392493247,26,2728.0,0.190718927706132,26,2728.0,1.3200000000000003
48550.0,26,1477.0,18.935897435897434,4.888824177047228,24,2762.0,0.20888290842314605,24,2762.0,-0.33999999999999986
48555.0,21,873.0,10.777777777777779,4.9827792273903855,21,2872.0,0.20855716667295632,21,2872.0,-1.0999999999999979
48560.0,23,343.0,4.234567901234568,4.786356067323875,23,2979.0,0.1920099836332598,23,2979.0,-1.0700000000000003
48565.0,31,401.0,5.0125,4.310679637701529,31,3112.0,0.15852658695207492,31,3112.0,-1.3300000000000018
48570.0,36,554.0,6.925,4.146540765373065,36,3035.0,0.15846141679863962,36,3035.0,0.7699999999999996
48575.0,33,540.0,6.666666666666667,4.239874904205769,33,3155.0,0.15599187718282037,33,3155.0,-1.1999999999999993
48580.0,38,640.0,7.619047619047619,4.072373082256146,38,3284.0,0.1425906465723288,38,3284.0,-1.2900000000000027
48585.0,47,859.0,10.349397590361447,3.505378542586363,47,3496.0,0.1130265620161846,47,3496.0,-2.1199999999999974
48590.0,52,1006.0,12.120481927710843,2.932641799973748,52,3630.0,0.06485684106976496,52,3630.0,-1.3399999999999963
48595.0,51,1086.0,13.08433734939759,3.1615604181035284,51,3660.0,0.08287127637405467,51,3660.0,-0.30000000000000426
48600.0,48,1156.0,13.761904761904763,3.385675086854648,48,3797.0,0.09800407351588332,48,3797.0,-1.3699999999999974
48605.0,44,1209.0,14.223529411764705,3.6037113784207175,44,3920.0,0.12114353310433706,44,3920.0,-1.230000000000004
48610.0,42,961.0,11.305882352941177,3.3561797706658676,42,3907.0,0.10485403555053753,42,3907.0,0.13000000000000256
48615.0,41,916.0,10.904761904761905,3.2792806824947474,41,3946.0,0.10499088872750587,41,3946.0,-0.39000000000000057
48620.0,42,950.0,11.585365853658537,3.3365601077679874,42,4083.0,0.11100600449599031,42,4083.0,-1.3699999999999974
48625.0,42,845.0,10.180722891566266,3.412811254566754,42,4018.0,0.10193916109639313,42,4018.0,0.6499999999999986
48630.0,39,628.0,7.218390804597701,3.596792658238962,39,3730.0,0.11456400849128612,39,3730.0,2.8800000000000026
48635.0,36,496.0,5.7011494252873565,3.770911317769384,36,3522.0,0.12670966459568653,36,3522.0,2.0799999999999983
48640.0,38,596.0,6.930232558139535,3.6263328040873453,38,3298.0,0.1097698255772627,38,3298.0,2.240000000000002
48645.0,41,771.0,9.070588235294117,3.721168054467747,41,3297.0,0.11671343200508588,41,3297.0,0.00999999999999801
48650.0,46,871.0,10.011494252873563,3.317338076563487,46,3373.0,0.0921979788311756,46,3373.0,-0.759999999999998
48655.0,45,901.0,10.123595505617978,3.4041266894837494,45,3334.0,0.0993656820695152,45,3334.0,0.38999999999999346
48660.0,45,931.0,10.344444444444445,3.840746786833578,45,3298.0,0.11982371198557074,45,3298.0,0.36000000000000654
48665.0,48,891.0,9.791208791208792,3.539276945836783,48,3480.0,0.07037698049302941,48,3480.0,-1.8200000000000003
48670.0,49,939.0,10.793103448275861,3.6633092503324223,49,3697.0,0.07740975375492715,49,3697.0,-2.1700000000000017
48675.0,51,994.0,11.833333333333334,3.471066383205132,51,3945.0,0.07967016743144478,51,3945.0,-2.480000000000004
48680.0,49,1003.0,11.528735632183908,3.4043231114201626,49,4054.0,0.08240290799387244,49,4054.0,-1.0899999999999963
48685.0,44,960.0,11.162790697674419,3.5408193799816576,44,4009.0,0.1044423770994068,44,4009.0,0.44999999999999574
48690.0,44,906.0,10.534883720930232,3.392677344861421,44,3959.0,0.09989840999712479,44,3959.0,0.5
48695.0,43,844.0,9.929411764705883,3.3195208330180983,43,4167.0,0.09486329580713272,43,4167.0,-2.0799999999999983
48700.0,45,794.0,9.232558139534884,3.4986067010149484,45,4389.0,0.10021688785525584,45,4389.0,-2.219999999999999
48705.0,45,751.0,8.534090909090908,3.51460003387708,45,4612.0,0.10318164016369667,45,4612.0,-2.229999999999997
48710.0,42,718.0,8.547619047619047,3.278952294953899,42,4686.0,0.10056451448511634,42,4686.0,-0.740000000000002
48715.0,40,705.0,8.597560975609756,3.032112947223971,40,4608.0,0.09954099698748584,40,4608.0,0.7800000000000011
48720.0,41,760.0,9.620253164556962,3.0494286937137622,41,4540.0,0.12156926026638547,41,4540.0,0.6799999999999997
48725.0,41,571.0,7.1375,2.9504860735125478,41,4644.0,0.10796180693557528,41,4644.0,-1.0399999999999991
48730.0,40,567.0,6.75,3.2213116716812404,40,4699.0,0.11783676388698654,40,4699.0,-0.5500000000000043
48735.0,42,622.0,7.317647058823529,3.427234617167212,42,4852.0,0.12327710906891721,42,4852.0,-1.5300000000000011
48740.0,42,642.0,7.642857142857143,3.0830565953070765,42,4917.0,0.09018989549609523,42,4917.0,-0.6499999999999986
48745.0,39,655.0,8.08641975308642,3.304479762742621,39,4831.0,0.11082808194853923,39,4831.0,0.8599999999999994
48750.0,39,700.0,8.75,3.5328106491446922,39,4746.0,0.13122277534334134,39,4746.0,0.8500000000000014
48755.0,39,744.0,8.75294117647059,3.759543548014588,39,4537.0,0.13512906007505796,39,4537.0,2.0900000000000034
48760.0,35,774.0,9.0,4.1453259493359305,35,4319.0,0.14895985658933453,35,4319.0,2.1799999999999997
48765.0,35,465.0,5.344827586206897,3.8928537615365255,35,4490.0,0.13087756991439325,35,4490.0,-1.7100000000000009
48770.0,33,310.0,3.6470588235294117,3.9093880279432622,33,4524.0,0.13213730663462128,33,4524.0,-0.3400000000000034
48775.0,32,351.0,4.228915662650603,4.18798445207627,32,4464.0,0.15263882254234723,32,4464.0,0.6000000000000014
48780.0,38,413.0,4.8023255813953485,4.012444286181337,38,4494.0,0.14349560572684805,38,4494.0,-0.29999999999999716
48785.0,37,457.0,5.376470588235295,4.196541478958042,37,4405.0,0.14513518227829023,37,4405.0,0.8900000000000006
48790.0,37,492.0,5.857142857142857,4.0460985690881515,37,4312.0,0.1334790242997393,37,4312.0,0.9299999999999997
48795.0,33,359.0,4.273809523809524,4.157664969625257,33,4408.0,0.1345348420825166,33,4408.0,-0.9600000000000009
48800.0,34,380.0,4.634146341463414,4.434350551834161,34,4495.0,0.15242119899301312,34,4495.0,-0.8700000000000045
48805.0,35,447.0,5.321428571428571,4.5295674263917585,35,4659.0,0.1611002874683882,35,4659.0,-1.6400000000000006
48810.0,37,516.0,6.2926829268292686,4.123816500317455,37,4696.0,0.13583012746067757,37,4696.0,-0.36999999999999744
48815.0,41,562.0,6.690476190476191,3.672292548160164,41,4593.0,0.09914093441083481,41,4593.0,1.0300000000000011
48820.0,39,616.0,7.512195121951219,3.727471661433326,39,4494.0,0.12552118896402953,39,4494.0,0.990000000000002
48825.0,38,651.0,7.939024390243903,3.7201694130578624,38,4674.0,0.11869442405017164,38,4674.0,-1.8000000000000043
48830.0,39,698.0,8.409638554216867,3.4724194749613555,39,4868.0,0.1182351191811353,39,4868.0,-1.9399999999999977
48835.0,42,759.0,9.144578313253012,3.1740565404355747,42,5066.0,0.1091423034472796,42,5066.0,-1.9799999999999969
48840.0,43,832.0,9.904761904761905,2.836388491664953,43,5112.0,0.07753585239283003,43,5112.0,-0.46000000000000085
48845.0,43,897.0,10.80722891566265,2.9868021197159487,43,5007.0,0.10200489406021433,43,5007.0,1.0499999999999972
48850.0,43,962.0,11.590361445783133,3.2307695922400703,43,4907.0,0.1187210754373061,43,4907.0,1.0
48855.0,43,795.0,9.244186046511627,3.0814062970479306,42,4961.0,0.1125479268294701,42,4961.0,-0.5399999999999991
48860.0,40,629.0,7.2298850574712645,3.0890750483717997,40,5168.0,0.09974791596990899,40,5168.0,-2.0700000000000003
48865.0,42,677.0,7.872093023255814,2.9687635358520166,42,5127.0,0.09668537181559214,42,5127.0,0.4099999999999966
48870.0,46,716.0,8.229885057471265,2.891975093115263,46,5181.0,0.09381002184890527,46,5181.0,-0.5399999999999991
48875.0,43,766.0,8.906976744186046,3.2930677561434405,43,5076.0,0.11129617510942112,43,5076.0,1.0500000000000043
48880.0,43,831.0,9.662790697674419,3.3296332481094386,43,4972.0,0.12411588698681925,43,4972.0,1.0399999999999991
48885.0,43,895.0,10.28735632183908,3.426182310123466,43,4727.0,0.1255775462009545,43,4727.0,2.4499999999999957
48890.0,42,953.0,10.954022988505747,3.428760440724838,42,4497.0,0.11669662586902564,42,4497.0,2.3000000000000043
48895.0,38,613.0,6.965909090909091,3.6835616395744397,38,4543.0,0.12534301213728563,38,4543.0,-0.46000000000000085
48900.0,36,463.0,5.383720930232558,3.82281737644912,36,4494.0,0.14830401740457178,36,4494.0,0.490000000000002
48905.0,36,525.0,6.0344827586206895,4.128049114778953,36,4527.0,0.16213400176838783,36,4527.0,-0.3300000000000054
48910.0,40,602.0,6.840909090909091,3.947478439438933,40,4563.0,0.12715557682039888,40,4563.0,-0.35999999999999943
48915.0,42,663.0,7.534090909090909,3.6710035593928922,42,4457.0,0.1102956992636042,42,4457.0,1.0600000000000023
48920.0,39,718.0,8.067415730337078,4.149333633903499,39,4341.0,0.13579210324388968,39,4341.0,1.1600000000000037
48925.0,37,591.0,6.793103448275862,3.9932474933454416,36,4383.0,0.14062280553142073,36,4383.0,-0.4200000000000017
48930.0,35,452.0,5.022222222222222,4.188243594258723,35,4567.0,0.14045711380750842,35,4567.0,-1.8400000000000034
48935.0,34,508.0,5.707865168539326,4.332152714444896,34,4498.0,0.14915790245213997,34,4498.0,0.6900000000000048
48940.0,41,629.0,7.2298850574712645,3.8527660107549213,41,4506.0,0.12695667052652918,41,4506.0,-0.0800000000000054
48945.0,46,718.0,8.25287356321839,3.4012055721124517,46,4550.0,0.09664958649149036,46,4550.0,-0.4399999999999977
48950.0,44,772.0,8.772727272727273,3.7245268643221086,44,4434.0,0.11343646875488593,44,4434.0,1.1599999999999966
48955.0,41,812.0,8.923076923076923,4.103245183270435,41,4320.0,0.129447620281788,41,4320.0,1.1400000000000006
48960.0,39,806.0,9.264367816091953,3.8457443587362827,38,4479.0,0.12214158707446388,38,4479.0,-1.5899999999999963
48965.0,42,840.0,9.767441860465116,3.3668439510269272,42,4684.0,0.09169532538149021,42,4684.0,-2.0500000000000043
48970.0,45,938.0,11.166666666666666,3.3001084205128524,45,4877.0,0.10318742615021298,45,4877.0,-1.9299999999999997
48975.0,46,1022.0,12.166666666666666,3.2263687144795146,46,4933.0,0.09962638190900525,46,4933.0,-0.5599999999999952
48980.0,46,1077.0,12.238636363636363,3.3640331172343796,46,4824.0,0.10635759888117498,46,4824.0,1.0899999999999963
48985.0,43,1125.0,12.784090909090908,3.5346145911220077,43,4709.0,0.11547620673876482,43,4709.0,1.1499999999999986
48990.0,43,791.0,9.091954022988507,3.0559813827008098,43,4775.0,0.09046920156506853,43,4775.0,-0.6599999999999966
48995.0,41,652.0,7.494252873563219,3.283344700180419,41,4758.0,0.10613413519594697,41,4758.0,0.1700000000000017
49000.0,43,687.0,8.08235294117647,3.362498875716865,43,4833.0,0.1196512345477336,43,4833.0,-0.75
49005.0,43,468.0,5.318181818181818,3.296258210515086,43,4922.0,0.11394943988755912,43,4922.0,-0.8900000000000006
49010.0,41,431.0,5.011627906976744,3.370373953084679,41,4933.0,0.11553683324390275,41,4933.0,-0.10999999999999943
49015.0,47,578.0,6.64367816091954,3.1929338621688657,47,5045.0,0.09866044825041502,47,5045.0,-1.1200000000000045
49020.0,53,757.0,8.701149425287356,3.017633778606588,53,5279.0,0.08611584369246948,53,5279.0,-2.3399999999999963
49025.0,53,895.0,10.28735632183908,3.1129409687873646,53,5541.0,0.08390381715163582,53,5541.0,-2.6199999999999974
49030.0,53,1077.0,11.966666666666667,3.137298541045019,53,5723.0,0.08095884112134816,53,5723.0,-1.8200000000000003
49035.0,54,1274.0,14.155555555555555,3.2924519288837812,54,5983.0,0.08864971093433853,54,5983.0,-2.6000000000000014
49040.0,54,1356.0,15.409090909090908,2.7827684498642964,54,6049.0,0.06464378044328868,54,6049.0,-0.6600000000000037
49045.0,55,1381.0,15.51685393258427,3.050556342566796,55,5930.0,0.06918603967489934,55,5930.0,1.1900000000000048
49050.0,55,1405.0,16.337209302325583,3.0981294977791562,55,5810.0,0.09078480786573802,55,5810.0,1.1999999999999957
49055.0,51,1296.0,14.89655172413793,2.93987875061903,51,6008.0,0.09035758760499503,51,6008.0,-1.9799999999999969
49060.0,53,1306.0,15.011494252873563,2.91816897869318,53,6232.0,0.07930634017192505,53,6232.0,-2.240000000000002
49065.0,55,1329.0,15.275862068965518,2.6991904582865938,55,6485.0,0.06469028060103334,55,6485.0,-2.529999999999994
49070.0,54,1312.0,15.619047619047619,2.611215542264141,54,6560.0,0.0678126716711577,54,6560.0,-0.75
49075.0,49,1242.0,15.146341463414634,2.9084684304193247,49,6420.0,0.09178778157520996,49,6420.0,1.3999999999999915
49080.0,44,1147.0,13.654761904761905,3.382743791059591,44,6256.0,0.1193936787025673,44,6256.0,1.6400000000000006
49085.0,40,968.0,11.804878048780488,3.4804183444668495,40,6420.0,0.121130511574728,40,6420.0,-1.6400000000000006
49090.0,41,844.0,10.292682926829269,3.336912813768537,41,6605.0,0.10330783291125162,41,6605.0,-1.8499999999999943
49095.0,42,728.0,9.1,3.290105817155714,42,6812.0,0.11187751223497217,42,6812.0,-2.0700000000000074
49100.0,39,564.0,7.230769230769231,3.35415649313072,39,6814.0,0.11137574778179266,39,6814.0,-0.01999999999999602
49105.0,35,418.0,5.225,3.6297530737625614,35,6601.0,0.12689354600222635,35,6601.0,2.1299999999999955
49110.0,35,443.0,5.5375,3.849278192571327,35,6385.0,0.14037762588124128,35,6385.0,2.1600000000000037
49115.0,38,473.0,5.7682926829268295,3.60773741384069,38,6013.0,0.11702428600625217,38,6013.0,3.719999999999999
49120.0,34,498.0,6.148148148148148,4.0614832180605225,34,5657.0,0.14443692611542575,34,5657.0,3.5600000000000023
49125.0,31,508.0,6.430379746835443,4.390376219602194,31,5295.0,0.1739064174462591,31,5295.0,3.6199999999999974
49130.0,29,508.0,6.271604938271605,4.494564625829105,28,5102.0,0.18679664034178733,28,5102.0,1.9299999999999997
49135.0,24,515.0,6.3580246913580245,4.864582315065528,24,4727.0,0.2011397897201223,24,4727.0,3.75
49140.0,27,338.0,4.172839506172839,4.504739653669846,26,4753.0,0.1769475713105113,26,4753.0,-0.259999999999998
49145.0,30,367.0,4.530864197530864,4.675152500098411,29,4758.0,0.18389236162516193,29,4758.0,-0.04999999999999716
49150.0,31,437.0,5.4625,4.986742420857597,30,4876.0,0.19796001874033195,30,4876.0,-1.1799999999999997
49155.0,29,465.0,5.535714285714286,5.1594160317796485,29,4849.0,0.18539068869792424,29,4849.0,0.269999999999996
49160.0,25,452.0,5.580246913580247,5.400677060045368,25,4625.0,0.19680446978791483,25,4625.0,2.240000000000002
49165.0,24,458.0,5.871794871794871,5.444854710273297,24,4402.0,0.19967525583352358,24,4402.0,2.229999999999997
49170.0,24,503.0,6.448717948717949,5.762973134174996,24,4031.0,0.21299846962206667,24,4031.0,3.710000000000001
49175.0,27,542.0,6.860759493670886,5.464404125549074,27,4145.0,0.20146613556328602,27,4145.0,-1.1400000000000006
49180.0,31,612.0,7.463414634146342,4.985409281195259,31,4292.0,0.16958673706551197,31,4292.0,-1.4699999999999989
49185.0,36,707.0,8.621951219512194,4.630085439559835,36,4460.0,0.1359362588799235,36,4460.0,-1.6799999999999997
49190.0,37,523.0,6.45679012345679,4.2016986718734755,37,4524.0,0.1068590084866474,37,4524.0,-0.6400000000000006
49195.0,35,537.0,6.7125,4.410055327889204,35,4528.0,0.13473988165579326,35,4528.0,-0.03999999999999915
49200.0,36,641.0,8.113924050632912,4.467682213519249,36,4624.0,0.15264579901230016,36,4624.0,-0.9600000000000009
49205.0,40,785.0,10.194805194805195,3.800987974845035,40,4814.0,0.12825524143081543,40,4814.0,-1.8999999999999986
49210.0,43,988.0,13.0,3.6595836010072786,43,5019.0,0.11775716233378823,43,5019.0,-2.049999999999997
49215.0,50,1222.0,15.87012987012987,3.2229084849732654,50,5253.0,0.08385129489622527,50,5253.0,-2.3400000000000034
49220.0,52,1346.0,17.946666666666665,2.848146434782126,52,5312.0,0.07378494362023974,52,5312.0,-0.5899999999999963
49225.0,49,1367.0,18.472972972972972,2.953595988334694,49,5164.0,0.09668299864556727,49,5164.0,1.4799999999999969
49230.0,44,1370.0,18.026315789473685,3.2532594844524167,44,5005.0,0.1231544379099493,44,5005.0,1.5900000000000034
49235.0,41,1355.0,17.82894736842105,3.437715154502934,41,4668.0,0.13068646398548808,41,4668.0,3.3699999999999974
49240.0,39,1328.0,17.473684210526315,3.7172461616608126,39,4337.0,0.14865545905888394,39,4337.0,3.3100000000000023
49245.0,38,1289.0,16.525641025641026,3.9301065068100276,38,4003.0,0.15765460466673556,38,4003.0,3.3399999999999963
49250.0,33,1236.0,15.846153846153847,4.25970489503609,33,3839.0,0.17376373773270934,33,3839.0,1.6400000000000006
49255.0,34,1068.0,13.518987341772151,4.017120280113142,34,4006.0,0.16239394251947892,34,4006.0,-1.6700000000000017
49260.0,33,997.0,12.620253164556962,4.106699956859036,33,4111.0,0.16494564284436888,33,4111.0,-1.0499999999999972
49265.0,40,942.0,11.62962962962963,3.605926493196345,39,4284.0,0.13529253558231719,39,4284.0,-1.730000000000004
49270.0,39,891.0,11.0,3.7284059712973856,39,4294.0,0.1390727310268112,39,4294.0,-0.09999999999999432
49275.0,34,865.0,10.548780487804878,4.192121588862883,34,4105.0,0.1646255397844724,34,4105.0,1.8900000000000006
49280.0,32,881.0,10.614457831325302,4.298071237313622,32,3914.0,0.17795061111934685,32,3914.0,1.9099999999999966
49285.0,29,929.0,11.19277108433735,4.5714261300858805,29,3561.0,0.19668288581575188,29,3561.0,3.530000000000001
49290.0,31,928.0,11.180722891566266,4.15746527591668,31,3667.0,0.16024267185585456,31,3667.0,-1.0600000000000023
49295.0,37,1018.0,12.414634146341463,3.9523807866367617,37,3816.0,0.1658396498057279,37,3816.0,-1.4899999999999949
49300.0,41,1133.0,13.817073170731707,3.6975715319886335,41,4007.0,0.13744156097104565,41,4007.0,-1.9100000000000037
49305.0,41,1157.0,13.453488372093023,3.8172588220477786,41,4134.0,0.12359567747935922,41,4134.0,-1.2700000000000031
49310.0,41,1261.0,14.494252873563218,4.019772921285777,41,4238.0,0.1288081672454548,41,4238.0,-1.0399999999999991
49315.0,45,1395.0,15.852272727272727,3.798227321789437,45,4432.0,0.11467375105460952,45,4432.0,-1.9399999999999977
49320.0,43,1452.0,16.88372093023256,3.663122074805936,43,4458.0,0.10726321665339868,43,4458.0,-0.259999999999998
49325.0,40,1485.0,17.678571428571427,3.8905071299285017,40,4299.0,0.12481850990303728,40,4299.0,1.5899999999999963
49330.0,40,1535.0,17.848837209302324,4.203935935321129,40,4136.0,0.1469245289988342,40,4136.0,1.6300000000000026
49335.0,41,1585.0,18.2183908045977,4.217945731965157,41,3890.0,0.13699052779572332,41,3890.0,2.460000000000001
49340.0,42,1642.0,18.873563218390803,4.077118258744092,42,3708.0,0.12131907951154744,42,3708.0,1.8200000000000003
49345.0,43,1694.0,19.697674418604652,3.920661193337154,42,3914.0,0.11801274559479127,42,3914.0,-2.0600000000000023
49350.0,42,1751.0,20.845238095238095,3.948839933181816,42,4123.0,0.12213997808711169,42,4123.0,-2.0899999999999963
49355.0,43,1806.0,20.75862068965517,4.0754487940535125,43,4323.0,0.13366252621617175,43,4323.0,-2.0
49360.0,45,1875.0,22.321428571428573,3.5713090087651955,45,4543.0,0.11500066353356425,45,4543.0,-2.200000000000003
49365.0,45,1880.0,22.38095238095238,3.2670811518013947,45,4723.0,0.10151199240136861,45,4723.0,-1.7999999999999972
49370.0,47,1964.0,23.38095238095238,3.3906386789072522,47,4931.0,0.11264888062049667,47,4931.0,-2.0800000000000054
49375.0,49,2094.0,24.928571428571427,3.4588438368566496,49,5171.0,0.1224242265417534,49,5171.0,-2.3999999999999986
49380.0,51,2278.0,25.886363636363637,3.2735130144570763,51,5407.0,0.10763784931491566,51,5407.0,-2.3599999999999994
49385.0,53,2527.0,29.729411764705883,3.0202390717181355,53,5667.0,0.10721463413892694,53,5667.0,-2.6000000000000014
49390.0,59,2812.0,33.87951807228916,2.3069830562877605,59,5951.0,0.07882371085565273,59,5951.0,-2.8399999999999963
49395.0,63,2974.0,34.98823529411764,2.1324009887393887,63,6091.0,0.06145955784895463,63,6091.0,-1.3999999999999986
49400.0,61,3038.0,36.602409638554214,2.0713133415277305,61,6071.0,0.07412477458168326,61,6071.0,0.19999999999999574
49405.0,58,3088.0,35.906976744186046,2.412488227178893,58,6038.0,0.09636417643070665,58,6038.0,0.3299999999999983
49410.0,54,2310.0,26.86046511627907,2.3855254694848056,54,6021.0,0.08971661106452136,54,6021.0,0.1700000000000017
49415.0,53,1459.0,16.579545454545453,2.3426072793328383,53,5772.0,0.0762250605952489,53,5772.0,2.490000000000002
49420.0,50,1190.0,13.370786516853933,2.8448950911225346,50,5607.0,0.10259691517976172,50,5607.0,1.6499999999999986
49425.0,52,1157.0,12.855555555555556,2.920333202104367,52,5694.0,0.09842162096613685,52,5694.0,-0.8699999999999974
49430.0,56,1106.0,12.153846153846153,2.544674588083306,56,5801.0,0.07581691660759757,56,5801.0,-1.0700000000000003
49435.0,51,1046.0,11.494505494505495,2.905984240959752,51,5899.0,0.09352515725441833,51,5899.0,-0.980000000000004
49440.0,50,925.0,10.277777777777779,2.539027835079629,50,5957.0,0.06794721917152209,50,5957.0,-0.5799999999999983
49445.0,45,760.0,8.539325842696629,2.908736801232565,45,5889.0,0.09036505340207462,45,5889.0,0.6799999999999997
49450.0,44,654.0,7.431818181818182,3.384873474792414,44,5893.0,0.11744776325544515,44,5893.0,-0.03999999999999915
49455.0,44,556.0,6.1098901098901095,3.243059580299249,44,5934.0,0.09690935665142075,44,5934.0,-0.4100000000000037
49460.0,43,489.0,5.49438202247191,3.0999793864309533,42,5972.0,0.09150418397770559,42,5972.0,-0.37999999999999545
49465.0,46,543.0,6.241379310344827,2.6197283896026327,46,6021.0,0.07290539699791397,46,6021.0,-0.490000000000002
49470.0,46,602.0,6.919540229885057,2.83864168796146,46,5900.0,0.08696954155973527,46,5900.0,1.2100000000000009
49475.0,42,647.0,7.436781609195402,3.170930509568622,42,5778.0,0.1148156350198344,42,5778.0,1.2199999999999989
49480.0,39,677.0,7.522222222222222,3.5733342493849216,39,5489.0,0.13895453569519403,39,5489.0,2.8900000000000006
49485.0,36,695.0,7.808988764044944,3.463835652066816,35,5210.0,0.12950511605779433,35,5210.0,2.789999999999999
49490.0,35,584.0,6.712643678160919,3.3663642647538152,34,5227.0,0.1250568457977891,34,5227.0,-0.1700000000000017
49495.0,41,678.0,7.793103448275862,3.404464403244226,39,5418.0,0.11962699895349659,39,5418.0,-1.9099999999999966
49500.0,45,794.0,9.022727272727273,3.4992607879053836,44,5635.0,0.11895623055626967,44,5635.0,-2.1700000000000017
49505.0,44,887.0,9.747252747252746,3.626221982198036,44,5695.0,0.12166521804679833,44,5695.0,-0.6000000000000014
49510.0,39,937.0,10.647727272727273,3.5364654005813403,39,5580.0,0.12750138087058766,39,5580.0,1.1500000000000057
49515.0,37,973.0,11.183908045977011,3.846411471074617,37,5456.0,0.14374635670562078,37,5456.0,1.2399999999999949
49520.0,33,697.0,8.2,3.910659659458636,33,5500.0,0.14303098849081147,33,5500.0,-0.4399999999999977
49525.0,35,686.0,8.070588235294117,4.025231646313702,35,5485.0,0.15101720974974142,35,5485.0,0.14999999999999858
49530.0,38,799.0,9.079545454545455,4.1660399071264065,38,5571.0,0.16142327373915522,38,5571.0,-0.8599999999999994
49535.0,42,696.0,7.820224719101123,3.7036432300770517,42,5622.0,0.13036292215098577,42,5622.0,-0.509999999999998
49540.0,44,607.0,6.7444444444444445,3.207045788245291,44,5707.0,0.09052464876167028,44,5707.0,-0.8500000000000014
49545.0,48,776.0,8.818181818181818,3.2645924018170103,48,5748.0,0.09866217192045555,48,5748.0,-0.4099999999999966
49550.0,51,870.0,10.116279069767442,2.9088983310381176,51,5816.0,0.08919648123985442,51,5816.0,-0.6799999999999997
49555.0,49,899.0,9.988888888888889,2.928588181740724,49,5885.0,0.09274233407886232,49,5885.0,-0.6900000000000048
49560.0,45,921.0,10.12087912087912,3.143415127530493,45,5935.0,0.10085563879626563,45,5935.0,-0.5
49565.0,46,983.0,10.684782608695652,3.160172618026788,46,5633.0,0.10430527179190474,46,5633.0,3.020000000000003
49570.0,46,1058.0,11.755555555555556,3.3717080262985277,46,5529.0,0.12849918487974818,46,5529.0,1.0399999999999991
49575.0,52,1144.0,12.571428571428571,3.103611874219742,52,5770.0,0.09513528640109903,52,5770.0,-2.4100000000000037
49580.0,49,970.0,10.43010752688172,3.1288270643196023,49,5861.0,0.098396116485866,49,5861.0,-0.9099999999999966
49585.0,46,828.0,9.409090909090908,2.851687561947663,46,5956.0,0.10014958080331478,46,5956.0,-0.9500000000000028
49590.0,49,785.0,8.820224719101123,2.6288068547166588,49,6073.0,0.08001437190210503,49,6073.0,-1.1699999999999946
49595.0,51,803.0,8.922222222222222,2.8981261777183493,51,6162.0,0.08993401635863131,51,6162.0,-0.8900000000000006
49600.0,53,908.0,10.088888888888889,3.123326720269695,53,6347.0,0.09917325295573773,53,6347.0,-1.8500000000000014
49605.0,52,927.0,10.076086956521738,3.0845576863101662,52,6419.0,0.09655593026210582,52,6419.0,-0.7199999999999989
49610.0,48,891.0,9.791208791208792,3.013063489956909,48,6478.0,0.0814274250984164,48,6478.0,-0.5900000000000034
49615.0,47,905.0,10.284090909090908,2.8718053359355467,47,6521.0,0.089089251379829,47,6521.0,-0.4299999999999926
49620.0,47,758.0,8.51685393258427,3.0218920580590636,47,6662.0,0.08821556719571073,47,6662.0,-1.4100000000000108
49625.0,50,799.0,8.97752808988764,3.1901816139905437,50,6770.0,0.09806566147440443,50,6770.0,-1.0799999999999983
49630.0,56,904.0,9.720430107526882,3.0338034964217524,56,6993.0,0.09079281131005855,56,6993.0,-2.230000000000004
49635.0,54,972.0,10.68131868131868,2.8975113803677615,54,7064.0,0.08181610472086463,54,7064.0,-0.7099999999999937
49640.0,54,996.0,10.826086956521738,2.749086520715315,54,6920.0,0.062157471301659,54,6920.0,1.4399999999999977
49645.0,51,1015.0,11.404494382022472,2.912062426785389,51,6771.0,0.09748754798647766,51,6771.0,1.490000000000009
49650.0,48,1020.0,11.590909090909092,3.1991115517184117,48,6424.0,0.11152486871492127,48,6424.0,3.469999999999999
49655.0,44,1006.0,11.177777777777777,3.548922307764891,44,6079.0,0.13131525426786667,44,6079.0,3.4499999999999957
49660.0,38,965.0,10.722222222222221,3.851156859614036,38,5731.0,0.14204465044579484,38,5731.0,3.479999999999997
49665.0,38,702.0,7.887640449438202,3.619919767608801,38,5917.0,0.1222111137203045,38,5917.0,-1.8599999999999994
49670.0,41,418.0,4.75,3.7476710913667763,40,6111.0,0.12397407479107336,40,6111.0,-1.9399999999999977
49675.0,43,520.0,5.977011494252873,3.6747437868337927,43,6123.0,0.1313683713312015,43,6123.0,-0.11999999999999744
49680.0,41,550.0,6.25,3.651943606168743,41,6140.0,0.13223773907317496,41,6140.0,-0.1700000000000017
49685.0,38,550.0,6.32183908045977,3.794183431396123,38,5952.0,0.1499864494154792,38,5952.0,1.8799999999999955
49690.0,40,584.0,6.636363636363637,3.8995222277382173,40,5755.0,0.15172024288440183,40,5755.0,1.970000000000006
49695.0,37,587.0,6.747126436781609,4.067713464331824,37,5757.0,0.15240718311609575,37,5757.0,-0.020000000000003126
49700.0,33,574.0,6.674418604651163,4.302115844525161,33,5764.0,0.1578281822366978,33,5764.0,-0.07000000000000028
49705.0,37,657.0,7.3,4.365906202436872,37,5674.0,0.1714413763940016,37,5674.0,0.8999999999999986
49710.0,42,510.0,5.795454545454546,3.687390951502586,42,5764.0,0.1372733713316288,42,5764.0,-0.8999999999999986
49715.0,48,591.0,6.872093023255814,3.0022324163797376,48,5826.0,0.08905691811393648,48,5826.0,-0.6199999999999974
49720.0,49,759.0,8.929411764705883,3.1969339934843855,49,5997.0,0.101079128033293,49,5997.0,-1.7100000000000009
49725.0,50,842.0,9.790697674418604,3.131785927265888,50,6029.0,0.09803123328773432,50,6029.0,-0.3200000000000003
49730.0,46,851.0,9.455555555555556,3.2401973164015203,46,6055.0,0.09321615271093309,46,6055.0,-0.259999999999998
49735.0,43,875.0,9.831460674157304,3.2923551574649057,43,6062.0,0.10317513732197843,43,6062.0,-0.07000000000000028
49740.0,45,936.0,10.51685393258427,3.2094263617838017,45,5654.0,0.09693255528136213,45,5654.0,4.079999999999998
49745.0,46,1006.0,11.054945054945055,3.5400371529166867,46,5271.0,0.11672143386277563,46,5271.0,3.8299999999999983
49750.0,44,1075.0,11.813186813186814,3.837867321364661,44,5123.0,0.13069835023176304,44,5123.0,1.480000000000004
49755.0,40,859.0,9.544444444444444,3.746348503027897,40,5052.0,0.14066754820328528,40,5052.0,0.7099999999999937
49760.0,39,837.0,9.404494382022472,3.6495371940154717,39,5092.0,0.1323105974222518,39,5092.0,-0.3999999999999986
49765.0,44,890.0,9.780219780219781,3.650651705035025,44,5237.0,0.12265395656917975,44,5237.0,-1.4499999999999957
49770.0,43,910.0,10.11111111111111,3.661548882091604,43,5272.0,0.11308845075040538,43,5272.0,-0.3500000000000014
49775.0,40,890.0,10.113636363636363,3.953921971056889,40,5120.0,0.12842860678449686,40,5120.0,1.519999999999996
49780.0,36,856.0,9.406593406593407,4.463236050017959,36,4967.0,0.15420020250011207,36,4967.0,1.5300000000000011
49785.0,32,609.0,6.766666666666667,4.458459071121139,31,4958.0,0.14900326291932187,31,4958.0,0.09000000000000341
49790.0,30,319.0,3.5842696629213484,4.28043774468439,30,5116.0,0.13265929994461503,30,5116.0,-1.5799999999999983
49795.0,33,395.0,4.488636363636363,4.458383195320824,33,4985.0,0.14906180369436028,33,4985.0,1.3099999999999952
49800.0,38,505.0,5.872093023255814,4.362926534813458,38,4888.0,0.1533440951156918,38,4888.0,0.9699999999999989
49805.0,44,580.0,6.51685393258427,3.703659161934701,44,4905.0,0.11226138564107561,44,4905.0,-0.1699999999999946
49810.0,42,624.0,7.172413793103448,3.8465126298931356,42,4777.0,0.12291030155362143,42,4777.0,1.279999999999994
49815.0,43,659.0,8.036585365853659,3.2555275594655964,43,4642.0,0.10537412907287977,43,4642.0,1.3500000000000014
49820.0,38,455.0,5.481927710843373,3.4209847325615317,38,4744.0,0.10374312871808967,38,4744.0,-1.019999999999996
49825.0,36,434.0,5.228915662650603,3.876101974068893,36,4791.0,0.13058074217595392,36,4791.0,-0.46999999999999886
49830.0,40,517.0,6.011627906976744,3.9453647402245853,40,4941.0,0.1349139696393733,40,4941.0,-1.5
49835.0,43,581.0,6.8352941176470585,3.5413544544783435,43,4969.0,0.11565982091756037,43,4969.0,-0.28000000000000114
49840.0,45,622.0,7.317647058823529,3.0115743485580895,45,5012.0,0.0720226262762487,45,5012.0,-0.4299999999999997
49845.0,42,658.0,7.651162790697675,3.3951724579571723,42,5049.0,0.10079425799763253,42,5049.0,-0.37000000000000455
49850.0,38,676.0,7.952941176470588,3.679224406210732,38,4721.0,0.1265835192503035,38,4721.0,3.280000000000001
49855.0,36,678.0,7.617977528089888,3.9309859667843505,36,4387.0,0.14846120464889792,36,4387.0,3.3400000000000034
49860.0,32,664.0,7.545454545454546,4.112871745810784,32,4221.0,0.1585961518142174,32,4221.0,1.6599999999999966
49865.0,33,499.0,5.8023255813953485,3.6624564716183188,33,4217.0,0.13534127391933365,33,4217.0,0.03999999999999915
49870.0,36,489.0,5.752941176470588,3.7598654507937375,36,4390.0,0.12797081770695976,36,4390.0,-1.7299999999999969
49875.0,38,563.0,6.7023809523809526,3.6737516796357053,38,4457.0,0.12364380251185783,38,4457.0,-0.6700000000000017
49880.0,40,602.0,6.764044943820225,3.70046748898495,40,4611.0,0.1290306776920373,40,4611.0,-1.5399999999999991
49885.0,44,734.0,8.340909090909092,3.6073267953297803,44,4808.0,0.12941530999421097,44,4808.0,-1.9699999999999989
49890.0,48,885.0,10.290697674418604,3.129153213673351,48,5037.0,0.10824951344829165,48,5037.0,-2.289999999999999
49895.0,46,959.0,11.151162790697674,3.352459996456898,46,5087.0,0.10337830804739703,46,5087.0,-0.5
49900.0,42,988.0,11.623529411764705,3.71078710466514,42,4931.0,0.12261782999195199,42,4931.0,1.5599999999999952
49905.0,41,1047.0,12.03448275862069,3.990837094692149,41,4793.0,0.1480909253485215,41,4793.0,1.3800000000000026
49910.0,41,1107.0,12.724137931034482,3.900714910305575,41,4497.0,0.1399822709497511,41,4497.0,2.960000000000001
49915.0,47,1181.0,13.574712643678161,3.471663083407903,47,4716.0,0.11006523885149166,47,4716.0,-2.1899999999999977
49920.0,50,1280.0,15.058823529411764,3.191369593476046,50,4960.0,0.09815041395377946,50,4960.0,-2.440000000000005
49925.0,52,1390.0,16.352941176470587,3.220809429212998,52,5215.0,0.09384891531158356,52,5215.0,-2.549999999999997
49930.0,50,1456.0,16.735632183908045,3.1964706534058966,50,5292.0,0.09781386038086724,50,5292.0,-0.7700000000000031
49935.0,48,1476.0,16.96551724137931,2.9968538290162234,48,5180.0,0.09772304948000157,48,5180.0,1.1200000000000045
49940.0,46,1489.0,17.114942528735632,3.0556434479520256,46,5104.0,0.10402919702094646,46,5104.0,0.759999999999998
49945.0,45,1490.0,17.126436781609197,3.139544318152482,45,5325.0,0.1048422928531423,45,5325.0,-2.210000000000001
49950.0,48,1509.0,17.344827586206897,3.2333292895846393,48,5560.0,0.1087256987713089,48,5560.0,-2.3500000000000014
49955.0,48,1584.0,18.0,3.1147246342100705,48,5798.0,0.11085850075095317,48,5798.0,-2.3799999999999955
49960.0,46,1658.0,19.057471264367816,3.1063449752964734,46,5870.0,0.107053042611364,46,5870.0,-0.720000000000006
49965.0,48,1743.0,19.806818181818183,2.880515069104966,48,5804.0,0.09068356579513455,48,5804.0,0.6600000000000037
49970.0,50,1838.0,20.886363636363637,2.9131560854655434,50,5753.0,0.09767769068017124,50,5753.0,0.509999999999998
49975.0,46,1924.0,22.372093023255815,3.170691523204474,46,5564.0,0.11752928736283437,46,5564.0,1.8900000000000006
49980.0,42,1430.0,15.88888888888889,3.408592905473489,42,5572.0,0.1236879516975301,42,5572.0,-0.0799999999999983
49985.0,39,1009.0,11.337078651685394,3.2677834241669177,39,5424.0,0.12128424880600266,39,5424.0,1.4799999999999969
49990.0,42,1063.0,11.68131868131868,3.5318202424886485,42,5364.0,0.12485225201394694,42,5364.0,0.6000000000000014
49995.0,45,855.0,9.715909090909092,3.301605801336891,45,5369.0,0.10472250645871373,45,5369.0,-0.04999999999999716
50000.0,47,525.0,5.965909090909091,3.4258348566848413,47,5242.0,0.11338570681095532,47,5242.0,1.269999999999996
50005.0,50,635.0,6.827956989247312,3.6164743003290787,50,5200.0,0.12505884301448505,50,5200.0,0.4200000000000017
