step,system_total_stopped,system_total_waiting_time,system_mean_waiting_time,system_mean_speed,J0_stopped,J0_stopped_cross_check,J0_accumulated_waiting_time,J0_average_speed,J0_average_speed_2,J0_average_speed_cross_check,agents_total_stopped,agents_total_accumulated_waiting_time,reward
5.0,0,0.0,0.0,3.2,0,0,0.0,0.17162902512407424,3.2,3.2,0,0.0,0.0
10.0,0,0.0,0.0,7.199999999999999,0,0,0.0,0.38616530652916703,7.199999999999999,7.199999999999999,0,0.0,0.0
15.0,0,0.0,0.0,7.085714285714287,0,0,0.0,0.3764525305427529,7.085714285714287,7.085714285714287,0,0.0,0.0
20.0,0,0.0,0.0,11.085714285714287,0,0,0.0,0.582030892082174,11.085714285714289,11.085714285714287,0,0.0,0.0
25.0,3,0.0,0.0,10.149969252994083,3,3,0.0,0.527416590633696,10.149969252994083,10.149969252994083,3,0.0,0.0
30.0,0,0.0,0.0,12.801020366432505,0,0,0.0,0.6591619423238453,12.801020366432505,12.801020366432505,0,0.0,0.0
35.0,0,0.0,0.0,14.528518004742955,0,0,0.0,0.7467816851655424,14.528518004742955,14.528518004742955,0,0.0,0.0
40.0,2,3.0,0.23076923076923078,9.294420928125115,2,2,3.0,0.4938918006327426,9.294420928125115,9.294420928125115,2,3.0,-0.03
45.0,3,18.0,1.3846153846153846,10.557258582558479,3,3,18.0,0.5484000979261794,10.557258582558479,10.557258582558479,3,18.0,-0.15
50.0,2,22.0,1.375,6.9834898012934294,2,2,22.0,0.3659055243589104,7.1080156887595285,6.9834898012934294,2,22.0,-0.04000000000000001
55.0,4,42.0,2.625,8.63813250862361,4,4,36.0,0.4551074759644196,8.559100197327751,8.63813250862361,4,36.0,-0.13999999999999999
60.0,4,62.0,3.875,9.303957161409457,4,4,62.0,0.4957386724685288,9.269313160299323,9.303957161409457,4,62.0,-0.26
65.0,5,62.0,3.1,7.463281389452978,5,5,62.0,0.3900916115674186,7.423219413187378,7.463281389452978,5,62.0,0.0
70.0,5,87.0,4.35,9.033152000695335,5,5,67.0,0.4495332223062345,8.634646704161872,9.033152000695335,5,67.0,-0.050000000000000044
75.0,7,115.0,5.0,7.2366726124102545,7,7,115.0,0.3355813899351387,6.4695690400278005,7.2366726124102545,7,115.0,-0.47999999999999987
80.0,5,64.0,2.782608695652174,8.467124211910612,5,5,64.0,0.4043764627193204,8.191654000781499,8.467124211910612,5,64.0,0.5099999999999999
85.0,7,77.0,2.9615384615384617,7.738778233529784,7,7,40.0,0.3667139904812595,7.156293196158542,7.738778233529784,7,40.0,0.24
90.0,6,104.0,4.0,8.700793634458346,6,6,104.0,0.4384568173261425,8.28644949553573,8.700793634458346,6,104.0,-0.64
95.0,3,38.0,1.52,8.97838237429848,3,3,38.0,0.4709755244217599,8.971162960267815,8.97838237429848,3,38.0,0.66
100.0,5,45.0,1.6071428571428572,7.848773526972558,5,5,5.0,0.3659822689415038,6.777402979070465,7.848773526972558,5,5.0,0.33
105.0,5,70.0,2.5925925925925926,9.238045241453097,5,5,70.0,0.4793136455390581,8.70189477845423,9.238045241453097,5,70.0,-0.6499999999999999
110.0,4,84.0,2.896551724137931,7.405090387737444,4,4,84.0,0.32628820107834894,5.971976342738687,7.405090387737444,4,84.0,-0.14
115.0,6,113.0,4.035714285714286,8.240199760349531,6,6,107.0,0.38261826665377413,7.111176421971483,8.240199760349531,6,107.0,-0.2300000000000001
120.0,6,143.0,5.107142857142857,9.243823090690128,6,6,143.0,0.4543288086333367,8.448379657905537,9.243823090690128,6,143.0,-0.3599999999999999
125.0,4,59.0,1.903225806451613,8.384526451953842,4,4,59.0,0.39983851955158173,7.481271478057437,8.384526451953842,4,59.0,0.84
130.0,3,54.0,1.7419354838709677,9.344710484508578,3,3,8.0,0.4632657407674299,8.841867400960455,9.344710484508578,3,8.0,0.51
135.0,5,72.0,2.1818181818181817,8.386878241024823,5,5,72.0,0.3935969549566257,7.059294378450906,8.386878241024823,5,72.0,-0.64
140.0,5,58.0,1.8125,9.083045346409403,5,5,58.0,0.4680514577772005,8.596804951980705,9.083045346409403,5,58.0,0.14
145.0,7,83.0,2.59375,9.031923126958738,7,7,46.0,0.4158450945476207,7.912448633019789,9.031923126958738,7,46.0,0.11999999999999994
150.0,8,118.0,3.933333333333333,8.46219249828536,8,8,118.0,0.3762735938320147,7.258773950409342,8.46219249828536,8,118.0,-0.72
155.0,5,64.0,2.1333333333333333,8.80060995123202,5,5,64.0,0.4178349978970105,8.04712678188695,8.80060995123202,5,64.0,0.5399999999999999
160.0,7,81.0,2.4545454545454546,7.546590793344432,7,7,42.0,0.33084306821706727,5.9180678907966655,7.546590793344432,7,42.0,0.22000000000000003
165.0,7,116.0,3.7419354838709675,8.704396210481534,7,7,116.0,0.44181364752594304,7.675650411364942,8.704396210481534,7,116.0,-0.74
170.0,7,140.0,4.516129032258065,7.075077081085834,7,7,140.0,0.30539285328439975,5.676875809779385,7.075077081085834,7,140.0,-0.24
175.0,9,183.0,6.1,7.638800412395219,9,9,176.0,0.3338403419948423,6.348699360843245,7.638800412395219,9,176.0,-0.3600000000000001
180.0,9,228.0,7.862068965517241,7.717168988998888,9,9,228.0,0.34342403293163426,6.561391390099865,7.717168988998888,9,228.0,-0.5199999999999998
185.0,9,168.0,5.25,6.644969047390173,9,9,168.0,0.270030701098868,5.3625139278618725,6.644969047390173,9,168.0,0.5999999999999999
190.0,7,185.0,6.166666666666667,7.645619866835146,7,7,142.0,0.37013434124442524,7.0067067100674665,7.645619866835146,7,142.0,0.26
195.0,8,222.0,7.161290322580645,6.745702061089011,8,8,222.0,0.3226261159347033,5.993001339966689,6.745702061089011,8,222.0,-0.8000000000000003
200.0,7,109.0,3.5161290322580645,7.656642713078807,7,7,109.0,0.38629045798434125,7.289690925885695,7.656642713078807,7,109.0,1.1300000000000001
205.0,7,74.0,2.176470588235294,7.274831947405955,7,7,13.0,0.3319117342662746,6.236576171423749,7.274831947405955,7,13.0,0.9600000000000001
210.0,6,103.0,3.0294117647058822,8.534594490688743,6,6,103.0,0.4263487828304941,7.816582194671412,8.534594490688743,6,103.0,-0.9
215.0,5,42.0,1.2727272727272727,8.556278690288483,5,5,42.0,0.4284515711862802,8.236776278493654,8.556278690288483,5,42.0,0.6100000000000001
220.0,7,58.0,1.6111111111111112,7.728152207362929,7,7,19.0,0.3197380610466886,6.112730293333961,7.728152207362929,7,19.0,0.22999999999999998
225.0,7,93.0,2.657142857142857,8.731113249366814,7,7,93.0,0.423083779126368,7.91656150118113,8.731113249366814,7,93.0,-0.74
230.0,5,59.0,1.6857142857142857,7.517012588751482,5,5,59.0,0.3027271271871992,5.862086105408501,7.517012588751482,5,59.0,0.3400000000000001
235.0,6,87.0,2.5588235294117645,8.655085777433495,6,6,59.0,0.39358321890851344,7.4862214224902965,8.655085777433495,6,59.0,0.0
240.0,6,117.0,3.5454545454545454,8.856529764088496,6,6,117.0,0.4139214547021581,7.552049864282629,8.856529764088496,6,117.0,-0.58
245.0,5,63.0,1.8,7.828498325552644,5,5,63.0,0.33574915204486644,6.222137924658227,7.828498325552644,5,63.0,0.5399999999999999
250.0,3,59.0,1.7352941176470589,9.320938011512062,3,3,31.0,0.47483535302808083,8.669480432827468,9.320938011512062,3,31.0,0.32
255.0,4,75.0,2.142857142857143,8.88317679123303,4,4,75.0,0.43091843587001316,7.675461673096032,8.88317679123303,4,75.0,-0.44
260.0,6,60.0,1.7142857142857142,9.246220148956068,5,6,59.0,0.46702971574799873,8.801809977338896,9.246220148956068,5,59.0,0.16000000000000003
265.0,7,84.0,2.4705882352941178,8.561942003323308,7,7,47.0,0.36796631006781877,6.912182520214031,8.561942003323308,7,47.0,0.12
270.0,8,122.0,3.588235294117647,8.778112156015247,8,8,122.0,0.3774047769064311,7.104767469308573,8.778112156015247,8,122.0,-0.75
275.0,5,64.0,2.0,9.128903616840354,5,5,64.0,0.4437409479126348,8.302186307261728,9.128903616840354,5,64.0,0.58
280.0,5,76.0,2.375,7.85397792568976,5,5,37.0,0.3503705870180606,6.408964807028788,7.85397792568976,5,37.0,0.27
285.0,7,109.0,3.5161290322580645,8.667622894315867,7,7,109.0,0.4225863258784226,7.534281679903118,8.667622894315867,7,109.0,-0.7200000000000001
290.0,7,80.0,2.5806451612903225,7.1349933506136205,7,7,80.0,0.32564181750530047,5.789408691980491,7.1349933506136205,7,80.0,0.29000000000000004
295.0,6,105.0,3.5,8.18920506971676,6,6,77.0,0.38538601570587777,7.003690637515143,8.18920506971676,6,77.0,0.030000000000000027
300.0,6,135.0,4.5,9.238593280883498,6,6,135.0,0.461184134687788,8.327445536450343,9.238593280883498,6,135.0,-0.5800000000000001
305.0,6,59.0,1.84375,7.6483658002464665,6,6,59.0,0.31477540686342936,6.152711081747941,7.6483658002464665,6,59.0,0.7600000000000001
310.0,4,60.0,2.0,9.164308320063922,4,4,17.0,0.43986099279196283,8.556402909463957,9.164308320063922,4,17.0,0.41999999999999993
315.0,6,82.0,2.5625,8.175167609580432,6,6,82.0,0.3700865419541177,7.108643219242102,8.175167609580432,6,82.0,-0.6499999999999999
320.0,6,73.0,2.3548387096774195,8.785880661914298,6,6,73.0,0.43269015487122536,8.445138874644345,8.785880661914298,6,73.0,0.08999999999999997
325.0,9,103.0,3.0294117647058822,7.976421338944379,9,9,67.0,0.33055457493315854,6.467390664436044,7.976421338944379,9,67.0,0.05999999999999994
330.0,9,144.0,4.363636363636363,8.39202984627262,9,9,144.0,0.3526541388747894,7.141598170775071,8.39202984627262,9,144.0,-0.7699999999999999
335.0,6,95.0,3.064516129032258,8.363863197060956,6,6,95.0,0.37758307039324057,7.57998743124409,8.363863197060956,6,95.0,0.49
340.0,8,116.0,3.515151515151515,7.244518323801971,8,8,80.0,0.3067660210388492,5.715581098266586,7.244518323801971,8,80.0,0.1499999999999999
345.0,8,156.0,4.875,8.246643276163553,8,8,156.0,0.39781247972576395,7.269238888694025,8.246643276163553,8,156.0,-0.76
350.0,9,197.0,5.628571428571429,7.178427330977872,9,9,197.0,0.28682773469151995,5.533154771572261,7.178427330977872,9,197.0,-0.4099999999999999
355.0,7,125.0,3.787878787878788,7.911947439789635,7,7,125.0,0.35928992973168333,6.918309998037499,7.911947439789635,7,125.0,0.72
360.0,5,128.0,4.266666666666667,7.963231036724369,5,5,82.0,0.3808414482664484,7.070166874735276,7.963231036724369,5,82.0,0.43000000000000005
365.0,7,160.0,5.161290322580645,7.358744109222288,7,7,160.0,0.3546702398170649,6.477128871850693,7.358744109222288,7,160.0,-0.7800000000000001
370.0,5,73.0,2.3548387096774195,8.159161476147608,5,5,73.0,0.42112048042603006,7.84429219223584,8.159161476147608,5,73.0,0.8700000000000001
375.0,3,57.0,1.7272727272727273,7.659625045348242,3,3,10.0,0.3501621023413564,6.62947698624437,7.659625045348242,3,10.0,0.63
380.0,5,82.0,2.5625,9.07771757967808,5,5,82.0,0.4669808170599266,8.697660311999929,9.07771757967808,5,82.0,-0.72
385.0,8,63.0,1.8,7.845814024878616,8,8,63.0,0.3500935449479369,6.856051928455988,7.845814024878616,8,63.0,0.18999999999999995
390.0,8,99.0,2.8285714285714287,8.291634042776387,8,8,57.0,0.36034330218184135,7.113296353275011,8.291634042776387,8,57.0,0.06000000000000005
395.0,8,139.0,3.9714285714285715,8.606013472119944,8,8,139.0,0.39097701149264386,7.606424178634473,8.606013472119944,8,139.0,-0.82
400.0,11,186.0,5.027027027027027,7.350389946237185,11,11,186.0,0.27200063685341547,5.209221598165718,7.350389946237185,11,186.0,-0.4700000000000002
405.0,8,154.0,4.529411764705882,8.17060882722979,8,8,154.0,0.36218843752026375,6.841795952722759,8.17060882722979,8,154.0,0.32000000000000006
410.0,8,184.0,5.411764705882353,6.942808802189751,8,8,151.0,0.2887322237341812,4.971317427014951,6.942808802189751,8,151.0,0.030000000000000027
415.0,10,229.0,7.387096774193548,7.238434416359078,10,10,229.0,0.360477029265539,6.004266445520393,7.238434416359078,10,229.0,-0.78
420.0,9,274.0,8.838709677419354,7.963295598671502,9,9,274.0,0.39773809026164675,6.898593152095893,7.963295598671502,9,274.0,-0.4500000000000002
425.0,8,212.0,6.235294117647059,7.005900924175805,8,8,212.0,0.28665775178038355,5.247492560947149,7.005900924175805,8,212.0,0.6200000000000001
430.0,6,224.0,6.787878787878788,8.306560018118002,6,6,186.0,0.4086882803395687,7.229141093496464,8.306560018118002,6,186.0,0.26
435.0,7,255.0,7.7272727272727275,7.756644773184532,7,7,255.0,0.3605654685553984,6.2295786370038275,7.756644773184532,7,255.0,-0.6899999999999997
440.0,6,103.0,3.21875,8.174633278884073,6,6,103.0,0.4177684450571048,7.285831230873986,8.174633278884073,6,103.0,1.5199999999999998
445.0,4,18.0,0.5454545454545454,8.60607696534161,4,4,-54.0,0.44329885154423054,7.884532128830108,8.60607696534161,4,-54.0,1.57
450.0,3,30.0,0.9090909090909091,9.186274392640815,3,3,30.0,0.48442705950702225,8.548844460302755,9.186274392640815,3,30.0,-0.8400000000000001
455.0,5,27.0,0.8181818181818182,8.972229462984371,5,5,27.0,0.4554779274462387,8.41064858915271,8.972229462984371,5,27.0,0.02999999999999997
460.0,7,56.0,1.6,8.14950961561832,7,7,41.0,0.3609522612132319,6.571230429976858,8.14950961561832,7,41.0,-0.13999999999999996
465.0,8,95.0,2.878787878787879,8.614381805369039,8,8,95.0,0.39892440252061706,7.372826648559031,8.614381805369039,8,95.0,-0.54
470.0,6,85.0,2.4285714285714284,7.682943085916533,6,6,85.0,0.3185255873797119,5.897574813261426,7.682943085916533,6,85.0,0.09999999999999998
475.0,6,99.0,3.0,8.198935253034119,6,6,86.0,0.38470023076529375,6.908203500286554,8.198935253034119,6,86.0,-0.010000000000000009
480.0,6,129.0,3.909090909090909,9.073356681248098,6,6,129.0,0.4718214842114315,8.303533416632597,9.073356681248098,6,129.0,-0.43000000000000005
485.0,7,59.0,1.7352941176470589,7.358668737867457,6,7,58.0,0.3183038449085412,6.030982417248346,7.358668737867457,6,58.0,0.7100000000000001
490.0,5,62.0,1.878787878787879,8.417335864609397,5,5,19.0,0.38350892404759035,7.377215239206893,8.417335864609397,5,19.0,0.38999999999999996
495.0,6,82.0,2.342857142857143,7.480107888649755,6,6,82.0,0.32338779566291836,6.123001730741395,7.480107888649755,6,82.0,-0.6299999999999999
500.0,8,82.0,2.484848484848485,7.937878021186891,8,8,82.0,0.3854051440116905,7.5384658905377675,7.937878021186891,8,82.0,0.0
505.0,11,122.0,3.696969696969697,7.255800273275643,11,11,88.0,0.32848013989532504,6.351530301431145,7.255800273275643,11,88.0,-0.06000000000000005
510.0,11,171.0,5.181818181818182,7.450811931149683,11,11,171.0,0.3174877265187955,6.344607217222612,7.450811931149683,11,171.0,-0.83
515.0,8,172.0,5.375,7.50645682839318,8,8,172.0,0.3422210358095144,6.678308110584195,7.50645682839318,8,172.0,-0.010000000000000009
520.0,10,206.0,6.0588235294117645,6.528419294464373,10,10,192.0,0.27745653722071234,5.292761789570403,6.528419294464373,10,192.0,-0.19999999999999996
525.0,10,256.0,7.529411764705882,7.526796919386269,10,10,256.0,0.3566177167316267,6.590107292085017,7.526796919386269,10,256.0,-0.6400000000000001
530.0,8,167.0,4.638888888888889,6.203872283071838,8,8,167.0,0.24081297041176922,4.698623785115365,6.203872283071838,8,167.0,0.8900000000000001
535.0,7,167.0,4.638888888888889,7.5806673734441254,7,7,115.0,0.33955491009391076,6.486577088290894,7.5806673734441254,7,115.0,0.52
540.0,7,202.0,6.121212121212121,8.27171730664854,7,7,202.0,0.3841088062976296,7.105257617839781,8.27171730664854,7,202.0,-0.8700000000000001
545.0,8,97.0,2.9393939393939394,7.028360689749678,8,8,97.0,0.3127674437093172,5.846888471108051,7.028360689749678,8,97.0,1.05
550.0,6,75.0,2.272727272727273,7.780521120023276,6,6,19.0,0.33771047639483054,6.661175334117084,7.780521120023276,6,19.0,0.78
555.0,6,101.0,2.8857142857142857,7.09557011642018,6,6,101.0,0.2964823529124241,5.61964782944518,7.09557011642018,6,101.0,-0.8200000000000001
560.0,10,104.0,2.9714285714285715,7.641867227709783,10,10,104.0,0.34117000147672427,6.526077441244404,7.641867227709783,10,104.0,-0.030000000000000027
565.0,13,154.0,4.277777777777778,6.822965224913446,13,13,117.0,0.28019862158985687,5.379151924160382,6.822965224913446,13,117.0,-0.1299999999999999
570.0,13,216.0,6.0,7.291889433403053,13,13,216.0,0.2937390207816545,5.765758563307576,7.291889433403053,13,216.0,-0.9900000000000002
575.0,10,227.0,6.305555555555555,7.658065399492314,10,10,227.0,0.31819187141260413,6.31776574351914,7.658065399492314,10,227.0,-0.10999999999999988
580.0,10,247.0,6.5,6.763775516305615,10,10,233.0,0.26208624538543673,4.978215095344337,6.763775516305615,10,233.0,-0.06000000000000005
585.0,11,302.0,9.151515151515152,7.157753900362834,11,11,302.0,0.33638895871026137,6.123840602665736,7.157753900362834,11,302.0,-0.69
590.0,11,232.0,6.628571428571429,5.867122587607929,11,11,232.0,0.24380722481722045,4.613091049004018,5.867122587607929,11,232.0,0.7000000000000002
595.0,9,240.0,6.857142857142857,7.219744424147988,9,9,197.0,0.3244839761017046,6.061705847670397,7.219744424147988,9,197.0,0.34999999999999987
600.0,9,285.0,8.382352941176471,7.63572727713475,9,9,285.0,0.3411127433392955,6.118029585667747,7.63572727713475,9,285.0,-0.8800000000000001
605.0,10,155.0,4.305555555555555,6.674338975571829,10,10,155.0,0.27473527657165947,5.071921324391547,6.674338975571829,10,155.0,1.3
610.0,6,95.0,2.7941176470588234,8.122141127697015,6,6,25.0,0.3724266917702812,7.009205483862419,8.122141127697015,6,25.0,1.3
615.0,8,127.0,3.5277777777777777,7.53150929207971,8,8,127.0,0.3319397782524921,6.202087948219478,7.53150929207971,8,127.0,-1.02
620.0,8,93.0,2.5833333333333335,8.123915786496935,8,8,93.0,0.3747624819902088,7.056644404498297,8.123915786496935,8,93.0,0.33999999999999997
625.0,10,122.0,3.128205128205128,7.4162405239338955,10,10,94.0,0.30888283583923776,5.559339567231426,7.4162405239338955,10,94.0,-0.009999999999999898
630.0,9,167.0,4.394736842105263,8.258028851608303,9,9,167.0,0.3858871643402588,6.739144884050623,8.258028851608303,9,167.0,-0.73
635.0,6,126.0,3.4054054054054053,8.649703722983096,6,6,126.0,0.41783480094051684,7.612865652325641,8.649703722983096,6,126.0,0.4099999999999999
640.0,6,144.0,3.789473684210526,7.934585010899584,6,6,116.0,0.3331183671543376,6.033894752219447,7.934585010899584,6,116.0,0.10000000000000009
645.0,8,183.0,5.083333333333333,8.618635485248863,8,8,183.0,0.40562704432642305,7.3143987518053395,8.618635485248863,8,183.0,-0.6700000000000002
650.0,5,127.0,3.3421052631578947,7.81682873070697,5,5,127.0,0.3229626003730289,6.072139851539529,7.81682873070697,5,127.0,0.56
655.0,5,111.0,3.0,8.429421039915319,5,5,83.0,0.37315887876505716,7.057823279161424,8.429421039915319,5,83.0,0.44000000000000006
660.0,5,136.0,4.0,9.061176115968818,5,5,136.0,0.4295732091934252,7.983139615506864,9.061176115968818,5,136.0,-0.5300000000000001
665.0,8,167.0,4.771428571428571,7.83701696374254,8,8,167.0,0.34448919019432134,6.337713876547237,7.83701696374254,8,167.0,-0.30999999999999983
670.0,5,82.0,2.411764705882353,8.53996592384101,5,5,82.0,0.39267163263621974,7.449295963092101,8.53996592384101,5,82.0,0.85
675.0,7,111.0,3.0833333333333335,8.000214430658259,7,7,26.0,0.32971543172612605,6.127162941783125,8.000214430658259,7,26.0,0.5599999999999999
680.0,8,149.0,4.138888888888889,8.878175201597363,8,8,149.0,0.392899734101914,7.4516101859331005,8.878175201597363,8,149.0,-1.23
685.0,8,89.0,2.5428571428571427,7.739561385351678,8,8,89.0,0.3221094077997379,6.246419335404129,7.739561385351678,8,89.0,0.6
690.0,6,102.0,2.914285714285714,8.627759196660017,6,6,63.0,0.40371407707686924,7.504814362360252,8.627759196660017,6,63.0,0.26
695.0,6,132.0,4.0,9.380979078362142,6,6,132.0,0.4759995204855686,8.624779396409432,9.380979078362142,6,132.0,-0.6900000000000001
700.0,5,53.0,1.65625,7.57486006221119,5,5,53.0,0.3429858351638113,6.488334407696076,7.57486006221119,5,53.0,0.79
705.0,5,63.0,1.96875,8.583051700414142,5,5,19.0,0.41952918871834854,7.861646942362733,8.583051700414142,5,19.0,0.34
710.0,6,89.0,2.6176470588235294,7.836453260627461,6,6,89.0,0.36103767747785487,6.540303768436042,7.836453260627461,6,89.0,-0.7
715.0,5,43.0,1.3870967741935485,8.085489070579449,5,5,43.0,0.38798731839793255,7.332678476816852,8.085489070579449,5,43.0,0.46
720.0,4,57.0,1.9,8.705507901064752,4,4,24.0,0.4329154280376279,8.013193824215012,8.705507901064752,4,24.0,0.19
725.0,5,81.0,2.3823529411764706,8.491251674120944,5,5,81.0,0.4003529352284768,7.406070198992045,8.491251674120944,5,81.0,-0.5700000000000001
730.0,4,88.0,2.75,8.946166462234395,4,4,88.0,0.44007334560868516,8.614675308267334,8.946166462234395,4,88.0,-0.06999999999999995
735.0,5,110.0,3.235294117647059,8.133284418675213,5,5,97.0,0.36745094287221564,6.917050056837778,8.133284418675213,5,97.0,-0.08999999999999997
740.0,6,139.0,4.088235294117647,8.98923521566774,6,6,139.0,0.4442203341902341,8.198772015624755,8.98923521566774,6,139.0,-0.41999999999999993
745.0,6,65.0,1.7567567567567568,8.325927365290644,6,6,65.0,0.36965257601002544,7.156937806126432,8.325927365290644,6,65.0,0.7399999999999999
750.0,4,70.0,2.0,9.202402566032147,4,4,28.0,0.454477516921144,8.585619443774744,9.202402566032147,4,28.0,0.37
755.0,4,90.0,2.903225806451613,9.543758676090796,4,4,90.0,0.5230401067761478,9.350935641028512,9.543758676090796,4,90.0,-0.62
760.0,6,104.0,3.25,7.414397777674409,6,6,104.0,0.3471901245112512,6.081807448949958,7.414397777674409,6,104.0,-0.14
765.0,6,134.0,4.466666666666667,8.497297693659984,6,6,126.0,0.44736592414059195,7.701784259806914,8.497297693659984,6,126.0,-0.21999999999999997
770.0,6,164.0,4.96969696969697,7.921602256814958,6,6,164.0,0.3650843364232437,6.263091724365481,7.921602256814958,6,164.0,-0.3799999999999999
775.0,5,115.0,3.484848484848485,8.209586942861659,5,5,115.0,0.4088330388764835,7.143916803284445,8.209586942861659,5,115.0,0.49
780.0,4,131.0,4.225806451612903,9.353809134928843,4,4,97.0,0.5090391357884999,8.920355668184794,9.353809134928843,4,97.0,0.17999999999999994
785.0,6,155.0,5.0,7.9781014228380265,6,6,155.0,0.38476633233824736,6.661728706250796,7.9781014228380265,6,155.0,-0.5800000000000001
790.0,5,65.0,2.096774193548387,8.707378914613507,4,5,64.0,0.4785366614148813,8.71785263010451,8.707378914613507,4,64.0,0.91
795.0,5,85.0,2.5,7.801162852808837,5,5,1.0,0.34024976171470134,6.242788312343129,7.801162852808837,5,1.0,0.63
800.0,7,119.0,3.838709677419355,8.495865528787464,7,7,119.0,0.41336523010581266,7.616162505554643,8.495865528787464,7,119.0,-1.18
805.0,10,154.0,4.529411764705882,7.464776028308975,10,10,154.0,0.3330413215880343,6.121093359227597,7.464776028308975,10,154.0,-0.3500000000000001
810.0,7,157.0,4.90625,7.815001183413983,7,7,157.0,0.3564250944074655,6.748083114046483,7.815001183413983,7,157.0,-0.030000000000000027
815.0,7,192.0,6.4,8.570624910105133,7,7,171.0,0.4362243223085903,8.031941032560642,8.570624910105133,7,171.0,-0.1399999999999999
820.0,9,231.0,7.451612903225806,7.337075476479476,9,9,231.0,0.34489304752062194,6.394822223553101,7.337075476479476,9,231.0,-0.6000000000000001
825.0,7,117.0,3.9,7.527533708240836,7,7,117.0,0.34455801903812106,6.818670733871999,7.527533708240836,7,117.0,1.1400000000000001
830.0,4,79.0,2.393939393939394,6.98338312526045,4,4,17.0,0.3165035788177137,5.780122712393465,6.98338312526045,4,17.0,0.9999999999999999
835.0,6,107.0,3.4516129032258065,7.153235473968658,6,6,107.0,0.35222816592074807,6.410652180667557,7.153235473968658,6,107.0,-0.9
840.0,5,43.0,1.4333333333333333,7.466651622099497,5,5,43.0,0.34896958492504593,6.765958932935157,7.466651622099497,5,43.0,0.6400000000000001
845.0,7,66.0,2.0,6.979072181662907,7,7,27.0,0.32142390342232047,6.010283241380873,6.979072181662907,7,27.0,0.15999999999999998
850.0,7,101.0,3.15625,7.429197169369512,7,7,101.0,0.361574396351153,6.71816897643456,7.429197169369512,7,101.0,-0.74
855.0,10,109.0,3.1142857142857143,6.699067636331088,10,10,109.0,0.28371545199793463,5.355434426286884,6.699067636331088,10,109.0,-0.08000000000000007
860.0,11,164.0,4.96969696969697,7.732462162061584,11,11,132.0,0.3465797082394469,6.577703779841421,7.732462162061584,11,132.0,-0.22999999999999998
865.0,14,219.0,6.083333333333333,6.299362960304013,14,14,219.0,0.24591729539406465,4.511676354456259,6.299362960304013,14,219.0,-0.8699999999999999
870.0,11,196.0,5.764705882352941,6.930510143992969,11,11,196.0,0.299857019975876,5.58736408942853,6.930510143992969,11,196.0,0.22999999999999998
875.0,8,187.0,5.84375,7.6048272091986435,8,8,160.0,0.37123394084990585,6.706007399429404,7.6048272091986435,8,160.0,0.3599999999999999
880.0,10,232.0,6.628571428571429,6.861074658291514,10,10,232.0,0.3157494343305661,5.613018811431544,6.861074658291514,10,232.0,-0.7199999999999998
885.0,10,195.0,5.735294117647059,6.998412323487184,10,10,195.0,0.31220533919024923,5.841385643663543,6.998412323487184,10,195.0,0.3699999999999999
890.0,8,208.0,5.777777777777778,6.281187351094912,8,8,179.0,0.2482602978613697,4.598341004308479,6.281187351094912,8,179.0,0.15999999999999992
895.0,10,258.0,7.166666666666667,7.430533823295694,10,10,258.0,0.3320129923246357,5.9935052451634485,7.430533823295694,10,258.0,-0.79
900.0,9,140.0,4.242424242424242,6.760583451521408,9,9,140.0,0.2982018674529834,5.50658464037389,6.760583451521408,9,140.0,1.1800000000000002
905.0,8,108.0,3.0,6.60535272505063,8,8,43.0,0.28492139456054455,5.359128064416593,6.60535272505063,8,43.0,0.97
910.0,8,148.0,4.228571428571429,7.978626439479397,8,8,148.0,0.38802802941851666,7.177475215953039,7.978626439479397,8,148.0,-1.05
915.0,9,106.0,2.864864864864865,6.709742152043028,9,9,106.0,0.2762910336413171,5.275510979550961,6.709742152043028,9,106.0,0.41999999999999993
920.0,9,133.0,3.5945945945945947,7.850891953190077,9,9,105.0,0.3293352756614935,6.433268750491425,7.850891953190077,9,105.0,0.010000000000000009
925.0,11,172.0,4.410256410256411,7.31005176208545,11,11,172.0,0.2936691968289013,5.552235104600973,7.31005176208545,11,172.0,-0.6699999999999999
930.0,10,180.0,4.7368421052631575,7.475119186239935,10,10,180.0,0.3154113184571668,6.084686210075106,7.475119186239935,10,180.0,-0.08000000000000007
935.0,9,221.0,6.138888888888889,7.76753830598021,9,9,208.0,0.35352790254650823,6.6039462283498205,7.76753830598021,9,208.0,-0.28
940.0,12,274.0,7.2105263157894735,6.9730998728438,12,12,274.0,0.29126989070049386,5.160993469099403,6.9730998728438,12,274.0,-0.6600000000000001
945.0,9,193.0,5.078947368421052,7.5372206010499365,9,9,193.0,0.3227143091865406,6.099481801818805,7.5372206010499365,9,193.0,0.8100000000000003
950.0,6,164.0,4.315789473684211,7.333469396395105,6,6,120.0,0.3131784231200933,5.850014935244292,7.333469396395105,6,120.0,0.73
955.0,8,202.0,5.611111111111111,8.084239107291465,8,8,202.0,0.3750311126292906,6.88286889153138,8.084239107291465,8,202.0,-0.8200000000000001
960.0,7,148.0,4.484848484848484,7.3614950886070485,7,7,148.0,0.34206376182287107,6.151552493104475,7.3614950886070485,7,148.0,0.54
965.0,7,145.0,4.027777777777778,7.20685056371497,7,7,116.0,0.31770254180007096,5.706556951789236,7.20685056371497,7,116.0,0.32000000000000006
970.0,7,180.0,5.0,8.463886540305207,7,7,180.0,0.4235005537658932,7.457509034917934,8.463886540305207,7,180.0,-0.6400000000000001
975.0,6,183.0,4.6923076923076925,7.315978320058098,6,6,183.0,0.3145066550969649,5.665881259866705,7.315978320058098,6,183.0,-0.030000000000000027
980.0,8,222.0,5.842105263157895,8.26791994244965,8,8,204.0,0.4032303829639048,7.147989937790687,8.26791994244965,8,204.0,-0.20999999999999996
985.0,11,262.0,6.717948717948718,8.155322787675225,11,11,262.0,0.375888073905796,6.755256107236357,8.155322787675225,11,262.0,-0.5800000000000001
990.0,7,216.0,5.538461538461538,8.1888337666437,7,7,216.0,0.36319239871007475,6.790887515177116,8.1888337666437,7,216.0,0.45999999999999996
995.0,5,224.0,6.222222222222222,9.146670221571803,5,5,196.0,0.46295187137709687,8.375092701059298,9.146670221571803,5,196.0,0.20000000000000018
1000.0,7,253.0,6.837837837837838,7.991677349122394,7,7,253.0,0.36134960728041027,6.379645907125481,7.991677349122394,7,253.0,-0.5699999999999998
1005.0,6,214.0,6.294117647058823,8.179250786183855,6,6,214.0,0.3842863305583191,7.201550510734287,8.179250786183855,6,214.0,0.3899999999999997
1010.0,6,231.0,6.6,7.726371742661537,6,6,203.0,0.3254527019294327,6.200544828954111,7.726371742661537,6,203.0,0.11000000000000032
1015.0,7,264.0,7.542857142857143,8.563722179537972,7,7,264.0,0.3855487009717491,7.258952018566235,8.563722179537972,7,264.0,-0.6100000000000003
1020.0,5,269.0,7.911764705882353,8.75435455686197,5,5,269.0,0.40265525336660674,7.8364964468676925,8.75435455686197,5,269.0,-0.04999999999999982
1025.0,7,298.0,8.514285714285714,8.177043652677732,7,7,282.0,0.33881553026183964,6.39843625739652,8.177043652677732,7,282.0,-0.1299999999999999
1030.0,7,333.0,9.794117647058824,9.034315279242856,7,7,333.0,0.41964268844437935,7.747471184568731,9.034315279242856,7,333.0,-0.5100000000000002
1035.0,7,357.0,10.2,7.786109652015774,7,7,357.0,0.32006887832732717,6.001180772451392,7.786109652015774,7,357.0,-0.23999999999999977
1040.0,8,396.0,12.0,8.710033537007272,8,8,389.0,0.40638191167363324,7.377191233746309,8.710033537007272,8,389.0,-0.3200000000000003
1045.0,11,436.0,12.823529411764707,7.670967633560766,11,11,436.0,0.3676764298803121,6.27522832320599,7.670967633560766,11,436.0,-0.4700000000000002
1050.0,8,370.0,11.212121212121213,7.745235236524738,8,8,370.0,0.3806648988370947,6.672129311187158,7.745235236524738,8,370.0,0.6600000000000001
1055.0,5,375.0,11.71875,8.564299375345838,5,5,332.0,0.4500961841924346,7.861309058615848,8.564299375345838,5,332.0,0.38000000000000034
1060.0,7,403.0,11.514285714285714,7.880394486291383,7,7,403.0,0.3803114571731921,6.36969878827971,7.880394486291383,7,403.0,-0.7100000000000004
1065.0,7,71.0,2.2903225806451615,7.7203976733077075,7,7,71.0,0.384627391544874,6.799585051638731,7.7203976733077075,7,71.0,3.3200000000000003
1070.0,6,95.0,2.96875,7.067675404766513,6,6,-85.0,0.3304502965527528,6.031080179152452,7.067675404766513,6,-85.0,1.56
1075.0,9,134.0,4.1875,7.635963492515009,9,9,134.0,0.340091556467286,6.398745859494818,7.635963492515009,9,134.0,-2.19
1080.0,6,79.0,2.6333333333333333,7.409287996761506,6,6,79.0,0.3473627897027553,6.4480618441563164,7.409287996761506,6,79.0,0.55
1085.0,7,102.0,3.090909090909091,6.847032544885531,7,7,61.0,0.29249370719511025,5.749934836960348,6.847032544885531,7,61.0,0.18000000000000005
1090.0,7,135.0,4.090909090909091,7.789790786911688,7,7,135.0,0.36069119261521876,6.862515288515931,7.789790786911688,7,135.0,-0.7400000000000001
1095.0,9,95.0,2.7941176470588234,6.466566149640203,9,9,95.0,0.2864518448580024,5.291328552330811,6.466566149640203,9,95.0,0.40000000000000013
1100.0,7,113.0,3.4242424242424243,7.852874738344774,7,7,84.0,0.38773787709778135,7.19406056915102,7.852874738344774,7,84.0,0.10999999999999999
1105.0,10,148.0,4.111111111111111,7.568524800392584,10,10,148.0,0.3622672916886555,6.4972420420942685,7.568524800392584,10,148.0,-0.64
1110.0,7,142.0,3.9444444444444446,7.919859281764927,7,7,142.0,0.3666367364287818,6.980514697557192,7.919859281764927,7,142.0,0.06000000000000005
1115.0,6,167.0,4.771428571428571,8.628876476777023,6,6,153.0,0.440355554850229,8.105907776445463,8.628876476777023,6,153.0,-0.1100000000000001
1120.0,9,203.0,5.8,7.410931010114729,9,9,203.0,0.32765338431347724,5.788736656387487,7.410931010114729,9,203.0,-0.4999999999999998
1125.0,9,248.0,7.085714285714285,7.9776297346163005,9,9,248.0,0.36045352040480366,6.70966765177751,7.9776297346163005,9,248.0,-0.4500000000000002
1130.0,8,260.0,7.027027027027027,6.8579782602763375,8,8,260.0,0.2653603160392758,5.068318952097527,6.8579782602763375,8,260.0,-0.1200000000000001
1135.0,9,304.0,8.685714285714285,7.738614448082552,9,9,286.0,0.3464900328523757,6.415612259747123,7.738614448082552,9,286.0,-0.2599999999999998
1140.0,10,350.0,10.606060606060606,7.535992989778023,10,10,350.0,0.32961724235894224,5.694591675983378,7.535992989778023,10,350.0,-0.6400000000000001
1145.0,10,400.0,10.81081081081081,6.80804403826477,10,10,400.0,0.29912014376493795,5.3840553870354935,6.80804403826477,10,400.0,-0.5
1150.0,8,221.0,6.5,7.514536815528821,8,8,221.0,0.3645597505257084,6.833374845169843,7.514536815528821,8,221.0,1.79
1155.0,5,71.0,1.9189189189189189,7.084349970892154,5,5,-13.0,0.32030617966646474,5.85997143093627,7.084349970892154,5,-13.0,2.34
1160.0,5,95.0,2.5675675675675675,8.621241197640252,5,5,95.0,0.4501331482762382,8.192359644009057,8.621241197640252,5,95.0,-1.08
1165.0,7,120.0,3.3333333333333335,7.9828865620489085,7,7,120.0,0.40459223565910946,7.127976301902976,7.9828865620489085,7,120.0,-0.25
1170.0,9,141.0,3.9166666666666665,7.740129330561905,9,9,141.0,0.36867744586102896,6.687587076550897,7.740129330561905,9,141.0,-0.20999999999999996
1175.0,7,173.0,4.805555555555555,8.22510948396462,7,7,171.0,0.39498981277912404,7.439751952409379,8.22510948396462,7,171.0,-0.30000000000000004
1180.0,9,211.0,5.861111111111111,6.877369464465171,9,9,209.0,0.27703925313162664,5.285479478214812,6.877369464465171,9,209.0,-0.3799999999999999
1185.0,7,138.0,4.0588235294117645,7.718415391055895,7,7,138.0,0.37159108054913736,6.9424939321105406,7.718415391055895,7,138.0,0.71
1190.0,5,137.0,3.914285714285714,7.011985767905081,5,5,88.0,0.3199265578890429,5.892635093467221,7.011985767905081,5,88.0,0.4999999999999999
1195.0,7,171.0,5.029411764705882,8.225156648776895,7,7,171.0,0.40460507063391526,7.513201259971393,8.225156648776895,7,171.0,-0.83
1200.0,5,125.0,3.787878787878788,7.819242991032462,5,5,125.0,0.3814100882138678,7.030162092527762,7.819242991032462,5,125.0,0.45999999999999996
1205.0,7,142.0,3.8378378378378377,7.142451687316105,7,7,114.0,0.3022476289533821,5.722047346346601,7.142451687316105,7,114.0,0.1100000000000001
1210.0,6,171.0,4.621621621621622,8.245647588727214,6,6,171.0,0.4064816206240418,7.491153037715085,8.245647588727214,6,171.0,-0.5700000000000001
1215.0,6,179.0,4.589743589743589,7.19073806484264,6,6,179.0,0.31135740242962,5.816322689771213,7.19073806484264,6,179.0,-0.08000000000000007
1220.0,8,218.0,5.7368421052631575,8.117227241380412,8,8,205.0,0.40346830786357096,7.468694256348554,8.117227241380412,8,205.0,-0.2599999999999998
1225.0,11,258.0,6.7894736842105265,7.502816890650347,11,11,258.0,0.34362098173134503,6.111646189950433,7.502816890650347,11,258.0,-0.5300000000000002
1230.0,7,225.0,6.617647058823529,7.691446411858188,7,7,225.0,0.3642781364422449,6.817950592455156,7.691446411858188,7,225.0,0.33000000000000007
1235.0,6,250.0,7.575757575757576,8.575528401907736,6,6,215.0,0.44374989254212294,8.172720403713768,8.575528401907736,6,215.0,0.10000000000000009
1240.0,8,284.0,8.352941176470589,7.227794176110213,8,8,284.0,0.3272573997394152,5.933267797571487,7.227794176110213,8,284.0,-0.69
1245.0,9,329.0,9.676470588235293,7.847209107675873,9,9,329.0,0.3633829324199354,6.8126659785890835,7.847209107675873,9,329.0,-0.4500000000000002
1250.0,7,263.0,7.108108108108108,7.173801485085888,7,7,263.0,0.27195009269725384,5.265472044022777,7.173801485085888,7,263.0,0.6600000000000001
1255.0,6,252.0,7.2,8.098511506978888,6,6,218.0,0.3625901714356177,6.878379516952028,8.098511506978888,6,218.0,0.44999999999999973
1260.0,6,282.0,8.545454545454545,8.498999718810383,6,6,282.0,0.4077377250379362,7.525381239674379,8.498999718810383,6,282.0,-0.6399999999999997
1265.0,7,279.0,7.54054054054054,7.34128422351548,7,7,279.0,0.298969751561904,5.876099350973486,7.34128422351548,7,279.0,0.029999999999999805
1270.0,7,314.0,9.515151515151516,8.29277435783331,7,7,294.0,0.3865739096460493,7.497367163415855,8.29277435783331,7,294.0,-0.1499999999999999
1275.0,8,351.0,10.028571428571428,7.795556559480052,8,8,351.0,0.3338976368049918,6.460319508442143,7.795556559480052,8,351.0,-0.5699999999999998
1280.0,6,91.0,2.676470588235294,8.49770763683997,6,6,91.0,0.3832264246280683,7.836090816867016,8.49770763683997,6,91.0,2.5999999999999996
1285.0,9,121.0,3.5588235294117645,7.282383257505201,9,9,-35.0,0.31218451648165624,6.045316224250523,7.282383257505201,9,-35.0,1.26
1290.0,9,165.0,4.852941176470588,8.359049846005759,9,9,165.0,0.38099954471547387,7.278373232191649,8.359049846005759,9,165.0,-2.0
1295.0,6,126.0,3.8181818181818183,8.261035936313347,6,6,126.0,0.3792728675359019,7.240223390103235,8.261035936313347,6,126.0,0.3899999999999999
1300.0,8,148.0,4.352941176470588,7.1971046753439465,8,8,120.0,0.3053892132029342,5.454739750573877,7.1971046753439465,8,120.0,0.06000000000000005
1305.0,8,188.0,5.529411764705882,8.240535663609773,8,8,188.0,0.40045448991418436,7.1012767381026,8.240535663609773,8,188.0,-0.6799999999999999
1310.0,6,87.0,2.3513513513513513,7.303153696961767,5,6,86.0,0.3131333328839381,5.838314222613675,7.303153696961767,5,86.0,1.02
1315.0,7,73.0,2.1470588235294117,7.807170492924022,7,7,19.0,0.3245401241337712,6.101296156898188,7.807170492924022,7,19.0,0.6699999999999999
1320.0,5,95.0,2.96875,8.284106920859724,5,5,95.0,0.3912678085895973,7.194533759070731,8.284106920859724,5,95.0,-0.76
1325.0,10,109.0,3.1142857142857143,6.840479280242087,10,10,109.0,0.293999800320895,5.435143095995611,6.840479280242087,10,109.0,-0.14000000000000012
1330.0,10,159.0,4.96875,7.7035820470965035,10,10,138.0,0.3492582381114231,6.58444741475992,7.7035820470965035,10,138.0,-0.2899999999999998
1335.0,13,212.0,6.057142857142857,6.471616707742676,13,13,212.0,0.2440441710137124,4.634745177261132,6.471616707742676,13,212.0,-0.7400000000000002
1340.0,10,152.0,4.606060606060606,7.237500853686945,10,10,152.0,0.3293872612718923,6.227233594409364,7.237500853686945,10,152.0,0.6000000000000001
1345.0,11,168.0,4.8,6.652368935596949,11,11,119.0,0.298834107110773,5.477451467764497,6.652368935596949,11,119.0,0.33000000000000007
1350.0,10,217.0,6.2,7.580181884411184,10,10,217.0,0.3735175874024077,6.615144219698187,7.580181884411184,10,217.0,-0.98
1355.0,8,171.0,5.181818181818182,7.5033325109443085,8,8,171.0,0.3898656900927977,6.781059799726637,7.5033325109443085,8,171.0,0.45999999999999996
1360.0,8,139.0,3.9714285714285715,6.713413333370075,8,8,110.0,0.3016948576940782,5.198615471673368,6.713413333370075,8,110.0,0.6099999999999999
1365.0,8,179.0,5.424242424242424,8.016058473530364,8,8,179.0,0.4063913143829193,6.974133047748048,8.016058473530364,8,179.0,-0.69
1370.0,7,82.0,2.2777777777777777,6.53204366312343,7,7,82.0,0.28031722341512183,4.794002633963241,6.53204366312343,7,82.0,0.9700000000000001
1375.0,7,78.0,2.2285714285714286,7.654210139074629,7,7,24.0,0.36149796036164233,6.109818105007711,7.654210139074629,7,24.0,0.58
1380.0,7,113.0,3.4242424242424243,8.724336216614553,7,7,113.0,0.450152771446798,7.477525262451043,8.724336216614553,7,113.0,-0.8899999999999999
1385.0,6,80.0,2.2222222222222223,7.450805634410642,6,6,80.0,0.32281981286242917,5.792592700143996,7.450805634410642,6,80.0,0.32999999999999985
1390.0,7,114.0,3.1666666666666665,8.51704114102471,7,7,86.0,0.4034633315643643,7.175320395460514,8.51704114102471,7,86.0,-0.05999999999999994
1395.0,8,151.0,4.081081081081081,7.7305585801908165,8,8,151.0,0.35004521447106546,5.962801964001699,7.7305585801908165,8,151.0,-0.65
1400.0,6,101.0,2.72972972972973,8.374674785310743,6,6,101.0,0.3945856258806216,7.306397124713542,8.374674785310743,6,101.0,0.5
1405.0,5,103.0,2.942857142857143,8.518491134924119,5,5,75.0,0.4142298746642395,7.593164475376172,8.518491134924119,5,75.0,0.26
1410.0,5,128.0,3.657142857142857,8.941937297948783,5,5,128.0,0.46516408561084654,8.420551298672095,8.941937297948783,5,128.0,-0.53
1415.0,4,72.0,2.057142857142857,8.840534615030615,4,4,72.0,0.4530625374197641,8.659021859602635,8.840534615030615,4,72.0,0.56
1420.0,7,83.0,2.3055555555555554,7.800104414172675,7,7,55.0,0.33486167780929166,6.328290551636776,7.800104414172675,7,55.0,0.16999999999999993
1425.0,6,113.0,3.2285714285714286,8.875072638849844,6,6,113.0,0.4402107333535041,8.132251651692746,8.875072638849844,6,113.0,-0.5799999999999998
1430.0,4,113.0,3.138888888888889,7.446513979511102,4,4,113.0,0.3101233036618948,5.825146180850174,7.446513979511102,4,113.0,0.0
1435.0,6,142.0,4.303030303030303,8.342044113942762,6,6,129.0,0.40894670274131817,7.315815512903963,8.342044113942762,6,129.0,-0.16000000000000014
1440.0,6,172.0,5.212121212121212,8.796748881253365,6,6,172.0,0.44857592846689737,7.96524051832746,8.796748881253365,6,172.0,-0.42999999999999994
1445.0,6,95.0,2.638888888888889,7.810806343557669,6,6,95.0,0.3480753781201514,6.585947072399161,7.810806343557669,6,95.0,0.77
1450.0,7,128.0,3.764705882352941,8.394275341771856,7,7,47.0,0.4114354999214286,7.642506181579395,8.394275341771856,7,47.0,0.48
1455.0,9,165.0,4.714285714285714,7.616097947718528,9,9,165.0,0.35427359530827895,6.531757693286478,7.616097947718528,9,165.0,-1.18
1460.0,7,92.0,2.787878787878788,7.7736178934289635,7,7,92.0,0.36699127496574,7.169571033581733,7.7736178934289635,7,92.0,0.7299999999999999
1465.0,8,93.0,2.657142857142857,7.292768312227797,8,8,50.0,0.3386906370102728,6.362499259778354,7.292768312227797,8,50.0,0.42000000000000004
1470.0,7,127.0,3.6285714285714286,8.121892408076063,7,7,127.0,0.4084033257224384,7.541320917795823,8.121892408076063,7,127.0,-0.77
1475.0,5,66.0,1.8857142857142857,8.309951878999104,5,5,66.0,0.4284660803396679,7.998084877236761,8.309951878999104,5,66.0,0.61
1480.0,7,83.0,2.515151515151515,7.248989227584036,7,7,43.0,0.31843951449129637,5.8831074474706595,7.248989227584036,7,43.0,0.23000000000000004
1485.0,7,118.0,3.806451612903226,8.49236753888179,7,7,118.0,0.42698846191798756,7.731821896069273,8.49236753888179,7,118.0,-0.75
1490.0,6,141.0,4.147058823529412,7.4946693050079425,6,6,141.0,0.33424279281143243,6.218860039003704,7.4946693050079425,6,141.0,-0.22999999999999998
1495.0,9,182.0,5.352941176470588,8.008935245955579,9,9,175.0,0.34271891839664553,6.331374878330387,8.008935245955579,9,175.0,-0.3400000000000001
1500.0,9,227.0,6.878787878787879,8.029515399127037,9,9,227.0,0.3390458851843605,6.144594155080537,8.029515399127037,9,227.0,-0.52
1505.0,9,137.0,4.151515151515151,7.110170357770591,9,9,137.0,0.28781092620859217,5.262846680607592,7.110170357770591,9,137.0,0.8999999999999999
1510.0,6,124.0,3.757575757575758,8.203223329121908,6,6,71.0,0.3904706448641956,6.752580344861477,8.203223329121908,6,71.0,0.6600000000000001
1515.0,7,156.0,4.588235294117647,7.852472835044754,7,7,156.0,0.38515311205107994,6.301632467795705,7.852472835044754,7,156.0,-0.8500000000000001
1520.0,8,79.0,2.46875,7.5555201899981785,8,8,79.0,0.3716608574849275,6.394269582364235,7.5555201899981785,8,79.0,0.77
1525.0,8,82.0,2.411764705882353,7.877004626682484,8,8,39.0,0.39144180188497946,6.788157120212929,7.877004626682484,8,39.0,0.4
1530.0,6,109.0,3.303030303030303,8.692711818667815,6,6,109.0,0.4493155950456545,7.915112067974676,8.692711818667815,6,109.0,-0.7000000000000001
1535.0,5,48.0,1.5483870967741935,8.644107540666312,5,5,48.0,0.4519651088165251,8.185461616405052,8.644107540666312,5,48.0,0.6100000000000001
1540.0,6,63.0,1.96875,7.117805029172336,6,6,25.0,0.3276005832609993,5.812163593167235,7.117805029172336,6,25.0,0.22999999999999998
1545.0,7,98.0,3.161290322580645,8.301794278939331,7,7,98.0,0.44100874119879857,7.665985473540979,8.301794278939331,7,98.0,-0.73
1550.0,7,133.0,3.911764705882353,7.747506961882935,7,7,133.0,0.3791436669120954,6.743016861339983,7.747506961882935,7,133.0,-0.3500000000000001
1555.0,5,74.0,2.176470588235294,8.18150847392676,5,5,74.0,0.4047770384016069,7.482143872478171,8.18150847392676,5,74.0,0.5900000000000001
1560.0,4,79.0,2.323529411764706,8.684334086645794,4,4,46.0,0.4392648548277769,8.011494578834348,8.684334086645794,4,46.0,0.27999999999999997
1565.0,6,104.0,2.736842105263158,8.133071184178574,6,6,104.0,0.39153409544912365,6.926124124402262,8.133071184178574,6,104.0,-0.5800000000000001
1570.0,4,49.0,1.4,8.65957865156974,4,4,49.0,0.4605040699316151,8.480243064372194,8.65957865156974,4,49.0,0.55
1575.0,5,59.0,1.6388888888888888,7.605287773830778,5,5,26.0,0.35541733793805846,6.478449732286613,7.605287773830778,5,26.0,0.22999999999999998
1580.0,5,84.0,2.3333333333333335,8.923021111028008,5,5,84.0,0.47997007559017857,8.614580327336608,8.923021111028008,5,84.0,-0.58
1585.0,7,109.0,3.1142857142857143,8.593618073446173,7,7,109.0,0.44854408815589125,8.32355858965645,8.593618073446173,7,109.0,-0.2500000000000001
1590.0,6,88.0,2.5142857142857142,8.463625958438977,6,6,88.0,0.43835898664910766,8.277344110187789,8.463625958438977,6,88.0,0.21000000000000008
1595.0,6,118.0,3.4705882352941178,8.743157586228104,6,6,72.0,0.4448937727460822,8.295806330070251,8.743157586228104,6,72.0,0.16000000000000003
1600.0,8,154.0,4.529411764705882,7.206639866215516,8,8,154.0,0.30259716063830117,5.495183353269413,7.206639866215516,8,154.0,-0.8200000000000001
1605.0,6,114.0,3.4545454545454546,8.164443816836636,6,6,114.0,0.39363218505109765,7.28438401622227,8.164443816836636,6,114.0,0.40000000000000013
1610.0,6,132.0,3.8823529411764706,7.40688004395508,6,6,99.0,0.33597259018100434,5.976600800137292,7.40688004395508,6,99.0,0.1499999999999999
1615.0,7,167.0,5.0606060606060606,8.217431843370804,7,7,167.0,0.4045306191600955,7.2149116419624155,8.217431843370804,7,167.0,-0.6799999999999999
1620.0,5,65.0,2.03125,8.307312293596718,4,5,64.0,0.4291564458543704,7.965350923445769,8.307312293596718,4,64.0,1.0299999999999998
1625.0,5,45.0,1.25,7.42722602931206,5,5,-8.0,0.2989135653374926,5.840456823717395,7.42722602931206,5,-8.0,0.72
1630.0,4,62.0,1.8235294117647058,8.850372825456375,4,4,62.0,0.4279576410670729,8.307098429527056,8.850372825456375,4,62.0,-0.7
1635.0,7,82.0,2.411764705882353,7.180053969993233,7,7,82.0,0.29489492196322126,5.958242123431377,7.180053969993233,7,82.0,-0.19999999999999996
1640.0,8,122.0,4.066666666666666,8.289143041934263,8,8,117.0,0.38142059123535116,7.576656213438826,8.289143041934263,8,117.0,-0.35
1645.0,10,162.0,5.225806451612903,7.517652981726474,10,10,162.0,0.3291706500702412,6.315505565821229,7.517652981726474,10,162.0,-0.4500000000000002
1650.0,7,94.0,3.032258064516129,8.020195480527239,7,7,94.0,0.36821311210020796,7.387995333069286,8.020195480527239,7,94.0,0.6800000000000002
1655.0,5,99.0,3.193548387096774,8.464476801722945,5,5,54.0,0.41004894889926075,7.707071984121349,8.464476801722945,5,54.0,0.3999999999999999
1660.0,8,132.0,3.8823529411764706,7.696773956955276,8,8,132.0,0.35275577839755723,6.183774421901345,7.696773956955276,8,132.0,-0.78
1665.0,6,76.0,2.375,8.084824509841008,6,6,76.0,0.39324228350141743,7.059487083097856,8.084824509841008,6,76.0,0.56
1670.0,3,32.0,0.9142857142857143,7.6200420674646026,3,3,3.0,0.3351091701202612,6.028008714703307,7.6200420674646026,3,3.0,0.73
1675.0,5,55.0,1.71875,8.626968259387795,5,5,55.0,0.43770495736568193,7.778777252948129,8.626968259387795,5,55.0,-0.52
1680.0,5,53.0,1.7666666666666666,8.316819030824982,5,5,53.0,0.4303208945030477,7.6155983811000745,8.316819030824982,5,53.0,0.020000000000000018
1685.0,6,81.0,2.4545454545454546,8.15684326139508,6,6,64.0,0.39429727407721576,6.922049279698605,8.15684326139508,6,64.0,-0.10999999999999999
1690.0,7,112.0,3.393939393939394,8.90473570469977,7,7,112.0,0.4274160394958921,7.859344848464173,8.90473570469977,7,112.0,-0.4800000000000001
1695.0,9,112.0,3.2941176470588234,7.472574529604513,9,9,112.0,0.2967058545076297,5.7317042861781795,7.472574529604513,9,112.0,0.0
1700.0,9,156.0,4.7272727272727275,8.494349227670817,9,9,124.0,0.3626614507877501,6.99975197389534,8.494349227670817,9,124.0,-0.11999999999999988
1705.0,12,201.0,5.583333333333333,7.516000933058673,12,12,201.0,0.29760614202861013,5.694875345238274,7.516000933058673,12,201.0,-0.7699999999999998
1710.0,9,165.0,4.714285714285714,7.919101790093184,9,9,165.0,0.32552148873101244,6.427340678148213,7.919101790093184,9,165.0,0.3599999999999999
1715.0,7,180.0,5.806451612903226,7.938550426112718,7,7,152.0,0.3557976714631347,6.787121262098408,7.938550426112718,7,152.0,0.1299999999999999
1720.0,10,222.0,6.7272727272727275,7.062587212033898,10,10,222.0,0.3036428372635203,5.594381505915557,7.062587212033898,10,222.0,-0.7000000000000002
1725.0,8,123.0,3.967741935483871,7.547939708261867,8,8,123.0,0.3480414905401592,6.595142703790254,7.547939708261867,8,123.0,0.9900000000000002
1730.0,6,94.0,2.764705882352941,7.3589759195799545,6,6,36.0,0.3087715036555605,5.758491984661056,7.3589759195799545,6,36.0,0.87
1735.0,7,126.0,4.2,8.028672155338855,7,7,126.0,0.3800319434231391,6.937768781859928,8.028672155338855,7,126.0,-0.9
1740.0,8,145.0,5.0,7.0272711096635945,8,8,145.0,0.3200729860125535,5.782425591829968,7.0272711096635945,8,145.0,-0.18999999999999995
1745.0,10,193.0,5.848484848484849,6.85198115327341,10,10,180.0,0.30095356423522346,5.361500761134106,6.85198115327341,10,180.0,-0.3500000000000001
1750.0,10,243.0,7.59375,7.640755036550028,10,10,243.0,0.36378072667506767,6.478130937760036,7.640755036550028,10,243.0,-0.6300000000000001
1755.0,9,243.0,6.942857142857143,6.813751075992137,9,9,243.0,0.2725783645438457,5.170677956017434,6.813751075992137,9,243.0,0.0
1760.0,8,267.0,7.852941176470588,7.907159765163275,8,8,253.0,0.3735800086634678,6.914202622257625,7.907159765163275,8,253.0,-0.09999999999999964
1765.0,12,308.0,8.555555555555555,7.3982825469568985,12,12,308.0,0.3525942213767521,6.35367011636187,7.3982825469568985,12,308.0,-0.5500000000000003
1770.0,8,163.0,4.6571428571428575,7.452385069119308,8,8,163.0,0.34446990544235934,6.7222112984471,7.452385069119308,8,163.0,1.4500000000000002
1775.0,4,89.0,2.6176470588235294,8.235446895983372,4,4,18.0,0.40695915558597795,7.863695317206694,8.235446895983372,4,18.0,1.45
1780.0,7,115.0,3.1944444444444446,7.5588286213110125,7,7,115.0,0.34392129194177495,6.448210756848656,7.5588286213110125,7,115.0,-0.97
1785.0,8,84.0,2.4,7.842926521272438,8,8,84.0,0.3703685442256225,7.089713625740364,7.842926521272438,8,84.0,0.30999999999999994
1790.0,11,126.0,3.4054054054054053,6.785278883430877,11,11,65.0,0.25833692356543697,4.8056842815771805,6.785278883430877,11,65.0,0.18999999999999995
1795.0,11,181.0,5.027777777777778,7.474455954894897,11,11,181.0,0.32157679546337464,5.994476792229397,7.474455954894897,11,181.0,-1.1600000000000001
1800.0,8,185.0,5.138888888888889,7.4319221390265255,8,8,185.0,0.29468828869683217,5.686288214516059,7.4319221390265255,8,185.0,-0.040000000000000036
1805.0,9,216.0,5.4,7.293289452229843,9,9,203.0,0.29533331885532127,5.5240129684046035,7.293289452229843,9,203.0,-0.17999999999999972
1810.0,9,261.0,7.25,8.219918771227047,9,9,261.0,0.3797450560552944,6.971067518883146,8.219918771227047,9,261.0,-0.5800000000000001
1815.0,8,201.0,5.153846153846154,7.164685570939973,8,8,201.0,0.2827042583940235,5.42643082378241,7.164685570939973,8,201.0,0.6000000000000001
1820.0,7,220.0,6.111111111111111,8.466598719830177,7,7,179.0,0.3945497318484802,7.428759801693766,8.466598719830177,7,179.0,0.21999999999999975
1825.0,10,256.0,7.314285714285714,8.182166282849753,10,10,256.0,0.37326608293019903,6.847058072870919,8.182166282849753,10,256.0,-0.77
1830.0,8,111.0,3.46875,7.682043009143614,8,8,111.0,0.3615378029035411,6.790736157960909,7.682043009143614,8,111.0,1.45
1835.0,3,35.0,1.09375,8.70255407499182,3,3,-34.0,0.4405240628456746,8.129578189184747,8.70255407499182,3,-34.0,1.4500000000000002
1840.0,6,54.0,1.542857142857143,7.791338051606624,6,6,54.0,0.3654715115119124,6.541913301721102,7.791338051606624,6,54.0,-0.8800000000000001
1845.0,6,37.0,1.121212121212121,8.006485114595081,6,6,37.0,0.3849902796924118,7.208143404227864,8.006485114595081,6,37.0,0.17000000000000004
1850.0,7,68.0,1.8888888888888888,7.191721336878264,7,7,43.0,0.3029333983337664,5.464756875454897,7.191721336878264,7,43.0,-0.06
1855.0,8,107.0,2.9722222222222223,8.218813896824923,8,8,107.0,0.39242887677893673,6.992166301612059,8.218813896824923,8,107.0,-0.6400000000000001
1860.0,5,96.0,2.823529411764706,8.535455236229538,5,5,96.0,0.43909394901555343,7.969799336153293,8.535455236229538,5,96.0,0.1100000000000001
1865.0,5,110.0,2.972972972972973,8.025186924278845,5,5,97.0,0.3733083366188178,6.664487768043747,8.025186924278845,5,97.0,-0.010000000000000009
1870.0,6,139.0,3.9714285714285715,8.790280237004897,6,6,139.0,0.46033970277633085,8.102473300525896,8.790280237004897,6,139.0,-0.41999999999999993
1875.0,6,134.0,3.526315789473684,7.795512055005709,6,6,134.0,0.3484965940546444,6.460585749139239,7.795512055005709,6,134.0,0.04999999999999982
1880.0,8,172.0,4.777777777777778,8.66675506367543,8,8,140.0,0.38510747844778326,7.370362882504944,8.66675506367543,8,140.0,-0.05999999999999983
1885.0,11,212.0,5.888888888888889,7.713149874131558,11,11,212.0,0.31736709634749294,6.125442410722672,7.713149874131558,11,212.0,-0.7200000000000002
1890.0,8,107.0,3.057142857142857,8.030133374159016,8,8,107.0,0.34307602934099724,6.776719466219878,8.030133374159016,8,107.0,1.05
1895.0,5,88.0,2.75,8.487973942980473,5,5,30.0,0.40449223977609916,7.586466996547449,8.487973942980473,5,30.0,0.77
1900.0,8,119.0,3.5,7.563553349984136,8,8,119.0,0.34733846949547453,6.211136867106689,7.563553349984136,8,119.0,-0.8899999999999999
1905.0,7,74.0,2.3125,7.9431602314854635,7,7,74.0,0.3896852749420633,7.108932347024188,7.9431602314854635,7,74.0,0.44999999999999996
1910.0,7,97.0,2.9393939393939394,6.90923984281487,7,7,59.0,0.29510892881918693,5.267784559426125,6.90923984281487,7,59.0,0.15000000000000002
1915.0,8,137.0,4.151515151515151,8.14114255683049,8,8,137.0,0.3884782772037846,6.781349370256133,8.14114255683049,8,137.0,-0.7800000000000001
1920.0,7,156.0,5.2,8.167508817003903,7,7,156.0,0.4114419557342508,7.3009237830427445,8.167508817003903,7,156.0,-0.18999999999999995
1925.0,10,199.0,5.852941176470588,7.24111858406752,10,10,183.0,0.2926525066093045,5.29881219545074,7.24111858406752,10,183.0,-0.27
1930.0,10,249.0,7.78125,7.867035486346267,10,10,249.0,0.3477911016950025,6.423677757761995,7.867035486346267,10,249.0,-0.6600000000000001
1935.0,9,157.0,4.617647058823529,6.999922883753483,9,9,157.0,0.2749876631788968,5.358617731486957,6.999922883753483,9,157.0,0.9200000000000002
1940.0,7,151.0,4.4411764705882355,8.234441058970761,7,7,97.0,0.37237866676503606,7.11766228075291,8.234441058970761,7,97.0,0.6000000000000001
1945.0,10,186.0,5.166666666666667,7.772266632236953,10,10,186.0,0.3526728606698999,6.55101605200516,7.772266632236953,10,186.0,-0.8900000000000001
1950.0,8,97.0,2.8529411764705883,7.807655399937581,8,8,97.0,0.3477937540553163,6.8687310898170475,7.807655399937581,8,97.0,0.8900000000000001
1955.0,5,72.0,2.3225806451612905,7.819976317081426,5,5,29.0,0.36708840793093017,7.064182378352688,7.819976317081426,5,29.0,0.6799999999999999
1960.0,8,105.0,3.088235294117647,7.188240834158542,8,8,105.0,0.32689063125949835,5.891773007978091,7.188240834158542,8,105.0,-0.76
1965.0,8,67.0,1.9705882352941178,7.422229641976929,8,8,67.0,0.3471817539698172,6.349956019997303,7.422229641976929,8,67.0,0.38
1970.0,8,95.0,2.878787878787879,6.546362111094166,8,8,58.0,0.3018652723665349,5.178397149308321,6.546362111094166,8,58.0,0.09000000000000008
1975.0,9,139.0,4.212121212121212,7.46083457701735,9,9,139.0,0.36375671769948686,6.234091527023904,7.46083457701735,9,139.0,-0.8099999999999999
1980.0,6,130.0,4.0625,8.108484515283724,6,6,130.0,0.4031690689313412,7.328633460723705,8.108484515283724,6,130.0,0.08999999999999986
1985.0,7,149.0,4.138888888888889,7.3848619155786315,7,7,135.0,0.3220733475716719,5.956178272802458,7.3848619155786315,7,135.0,-0.050000000000000044
1990.0,7,184.0,5.111111111111111,8.461886742072515,7,7,184.0,0.4205306862806052,7.561826619568754,8.461886742072515,7,184.0,-0.49
1995.0,8,185.0,4.868421052631579,7.4257517532212685,7,8,184.0,0.32733627420123335,6.116605373811176,7.4257517532212685,7,184.0,0.0
2000.0,9,228.0,6.514285714285714,8.117871546230955,9,9,196.0,0.3711492734790271,7.04845564046167,8.117871546230955,9,196.0,-0.11999999999999988
2005.0,13,274.0,7.405405405405405,7.23093973823167,13,13,274.0,0.2999768513285238,5.558551711879521,7.23093973823167,13,274.0,-0.7800000000000002
2010.0,9,152.0,4.108108108108108,7.397466535753759,9,9,152.0,0.32897789869205,6.050015764692613,7.397466535753759,9,152.0,1.2200000000000002
2015.0,5,87.0,2.4857142857142858,8.434554484308448,5,5,29.0,0.42346948865496953,7.668063419811487,8.434554484308448,5,29.0,1.23
2020.0,7,116.0,3.135135135135135,7.563690153315709,7,7,116.0,0.3378540865901688,6.172733083940188,7.563690153315709,7,116.0,-0.8699999999999999
2025.0,8,109.0,3.1142857142857143,7.5862807698686865,8,8,109.0,0.34311690352991214,6.450744852066437,7.5862807698686865,8,109.0,0.06999999999999984
2030.0,9,150.0,4.054054054054054,6.9443519589221605,9,9,126.0,0.289873321246595,5.205262534518995,6.9443519589221605,9,126.0,-0.16999999999999993
2035.0,10,197.0,5.794117647058823,7.517539844040611,10,10,197.0,0.34451870775980853,6.156817187860033,7.517539844040611,10,197.0,-0.71
2040.0,7,111.0,3.46875,7.24277963920321,7,7,111.0,0.3359594816819882,6.120534844499042,7.24277963920321,7,111.0,0.8599999999999999
2045.0,7,109.0,3.1142857142857143,6.93083396631978,7,7,57.0,0.3140948753185957,5.642140963028273,6.93083396631978,7,57.0,0.5400000000000001
2050.0,7,144.0,4.363636363636363,8.452484933511341,7,7,144.0,0.43541068053654924,7.726960485542476,8.452484933511341,7,144.0,-0.87
2055.0,7,88.0,2.5142857142857142,7.008565033007176,7,7,88.0,0.3030717329898573,5.637529354056784,7.008565033007176,7,88.0,0.5599999999999999
2060.0,6,77.0,2.2,8.169596622242558,6,6,49.0,0.36666697071929005,7.063551217982703,8.169596622242558,6,49.0,0.39
2065.0,8,101.0,2.6578947368421053,7.845872041912335,8,8,101.0,0.3369795313403911,6.385838247608254,7.845872041912335,8,101.0,-0.52
2070.0,7,134.0,3.6216216216216215,8.558524188292562,7,7,134.0,0.40428356814026384,7.561201004767734,8.558524188292562,7,134.0,-0.33000000000000007
2075.0,5,119.0,3.5,8.632236292561227,5,5,119.0,0.44230610780743895,8.081806854449692,8.632236292561227,5,119.0,0.15000000000000013
2080.0,9,152.0,4.108108108108108,7.234498674681012,9,9,134.0,0.30267733028094695,5.558400877116145,7.234498674681012,9,134.0,-0.15000000000000013
2085.0,8,190.0,5.428571428571429,8.339248704000688,8,8,190.0,0.406960579708383,7.3588394874426815,8.339248704000688,8,190.0,-0.5599999999999998
2090.0,5,124.0,3.5428571428571427,7.500495646558906,5,5,124.0,0.3078364716267762,5.8329597295592714,7.500495646558906,5,124.0,0.6599999999999999
2095.0,6,141.0,4.0285714285714285,8.389040909160748,6,6,99.0,0.3746575253764284,7.032418317347589,8.389040909160748,6,99.0,0.25
2100.0,6,171.0,5.181818181818182,8.714493512719432,6,6,171.0,0.42362806079969334,7.670787230784774,8.714493512719432,6,171.0,-0.72
2105.0,7,95.0,2.7142857142857144,7.588495818971439,7,7,95.0,0.33396927169250296,6.197076003525069,7.588495818971439,7,95.0,0.76
2110.0,7,130.0,3.823529411764706,8.30380345047284,7,7,50.0,0.3791058503558102,7.187558060015211,8.30380345047284,7,50.0,0.44999999999999996
2115.0,9,169.0,4.828571428571428,7.1483657803984535,9,9,169.0,0.2833605846417637,5.379561028605382,7.1483657803984535,9,169.0,-1.19
2120.0,7,99.0,2.8285714285714287,8.071538333744414,7,7,99.0,0.37006983055387344,7.057585210806286,8.071538333744414,7,99.0,0.7
2125.0,8,99.0,2.75,8.08644257200047,8,8,56.0,0.38828856162614983,7.208147669978612,8.08644257200047,8,56.0,0.42999999999999994
2130.0,7,128.0,3.5555555555555554,8.605104827948189,7,7,128.0,0.4274942814702732,7.74160023950014,8.605104827948189,7,128.0,-0.72
2135.0,7,163.0,4.794117647058823,8.672252354975653,7,7,163.0,0.42984326961292835,7.869493513089151,8.672252354975653,7,163.0,-0.34999999999999987
2140.0,6,90.0,2.5714285714285716,7.436374039475158,6,6,90.0,0.3280948783776615,5.84967098577187,7.436374039475158,6,90.0,0.7299999999999999
2145.0,5,99.0,3.09375,8.802806071860818,5,5,55.0,0.43376454839826517,7.840929720654537,8.802806071860818,5,55.0,0.35
2150.0,6,125.0,3.787878787878788,8.08260106395265,6,6,125.0,0.38416555907751393,6.645754150275376,8.08260106395265,6,125.0,-0.7
2155.0,5,43.0,1.34375,7.773780928332004,5,5,43.0,0.3577671089250906,6.6572267088838695,7.773780928332004,5,43.0,0.8200000000000001
2160.0,3,37.0,1.1935483870967742,8.953524020191782,3,3,-10.0,0.458066854037256,8.445077328656756,8.953524020191782,3,-10.0,0.53
2165.0,5,56.0,1.6,8.511725655029803,5,5,56.0,0.41208815615799876,7.427835148227661,8.511725655029803,5,56.0,-0.66
2170.0,5,53.0,1.606060606060606,9.121471472732557,5,5,53.0,0.466107465523698,8.622862504929063,9.121471472732557,5,53.0,0.030000000000000027
2175.0,7,81.0,2.25,7.967872076736351,7,7,55.0,0.3148368484326919,5.841545632813349,7.967872076736351,7,55.0,-0.020000000000000018
2180.0,8,121.0,3.5588235294117645,8.766282296248196,8,8,121.0,0.3962172419455568,7.4380313609956765,8.766282296248196,8,121.0,-0.6599999999999999
2185.0,11,161.0,4.735294117647059,7.97890969218382,11,11,161.0,0.34041304218013396,6.407470877816833,7.97890969218382,11,161.0,-0.40000000000000013
2190.0,8,126.0,3.9375,7.803186367360103,8,8,126.0,0.34295467133861024,6.498402798947415,7.803186367360103,8,126.0,0.3500000000000001
2195.0,7,158.0,4.9375,8.744170544868169,7,7,123.0,0.427088728473378,7.9005495584770555,8.744170544868169,7,123.0,0.030000000000000027
2200.0,10,197.0,5.794117647058823,7.211178362495073,10,10,197.0,0.3139222456445141,5.620689848836132,7.211178362495073,10,197.0,-0.74
2205.0,7,124.0,4.133333333333334,7.663463539627671,7,7,124.0,0.3743400502042434,7.025884870448975,7.663463539627671,7,124.0,0.73
2210.0,5,124.0,3.875,7.032423824328962,5,5,78.0,0.30699983050336666,5.564591611927856,7.032423824328962,5,78.0,0.45999999999999996
2215.0,7,159.0,4.96875,8.247485461353754,7,7,159.0,0.4044277676822385,7.249823762515206,8.247485461353754,7,159.0,-0.81
2220.0,5,65.0,2.1666666666666665,8.098592449674344,5,5,65.0,0.394128875465714,7.304649667682012,8.098592449674344,5,65.0,0.9400000000000001
2225.0,5,53.0,1.65625,7.606121667069103,5,5,5.0,0.3486513310483541,6.526642280551504,7.606121667069103,5,5.0,0.6
2230.0,5,78.0,2.5161290322580645,8.990993951244835,5,5,78.0,0.46715936669899005,8.597571428260173,8.990993951244835,5,78.0,-0.73
2235.0,7,73.0,2.1470588235294117,7.489204100442851,7,7,73.0,0.336365810702818,6.298335714335283,7.489204100442851,7,73.0,0.050000000000000044
2240.0,8,113.0,3.323529411764706,8.457906574168842,8,8,82.0,0.3834895430424377,7.52231647504588,8.457906574168842,8,82.0,-0.08999999999999997
2245.0,11,153.0,4.25,7.104174291603732,11,11,153.0,0.2813224428753447,5.437094734833914,7.104174291603732,11,153.0,-0.7100000000000001
2250.0,8,124.0,3.6470588235294117,7.499268117377623,8,8,124.0,0.3409174151921132,6.542932178138758,7.499268117377623,8,124.0,0.29000000000000004
2255.0,7,154.0,4.529411764705882,8.438489082084555,7,7,119.0,0.4225195097023543,7.843475325031859,8.438489082084555,7,119.0,0.050000000000000044
2260.0,10,194.0,5.542857142857143,7.0969078188126815,10,10,194.0,0.3123129302490918,5.685338951434624,7.0969078188126815,10,194.0,-0.75
2265.0,9,238.0,6.8,7.77579224263153,9,9,238.0,0.3643300352698388,6.957775892188015,7.77579224263153,9,238.0,-0.43999999999999995
2270.0,12,285.0,7.702702702702703,6.52218895252801,12,12,284.0,0.23646990193240425,4.2884087235864214,6.52218895252801,12,284.0,-0.45999999999999996
2275.0,12,345.0,10.147058823529411,7.070709174433513,12,12,345.0,0.28903370858004834,5.3277906370835195,7.070709174433513,12,345.0,-0.6100000000000003
2280.0,9,238.0,7.212121212121212,7.418773402144261,9,9,238.0,0.3261143716362548,6.020621204895378,7.418773402144261,9,238.0,1.0700000000000003
2285.0,8,206.0,6.0588235294117645,6.803877157467578,8,8,148.0,0.29661311771388127,5.492289065164516,6.803877157467578,8,148.0,0.8999999999999999
2290.0,8,246.0,7.6875,7.883486186923966,8,8,246.0,0.3919587857694095,7.050175595719748,7.883486186923966,8,246.0,-0.98
2295.0,10,121.0,3.5588235294117645,6.239267021141977,10,10,121.0,0.271481898892868,5.01571248521131,6.239267021141977,10,121.0,1.25
2300.0,6,77.0,2.264705882352941,7.9974529029059855,6,6,19.0,0.37988317409204536,7.062157444587935,7.9974529029059855,6,19.0,1.02
2305.0,9,107.0,2.9722222222222223,7.91105254991242,9,9,107.0,0.37897847732137474,6.847204897088603,7.91105254991242,9,107.0,-0.8800000000000001
2310.0,8,100.0,2.857142857142857,7.844966226423533,8,8,100.0,0.36732548679038357,6.829434396889627,7.844966226423533,8,100.0,0.07000000000000006
2315.0,7,130.0,3.9393939393939394,8.480416873661085,7,7,117.0,0.4026233916939007,7.428597445305108,8.480416873661085,7,117.0,-0.16999999999999993
2320.0,10,172.0,4.914285714285715,7.38708744473062,10,10,172.0,0.3206475633229232,5.562736227975532,7.38708744473062,10,172.0,-0.55
2325.0,10,222.0,6.529411764705882,7.875202955860613,10,10,222.0,0.3461802975645595,6.46607696884881,7.875202955860613,10,222.0,-0.5000000000000002
2330.0,8,207.0,5.594594594594595,6.958759329673868,8,8,207.0,0.2666301241224106,5.0073738582362335,6.958759329673868,8,207.0,0.15000000000000036
2335.0,8,234.0,6.324324324324325,8.052212722304816,8,8,216.0,0.35354746320025743,6.462028416952281,8.052212722304816,8,216.0,-0.0900000000000003
2340.0,8,274.0,7.828571428571428,8.086452645185213,8,8,274.0,0.37498648847467486,6.5490138098360475,8.086452645185213,8,274.0,-0.5800000000000001
2345.0,10,297.0,8.25,6.861038828868166,9,10,296.0,0.29245833616552924,5.454493410536664,6.861038828868166,9,296.0,-0.21999999999999975
2350.0,10,346.0,9.885714285714286,7.436465406652339,10,10,325.0,0.3365888907863056,6.145835305248263,7.436465406652339,10,325.0,-0.29000000000000004
2355.0,12,400.0,11.11111111111111,6.433331844687348,12,12,400.0,0.26384350061317274,4.763812213573055,6.433331844687348,12,400.0,-0.75
2360.0,13,464.0,12.88888888888889,6.962808142072883,13,13,464.0,0.3103108014481999,5.6178259625431375,6.962808142072883,13,464.0,-0.6399999999999997
2365.0,14,279.0,7.75,5.750628312620805,14,14,279.0,0.2499771695392069,4.491982930188807,5.750628312620805,14,279.0,1.8499999999999996
2370.0,8,138.0,3.8333333333333335,6.73303765695865,8,8,47.0,0.321493703910636,5.798902458510229,6.73303765695865,8,47.0,2.3200000000000003
2375.0,7,167.0,4.638888888888889,7.903226769184051,7,7,167.0,0.4153386181288215,7.351381054704816,7.903226769184051,7,167.0,-1.2
2380.0,8,96.0,2.6666666666666665,6.673221373376609,8,8,96.0,0.3247477967841839,5.758479586116028,6.673221373376609,8,96.0,0.71
2385.0,10,124.0,3.5428571428571427,7.304677015710721,10,10,79.0,0.3286862535604795,6.071694995054239,7.304677015710721,10,79.0,0.16999999999999993
2390.0,11,176.0,4.631578947368421,6.8007429041487715,11,11,176.0,0.2927360544437501,5.0829373504367314,6.8007429041487715,11,176.0,-0.97
2395.0,10,120.0,3.4285714285714284,7.07960219158412,10,10,120.0,0.32243131488956595,5.670253887504392,7.07960219158412,10,120.0,0.56
2400.0,8,141.0,4.147058823529412,7.705484216661989,8,8,96.0,0.35248325918424916,6.0072150393268045,7.705484216661989,8,96.0,0.24
2405.0,10,189.0,5.108108108108108,7.3827217504575815,10,10,189.0,0.33331531473806814,5.483348360454181,7.3827217504575815,10,189.0,-0.9299999999999999
2410.0,8,146.0,4.055555555555555,8.108984301946647,8,8,146.0,0.3728203538695563,6.643917114502284,8.108984301946647,8,146.0,0.42999999999999994
2415.0,4,78.0,2.0526315789473686,7.694879473199664,4,4,50.0,0.33435154842741743,6.14407271712714,7.694879473199664,4,50.0,0.96
2420.0,6,106.0,2.864864864864865,8.764456269093166,6,6,106.0,0.4290718915220612,7.864195423891768,8.764456269093166,6,106.0,-0.56
2425.0,9,78.0,2.0,7.59451149068191,9,9,78.0,0.3306836764899055,6.239513141158781,7.59451149068191,9,78.0,0.28
2430.0,8,114.0,2.923076923076923,8.397448043562264,8,8,87.0,0.3900151603617601,7.22507437466577,8.397448043562264,8,87.0,-0.08999999999999997
2435.0,8,154.0,4.529411764705882,8.140203458529097,8,8,154.0,0.4073788893752788,7.234582460810747,8.140203458529097,8,154.0,-0.67
2440.0,8,151.0,4.081081081081081,6.741659095539901,8,8,151.0,0.2821441199722327,4.985234247810116,6.741659095539901,8,151.0,0.030000000000000027
2445.0,6,165.0,4.714285714285714,7.754457435470665,6,6,152.0,0.3752399372909623,6.710661266866191,7.754457435470665,6,152.0,-0.010000000000000009
2450.0,7,196.0,5.157894736842105,7.350033541634568,7,7,196.0,0.33236153174902777,5.894754432081271,7.350033541634568,7,196.0,-0.43999999999999995
2455.0,8,128.0,3.3684210526315788,7.691939482720157,8,8,128.0,0.3294674559473242,6.335465085323961,7.691939482720157,8,128.0,0.6799999999999999
2460.0,6,134.0,3.7222222222222223,7.845621965097142,6,6,91.0,0.34149685978790795,6.549986644009688,7.845621965097142,6,91.0,0.37
2465.0,8,169.0,4.333333333333333,7.799439003837255,8,8,169.0,0.34115585848383956,6.408852755570268,7.799439003837255,8,169.0,-0.7799999999999999
2470.0,7,160.0,4.571428571428571,7.7911339607558405,7,7,160.0,0.3662088325599685,6.958320902926648,7.7911339607558405,7,160.0,0.08999999999999986
2475.0,8,185.0,5.138888888888889,7.1007915580847385,8,8,170.0,0.31416018473226104,5.824844459399278,7.1007915580847385,8,170.0,-0.09999999999999987
2480.0,8,225.0,6.25,8.418379109349356,8,8,225.0,0.4173242876983886,7.577792432424273,8.418379109349356,8,225.0,-0.55
2485.0,8,201.0,5.4324324324324325,7.353946202301635,8,8,201.0,0.33100990584335377,6.1575555409005105,7.353946202301635,8,201.0,0.2400000000000002
2490.0,7,234.0,6.5,8.237745676372324,7,7,209.0,0.3962240555795234,7.1633752869307585,8.237745676372324,7,209.0,-0.08000000000000007
2495.0,7,269.0,8.151515151515152,8.778213091119097,7,7,269.0,0.453484770011476,8.084817345384014,8.778213091119097,7,269.0,-0.6000000000000001
2500.0,7,217.0,6.2,7.1965551229542335,7,7,217.0,0.3034212722165066,5.778883573539502,7.1965551229542335,7,217.0,0.52
2505.0,6,229.0,6.735294117647059,8.237435918620717,6,6,200.0,0.3973142711158994,7.508245665826219,8.237435918620717,6,200.0,0.16999999999999993
2510.0,6,259.0,7.194444444444445,7.4310412190756825,6,6,259.0,0.34234429811276823,6.216070452719586,7.4310412190756825,6,259.0,-0.5899999999999999
2515.0,7,72.0,2.0,7.6734985997341125,6,7,71.0,0.36657190685997276,6.88784333128157,7.6734985997341125,6,71.0,1.88
2520.0,6,101.0,3.0606060606060606,7.927911451597817,6,6,-29.0,0.3651304313571764,6.831569870715226,7.927911451597817,6,-29.0,1.0
2525.0,9,140.0,3.888888888888889,7.28051156399959,9,9,140.0,0.30864748634989486,5.668899729695868,7.28051156399959,9,140.0,-1.69
2530.0,7,159.0,4.676470588235294,8.020971869026603,7,7,159.0,0.39579690153914404,7.444066297390739,8.020971869026603,7,159.0,-0.19000000000000017
2535.0,9,196.0,5.297297297297297,7.181518752900449,9,9,183.0,0.2969618063212782,5.520223307173758,7.181518752900449,9,183.0,-0.24
2540.0,9,241.0,6.885714285714286,8.106931531982724,9,9,241.0,0.3742629337220907,6.900749151288782,8.106931531982724,9,241.0,-0.5800000000000001
2545.0,12,286.0,7.72972972972973,7.6746761222688695,12,12,286.0,0.34103437993351654,6.240687420310058,7.6746761222688695,12,286.0,-0.44999999999999973
2550.0,8,219.0,5.918918918918919,8.189798724667932,8,8,219.0,0.35384414757108834,6.870210535638277,8.189798724667932,8,219.0,0.6699999999999999
2555.0,6,229.0,6.735294117647059,8.624277620377196,6,6,183.0,0.4019755586753041,7.60640292727971,8.624277620377196,6,183.0,0.3599999999999999
2560.0,9,265.0,8.030303030303031,7.3760647400220325,9,9,265.0,0.316855619124205,5.791842187454628,7.3760647400220325,9,265.0,-0.8199999999999998
2565.0,9,310.0,10.0,7.561454744117235,9,9,310.0,0.3324318821383331,6.271611504908421,7.561454744117235,9,310.0,-0.4500000000000002
2570.0,7,145.0,4.264705882352941,7.351257333328473,7,7,145.0,0.2986743586412536,5.768155559909748,7.351257333328473,7,145.0,1.6500000000000001
2575.0,4,39.0,1.1470588235294117,8.412326254798119,4,4,-39.0,0.3818254568664541,7.182810853023684,8.412326254798119,4,-39.0,1.8399999999999999
2580.0,4,59.0,1.84375,8.841269675766178,4,4,59.0,0.4332476470255284,7.644520746598569,8.841269675766178,4,59.0,-0.98
2585.0,7,76.0,2.303030303030303,7.294355573611498,7,7,76.0,0.3128638457741543,5.77750947138683,7.294355573611498,7,76.0,-0.17000000000000004
2590.0,8,116.0,3.625,8.468695860698201,8,8,108.0,0.3986624287601465,7.3078123685808505,8.468695860698201,8,108.0,-0.32000000000000006
2595.0,10,158.0,4.647058823529412,7.224533541188664,10,10,158.0,0.3241880119708721,5.728689553526032,7.224533541188664,10,158.0,-0.5
2600.0,7,119.0,3.5,8.162231250511223,7,7,119.0,0.3806642832951881,7.186006382366704,8.162231250511223,7,119.0,0.3900000000000001
2605.0,8,143.0,3.9722222222222223,8.187799795886765,8,8,106.0,0.3670416157610429,6.975482229899714,8.187799795886765,8,106.0,0.1299999999999999
2610.0,8,180.0,5.454545454545454,8.468223749347498,8,8,180.0,0.4035885791420135,7.6153211702691594,8.468223749347498,8,180.0,-0.74
2615.0,5,124.0,3.757575757575758,8.361582398020659,5,5,124.0,0.3933821293049764,7.779209693581557,8.361582398020659,5,124.0,0.56
2620.0,5,78.0,2.2941176470588234,7.429460842247794,5,5,50.0,0.3208782913342035,6.068561154933786,7.429460842247794,5,50.0,0.74
2625.0,5,103.0,3.0294117647058822,8.897278791613617,5,5,103.0,0.4417935194367663,8.26987823894015,8.897278791613617,5,103.0,-0.53
2630.0,5,100.0,2.7777777777777777,7.139703505198919,5,5,100.0,0.28292435219229245,5.431280205203943,7.139703505198919,5,100.0,0.030000000000000027
2635.0,7,135.0,3.857142857142857,8.194914660431854,7,7,118.0,0.3760024114864656,6.947219768666136,8.194914660431854,7,118.0,-0.17999999999999994
2640.0,7,170.0,5.3125,8.620560144634664,7,7,170.0,0.42343477782799127,7.80240019703554,8.620560144634664,7,170.0,-0.52
2645.0,8,208.0,5.942857142857143,7.997551042983108,8,8,208.0,0.36604626556746794,6.890634343908327,7.997551042983108,8,208.0,-0.3800000000000001
2650.0,6,125.0,3.787878787878788,8.504075421362009,6,6,125.0,0.4062767567875365,7.882440023719969,8.504075421362009,6,125.0,0.8300000000000001
2655.0,9,162.0,4.628571428571429,6.890347519930301,9,9,76.0,0.2905881680352351,5.348296425911598,6.890347519930301,9,76.0,0.49
2660.0,10,212.0,6.057142857142857,7.718667049688348,10,10,212.0,0.3630786149372461,6.712438251460221,7.718667049688348,10,212.0,-1.36
2665.0,9,152.0,4.3428571428571425,7.299305069358241,9,9,152.0,0.31976289759395105,6.22332072633589,7.299305069358241,9,152.0,0.6000000000000001
2670.0,7,148.0,4.352941176470588,7.771142524000936,7,7,115.0,0.36504941652749384,6.993182572888569,7.771142524000936,7,115.0,0.3700000000000001
2675.0,7,183.0,5.382352941176471,8.186756599764424,7,7,183.0,0.40835342645096423,7.493156598632545,8.186756599764424,7,183.0,-0.6800000000000002
2680.0,10,91.0,2.5277777777777777,6.528779408116341,9,10,90.0,0.2783718855281737,4.997763040132999,6.528779408116341,9,90.0,0.93
2685.0,8,81.0,2.4545454545454546,7.653220267343598,8,8,24.0,0.3373780200262214,6.116208951364621,7.653220267343598,8,24.0,0.66
2690.0,6,108.0,3.085714285714286,6.910991659147255,6,6,108.0,0.2932536315167023,5.159739450026369,6.910991659147255,6,108.0,-0.8400000000000001
2695.0,8,148.0,4.625,7.537489552310059,8,8,148.0,0.3592704602343645,6.357605250075313,7.537489552310059,8,148.0,-0.3999999999999999
2700.0,6,90.0,2.903225806451613,7.924978225772928,6,6,90.0,0.38424682527761533,6.963574126481002,7.924978225772928,6,90.0,0.58
2705.0,7,110.0,3.142857142857143,7.829773470134961,7,7,70.0,0.3707222495599734,6.605110988523362,7.829773470134961,7,70.0,0.20000000000000007
2710.0,7,145.0,4.393939393939394,8.759248971781277,7,7,145.0,0.4232509635443991,7.65956788554603,8.759248971781277,7,145.0,-0.75
2715.0,6,83.0,2.3055555555555554,7.6327132581222905,5,6,82.0,0.32037798333114387,6.178765449781858,7.6327132581222905,5,82.0,0.63
2720.0,6,94.0,2.6857142857142855,8.663388953210811,6,6,61.0,0.3697164926584055,7.284381053534756,8.663388953210811,6,61.0,0.20999999999999996
2725.0,8,117.0,3.25,7.853434613875996,8,8,117.0,0.3384699895039108,6.434856726580392,7.853434613875996,8,117.0,-0.5599999999999999
2730.0,9,109.0,3.2058823529411766,7.795971671761369,9,9,109.0,0.35739285905578033,6.951481240558239,7.795971671761369,9,109.0,0.07999999999999985
2735.0,9,154.0,4.529411764705882,8.452284481999243,9,9,107.0,0.38808999468249694,7.433902326808143,8.452284481999243,9,107.0,0.020000000000000018
2740.0,13,205.0,5.857142857142857,6.540373917697192,13,13,205.0,0.24901925815682943,4.674658179728654,6.540373917697192,13,205.0,-0.9799999999999998
2745.0,9,145.0,4.142857142857143,7.491142904371858,9,9,145.0,0.3275908918660231,6.240281424734093,7.491142904371858,9,145.0,0.5999999999999999
2750.0,8,153.0,4.026315789473684,6.8221872903376815,8,8,110.0,0.2636101380580032,4.912845970356818,6.8221872903376815,8,110.0,0.34999999999999987
2755.0,9,198.0,5.823529411764706,7.796580226536142,9,9,198.0,0.34677632584308865,6.429924050223301,7.796580226536142,9,198.0,-0.8799999999999999
2760.0,7,145.0,4.53125,7.525082083816636,7,7,145.0,0.3244403051576787,6.258871683250931,7.525082083816636,7,145.0,0.53
2765.0,8,170.0,5.0,7.213225968982929,8,8,130.0,0.2984049767077965,5.8605105957425785,7.213225968982929,8,130.0,0.1499999999999999
2770.0,8,210.0,6.176470588235294,8.215506689214145,8,8,210.0,0.3715211697560078,7.081189078742146,8.215506689214145,8,210.0,-0.8
2775.0,7,110.0,3.235294117647059,7.473608747406351,7,7,110.0,0.3304301169429204,6.3810645084931386,7.473608747406351,7,110.0,1.0
2780.0,5,49.0,1.4848484848484849,8.16542450300767,5,5,5.0,0.36776739066996417,7.314776452612676,8.16542450300767,5,5.0,1.05
2785.0,7,68.0,1.8888888888888888,7.415272020724562,7,7,68.0,0.3115156820202802,5.947142982785403,7.415272020724562,7,68.0,-0.63
2790.0,7,31.0,0.9117647058823529,7.627881011225842,7,7,31.0,0.33802904762810104,6.636672745670874,7.627881011225842,7,31.0,0.37000000000000005
2795.0,7,61.0,1.7941176470588236,8.011535862613657,7,7,33.0,0.36403197009239957,7.200339760208981,8.011535862613657,7,33.0,-0.020000000000000018
2800.0,10,102.0,2.7567567567567566,7.227572775341552,10,10,102.0,0.2903307422377131,5.637231165715514,7.227572775341552,10,102.0,-0.69
2805.0,8,100.0,2.7777777777777777,7.813402233170141,8,8,100.0,0.3452707720858644,6.693277769001508,7.813402233170141,8,100.0,0.020000000000000018
2810.0,6,88.0,2.4444444444444446,7.100766500150137,6,6,74.0,0.3020986231205489,5.61078553576385,7.100766500150137,6,74.0,0.26
2815.0,7,123.0,3.5142857142857142,8.200329274008105,7,7,123.0,0.38113687014398356,7.025437856026621,8.200329274008105,7,123.0,-0.49
2820.0,6,65.0,1.9696969696969697,7.600708938276517,6,6,65.0,0.33680439899404996,6.345213659854345,7.600708938276517,6,65.0,0.58
2825.0,7,86.0,2.5294117647058822,7.170798973419577,7,7,49.0,0.316041529142878,5.869105827370742,7.170798973419577,7,49.0,0.16000000000000003
2830.0,7,121.0,3.5588235294117645,8.65662235156057,7,7,121.0,0.42123336083992075,7.7796263114616595,8.65662235156057,7,121.0,-0.72
2835.0,8,121.0,3.27027027027027,7.466038951826481,8,8,121.0,0.30886879391099525,5.794833386854779,7.466038951826481,8,121.0,0.0
2840.0,9,166.0,4.611111111111111,8.665771765507788,9,9,134.0,0.3762588829235123,7.268712086342411,8.665771765507788,9,134.0,-0.13000000000000012
2845.0,12,211.0,5.702702702702703,7.6414611502821375,12,12,211.0,0.29863240780203787,5.724731097601216,7.6414611502821375,12,211.0,-0.7699999999999998
2850.0,8,172.0,4.777777777777778,7.838650852929992,8,8,172.0,0.3194642595429801,6.207863782412354,7.838650852929992,8,172.0,0.3899999999999999
2855.0,7,186.0,5.470588235294118,8.608775127441934,7,7,158.0,0.3975441899996754,7.495953835554305,8.608775127441934,7,158.0,0.1399999999999999
2860.0,10,227.0,6.305555555555555,7.561362071954156,10,10,227.0,0.31818875174367167,5.958768868586332,7.561362071954156,10,227.0,-0.69
2865.0,10,277.0,8.147058823529411,7.853985177371383,10,10,277.0,0.33342243516841097,6.4467507783076075,7.853985177371383,10,277.0,-0.5
2870.0,9,155.0,4.428571428571429,6.5949041029249855,9,9,155.0,0.24568466529893399,4.601730507025276,6.5949041029249855,9,155.0,1.22
2875.0,6,109.0,3.2058823529411766,8.049156974665152,6,6,47.0,0.3531156416900802,6.634977010453163,8.049156974665152,6,47.0,1.08
2880.0,6,139.0,4.633333333333334,8.23571360401098,6,6,139.0,0.3978643744389971,7.281056515949103,8.23571360401098,6,139.0,-0.9199999999999999
2885.0,8,71.0,2.1515151515151514,6.901193430851226,8,8,71.0,0.3036696363904286,5.658329995560967,6.901193430851226,8,71.0,0.6799999999999999
2890.0,6,81.0,2.53125,8.338855621408076,6,6,36.0,0.4023746982433948,7.58546865691991,8.338855621408076,6,36.0,0.35
2895.0,8,113.0,3.2285714285714286,7.6562044584063855,8,8,113.0,0.33685705372069924,6.260589580641346,7.6562044584063855,8,113.0,-0.7699999999999999
2900.0,8,114.0,3.257142857142857,8.49271120182385,8,8,114.0,0.3985148417391412,7.581977183235144,8.49271120182385,8,114.0,-0.010000000000000009
2905.0,11,154.0,4.052631578947368,7.7047147240783715,11,11,117.0,0.3057137638897469,5.794765107412868,7.7047147240783715,11,117.0,-0.030000000000000027
2910.0,11,207.0,5.75,7.897708208550491,11,11,207.0,0.3194527006648669,6.216092692446963,7.897708208550491,11,207.0,-0.8999999999999999
2915.0,8,163.0,4.9393939393939394,7.956505848687069,8,8,163.0,0.34267810369875645,6.737525354032323,7.956505848687069,8,163.0,0.43999999999999995
2920.0,10,196.0,5.444444444444445,7.052698239555446,10,10,156.0,0.27281494741697687,5.2800988043547985,7.052698239555446,10,156.0,0.06999999999999984
2925.0,10,246.0,7.0285714285714285,8.044783062357526,10,10,246.0,0.36173246565595335,6.769012386370951,8.044783062357526,10,246.0,-0.8999999999999999
2930.0,8,156.0,4.457142857142857,6.69701879115317,8,8,156.0,0.25450441476845703,4.944640270380906,6.69701879115317,8,156.0,0.8999999999999999
2935.0,6,113.0,3.4242424242424243,7.618175563887139,6,6,70.0,0.32843185276016423,6.407487781079055,7.618175563887139,6,70.0,0.8600000000000001
2940.0,6,143.0,4.46875,7.632391417887884,6,6,143.0,0.34465011259750483,6.243614296383829,7.632391417887884,6,143.0,-0.73
2945.0,9,74.0,2.1142857142857143,6.513469920121722,9,9,74.0,0.2714043861446487,4.972212934011716,6.513469920121722,9,74.0,0.69
2950.0,7,89.0,2.6176470588235294,7.88728551297701,7,7,46.0,0.37434570202859446,6.831117766689084,7.88728551297701,7,46.0,0.27999999999999997
2955.0,8,125.0,3.676470588235294,7.177865085555405,8,8,125.0,0.3189310423146711,5.8065027528599975,7.177865085555405,8,125.0,-0.79
2960.0,7,119.0,3.5,8.09876450048283,7,7,119.0,0.37685912020422624,7.034485004486118,8.09876450048283,7,119.0,0.06000000000000005
2965.0,8,123.0,3.4166666666666665,8.353299018154397,8,8,109.0,0.3833882128051796,7.294679581632535,8.353299018154397,8,109.0,0.09999999999999987
2970.0,7,153.0,4.25,8.873009372359746,7,7,153.0,0.4133390793894834,7.806668196027421,8.873009372359746,7,153.0,-0.43999999999999995
2975.0,5,92.0,2.6285714285714286,8.894922903380616,5,5,92.0,0.4133132184409643,8.209991442116484,8.894922903380616,5,92.0,0.61
2980.0,7,110.0,2.972972972972973,7.846473527909139,7,7,70.0,0.3113185706621639,6.000769627217923,7.846473527909139,7,70.0,0.22000000000000008
2985.0,7,145.0,4.142857142857143,9.003668423735224,7,7,145.0,0.4114946312319626,7.688992775196567,9.003668423735224,7,145.0,-0.75
2990.0,6,97.0,2.6944444444444446,7.8005321151422935,6,6,97.0,0.3118102342963354,5.915023891045269,7.8005321151422935,6,97.0,0.48
2995.0,8,135.0,3.857142857142857,8.742383447229265,8,8,69.0,0.3731081145519749,7.066600491358234,8.742383447229265,8,69.0,0.28
3000.0,8,175.0,5.303030303030303,8.192186961909085,8,8,175.0,0.3428464980007099,6.166118662767525,8.192186961909085,8,175.0,-1.06
3005.0,9,114.0,3.3529411764705883,7.142021645866213,9,9,114.0,0.27535464416832856,5.133857075984833,7.142021645866213,9,114.0,0.6100000000000001
3010.0,6,126.0,3.8181818181818183,8.393847221220916,6,6,83.0,0.38973750466528656,7.180208508892557,8.393847221220916,6,83.0,0.30999999999999994
3015.0,7,158.0,4.514285714285714,8.06368820595649,7,7,158.0,0.3728313931176224,6.838230926047473,8.06368820595649,7,158.0,-0.7500000000000001
3020.0,6,78.0,2.2285714285714286,8.427429291154432,6,6,78.0,0.37960323858717526,7.509294228935337,8.427429291154432,6,78.0,0.8
3025.0,7,72.0,2.057142857142857,8.003391032205437,7,7,29.0,0.32468812190840346,6.593861567829707,8.003391032205437,7,29.0,0.49000000000000005
3030.0,6,101.0,3.15625,9.042383296247259,6,6,101.0,0.41770598401814096,8.381517372580074,9.042383296247259,6,101.0,-0.72
3035.0,4,40.0,1.2903225806451613,8.876121832794887,4,4,40.0,0.41317914149055723,8.414494480461592,8.876121832794887,4,40.0,0.61
3040.0,5,50.0,1.5151515151515151,8.21687337945618,5,5,12.0,0.35841418908016853,7.08470677909831,8.21687337945618,5,12.0,0.28
3045.0,6,78.0,2.4375,9.120065201729593,6,6,78.0,0.43610702873880913,8.498069032999137,9.120065201729593,6,78.0,-0.66
3050.0,7,98.0,2.9696969696969697,7.180800644312769,7,7,98.0,0.28513269252953427,5.411076874572137,7.180800644312769,7,98.0,-0.19999999999999996
3055.0,8,138.0,4.181818181818182,8.141364009846962,8,8,131.0,0.35273762549584947,6.698013611242857,8.141364009846962,8,131.0,-0.33000000000000007
3060.0,8,178.0,5.5625,8.146036509218094,8,8,178.0,0.34983878868031687,6.677991214438972,8.146036509218094,8,178.0,-0.47
3065.0,11,226.0,6.647058823529412,6.944924762274212,11,11,226.0,0.2702172135105628,5.281547688512928,6.944924762274212,11,226.0,-0.47999999999999976
3070.0,9,254.0,7.696969696969697,7.369044561578724,9,9,254.0,0.3257742838316238,6.221301866302727,7.369044561578724,9,254.0,-0.28000000000000025
3075.0,10,302.0,8.628571428571428,6.490916107858586,10,10,287.0,0.27649006532089826,5.044319092937945,6.490916107858586,10,287.0,-0.33000000000000007
3080.0,11,357.0,10.2,7.460402185392179,11,11,357.0,0.34985649476752206,6.386261050168793,7.460402185392179,11,357.0,-0.6999999999999997
3085.0,14,413.0,12.147058823529411,6.640049041366418,14,14,413.0,0.27924956724722266,5.236345122937181,6.640049041366418,14,413.0,-0.56
3090.0,14,479.0,14.515151515151516,6.66203229595572,14,14,479.0,0.2741153009771556,5.333583577745706,6.66203229595572,14,479.0,-0.6600000000000001
3095.0,14,549.0,17.70967741935484,6.495176842693774,14,14,549.0,0.28249204792108695,5.44292237061898,6.495176842693774,14,549.0,-0.7000000000000002
3100.0,14,406.0,11.941176470588236,5.307305546956361,14,14,406.0,0.20690181929341958,4.1308626084225955,5.307305546956361,14,406.0,1.4300000000000006
3105.0,10,319.0,9.666666666666666,6.150454212482972,10,10,241.0,0.27787424727061744,5.371666466370211,6.150454212482972,10,241.0,1.6499999999999995
3110.0,11,370.0,10.882352941176471,5.762706203499038,11,11,370.0,0.25544777090000137,4.9155501240443105,5.762706203499038,11,370.0,-1.29
3115.0,12,214.0,6.484848484848484,6.011067422490917,12,12,214.0,0.2704097099866364,5.2355123319421,6.011067422490917,12,214.0,1.56
3120.0,9,110.0,3.4375,6.358474838378939,9,9,32.0,0.28928281342720324,5.419198635790406,6.358474838378939,9,32.0,1.82
3125.0,10,154.0,4.277777777777778,6.77838984618506,10,10,154.0,0.31340087639100034,5.76448996285127,6.77838984618506,10,154.0,-1.22
3130.0,10,204.0,5.828571428571428,7.337477886777831,10,10,204.0,0.34744025456567224,6.403387169389177,7.337477886777831,10,204.0,-0.5
3135.0,13,227.0,6.135135135135135,5.856744217319352,13,13,227.0,0.24785275005717955,4.544508656832359,5.856744217319352,13,227.0,-0.22999999999999998
3140.0,13,292.0,7.891891891891892,6.728261743126142,13,13,292.0,0.29476002094574144,5.581691295690322,6.728261743126142,13,292.0,-0.6499999999999999
3145.0,16,357.0,8.925,6.388751429672003,16,16,327.0,0.25306209764468485,4.804274094688124,6.388751429672003,16,327.0,-0.3500000000000001
3150.0,14,325.0,8.125,6.952002507475484,14,14,325.0,0.29426014856592786,5.602126341985426,6.952002507475484,14,325.0,0.020000000000000018
3155.0,10,288.0,7.2,6.951150340189041,10,10,255.0,0.27793699285623047,5.277116898318093,6.951150340189041,10,255.0,0.7000000000000002
3160.0,12,341.0,8.317073170731707,6.4950863608326435,12,12,341.0,0.2716063760063767,4.872736295357429,6.4950863608326435,12,341.0,-0.8600000000000003
3165.0,15,404.0,10.631578947368421,6.286080491069451,15,15,404.0,0.27902755409716273,5.096023215737947,6.286080491069451,15,404.0,-0.6299999999999999
3170.0,16,481.0,11.731707317073171,5.56893625911443,16,16,479.0,0.19819381942158223,3.7196620428622458,5.56893625911443,16,479.0,-0.75
3175.0,18,570.0,14.25,6.094605387947237,18,18,570.0,0.2221625106886922,4.2394294893771205,6.094605387947237,18,570.0,-0.9100000000000001
3180.0,15,606.0,16.37837837837838,5.741396569029897,15,15,606.0,0.19847790812351077,3.8912948939045275,5.741396569029897,15,606.0,-0.35999999999999943
3185.0,15,655.0,16.375,6.038616845092698,15,15,641.0,0.23832377578613473,4.503021480506983,6.038616845092698,15,641.0,-0.35000000000000053
3190.0,15,730.0,19.210526315789473,6.475286982422927,15,15,730.0,0.2846118957515524,5.162202913486205,6.475286982422927,15,730.0,-0.8899999999999997
3195.0,16,641.0,16.025,5.4250654691668725,16,16,641.0,0.21333855683869746,3.9087380140370245,5.4250654691668725,16,641.0,0.8899999999999997
3200.0,12,622.0,15.55,6.872528884721571,12,12,564.0,0.30005734675377976,5.521565656779538,6.872528884721571,12,564.0,0.7700000000000005
3205.0,15,683.0,17.075,6.7496002861233055,15,15,683.0,0.2926036990620271,5.334796057012925,6.7496002861233055,15,683.0,-1.1900000000000004
3210.0,15,423.0,11.131578947368421,6.1778972795189215,15,15,423.0,0.27619776138007335,5.116507099059646,6.1778972795189215,15,423.0,2.5999999999999996
3215.0,10,143.0,3.763157894736842,6.756956604629266,10,10,27.0,0.298398702857426,5.312983916441606,6.756956604629266,10,27.0,3.9600000000000004
3220.0,8,107.0,2.675,7.066108430085952,8,8,107.0,0.3272301799715422,5.652300043239114,7.066108430085952,8,107.0,-0.8
3225.0,9,104.0,2.6,7.1143350138502495,9,9,104.0,0.30644214278692417,5.6863490253434135,7.1143350138502495,9,104.0,0.030000000000000027
3230.0,13,151.0,3.511627906976744,6.020755981049363,13,13,138.0,0.205632077546049,3.8525364702883507,6.020755981049363,13,138.0,-0.33999999999999986
3235.0,14,221.0,5.261904761904762,6.906149401105756,14,14,221.0,0.2819120557273794,5.180249155543441,6.906149401105756,14,221.0,-0.8300000000000001
3240.0,12,169.0,4.121951219512195,6.301020743543374,12,12,169.0,0.24180782315910623,4.449475724432611,6.301020743543374,12,169.0,0.52
3245.0,11,197.0,4.377777777777778,6.987807025576937,11,11,154.0,0.30056531254384017,5.427507000632331,6.987807025576937,11,154.0,0.1499999999999999
3250.0,12,253.0,6.023809523809524,7.356581193296804,12,12,253.0,0.3232217845725579,5.765692816449695,7.356581193296804,12,253.0,-0.9899999999999998
3255.0,11,224.0,5.463414634146342,6.434114767405728,11,11,224.0,0.2729759870743799,4.9552089010362375,6.434114767405728,11,224.0,0.2899999999999996
3260.0,9,124.0,3.024390243902439,7.049103208742882,9,9,96.0,0.29384567134977935,5.619098484035919,7.049103208742882,9,96.0,1.2800000000000002
3265.0,10,125.0,2.9069767441860463,6.68193296346185,10,10,125.0,0.2729693845327034,5.063244816218778,6.68193296346185,10,125.0,-0.29000000000000004
3270.0,9,136.0,3.1627906976744184,7.047356662323986,9,9,136.0,0.30059747115286867,5.694479236604977,7.047356662323986,9,136.0,-0.1100000000000001
3275.0,13,195.0,4.7560975609756095,6.996149579682643,13,13,182.0,0.3026894695894903,5.509791232818031,6.996149579682643,13,182.0,-0.45999999999999996
3280.0,16,269.0,6.560975609756097,6.295725684164794,16,16,269.0,0.25908240677617467,4.502746928608958,6.295725684164794,16,269.0,-0.8699999999999999
3285.0,13,235.0,6.0256410256410255,6.827180365934708,13,13,235.0,0.2924829610976889,5.393074432037306,6.827180365934708,13,235.0,0.33999999999999986
3290.0,12,263.0,6.575,6.25858076267915,12,12,219.0,0.24583916866942992,4.6259232804905315,6.25858076267915,12,219.0,0.16000000000000014
3295.0,13,326.0,8.15,7.089653945311797,13,13,326.0,0.3076157064153194,5.6321993942531865,7.089653945311797,13,326.0,-1.0699999999999998
3300.0,12,296.0,7.7894736842105265,6.584453213977471,12,12,296.0,0.26339507779099386,5.054212919159813,6.584453213977471,12,296.0,0.2999999999999998
3305.0,9,192.0,4.682926829268292,6.7236158949202425,9,9,163.0,0.27147285750046507,5.188380386319117,6.7236158949202425,9,163.0,1.33
3310.0,6,170.0,4.146341463414634,7.9168983328106455,6,6,170.0,0.3660613683977762,6.8247411711794745,7.9168983328106455,6,170.0,-0.07000000000000006
3315.0,9,76.0,1.7272727272727273,6.91075939389468,9,9,76.0,0.27884226973541143,5.287052008980959,6.91075939389468,9,76.0,0.94
3320.0,13,135.0,3.4615384615384617,7.262517423822544,13,13,43.0,0.3153176110969024,5.932743708517293,7.262517423822544,13,43.0,0.33
3325.0,16,200.0,4.878048780487805,6.344480438042519,16,16,200.0,0.2516022883574491,4.6491935340381625,6.344480438042519,16,200.0,-1.57
3330.0,13,228.0,5.846153846153846,6.749828759478177,13,13,228.0,0.2737914926615482,5.314479834770466,6.749828759478177,13,228.0,-0.2799999999999998
3335.0,8,209.0,5.358974358974359,7.394510307818306,8,8,196.0,0.3202114093441912,6.022056658010481,7.394510307818306,8,196.0,0.31999999999999984
3340.0,11,256.0,6.2439024390243905,6.929468894161942,11,11,256.0,0.2914304764193957,5.370172139978638,6.929468894161942,11,256.0,-0.6000000000000001
3345.0,12,195.0,4.875,6.938627682080676,11,12,194.0,0.28628092831716395,5.4753910741714575,6.938627682080676,11,194.0,0.6200000000000001
3350.0,13,221.0,5.261904761904762,6.137492525895531,13,13,178.0,0.19030365191150672,3.6972921858535255,6.137492525895531,13,178.0,0.15999999999999992
3355.0,12,278.0,7.128205128205129,7.106237712803882,12,12,278.0,0.2797751167925834,5.3485761763782405,7.106237712803882,12,278.0,-0.9999999999999998
3360.0,12,175.0,4.72972972972973,6.381108081734746,12,12,175.0,0.24119526230160637,4.694496547711165,6.381108081734746,12,175.0,1.0299999999999998
3365.0,11,159.0,4.184210526315789,6.413340521455041,11,11,96.0,0.26387118489206235,5.0593902002983455,6.413340521455041,11,96.0,0.79
3370.0,11,214.0,5.783783783783784,7.3147533073886235,11,11,214.0,0.32602249204454087,6.01055363532022,7.3147533073886235,11,214.0,-1.1800000000000002
3375.0,14,184.0,4.717948717948718,6.1171418004898435,14,14,184.0,0.24621968104503156,4.490163497070167,6.1171418004898435,14,184.0,0.30000000000000004
3380.0,10,157.0,4.0256410256410255,7.2580209794545,10,10,129.0,0.3053370946606037,5.7049911422703135,7.2580209794545,10,129.0,0.55
3385.0,12,201.0,4.902439024390244,6.709288413874175,12,12,201.0,0.2656797243193164,4.867958689526497,6.709288413874175,12,201.0,-0.7199999999999998
3390.0,12,166.0,4.256410256410256,6.647408582289813,12,12,166.0,0.27079386059466426,5.086459957467027,6.647408582289813,12,166.0,0.34999999999999987
3395.0,10,166.0,4.368421052631579,7.119890567411064,10,10,137.0,0.3023643964642196,5.795860805111183,7.119890567411064,10,137.0,0.2899999999999998
3400.0,13,222.0,5.55,6.298295745928261,13,13,222.0,0.22927344950864945,4.484724190260291,6.298295745928261,13,222.0,-0.8500000000000001
3405.0,12,194.0,4.9743589743589745,6.940388988634581,12,12,194.0,0.28223102613902457,5.501410975512329,6.940388988634581,12,194.0,0.28000000000000025
3410.0,12,223.0,5.575,6.041481745536297,12,12,195.0,0.24042744158664614,4.43112544382557,6.041481745536297,12,195.0,-0.010000000000000009
3415.0,13,288.0,7.384615384615385,7.243279552275978,13,13,288.0,0.31196737917473377,5.70132725819885,7.243279552275978,13,288.0,-0.9299999999999999
3420.0,11,308.0,8.555555555555555,6.478180801108341,11,11,308.0,0.26442197336778567,4.899045917274197,6.478180801108341,11,308.0,-0.20000000000000018
3425.0,12,355.0,9.102564102564102,6.500843301184869,12,12,343.0,0.26694920921912557,4.9560878883866435,6.500843301184869,12,343.0,-0.3500000000000001
3430.0,12,415.0,10.64102564102564,7.517576560025835,12,12,415.0,0.3322717447388338,6.015832001893412,7.517576560025835,12,415.0,-0.7200000000000002
3435.0,11,335.0,8.170731707317072,6.504545429742767,11,11,335.0,0.2474774322664297,4.672376314605337,6.504545429742767,11,335.0,0.8000000000000003
3440.0,7,202.0,5.05,7.770479946612684,7,7,158.0,0.34391110318893725,6.444050593890893,7.770479946612684,7,158.0,1.77
3445.0,9,224.0,5.333333333333333,7.85121338976918,9,9,224.0,0.34860755089985496,6.4227485378828195,7.85121338976918,9,224.0,-0.6600000000000001
3450.0,8,189.0,4.5,7.834839873332403,8,8,189.0,0.3249587134909552,6.368745010817467,7.834839873332403,8,189.0,0.3500000000000003
3455.0,9,230.0,5.897435897435898,7.941361345967784,9,9,202.0,0.34425768764093384,6.470246116468785,7.941361345967784,9,202.0,-0.13000000000000012
3460.0,11,282.0,6.878048780487805,7.4279765814002126,11,11,282.0,0.2913229394989996,5.40828724391439,7.4279765814002126,11,282.0,-0.7999999999999998
3465.0,10,292.0,7.3,7.864375938705879,9,10,291.0,0.3241506049511206,6.38274465091033,7.864375938705879,9,291.0,-0.0900000000000003
3470.0,9,287.0,7.358974358974359,7.0333557701568115,9,9,274.0,0.2333955141461922,4.690620044323902,7.0333557701568115,9,274.0,0.16999999999999993
3475.0,8,323.0,8.5,7.9912417650369205,8,8,323.0,0.3191616060649892,6.360801749749425,7.9912417650369205,8,323.0,-0.48999999999999977
3480.0,9,131.0,3.5405405405405403,7.08525324969205,9,9,131.0,0.26141332585260196,5.16080229225068,7.08525324969205,9,131.0,1.92
3485.0,12,188.0,4.82051282051282,6.981226384601312,12,12,52.0,0.2645195873464849,5.012190323710618,6.981226384601312,12,52.0,0.79
3490.0,12,248.0,6.702702702702703,7.511712764123948,12,12,248.0,0.3108544596915229,5.812290181212241,7.511712764123948,12,248.0,-1.96
3495.0,11,259.0,6.815789473684211,6.559669817276221,11,11,259.0,0.23827726304730287,4.734304940623828,6.559669817276221,11,259.0,-0.10999999999999988
3500.0,9,274.0,7.611111111111111,7.797609527436671,9,9,260.0,0.3510337648714867,6.730815535901953,7.797609527436671,9,260.0,-0.010000000000000231
3505.0,11,319.0,8.394736842105264,7.3382243162443475,11,11,319.0,0.327554711939756,5.964350967254174,7.3382243162443475,11,319.0,-0.5899999999999999
3510.0,10,293.0,8.13888888888889,6.9528588241445854,10,10,293.0,0.30570599873864757,5.81188903712454,6.9528588241445854,10,293.0,0.2599999999999998
3515.0,9,333.0,9.25,7.965265491673416,9,9,299.0,0.36018178939746165,6.78916673768494,7.965265491673416,9,299.0,-0.06000000000000005
3520.0,12,385.0,10.405405405405405,6.9638681373003175,12,12,385.0,0.27097176112539195,5.083998144353654,6.9638681373003175,12,385.0,-0.8599999999999999
3525.0,10,405.0,10.945945945945946,7.369777591946027,9,10,404.0,0.302766057147226,5.842949021767218,7.369777591946027,9,404.0,-0.18999999999999995
3530.0,10,452.0,11.894736842105264,6.707813675593526,10,10,439.0,0.2272354527583318,4.31517669445985,6.707813675593526,10,439.0,-0.34999999999999964
3535.0,11,506.0,13.675675675675675,7.561341488027155,11,11,506.0,0.3014004104407964,5.685386123529005,7.561341488027155,11,506.0,-0.6699999999999999
3540.0,9,284.0,8.114285714285714,7.497087093660262,9,9,284.0,0.3246307271022313,6.123120593837032,7.497087093660262,9,284.0,2.2199999999999998
3545.0,6,74.0,1.8974358974358974,7.257703707911308,6,6,-26.0,0.2890360411387464,5.628630155682802,7.257703707911308,6,-26.0,3.0999999999999996
3550.0,5,81.0,2.189189189189189,7.9724078344769715,5,5,81.0,0.3553640040589982,6.786187734933944,7.9724078344769715,5,81.0,-1.07
3555.0,7,109.0,2.8684210526315788,7.100367161663272,7,7,109.0,0.31491254674516267,5.755253301074214,7.100367161663272,7,109.0,-0.28
3560.0,7,144.0,4.0,8.154906289178562,7,7,144.0,0.4041539135628569,7.390878560698172,8.154906289178562,7,144.0,-0.34999999999999987
3565.0,9,179.0,4.7105263157894735,7.9650082170992915,9,9,179.0,0.3850745337832329,6.962519961083201,7.9650082170992915,9,179.0,-0.3500000000000001
3570.0,8,136.0,3.8857142857142857,7.401960142924936,8,8,136.0,0.3459380970986535,6.509007073359749,7.401960142924936,8,136.0,0.42999999999999994
3575.0,5,158.0,4.514285714285714,8.037874925259162,5,5,124.0,0.39948579628447006,7.393040033248186,8.037874925259162,5,124.0,0.1200000000000001
3580.0,8,189.0,5.108108108108108,7.168697609971423,8,8,189.0,0.3151592437188437,5.452846032197024,7.168697609971423,8,189.0,-0.6499999999999999
3585.0,6,108.0,2.918918918918919,8.28204287697673,5,6,107.0,0.4119264280206762,7.447043657701435,8.28204287697673,5,107.0,0.8199999999999998
3590.0,4,98.0,2.45,7.924976638036968,4,4,54.0,0.31115837011904984,5.658340973056239,7.924976638036968,4,54.0,0.53
3595.0,5,117.0,3.1621621621621623,8.77281139603006,5,5,117.0,0.39843088286626827,7.30186505080166,8.77281139603006,5,117.0,-0.6299999999999999
3600.0,5,142.0,3.9444444444444446,9.157248558613956,5,5,142.0,0.46707876336134646,8.409371907386586,9.157248558613956,5,142.0,-0.25
3605.0,5,158.0,4.157894736842105,8.09759498502875,5,5,158.0,0.36285612915861626,6.722155795988553,8.09759498502875,5,158.0,-0.16000000000000014
3610.0,6,186.0,5.314285714285714,8.795308193032337,6,6,180.0,0.4461674125067843,7.9912694986371555,8.795308193032337,6,180.0,-0.21999999999999997
3615.0,7,217.0,5.864864864864865,7.986309094193412,7,7,217.0,0.35880283685353004,6.46244133612738,7.986309094193412,7,217.0,-0.3699999999999999
3620.0,5,171.0,4.621621621621622,8.696260161557069,5,5,171.0,0.40656595244081073,7.968430186495979,8.696260161557069,5,171.0,0.45999999999999996
3625.0,6,185.0,4.743589743589744,8.615609773856434,6,6,148.0,0.39155686080505253,7.497049322706352,8.615609773856434,6,148.0,0.22999999999999998
3630.0,6,211.0,6.0285714285714285,8.960575708444006,6,6,211.0,0.4317818950895614,8.110262638676621,8.960575708444006,6,211.0,-0.6299999999999999
3635.0,4,67.0,2.09375,9.245052223884722,4,4,67.0,0.4839367956906789,9.149265422899944,9.245052223884722,4,67.0,1.44
3640.0,5,89.0,2.696969696969697,7.716494399107373,5,5,-23.0,0.32659343982735495,6.130835169981339,7.716494399107373,5,-23.0,0.9
3645.0,7,123.0,3.84375,8.537614736297847,7,7,123.0,0.4016074647795581,7.397649318920707,8.537614736297847,7,123.0,-1.46
3650.0,5,54.0,1.6363636363636365,7.1655754608385465,5,5,54.0,0.30084171771466134,5.445278774440264,7.1655754608385465,5,54.0,0.69
3655.0,5,65.0,2.03125,8.291678344878932,5,5,23.0,0.4056383816635864,7.252430347350783,8.291678344878932,5,23.0,0.31000000000000005
3660.0,5,90.0,2.903225806451613,9.403253961039729,5,5,90.0,0.5070474557904209,8.858369580921012,9.403253961039729,5,90.0,-0.67
3665.0,5,78.0,2.2941176470588234,7.88269580285786,5,5,78.0,0.3430903008430596,6.368970499805117,7.88269580285786,5,78.0,0.12
3670.0,5,103.0,3.121212121212121,8.979511855098469,5,5,83.0,0.42731255522020256,7.985137512640612,8.979511855098469,5,83.0,-0.04999999999999993
3675.0,7,130.0,4.0625,8.393628223134247,7,7,130.0,0.38873240949761456,7.08247284232303,8.393628223134247,7,130.0,-0.4700000000000001
3680.0,5,144.0,4.5,8.855172096701228,5,5,144.0,0.42795736236938636,8.110691752441067,8.855172096701228,5,144.0,-0.1399999999999999
3685.0,8,169.0,5.28125,7.998322772720526,8,8,158.0,0.3762530872647127,6.760529503341192,7.998322772720526,8,158.0,-0.14000000000000012
3690.0,7,202.0,6.3125,8.663866387240788,7,7,202.0,0.4183303634349233,7.593729273363133,8.663866387240788,7,202.0,-0.43999999999999995
3695.0,4,71.0,2.4482758620689653,8.828586410017738,4,4,71.0,0.45225291694734066,8.468168052329204,8.828586410017738,4,71.0,1.31
3700.0,3,17.0,0.53125,8.012870460574906,3,3,-45.0,0.3811066686910314,6.842330256389921,8.012870460574906,3,-45.0,1.16
3705.0,4,36.0,1.1612903225806452,9.114486945726295,4,4,36.0,0.49241698089688807,8.77425286294359,9.114486945726295,4,36.0,-0.81
3710.0,5,50.0,1.4705882352941178,7.70571015182113,5,5,50.0,0.3635082160977845,6.547657735588072,7.70571015182113,5,50.0,-0.14
3715.0,8,87.0,2.71875,8.082773847011666,8,8,81.0,0.36322636617922854,6.7297809619684426,8.082773847011666,8,81.0,-0.31000000000000005
3720.0,8,127.0,4.233333333333333,8.054787067643948,8,8,127.0,0.3680318097142906,6.689792396969724,8.054787067643948,8,127.0,-0.45999999999999996
3725.0,8,127.0,3.735294117647059,7.163401581783806,8,8,127.0,0.28885825343417604,5.4469585270047185,7.163401581783806,8,127.0,0.0
3730.0,7,159.0,5.129032258064516,8.29610657531397,7,7,146.0,0.4066145501548316,7.455667173457192,8.29610657531397,7,146.0,-0.18999999999999995
3735.0,9,196.0,5.764705882352941,7.356270463938121,9,9,196.0,0.3252847381515236,5.871977802961615,7.356270463938121,9,196.0,-0.5
3740.0,9,241.0,7.53125,7.935262324200339,9,9,241.0,0.3754085009962002,7.053692847632422,7.935262324200339,9,241.0,-0.4500000000000002
3745.0,10,187.0,5.666666666666667,7.1178287473578905,10,10,187.0,0.3287743699083555,6.051867538123959,7.1178287473578905,10,187.0,0.54
3750.0,7,206.0,6.242424242424242,8.003480453205777,7,7,167.0,0.3887586902986571,7.007674345950474,8.003480453205777,7,167.0,0.20000000000000018
3755.0,7,241.0,7.53125,8.737669276733653,7,7,241.0,0.4593035047972701,8.059110363434435,8.737669276733653,7,241.0,-0.7400000000000002
3760.0,7,97.0,3.03125,6.7827942551893745,7,7,97.0,0.2988326152306433,5.456536917551726,6.7827942551893745,7,97.0,1.4400000000000002
3765.0,4,36.0,1.2,7.870664136194667,4,4,-33.0,0.3915333071095343,7.284018886767927,7.870664136194667,4,-33.0,1.3
3770.0,5,57.0,1.7272727272727273,7.252718853351542,5,5,57.0,0.339772527823923,6.133817906336891,7.252718853351542,5,57.0,-0.8999999999999999
3775.0,6,86.0,2.606060606060606,7.935187418448672,6,6,86.0,0.41061295674180076,7.208210021062482,7.935187418448672,6,86.0,-0.29000000000000004
3780.0,4,53.0,1.606060606060606,8.259515722449535,4,4,53.0,0.4177804815072298,7.649606581910983,8.259515722449535,4,53.0,0.32999999999999996
3785.0,6,79.0,2.1944444444444446,7.548191821257439,6,6,51.0,0.33811577446235813,6.236269087354266,7.548191821257439,6,51.0,0.020000000000000018
3790.0,6,109.0,3.303030303030303,8.759680411736191,6,6,109.0,0.44070247642290417,8.090561434458907,8.759680411736191,6,109.0,-0.5800000000000001
3795.0,5,110.0,3.142857142857143,7.669104407438941,5,5,110.0,0.3154942194162798,6.337733798420449,7.669104407438941,5,110.0,-0.010000000000000009
3800.0,6,140.0,4.0,9.16704189393751,6,6,128.0,0.4285482212647272,8.47135832777996,9.16704189393751,6,128.0,-0.17999999999999994
3805.0,10,171.0,4.5,8.237953577590744,10,10,171.0,0.3293116143872959,6.259674008629734,8.237953577590744,10,171.0,-0.42999999999999994
3810.0,5,93.0,2.5833333333333335,8.623480694699994,5,5,93.0,0.40104042984410615,7.787815504235169,8.623480694699994,5,93.0,0.7799999999999999
3815.0,3,86.0,2.6875,9.326319572056079,3,3,41.0,0.47353841148716525,9.083660809423995,9.326319572056079,3,41.0,0.52
3820.0,6,108.0,3.176470588235294,8.314213587024744,6,6,108.0,0.38414720177615563,6.936354508003184,8.314213587024744,6,108.0,-0.6700000000000002
3825.0,6,138.0,4.0588235294117645,8.952383038849794,6,6,138.0,0.4302801190306563,8.080033109431564,8.952383038849794,6,138.0,-0.2999999999999998
3830.0,3,96.0,2.742857142857143,7.905335707304919,3,3,96.0,0.33451839484498885,6.228347415495344,7.905335707304919,3,96.0,0.41999999999999993
3835.0,5,120.0,3.75,8.7078615294746,5,5,90.0,0.4255385491495185,7.900961964956542,8.7078615294746,5,90.0,0.05999999999999994
3840.0,5,145.0,4.67741935483871,8.935877356860185,5,5,145.0,0.4566140716296328,8.197341537775756,8.935877356860185,5,145.0,-0.5499999999999999
3845.0,5,160.0,4.705882352941177,7.729500760093553,5,5,160.0,0.35339473447306696,6.533209531270025,7.729500760093553,5,160.0,-0.15000000000000013
3850.0,5,185.0,5.78125,8.981797791400997,5,5,176.0,0.43089327754480333,8.104392543706929,8.981797791400997,5,176.0,-0.15999999999999992
3855.0,5,210.0,6.0,8.533363495579183,5,5,210.0,0.39846183377087085,7.275644149910231,8.533363495579183,5,210.0,-0.3400000000000001
3860.0,6,156.0,4.7272727272727275,9.102421016581326,6,6,156.0,0.4232306225058552,8.152851843722024,9.102421016581326,6,156.0,0.54
3865.0,6,164.0,4.823529411764706,8.14114703723152,6,6,162.0,0.35243207887006034,6.828951689180774,8.14114703723152,6,162.0,-0.06000000000000005
3870.0,5,187.0,5.666666666666667,9.182608229456587,5,5,186.0,0.44830710515069516,8.42110802559743,9.182608229456587,5,186.0,-0.24
3875.0,4,40.0,1.3333333333333333,9.091571110308628,4,4,40.0,0.47438983347475705,8.59331120151919,9.091571110308628,4,40.0,1.46
3880.0,7,66.0,2.129032258064516,7.127272227800885,7,7,-46.0,0.30619313131611675,5.389544542364199,7.127272227800885,7,-46.0,0.8600000000000001
3885.0,7,101.0,3.3666666666666667,8.384297887356302,7,7,101.0,0.41236557738970187,7.079027593740325,8.384297887356302,7,101.0,-1.47
3890.0,7,68.0,2.193548387096774,6.9442867916822015,6,7,67.0,0.29877136136478427,5.383857665065315,6.9442867916822015,6,67.0,0.33999999999999997
3895.0,6,92.0,3.1724137931034484,7.590734016604317,6,6,90.0,0.3593862719167064,6.4250147985507855,7.590734016604317,6,90.0,-0.22999999999999998
3900.0,8,124.0,4.275862068965517,8.101039731966425,7,8,122.0,0.3878253566523119,7.183354639231112,8.101039731966425,7,122.0,-0.31999999999999995
3905.0,7,88.0,2.838709677419355,6.804317383893418,7,7,87.0,0.2924058571395349,5.555134813998648,6.804317383893418,7,87.0,0.35
3910.0,6,116.0,3.7419354838709675,8.37151043316965,6,6,89.0,0.40248535055308204,7.526273921601251,8.37151043316965,6,89.0,-0.020000000000000018
3915.0,7,148.0,4.625,7.9373039185173795,7,7,148.0,0.3685154657769177,6.625663080224082,7.9373039185173795,7,148.0,-0.59
3920.0,5,147.0,4.9,8.553154285027858,5,5,147.0,0.4226161983089109,8.00962898472952,8.553154285027858,5,147.0,0.010000000000000009
3925.0,8,172.0,5.212121212121212,8.056001602540409,8,8,158.0,0.36654382634396493,6.79157219385371,8.056001602540409,8,158.0,-0.1100000000000001
3930.0,7,206.0,6.4375,8.800203145396988,7,7,206.0,0.42792253531320606,7.718369675321654,8.800203145396988,7,206.0,-0.48
3935.0,7,241.0,7.53125,9.113583491308145,7,7,241.0,0.4323933413187202,8.175091576799279,9.113583491308145,7,241.0,-0.3500000000000001
3940.0,10,283.0,8.575757575757576,7.369201594079274,10,10,283.0,0.27838892946211763,5.3025879382399825,7.369201594079274,10,283.0,-0.41999999999999993
3945.0,10,333.0,10.090909090909092,8.07130001959504,10,10,333.0,0.33585195553863734,6.469028637045002,8.07130001959504,10,333.0,-0.5
3950.0,9,171.0,5.029411764705882,6.77332933329135,9,9,171.0,0.24493658801810708,4.932935573390013,6.77332933329135,9,171.0,1.62
3955.0,5,71.0,2.1515151515151514,7.931676986608814,5,5,-7.0,0.34835221553528173,6.778606987744682,7.931676986608814,5,-7.0,1.78
3960.0,5,96.0,3.096774193548387,8.110318865205059,5,5,96.0,0.3882631760322273,7.222148144653842,8.110318865205059,5,96.0,-1.03
3965.0,7,53.0,1.606060606060606,6.757787352420192,7,7,53.0,0.2909366710594846,5.649944272074817,6.757787352420192,7,53.0,0.42999999999999994
3970.0,7,84.0,2.5454545454545454,7.847660350352385,7,7,50.0,0.34822820500671603,6.927872098227186,7.847660350352385,7,50.0,0.030000000000000027
3975.0,9,123.0,3.6176470588235294,7.169963667540835,9,9,123.0,0.30292012278174474,5.883592628887964,7.169963667540835,9,123.0,-0.73
3980.0,9,168.0,5.25,7.842776580660914,9,9,168.0,0.36187734692042367,6.97486833122482,7.842776580660914,9,168.0,-0.44999999999999996
3985.0,10,148.0,4.228571428571429,6.820276930056426,10,10,148.0,0.29080693078216974,5.532940346116637,6.820276930056426,10,148.0,0.19999999999999996
3990.0,6,143.0,4.333333333333333,8.015170529772783,6,6,125.0,0.37641882449769937,7.192253896218329,8.015170529772783,6,125.0,0.22999999999999998
3995.0,6,173.0,5.40625,8.92474930741855,6,6,173.0,0.4374218001908396,8.191829035596836,8.92474930741855,6,173.0,-0.48
4000.0,9,211.0,6.0285714285714285,7.471152088527564,9,9,211.0,0.29952122781488033,5.7373133296306,7.471152088527564,9,211.0,-0.3799999999999999
4005.0,10,261.0,7.676470588235294,8.324183501518151,10,10,261.0,0.3405147927682095,6.71852130318687,8.324183501518151,10,261.0,-0.5
4010.0,11,312.0,8.666666666666666,6.846405900171785,11,11,312.0,0.21999605990178675,4.496258631404837,6.846405900171785,11,312.0,-0.5100000000000002
4015.0,10,183.0,5.228571428571429,7.5230180798954605,10,10,183.0,0.28444935117067643,5.7989419964544044,7.5230180798954605,10,183.0,1.29
4020.0,6,116.0,3.625,7.367207642450086,6,6,45.0,0.3017865701791342,5.859706062191676,7.367207642450086,6,45.0,1.3800000000000001
4025.0,8,154.0,4.277777777777778,7.683008955808439,8,8,154.0,0.33975328159059376,6.396290362543631,7.683008955808439,8,154.0,-1.09
4030.0,8,116.0,3.411764705882353,7.501532761824355,8,8,116.0,0.33436832347245626,6.4114925050786695,7.501532761824355,8,116.0,0.3800000000000001
4035.0,10,147.0,4.083333333333333,6.571079414000387,10,10,119.0,0.2542178809910136,4.8161889814979855,6.571079414000387,10,119.0,-0.030000000000000027
4040.0,9,191.0,5.617647058823529,7.810987599329983,9,9,191.0,0.35531668829901125,6.659578380019489,7.810987599329983,9,191.0,-0.72
4045.0,12,193.0,5.361111111111111,6.9122154240657006,12,12,193.0,0.2947012823381901,5.509426188065234,6.9122154240657006,12,193.0,-0.020000000000000018
4050.0,9,222.0,6.529411764705882,7.648404410312395,9,9,209.0,0.34634549015490945,6.5817147625467785,7.648404410312395,9,209.0,-0.15999999999999992
4055.0,9,267.0,8.34375,8.251908374430808,9,9,267.0,0.39258501281674346,7.244426543078456,8.251908374430808,9,267.0,-0.5800000000000001
4060.0,10,138.0,3.942857142857143,6.586555312975633,10,10,138.0,0.261748569270929,4.892101932521725,6.586555312975633,10,138.0,1.29
4065.0,6,83.0,2.3714285714285714,8.196358967463134,6,6,16.0,0.3738224655492632,6.869183166115921,8.196358967463134,6,16.0,1.22
4070.0,7,114.0,3.081081081081081,7.8519257785940475,7,7,114.0,0.34142469690817695,6.130190952139329,7.8519257785940475,7,114.0,-0.9799999999999999
4075.0,8,65.0,1.8571428571428572,7.836469316223595,8,8,65.0,0.33824373117142886,6.267348717926563,7.836469316223595,8,65.0,0.4899999999999999
4080.0,6,71.0,2.1515151515151514,8.321954238378352,6,6,42.0,0.37158626359262154,6.905746910607784,8.321954238378352,6,42.0,0.23000000000000004
4085.0,8,107.0,2.891891891891892,7.929537603214313,8,8,107.0,0.3458211726984412,6.225163656829885,7.929537603214313,8,107.0,-0.6500000000000001
4090.0,6,99.0,2.8285714285714287,8.26804929231667,6,6,99.0,0.39262901712575504,7.198723833638406,8.26804929231667,6,99.0,0.08000000000000007
4095.0,7,118.0,3.1052631578947367,7.289959631872845,7,7,105.0,0.2925040392599984,5.408720676144524,7.289959631872845,7,105.0,-0.06000000000000005
4100.0,7,152.0,4.3428571428571425,8.17660937271339,7,7,151.0,0.3778557306358222,6.9772014420140325,8.17660937271339,7,151.0,-0.45999999999999996
4105.0,9,92.0,2.5555555555555554,7.457184054189144,9,9,92.0,0.34177982201536256,6.2732772961071674,7.457184054189144,9,92.0,0.59
4110.0,6,110.0,3.142857142857143,8.160758127148151,6,6,69.0,0.38533760339834544,7.236855988424387,8.160758127148151,6,69.0,0.2300000000000001
4115.0,7,145.0,4.142857142857143,8.894803261254218,7,7,145.0,0.4418333425258612,8.13332770154425,8.894803261254218,7,145.0,-0.76
4120.0,8,140.0,3.7837837837837838,7.249250306032806,8,8,140.0,0.2961367438819616,5.58958751085039,7.249250306032806,8,140.0,0.050000000000000044
4125.0,7,173.0,4.942857142857143,8.51546652527629,7,7,159.0,0.3889724899203771,7.430089571774823,8.51546652527629,7,159.0,-0.19000000000000017
4130.0,8,209.0,5.9714285714285715,7.498364777319684,8,8,209.0,0.32603705527659194,5.978405870577458,7.498364777319684,8,209.0,-0.4999999999999998
4135.0,6,137.0,4.029411764705882,8.056072080965299,6,6,137.0,0.3776726157066703,7.195332568445949,8.056072080965299,6,137.0,0.7199999999999998
4140.0,4,134.0,3.9411764705882355,8.401124319048689,4,4,91.0,0.41081831297248406,7.3545399703741685,8.401124319048689,4,91.0,0.4600000000000001
4145.0,6,161.0,4.472222222222222,8.1327362626829,6,6,161.0,0.4030907587528838,6.791813878840529,8.1327362626829,6,161.0,-0.7000000000000001
4150.0,5,72.0,2.1176470588235294,8.68144820995889,5,5,72.0,0.47417423949970056,8.206722394464142,8.68144820995889,5,72.0,0.8900000000000001
4155.0,6,98.0,2.7222222222222223,7.56648759190744,6,6,12.0,0.3420314231374326,5.706755980545804,7.56648759190744,6,12.0,0.6
4160.0,8,138.0,3.942857142857143,8.369508834964453,8,8,138.0,0.4180072226924154,7.070098119258975,8.369508834964453,8,138.0,-1.2599999999999998
4165.0,8,149.0,4.138888888888889,8.362505815069817,8,8,149.0,0.4157398068977902,7.31102665923992,8.362505815069817,8,149.0,-0.1100000000000001
4170.0,8,182.0,5.352941176470588,7.991735883721226,8,8,169.0,0.3678609127955185,6.616853911583308,7.991735883721226,8,169.0,-0.19999999999999996
4175.0,8,222.0,6.7272727272727275,8.577852334194262,8,8,222.0,0.42009233769668947,7.558177493864593,8.577852334194262,8,222.0,-0.5300000000000002
4180.0,7,116.0,3.411764705882353,7.127348580225756,7,7,116.0,0.2925755640386793,5.597719523222968,7.127348580225756,7,116.0,1.0600000000000003
4185.0,6,107.0,3.1470588235294117,8.40463487636066,6,6,50.0,0.39200036249276005,7.2761280993446436,8.40463487636066,6,50.0,0.6599999999999999
4190.0,8,139.0,3.861111111111111,7.385799282634096,8,8,139.0,0.3307266101174732,5.742828849754324,7.385799282634096,8,139.0,-0.8899999999999999
4195.0,9,169.0,5.451612903225806,7.482645991088575,9,9,169.0,0.3632366852543868,6.284515340215624,7.482645991088575,9,169.0,-0.30000000000000004
4200.0,9,214.0,7.379310344827586,8.269946687471226,9,9,204.0,0.3827289940187648,6.986725133937794,8.269946687471226,9,204.0,-0.3500000000000001
4205.0,12,265.0,8.28125,6.593257725878125,12,12,265.0,0.2669052489018341,4.905459000276877,6.593257725878125,12,265.0,-0.6099999999999999
4210.0,9,160.0,5.161290322580645,7.454270375794566,9,9,160.0,0.33496149193114266,6.280955154427026,7.454270375794566,9,160.0,1.0499999999999998
4215.0,7,131.0,3.8529411764705883,6.950741435603473,7,7,68.0,0.30524190717753086,5.602047812748508,6.950741435603473,7,68.0,0.92
4220.0,8,171.0,5.181818181818182,8.237035588057875,8,8,171.0,0.41222259686727014,7.421624764493868,8.237035588057875,8,171.0,-1.0299999999999998
4225.0,10,129.0,3.7941176470588234,6.500451012971069,10,10,129.0,0.2977580566837536,5.375542946397261,6.500451012971069,10,129.0,0.41999999999999993
4230.0,8,158.0,4.647058823529412,7.703727580297402,8,8,130.0,0.36402279971275125,6.60257273964643,7.703727580297402,8,130.0,-0.010000000000000009
4235.0,8,198.0,6.1875,8.437112205794758,8,8,198.0,0.4390118861394652,7.773528388783307,8.437112205794758,8,198.0,-0.6799999999999999
4240.0,8,95.0,2.7941176470588234,6.937522035776829,8,8,95.0,0.3126090656428558,5.7659260041684455,6.937522035776829,8,95.0,1.03
4245.0,7,81.0,2.3823529411764706,7.407559473647375,7,7,27.0,0.33331304996405836,6.342261066832767,7.407559473647375,7,27.0,0.6799999999999999
4250.0,6,110.0,3.0555555555555554,6.983767529188588,6,6,110.0,0.29605954172078863,5.489443155357623,6.983767529188588,6,110.0,-0.8300000000000001
4255.0,9,65.0,1.8571428571428572,7.202538572525447,9,9,65.0,0.3173631519795615,5.966585577570124,7.202538572525447,9,65.0,0.45000000000000007
4260.0,7,79.0,2.323529411764706,6.984800544173485,7,7,51.0,0.30303128216403985,5.551822603788959,6.984800544173485,7,51.0,0.14
4265.0,9,121.0,3.27027027027027,6.7887474795676805,9,9,121.0,0.2954391800345274,5.278463498937839,6.7887474795676805,9,121.0,-0.7
4270.0,8,115.0,3.1944444444444446,7.493882053549372,8,8,115.0,0.3702570928520564,6.534692097822212,7.493882053549372,8,115.0,0.06000000000000005
4275.0,8,124.0,3.1794871794871793,7.089421776912514,8,8,110.0,0.338876025299404,5.828359048922546,7.089421776912514,8,110.0,0.04999999999999982
4280.0,8,164.0,4.555555555555555,8.131207019537394,8,8,164.0,0.41021920950493734,7.155966407679489,8.131207019537394,8,164.0,-0.5399999999999998
4285.0,8,106.0,2.864864864864865,7.582802739248507,8,8,106.0,0.356013489648532,6.506681978637625,7.582802739248507,8,106.0,0.5799999999999998
4290.0,7,125.0,3.5714285714285716,7.837524122286152,7,7,87.0,0.38072989482310005,6.882782722509907,7.837524122286152,7,87.0,0.19000000000000006
4295.0,7,160.0,4.705882352941177,8.743898133614763,7,7,160.0,0.45278988083139404,8.08318256087615,8.743898133614763,7,160.0,-0.7300000000000001
4300.0,7,111.0,3.0,7.406332859928559,7,7,111.0,0.316690193300829,5.918730624518854,7.406332859928559,7,111.0,0.49
4305.0,6,123.0,3.324324324324324,8.48013375734892,6,6,96.0,0.3993289861633351,7.560421348454075,8.48013375734892,6,96.0,0.15000000000000013
4310.0,6,153.0,4.135135135135135,7.598734070841099,6,6,153.0,0.3314418528033302,5.95826186809754,7.598734070841099,6,153.0,-0.5700000000000001
4315.0,6,120.0,3.2432432432432434,8.035602517412611,6,6,120.0,0.3719028950492949,6.915908375597291,8.035602517412611,6,120.0,0.33000000000000007
4320.0,5,140.0,4.117647058823529,8.647658085237934,5,5,112.0,0.4531805716109487,7.995008002836721,8.647658085237934,5,112.0,0.07999999999999985
4325.0,7,169.0,4.5675675675675675,7.951476730206073,7,7,169.0,0.38205057140901044,6.4542604165344315,7.951476730206073,7,169.0,-0.5699999999999998
4330.0,5,81.0,2.3142857142857145,8.72234670999254,5,5,81.0,0.46029788124764925,8.358594900479419,8.72234670999254,5,81.0,0.8799999999999999
4335.0,6,107.0,2.891891891891892,7.782366780930792,6,6,20.0,0.34593289521817217,6.203607616703284,7.782366780930792,6,20.0,0.6100000000000001
4340.0,8,146.0,4.171428571428572,8.3315683343918,8,8,146.0,0.4193537862828823,7.483573442706326,8.3315683343918,8,146.0,-1.26
4345.0,8,84.0,2.210526315789474,7.521725437585041,8,8,84.0,0.3397182226116948,6.173621659476167,7.521725437585041,8,84.0,0.62
4350.0,6,100.0,2.7027027027027026,8.239547412861294,6,6,61.0,0.4049471240740747,7.161158830665395,8.239547412861294,6,61.0,0.22999999999999998
4355.0,6,130.0,3.823529411764706,9.050029189835355,6,6,130.0,0.4926360198817143,8.506424230026862,9.050029189835355,6,130.0,-0.6900000000000001
4360.0,5,55.0,1.6666666666666667,7.293426061513358,5,5,55.0,0.35375848048860037,6.224106232488794,7.293426061513358,5,55.0,0.75
4365.0,5,61.0,1.967741935483871,8.361014043131668,5,5,18.0,0.43562538991249306,7.8537170370848015,8.361014043131668,5,18.0,0.37000000000000005
4370.0,5,86.0,2.5294117647058822,7.418920807199338,5,5,86.0,0.3468043154865924,5.970993942484482,7.418920807199338,5,86.0,-0.6799999999999999
4375.0,5,42.0,1.2352941176470589,7.948664416365892,5,5,42.0,0.3899575287656274,6.9188334448829245,7.948664416365892,5,42.0,0.44
4380.0,4,57.0,1.7272727272727273,8.962183961102966,4,4,23.0,0.49154276906813166,8.617905759796463,8.962183961102966,4,23.0,0.18999999999999997
4385.0,6,81.0,2.3142857142857145,8.474364058309948,6,6,81.0,0.42004415559680497,7.258291120116775,8.474364058309948,6,81.0,-0.5800000000000001
4390.0,5,82.0,2.6451612903225805,9.004844651014876,5,5,82.0,0.461091168951874,8.673031867810097,9.004844651014876,5,82.0,-0.009999999999999898
4395.0,6,109.0,3.2058823529411766,8.147040081902691,6,6,85.0,0.3516102620854993,6.498482236906276,8.147040081902691,6,85.0,-0.030000000000000027
4400.0,8,147.0,4.323529411764706,8.649941193259268,8,8,147.0,0.3945112896264529,7.348919330982911,8.649941193259268,8,147.0,-0.62
4405.0,8,86.0,2.4571428571428573,7.828304935383408,8,8,86.0,0.3418032268774234,6.418977896512795,7.828304935383408,8,86.0,0.61
4410.0,6,107.0,3.242424242424242,8.431033350577371,6,6,67.0,0.41415331482558815,7.569010769598366,8.431033350577371,6,67.0,0.18999999999999995
4415.0,6,137.0,4.419354838709677,8.84891786781866,6,6,137.0,0.4735246569232561,8.393710868736328,8.84891786781866,6,137.0,-0.7000000000000001
4420.0,6,60.0,1.8181818181818181,7.027058223526454,6,6,60.0,0.3250896302681929,5.723882848697643,7.027058223526454,6,60.0,0.7700000000000001
4425.0,5,68.0,2.2666666666666666,8.21846848179779,5,5,25.0,0.41590779860922655,7.694203736726777,8.21846848179779,5,25.0,0.35
4430.0,5,93.0,2.8181818181818183,7.976535214674932,5,5,93.0,0.3839791191195766,7.053671013042184,7.976535214674932,5,93.0,-0.68
4435.0,5,40.0,1.25,8.138796464684695,5,5,40.0,0.38813943994596045,7.544935879839089,8.138796464684695,5,40.0,0.53
4440.0,4,55.0,1.896551724137931,8.594425573675084,4,4,20.0,0.42465458888922114,8.025662910075608,8.594425573675084,4,20.0,0.2
4445.0,6,82.0,2.484848484848485,8.199481314054477,6,6,82.0,0.3874153467410193,7.017818915261948,8.199481314054477,6,82.0,-0.6199999999999999
4450.0,5,82.0,2.484848484848485,9.055562082924885,5,5,82.0,0.4711865247238061,8.956196574264645,9.055562082924885,5,82.0,0.0
4455.0,8,110.0,3.235294117647059,7.883535941759855,8,8,85.0,0.31859839852594246,5.92761372202562,7.883535941759855,8,85.0,-0.030000000000000027
4460.0,8,150.0,4.411764705882353,8.730026523851762,8,8,150.0,0.39230220279733574,7.358140037815093,8.730026523851762,8,150.0,-0.65
4465.0,7,90.0,2.5714285714285716,8.186772175555733,7,7,90.0,0.351710519181355,6.712806082924101,8.186772175555733,7,90.0,0.6
4470.0,6,107.0,3.1470588235294117,8.551925950863293,6,6,66.0,0.4020951899687775,7.39424833296069,8.551925950863293,6,66.0,0.24
4475.0,6,137.0,4.151515151515151,9.208434498822063,6,6,137.0,0.4726514523816448,8.41915580647223,9.208434498822063,6,137.0,-0.7100000000000001
4480.0,6,61.0,1.967741935483871,7.396351521299295,6,6,61.0,0.3273592579489554,5.950934910909432,7.396351521299295,6,61.0,0.7600000000000001
4485.0,5,69.0,2.225806451612903,8.396031484727866,5,5,26.0,0.4055083104710325,7.500134873806748,8.396031484727866,5,26.0,0.35
4490.0,5,94.0,2.8484848484848486,7.806382577018034,5,5,94.0,0.3584988366766509,6.477193631648554,7.806382577018034,5,94.0,-0.6799999999999999
4495.0,5,43.0,1.4333333333333333,7.919153823249648,5,5,43.0,0.39304360585110837,7.177622241454466,7.919153823249648,5,43.0,0.51
4500.0,4,59.0,2.107142857142857,8.539061756547772,4,4,23.0,0.44937940223748246,8.113973265924662,8.539061756547772,4,23.0,0.19999999999999998
4505.0,5,83.0,2.59375,8.000038151631538,5,5,83.0,0.39268581439469974,6.938015004431931,8.000038151631538,5,83.0,-0.6
4510.0,6,113.0,3.6451612903225805,8.721399901720945,6,6,113.0,0.4413766690233212,8.21821596273601,8.721399901720945,6,113.0,-0.29999999999999993
4515.0,4,110.0,3.235294117647059,8.462584807193373,4,4,110.0,0.3829070562700519,7.4539872550147175,8.462584807193373,4,110.0,0.029999999999999805
4520.0,6,135.0,4.090909090909091,8.919426479915934,6,6,117.0,0.43435495608390123,8.288598155219146,8.919426479915934,6,117.0,-0.06999999999999984
4525.0,9,165.0,4.583333333333333,8.044608674418095,9,9,165.0,0.3675585982033427,6.768337263364977,8.044608674418095,9,165.0,-0.48
4530.0,5,87.0,2.4166666666666665,8.673228477525646,5,5,87.0,0.4100890680597744,8.002013772787903,8.673228477525646,5,87.0,0.7799999999999999
4535.0,3,85.0,2.5,9.463581255175049,3,3,40.0,0.4860295845288418,8.9450924359708,9.463581255175049,3,40.0,0.47
4540.0,5,105.0,3.088235294117647,8.24059245146212,5,5,105.0,0.38178462798556995,6.6935120658100855,8.24059245146212,5,105.0,-0.65
4545.0,6,133.0,4.290322580645161,8.74585960017684,6,6,133.0,0.4302184229972871,7.9365240104093076,8.74585960017684,6,133.0,-0.28
4550.0,6,163.0,5.258064516129032,7.933078699007258,6,6,163.0,0.36575350014969005,6.593688140128953,7.933078699007258,6,163.0,-0.2999999999999998
4555.0,8,201.0,6.7,8.176966772008429,8,8,201.0,0.3657820236998657,6.899752941704855,8.176966772008429,8,201.0,-0.3799999999999999
4560.0,5,140.0,4.666666666666667,8.41423907067286,5,5,140.0,0.37274260705414103,7.317840706386366,8.41423907067286,5,140.0,0.6099999999999999
4565.0,6,156.0,4.875,7.828913090748705,6,6,118.0,0.34426206328181086,6.518026899496183,7.828913090748705,6,118.0,0.21999999999999997
4570.0,6,186.0,6.0,8.811869871136171,6,6,186.0,0.4433581096036865,8.148257684495505,8.811869871136171,6,186.0,-0.6800000000000002
4575.0,4,148.0,4.352941176470588,7.456830398828723,4,4,148.0,0.32164466880891157,6.0773194357221465,7.456830398828723,4,148.0,0.3800000000000001
4580.0,5,171.0,5.34375,8.730926078374036,5,5,143.0,0.4307111462193214,8.259136717983015,8.730926078374036,5,143.0,0.050000000000000044
4585.0,8,196.0,5.764705882352941,8.3790259436369,8,8,196.0,0.39762695806891185,7.476948627167427,8.3790259436369,8,196.0,-0.53
4590.0,6,66.0,2.0625,8.464386774176365,6,6,66.0,0.39473138909699607,7.983587300520658,8.464386774176365,6,66.0,1.2999999999999998
4595.0,6,96.0,3.310344827586207,8.80174888970694,6,6,-11.0,0.4274691101033533,8.357812124392893,8.80174888970694,6,-11.0,0.77
4600.0,9,133.0,4.15625,7.386824575281091,9,9,133.0,0.32806614329520933,6.081854811248293,7.386824575281091,9,133.0,-1.4400000000000002
4605.0,6,87.0,2.9,8.100865080403782,6,6,87.0,0.39405500682755307,7.521127869663912,8.100865080403782,6,87.0,0.4600000000000001
4610.0,6,105.0,3.1818181818181817,7.230657856388777,6,6,68.0,0.31684614269949146,5.792950534628787,7.230657856388777,6,68.0,0.18999999999999995
4615.0,7,139.0,4.212121212121212,8.342860657913985,7,7,139.0,0.3956276397455314,7.196271510777592,8.342860657913985,7,139.0,-0.7099999999999999
4620.0,4,72.0,2.1818181818181817,8.586918981192733,4,4,72.0,0.41559820552976473,7.758274524998965,8.586918981192733,4,72.0,0.6699999999999999
4625.0,5,83.0,2.4411764705882355,8.055873433157542,5,5,43.0,0.351684092378346,6.604736054945747,8.055873433157542,5,43.0,0.29
4630.0,5,108.0,3.176470588235294,9.336098076961077,5,5,108.0,0.466097537884439,8.53153400370575,9.336098076961077,5,108.0,-0.6500000000000001
4635.0,4,27.0,0.8181818181818182,8.212673465400268,4,4,27.0,0.36646382724608123,6.942817654692529,8.212673465400268,4,27.0,0.81
4640.0,3,27.0,0.8709677419354839,9.694644722034742,3,3,-14.0,0.4890893860521539,9.17284956385201,9.694644722034742,3,-14.0,0.41000000000000003
4645.0,6,42.0,1.3125,8.845948361436477,6,6,42.0,0.4371725461054518,7.8046812806210655,8.845948361436477,6,42.0,-0.56
4650.0,5,65.0,2.096774193548387,8.977630495044473,5,5,65.0,0.4404465601544029,8.013428265299998,8.977630495044473,5,65.0,-0.23000000000000004
4655.0,5,90.0,2.903225806451613,9.857723395662392,5,5,90.0,0.4999539760033551,9.548537533727211,9.857723395662392,5,90.0,-0.25
4660.0,8,120.0,3.6363636363636362,8.337744642103516,8,8,120.0,0.34724809591046346,6.755298394838608,8.337744642103516,8,120.0,-0.29999999999999993
4665.0,8,160.0,5.0,8.595831581586298,8,8,160.0,0.37585779778803396,7.363069929501211,8.595831581586298,8,160.0,-0.40000000000000013
4670.0,6,96.0,3.0,6.684503640294615,6,6,96.0,0.2691239884708308,5.011779383779752,6.684503640294615,6,96.0,0.6400000000000001
4675.0,6,112.0,3.5,8.097181812935645,6,6,70.0,0.39276272847475296,7.057254098054108,8.097181812935645,6,70.0,0.26
4680.0,6,142.0,4.896551724137931,8.16572834196089,6,6,142.0,0.43358915245773644,7.507726509225719,8.16572834196089,6,142.0,-0.72
4685.0,6,65.0,2.03125,7.051175605666851,6,6,65.0,0.32978029551800025,6.072989406495181,7.051175605666851,6,65.0,0.7699999999999999
4690.0,4,66.0,2.129032258064516,8.567136443359473,4,4,20.0,0.44366920288211104,8.289785911976015,8.567136443359473,4,20.0,0.45
4695.0,5,87.0,2.5588235294117645,8.220027960118161,5,5,87.0,0.40777857902887565,7.4521773281978625,8.220027960118161,5,87.0,-0.6699999999999999
4700.0,4,30.0,0.9375,8.881832843134255,4,4,30.0,0.44392499926917717,8.728064254913473,8.881832843134255,4,30.0,0.5700000000000001
4705.0,5,40.0,1.2903225806451613,8.37727309438939,5,5,4.0,0.39949384819663486,7.531490930853323,8.37727309438939,5,4.0,0.26
4710.0,5,64.0,2.064516129032258,9.102663698263287,5,5,64.0,0.46365914140561704,8.531286834952633,9.102663698263287,5,64.0,-0.6
4715.0,5,89.0,2.870967741935484,9.475273384692189,5,5,89.0,0.4838808370023734,9.17976660462098,9.475273384692189,5,89.0,-0.25
4720.0,7,118.0,3.4705882352941178,8.050580335418774,7,7,118.0,0.31909758023341084,6.167757709668567,8.050580335418774,7,118.0,-0.2899999999999999
4725.0,8,158.0,4.787878787878788,8.701230807253673,8,8,158.0,0.3787891324847452,7.362282235303818,8.701230807253673,8,158.0,-0.40000000000000013
4730.0,7,92.0,2.6285714285714286,7.2410119670443835,7,7,92.0,0.2572301183017474,5.025498958567904,7.2410119670443835,7,92.0,0.66
4735.0,6,109.0,3.2058823529411766,8.508794448305323,6,6,67.0,0.3784633946623133,7.159327571953213,8.508794448305323,6,67.0,0.25
4740.0,6,139.0,4.633333333333334,8.817539303343164,6,6,139.0,0.4329825594153078,7.925644793972075,8.817539303343164,6,139.0,-0.7199999999999999
4745.0,6,66.0,2.0,7.5709302736262245,6,6,66.0,0.3377001995582141,6.272115020867732,7.5709302736262245,6,66.0,0.7299999999999999
4750.0,4,68.0,2.2666666666666666,8.915156670979297,4,4,26.0,0.4548341539757366,8.35531263310428,8.915156670979297,4,26.0,0.4
4755.0,5,90.0,2.727272727272727,8.288662220584358,5,5,90.0,0.3948306364957189,7.075266972015494,8.288662220584358,5,90.0,-0.64
4760.0,4,32.0,1.0666666666666667,8.84823250011735,4,4,32.0,0.4530609954649558,8.615739200098332,8.84823250011735,4,32.0,0.5800000000000001
4765.0,5,40.0,1.25,8.365743447687132,5,5,3.0,0.40186689793283087,7.5317994487524045,8.365743447687132,5,3.0,0.29000000000000004
4770.0,5,63.0,2.1,8.61628829509552,5,5,63.0,0.44185799042403784,8.074711317679787,8.61628829509552,5,63.0,-0.6
4775.0,5,88.0,2.933333333333333,9.462571587764355,5,5,88.0,0.5062310356893915,9.437275515375351,9.462571587764355,5,88.0,-0.25
4780.0,4,39.0,1.1818181818181819,8.234550284138201,4,4,39.0,0.3511546097685786,6.942424645011534,8.234550284138201,4,39.0,0.49
4785.0,4,58.0,1.7575757575757576,9.484007176818892,4,4,26.0,0.4713156172717189,8.998462567481841,9.484007176818892,4,26.0,0.13
4790.0,5,79.0,2.393939393939394,8.287248757751259,5,5,79.0,0.3717182567786133,6.355899629085052,8.287248757751259,5,79.0,-0.53
4795.0,3,27.0,0.8709677419354839,8.4569541892818,3,3,27.0,0.41866540334052654,7.669917533114869,8.4569541892818,3,27.0,0.52
4800.0,2,31.0,1.0,9.93099056278822,2,2,-2.0,0.5470739400989485,10.128537791820914,9.93099056278822,2,-2.0,0.29000000000000004
4805.0,3,43.0,1.2285714285714286,9.587859776725601,3,3,43.0,0.4728309443916328,8.8058559973444,9.587859776725601,3,43.0,-0.45
4810.0,3,29.0,0.8787878787878788,9.685448918356546,3,3,29.0,0.504300575883853,9.963609757246099,9.685448918356546,3,29.0,0.14
4815.0,6,48.0,1.411764705882353,8.575488051784182,6,6,22.0,0.3485563718804272,6.686644395411526,8.575488051784182,6,22.0,0.06999999999999998
4820.0,6,78.0,2.689655172413793,9.314878803206415,6,6,78.0,0.44072546643351695,8.546324296000055,9.314878803206415,6,78.0,-0.56
4825.0,8,108.0,3.6,8.437086573757671,8,8,108.0,0.3733719428142817,7.259537785681172,8.437086573757671,8,108.0,-0.30000000000000004
4830.0,6,66.0,2.2,8.067998804678059,6,6,66.0,0.36354618938353417,7.063723788410048,8.067998804678059,6,66.0,0.42000000000000004
4835.0,5,89.0,3.0689655172413794,9.027546601791471,5,5,54.0,0.45666755235114487,8.721313890959285,9.027546601791471,5,54.0,0.12
4840.0,7,118.0,3.933333333333333,7.46315068672452,7,7,118.0,0.3358648855167266,6.3966255032335875,7.46315068672452,7,118.0,-0.6399999999999999
4845.0,5,70.0,2.3333333333333335,8.163894199234297,5,5,70.0,0.39512850748605166,7.76101024955211,8.163894199234297,5,70.0,0.48
4850.0,5,83.0,2.6774193548387095,7.295479797917572,5,5,51.0,0.32139236920022074,5.733131323216861,7.295479797917572,5,51.0,0.18999999999999995
4855.0,6,113.0,3.7666666666666666,8.514026544593316,6,6,113.0,0.42796879567784696,7.513540297738142,8.514026544593316,6,113.0,-0.6199999999999999
4860.0,5,133.0,4.586206896551724,8.606257452654324,5,5,133.0,0.45462515992517705,7.956030966397138,8.606257452654324,5,133.0,-0.20000000000000018
4865.0,6,161.0,5.193548387096774,8.083169589194187,6,6,156.0,0.3864904862534625,6.867085937786606,8.083169589194187,6,156.0,-0.22999999999999998
4870.0,7,193.0,6.655172413793103,8.387995331832979,7,7,193.0,0.40972937519429314,7.3993232786492955,8.387995331832979,7,193.0,-0.3699999999999999
4875.0,5,84.0,2.625,7.876794761725651,5,5,84.0,0.36511875985135084,6.770569984102394,7.876794761725651,5,84.0,1.0899999999999999
4880.0,4,57.0,1.8387096774193548,8.751295525596575,4,4,1.0,0.42676015456639105,8.049399670503515,8.751295525596575,4,1.0,0.83
4885.0,7,77.0,2.264705882352941,8.648578865526005,7,7,77.0,0.4161866165249244,7.865286828486841,8.648578865526005,7,77.0,-0.76
4890.0,7,58.0,1.8125,8.321491742291713,7,7,58.0,0.39401279658281535,7.733996388965857,8.321491742291713,7,58.0,0.19000000000000006
4895.0,7,93.0,3.1,8.951223323303537,7,7,48.0,0.42786884825611826,8.15191464212922,8.951223323303537,7,48.0,0.09999999999999998
4900.0,10,135.0,4.090909090909091,7.206326708907582,10,10,135.0,0.28698425450196907,5.312043727846994,7.206326708907582,10,135.0,-0.8700000000000001
4905.0,7,133.0,4.03030303030303,8.1501862196979,7,7,133.0,0.3597230939650924,6.891539001958722,8.1501862196979,7,133.0,0.020000000000000018
4910.0,9,169.0,4.970588235294118,7.236500293838515,9,9,148.0,0.2961256424085101,5.469607938179449,7.236500293838515,9,148.0,-0.1499999999999999
4915.0,9,214.0,7.379310344827586,7.855366603055617,9,9,214.0,0.37635916718558876,6.774140124315277,7.855366603055617,9,214.0,-0.6600000000000001
4920.0,6,130.0,4.482758620689655,7.519970790819838,6,6,130.0,0.3341893317025154,6.243173122666172,7.519970790819838,6,130.0,0.8400000000000001
4925.0,6,122.0,3.696969696969697,7.483897522795646,6,6,75.0,0.3348383760024617,6.0962955096335305,7.483897522795646,6,75.0,0.55
4930.0,6,152.0,4.903225806451613,8.649168183938693,6,6,152.0,0.44650867287980145,8.08393736388321,8.649168183938693,6,152.0,-0.77
4935.0,7,183.0,5.382352941176471,7.504864165399615,7,7,183.0,0.3390685527016264,6.323026850360734,7.504864165399615,7,183.0,-0.31000000000000005
4940.0,8,223.0,6.96875,8.41082159615815,8,8,223.0,0.402852078596469,7.644175742010991,8.41082159615815,8,223.0,-0.3999999999999999
4945.0,11,263.0,7.735294117647059,7.128351090928381,11,11,263.0,0.3072530124417661,5.972351061477027,7.128351090928381,11,263.0,-0.3999999999999999
4950.0,11,315.0,9.545454545454545,7.37309874161619,11,11,315.0,0.3371509808795848,6.3968484168783375,7.37309874161619,11,315.0,-0.52
4955.0,8,179.0,5.59375,7.298888190652892,8,8,179.0,0.3498756384236809,6.417089614764433,7.298888190652892,8,179.0,1.3599999999999999
4960.0,7,95.0,2.7142857142857144,6.513291199605485,7,7,32.0,0.3003503665536851,5.163854400370074,6.513291199605485,7,32.0,1.47
4965.0,7,130.0,3.7142857142857144,7.935301277020382,7,7,130.0,0.42026822140230186,7.174930394234621,7.935301277020382,7,130.0,-0.98
4970.0,7,65.0,1.911764705882353,6.657894043643854,7,7,65.0,0.3079822995564426,5.4526026064300295,6.657894043643854,7,65.0,0.65
4975.0,8,91.0,2.676470588235294,7.2129278796928356,8,8,49.0,0.33874679857277523,6.0695783389426685,7.2129278796928356,8,49.0,0.16000000000000003
4980.0,8,131.0,3.8529411764705883,7.979164603462349,8,8,131.0,0.39981104185452426,6.938712694381462,7.979164603462349,8,131.0,-0.8200000000000001
4985.0,7,125.0,3.3783783783783785,7.228328828027483,7,7,125.0,0.3228722874229455,5.843454005207094,7.228328828027483,7,125.0,0.06000000000000005
4990.0,7,139.0,4.088235294117647,7.936674372364414,7,7,126.0,0.3552355702762982,6.676603362868152,7.936674372364414,7,126.0,-0.010000000000000009
4995.0,8,171.0,5.029411764705882,6.946254944435769,8,8,171.0,0.3024055657884159,5.432577577846431,6.946254944435769,8,171.0,-0.44999999999999996
5000.0,8,95.0,2.7941176470588234,7.718843038913557,8,8,95.0,0.3695212208087371,6.668729911982361,7.718843038913557,8,95.0,0.76
5005.0,9,102.0,2.7567567567567566,7.504261745582447,9,9,54.0,0.35332163034811986,6.3689791524693575,7.504261745582447,9,54.0,0.4099999999999999
5010.0,8,138.0,3.8333333333333335,7.622452321121601,8,8,138.0,0.3561602947398368,6.377358267192691,7.622452321121601,8,138.0,-0.8399999999999999
5015.0,9,124.0,3.5428571428571427,8.009521052357346,9,9,124.0,0.3986904324751522,7.111671456004589,8.009521052357346,9,124.0,0.1399999999999999
5020.0,13,176.0,4.888888888888889,6.188545319527069,13,13,124.0,0.24268027605744663,4.446328841465908,6.188545319527069,13,124.0,0.0
5025.0,12,235.0,6.911764705882353,7.039833662612101,12,12,183.0,0.2937014082704909,5.488345478014236,7.039833662612101,12,183.0,-0.5900000000000001
5030.0,10,197.0,5.628571428571429,6.5166398711439,10,10,197.0,0.27224078967549664,4.95306504331771,6.5166398711439,10,197.0,-0.1399999999999999
5035.0,9,206.0,6.0588235294117645,7.280676344989523,9,9,177.0,0.3503326495603922,6.246950524001661,7.280676344989523,9,177.0,0.19999999999999996
5040.0,9,251.0,7.382352941176471,7.346170459800146,9,9,251.0,0.3402188326250339,5.9954291486228515,7.346170459800146,9,251.0,-0.7399999999999998
5045.0,10,219.0,5.918918918918919,6.646248609423665,10,10,219.0,0.26920443512788067,5.138313291728999,6.646248609423665,10,219.0,0.31999999999999984
5050.0,9,240.0,6.857142857142857,7.0488300949802944,9,9,213.0,0.3093035033454941,5.900713905246322,7.0488300949802944,9,213.0,0.06000000000000005
5055.0,10,284.0,7.675675675675675,6.5545956697401415,10,10,283.0,0.26533083744784025,4.917566698908305,6.5545956697401415,10,283.0,-0.7000000000000002
5060.0,13,343.0,9.527777777777779,7.2226928306642115,13,13,343.0,0.3176076535711873,5.864606217709426,7.2226928306642115,13,343.0,-0.6000000000000001
5065.0,17,409.0,11.054054054054054,6.30508838880369,17,17,409.0,0.2637523326187728,4.827654041614873,6.30508838880369,17,409.0,-0.6599999999999997
5070.0,16,484.0,13.08108108108108,6.397439794185366,16,16,484.0,0.26058842824505934,4.785512773816425,6.397439794185366,16,484.0,-0.75
5075.0,13,477.0,13.25,6.617491542502799,13,13,477.0,0.29234438589856876,5.416060659162182,6.617491542502799,13,477.0,0.07000000000000028
5080.0,13,532.0,14.0,5.738395642658889,13,13,504.0,0.2465244554389677,4.348649280368849,5.738395642658889,13,504.0,-0.27000000000000046
5085.0,15,607.0,16.405405405405407,6.443451833785249,15,15,607.0,0.3012767780111923,5.274392295596998,6.443451833785249,15,607.0,-1.0300000000000002
5090.0,13,401.0,10.025,5.388023858169217,13,13,401.0,0.20431723434071594,3.8997291124023814,5.388023858169217,13,401.0,2.0600000000000005
5095.0,10,206.0,5.421052631578948,6.383389782030781,10,10,106.0,0.29203143103715357,5.470300764988006,6.383389782030781,10,106.0,2.9499999999999997
5100.0,8,220.0,6.285714285714286,6.461020834616989,8,8,220.0,0.3148227162112832,5.699892442955582,6.461020834616989,8,220.0,-1.1400000000000001
5105.0,11,130.0,3.5135135135135136,5.5415868793332725,11,11,130.0,0.2637771152431303,4.918880512203321,5.5415868793332725,11,130.0,0.9000000000000001
5110.0,9,91.0,2.4594594594594597,6.345285313951851,9,9,47.0,0.29795529535585286,5.668315804679225,6.345285313951851,9,47.0,0.8300000000000001
5115.0,10,139.0,3.5641025641025643,6.3314213937770605,10,10,139.0,0.29581915942038267,5.58188397885386,6.3314213937770605,10,139.0,-0.9199999999999999
5120.0,11,148.0,3.7948717948717947,6.734690132127476,11,11,148.0,0.3176357430181185,6.0774381875855115,6.734690132127476,11,148.0,-0.09000000000000008
5125.0,10,133.0,3.1666666666666665,6.378779594574904,10,10,120.0,0.26673071299440987,5.0818769429178205,6.378779594574904,10,120.0,0.28
5130.0,9,177.0,4.214285714285714,7.729152856281805,9,9,177.0,0.3768213999878744,6.966627377923113,7.729152856281805,9,177.0,-0.5700000000000001
5135.0,11,173.0,4.119047619047619,7.271806027173462,11,11,173.0,0.33852438978674515,6.260533135041341,7.271806027173462,11,173.0,0.040000000000000036
5140.0,13,234.0,5.2,6.72087775933818,13,13,184.0,0.2758982165774862,4.828296943653888,6.72087775933818,13,184.0,-0.1100000000000001
5145.0,14,302.0,6.711111111111111,7.239664250732777,14,14,302.0,0.31488265279861055,5.497849948009109,7.239664250732777,14,302.0,-1.18
5150.0,13,323.0,6.729166666666667,6.201384190882365,13,13,323.0,0.1984073379238402,3.5686214030152414,6.201384190882365,13,323.0,-0.20999999999999996
5155.0,12,374.0,8.311111111111112,6.931074060835889,12,12,361.0,0.2879323627819684,5.124179943849635,6.931074060835889,12,361.0,-0.3799999999999999
5160.0,12,434.0,11.128205128205128,7.25979477091732,12,12,434.0,0.33173231515979335,5.85431995937111,7.25979477091732,12,434.0,-0.73
5165.0,11,359.0,8.975,6.3899424998716245,11,11,359.0,0.24731752370456114,4.716437618204204,6.3899424998716245,11,359.0,0.75
5170.0,8,312.0,8.210526315789474,7.390434420436923,8,8,269.0,0.32286323256612415,6.099142412885077,7.390434420436923,8,269.0,0.8999999999999999
5175.0,10,356.0,8.9,7.185316216169016,10,10,356.0,0.299461203540488,5.555106039727923,7.185316216169016,10,356.0,-0.8700000000000001
5180.0,10,180.0,4.864864864864865,7.43626244282191,10,10,180.0,0.3249807241813007,6.308819118848809,7.43626244282191,10,180.0,1.76
5185.0,9,53.0,1.358974358974359,7.128345309269923,9,9,-32.0,0.29556344914547694,5.669076575727535,7.128345309269923,9,-32.0,2.12
5190.0,7,85.0,2.236842105263158,8.38080615147756,7,7,85.0,0.3907594562667478,7.401184014580859,8.38080615147756,7,85.0,-1.17
5195.0,7,67.0,1.8108108108108107,7.9896990026525225,7,7,67.0,0.34832077633431147,6.81594680439999,7.9896990026525225,7,67.0,0.17999999999999994
5200.0,11,114.0,2.923076923076923,7.134777620182636,11,11,89.0,0.27375495741527245,5.109880666992373,7.134777620182636,11,89.0,-0.21999999999999997
5205.0,11,169.0,4.333333333333333,8.012551205754598,11,11,169.0,0.345598950706063,6.3406601513284855,8.012551205754598,11,169.0,-0.7999999999999999
5210.0,11,175.0,4.487179487179487,6.780180261490875,11,11,175.0,0.24602602599269846,4.738447976833941,6.780180261490875,11,175.0,-0.06000000000000005
5215.0,8,185.0,5.0,7.6512764267180335,8,8,172.0,0.33818817954782265,6.323553260153576,7.6512764267180335,8,172.0,0.030000000000000027
5220.0,8,225.0,6.081081081081081,7.91417652233019,8,8,225.0,0.36345840539529595,6.420561630994828,7.91417652233019,8,225.0,-0.53
5225.0,10,138.0,3.45,7.092133484389308,9,10,137.0,0.28832296760514614,5.338218785006589,7.092133484389308,9,137.0,0.8799999999999999
5230.0,7,76.0,2.111111111111111,7.785080743361811,7,7,33.0,0.33718242900377426,6.319872026365162,7.785080743361811,7,33.0,1.04
5235.0,7,101.0,2.72972972972973,6.931261388931621,7,7,101.0,0.3020057772378108,5.504815489040809,6.931261388931621,7,101.0,-0.6799999999999999
5240.0,8,93.0,2.5135135135135136,7.40054964704894,8,8,93.0,0.35091779857644756,6.475457806226385,7.40054964704894,8,93.0,0.07999999999999996
5245.0,12,138.0,3.5384615384615383,7.342818705689547,12,12,114.0,0.33337452301387005,6.130422200946321,7.342818705689547,12,114.0,-0.20999999999999985
5250.0,11,190.0,5.135135135135135,7.619762048319061,11,11,190.0,0.35181880833524354,6.436792150613255,7.619762048319061,11,190.0,-0.76
5255.0,9,159.0,4.297297297297297,7.804470881958787,9,9,159.0,0.35642810716866336,6.811141722268004,7.804470881958787,9,159.0,0.30999999999999983
5260.0,10,191.0,5.162162162162162,6.729326811147512,10,10,163.0,0.25077275944660277,4.863070644464442,6.729326811147512,10,163.0,-0.039999999999999813
5265.0,10,241.0,6.694444444444445,7.797096134662365,10,10,241.0,0.3525376913281184,6.577874992290554,7.797096134662365,10,241.0,-0.7800000000000002
5270.0,9,197.0,5.184210526315789,6.387109237323749,9,9,197.0,0.23162359688099837,4.6684532763053666,6.387109237323749,9,197.0,0.44000000000000017
5275.0,6,128.0,3.657142857142857,7.211037627510717,6,6,99.0,0.2973847061640646,6.06203849657661,7.211037627510717,6,99.0,0.98
5280.0,6,158.0,4.647058823529412,7.3383324643004855,6,6,158.0,0.30349065400371045,5.8807693748971435,7.3383324643004855,6,158.0,-0.5900000000000001
5285.0,8,196.0,5.157894736842105,7.657754061668856,8,8,196.0,0.3380897793365229,6.292561586594886,7.657754061668856,8,196.0,-0.3799999999999999
5290.0,9,119.0,3.2162162162162162,7.323381271470405,9,9,119.0,0.3046184651198599,5.96695163512455,7.323381271470405,9,119.0,0.77
5295.0,11,168.0,4.421052631578948,6.361456964237311,11,11,82.0,0.244655022050132,4.719869144619605,6.361456964237311,11,82.0,0.37
5300.0,12,228.0,6.333333333333333,7.351584827138756,12,12,228.0,0.31736725348131545,6.074613530823595,7.351584827138756,12,228.0,-1.46
5305.0,12,190.0,5.135135135135135,6.362276233265421,12,12,190.0,0.2528559313417643,4.70720096046255,6.362276233265421,12,190.0,0.3799999999999999
5310.0,10,227.0,6.135135135135135,7.587322180858762,10,10,193.0,0.34308789237577736,6.231240843135937,7.587322180858762,10,193.0,-0.030000000000000027
5315.0,10,277.0,7.694444444444445,7.890715019883615,10,10,277.0,0.3670292012051325,6.4715132954966075,7.890715019883615,10,277.0,-0.8400000000000001
5320.0,12,334.0,9.277777777777779,6.664507651283511,12,12,334.0,0.2785849645035655,4.936569328572179,6.664507651283511,12,334.0,-0.5699999999999998
5325.0,13,398.0,11.371428571428572,7.287321904925916,13,13,398.0,0.29830573266314103,5.469889569313772,7.287321904925916,13,398.0,-0.6400000000000001
5330.0,14,465.0,12.567567567567568,6.500311446920216,14,14,465.0,0.22968547853657628,4.383649355297462,6.500311446920216,14,465.0,-0.6700000000000004
5335.0,13,347.0,9.378378378378379,6.911835744807883,13,13,347.0,0.2459862453272631,4.912631429581239,6.911835744807883,13,347.0,1.1800000000000002
5340.0,9,294.0,8.4,6.8896641664131275,9,9,223.0,0.2652789796821936,5.166922864815242,6.8896641664131275,9,223.0,1.2400000000000002
5345.0,11,347.0,8.897435897435898,7.205864878720861,11,11,347.0,0.2961341206363003,5.6764227909057565,7.205864878720861,11,347.0,-1.2400000000000002
5350.0,11,222.0,6.166666666666667,6.788084438423277,11,11,222.0,0.28615799054979496,5.524480691741138,6.788084438423277,11,222.0,1.25
5355.0,9,99.0,2.5384615384615383,6.819102400304498,9,9,41.0,0.27604494394574364,5.151684213580969,6.819102400304498,9,41.0,1.8100000000000003
5360.0,8,135.0,3.5526315789473686,8.276265034808105,8,8,135.0,0.3920856788152355,7.1181648470598295,8.276265034808105,8,135.0,-0.9400000000000002
5365.0,11,175.0,4.605263157894737,7.309754164700721,11,11,175.0,0.3304406628966412,5.8258566943649,7.309754164700721,11,175.0,-0.3999999999999999
5370.0,9,164.0,4.685714285714286,7.452478809454837,9,9,164.0,0.3580494235980271,6.305165120387183,7.452478809454837,9,164.0,0.1100000000000001
5375.0,7,178.0,5.085714285714285,8.282989613053616,7,7,160.0,0.39063789455478654,7.1502017767192,8.282989613053616,7,160.0,0.039999999999999813
5380.0,9,218.0,5.7368421052631575,7.369724935871897,9,9,218.0,0.3150839379883529,5.679507213033136,7.369724935871897,9,218.0,-0.5800000000000001
5385.0,9,111.0,2.9210526315789473,7.87375302261281,8,9,110.0,0.34753121229605743,6.57603453564891,7.87375302261281,8,110.0,1.08
5390.0,8,79.0,1.975,7.371311831598367,8,8,20.0,0.25868584609656337,4.9790903769638435,7.371311831598367,8,20.0,0.9000000000000001
5395.0,7,110.0,2.8947368421052633,8.170143247716842,7,7,110.0,0.3373042737027383,6.426914709289832,8.170143247716842,7,110.0,-0.9000000000000001
5400.0,8,68.0,1.8888888888888888,7.340889669346789,8,8,68.0,0.29253117300197445,5.636448954350031,7.340889669346789,8,68.0,0.42000000000000004
5405.0,9,99.0,2.475,7.129282350728109,9,9,71.0,0.26348729066140525,5.203504739852119,7.129282350728109,9,71.0,-0.029999999999999916
5410.0,9,144.0,3.789473684210526,7.910814192121415,9,9,144.0,0.340647723179265,6.561388466538309,7.910814192121415,9,144.0,-0.73
5415.0,12,161.0,4.128205128205129,6.706686590539073,12,12,161.0,0.2609329305740038,5.046849158141639,6.706686590539073,12,161.0,-0.17000000000000015
5420.0,12,221.0,5.972972972972973,7.552716136406243,12,12,191.0,0.30863659491299655,6.0371779081167105,7.552716136406243,12,191.0,-0.2999999999999998
5425.0,16,282.0,7.421052631578948,6.677264622102602,16,16,252.0,0.26026175552460395,5.012985092028033,6.677264622102602,16,252.0,-0.6100000000000001
5430.0,12,254.0,7.055555555555555,6.987860061111321,12,12,254.0,0.3000547958052158,5.694915964760473,6.987860061111321,12,254.0,-0.020000000000000018
5435.0,8,211.0,6.393939393939394,7.314509932449457,8,8,182.0,0.3335647099193035,6.258726557342034,7.314509932449457,8,182.0,0.72
5440.0,11,258.0,7.166666666666667,6.755178385567787,11,11,258.0,0.30145819847897465,5.435428920721031,6.755178385567787,11,258.0,-0.76
5445.0,11,159.0,4.416666666666667,7.057090236132469,11,11,159.0,0.3087953008296263,5.756354171145249,7.057090236132469,11,159.0,0.99
5450.0,10,141.0,3.6153846153846154,6.517463638272624,10,10,83.0,0.24646534843596143,4.475899929538474,6.517463638272624,10,83.0,0.7600000000000001
5455.0,10,191.0,5.457142857142857,7.559608129061605,10,10,191.0,0.34787874824800175,6.198240739741469,7.559608129061605,10,191.0,-1.08
5460.0,9,195.0,5.735294117647059,7.0972425225845654,9,9,195.0,0.31235514974703943,5.608521747617806,7.0972425225845654,9,195.0,-0.040000000000000036
5465.0,11,230.0,6.388888888888889,6.443659454190053,11,11,217.0,0.2590786081049269,4.856620607801419,6.443659454190053,11,217.0,-0.21999999999999997
5470.0,10,279.0,7.75,7.403221645273468,10,10,279.0,0.3218872717932968,6.004060903772927,7.403221645273468,10,279.0,-0.6200000000000001
5475.0,12,171.0,4.384615384615385,6.286048757431737,12,12,171.0,0.23365451588493882,4.374963331597501,6.286048757431737,12,171.0,1.08
5480.0,8,130.0,3.4210526315789473,7.270047779332168,8,8,72.0,0.3107705597136451,5.894432541873836,7.270047779332168,8,72.0,0.99
5485.0,11,170.0,4.358974358974359,6.752463631637941,11,11,170.0,0.28048996011072985,5.296573689514504,6.752463631637941,11,170.0,-0.98
5490.0,9,132.0,3.473684210526316,7.1881585216088695,9,9,132.0,0.3200952646763694,6.042309486809088,7.1881585216088695,9,132.0,0.3799999999999999
5495.0,9,155.0,4.1891891891891895,7.65041729614432,9,9,127.0,0.35992573724983284,6.60625937962594,7.65041729614432,9,127.0,0.050000000000000044
5500.0,12,208.0,5.333333333333333,7.256850614551272,12,12,208.0,0.3154279348359719,5.61583693764672,7.256850614551272,12,208.0,-0.81
5505.0,10,171.0,4.621621621621622,7.347728130228696,10,10,171.0,0.315037248713471,5.968128924722043,7.347728130228696,10,171.0,0.3700000000000001
5510.0,12,189.0,5.108108108108108,6.27846696645717,11,12,158.0,0.24460081328412675,4.643198180288861,6.27846696645717,11,158.0,0.1299999999999999
5515.0,10,235.0,6.351351351351352,7.057726091386992,10,10,235.0,0.28871605003650785,5.506465375282879,7.057726091386992,10,235.0,-0.77
5520.0,10,285.0,7.702702702702703,7.374000708976327,10,10,285.0,0.3103895251080565,5.621150317925153,7.374000708976327,10,285.0,-0.5
5525.0,12,344.0,9.052631578947368,6.5870474530779655,12,12,343.0,0.28382703774944446,4.983807652588846,6.5870474530779655,12,343.0,-0.5800000000000001
5530.0,12,404.0,10.631578947368421,7.029702942380996,12,12,404.0,0.28861604371993876,5.379981710817031,7.029702942380996,12,404.0,-0.6099999999999999
5535.0,12,330.0,8.461538461538462,6.534164856831277,12,12,330.0,0.2494081855867071,4.757538660266168,6.534164856831277,12,330.0,0.7400000000000002
5540.0,7,236.0,6.2105263157894735,7.684957140674444,7,7,194.0,0.3364648800821026,6.462729496015398,7.684957140674444,7,194.0,1.3599999999999999
5545.0,10,271.0,6.948717948717949,7.473440312268979,10,10,271.0,0.330437206774172,6.225188093073021,7.473440312268979,10,271.0,-0.77
5550.0,9,206.0,5.421052631578948,7.432741125895442,9,9,206.0,0.32124431808018383,6.254839589653828,7.432741125895442,9,206.0,0.6499999999999999
5555.0,8,226.0,5.947368421052632,8.031362088331315,8,8,185.0,0.34972639110460757,6.6760825513528745,8.031362088331315,8,185.0,0.20999999999999996
5560.0,10,272.0,6.9743589743589745,7.496073578225904,10,10,272.0,0.3194980461824593,5.86728253482504,7.496073578225904,10,272.0,-0.8700000000000001
5565.0,9,278.0,7.722222222222222,7.798640124916791,9,9,278.0,0.3459500034367944,6.543549166744566,7.798640124916791,9,278.0,-0.05999999999999961
5570.0,8,290.0,7.631578947368421,7.055533433729775,8,8,277.0,0.2852181848111246,5.4024720996526,7.055533433729775,8,277.0,0.009999999999999787
5575.0,9,333.0,9.0,8.077017158175543,9,9,333.0,0.36888232853083736,6.752003867760812,8.077017158175543,9,333.0,-0.56
5580.0,9,378.0,10.8,7.690439391339802,9,9,378.0,0.3180739350601021,5.689347329826639,7.690439391339802,9,378.0,-0.44999999999999973
5585.0,8,316.0,8.102564102564102,7.096300832045214,8,8,316.0,0.29228814451311336,5.285092224408536,7.096300832045214,8,316.0,0.6199999999999997
5590.0,6,326.0,8.81081081081081,8.38427531646552,6,6,283.0,0.4082264081742125,7.326794149700701,8.38427531646552,6,283.0,0.33000000000000007
5595.0,6,356.0,9.368421052631579,7.948033873647622,6,6,356.0,0.36570355387445025,6.584884293728148,7.948033873647622,6,356.0,-0.73
5600.0,8,395.0,10.394736842105264,8.441395050723322,8,8,395.0,0.39123986873893346,7.2473507647567885,8.441395050723322,8,395.0,-0.3900000000000001
5605.0,10,338.0,8.666666666666666,7.510451373562817,10,10,338.0,0.3132108241427092,5.830613333346502,7.510451373562817,10,338.0,0.5700000000000003
5610.0,6,351.0,9.236842105263158,8.492596916393103,6,6,313.0,0.3893185722330401,7.25354159573539,8.492596916393103,6,313.0,0.25
5615.0,6,381.0,10.885714285714286,9.362529152225026,6,6,381.0,0.4751455461097269,8.666730071931518,9.362529152225026,6,381.0,-0.6800000000000002
5620.0,7,55.0,1.4864864864864864,7.679082166202264,7,7,55.0,0.31170505372381224,5.839425389656529,7.679082166202264,7,55.0,3.26
5625.0,6,84.0,2.4,8.945937367025406,6,6,-92.0,0.4175932712971618,7.809937329388556,8.945937367025406,6,-92.0,1.4700000000000002
5630.0,6,114.0,3.257142857142857,7.6447074036089395,6,6,114.0,0.3252086839867814,5.77805377756117,7.6447074036089395,6,114.0,-2.06
5635.0,6,75.0,2.272727272727273,8.257634664775372,6,6,75.0,0.376706270252911,6.970499660986064,8.257634664775372,6,75.0,0.3899999999999999
5640.0,5,95.0,2.878787878787879,8.690055265982496,5,5,61.0,0.41315220807034986,7.274234522962452,8.690055265982496,5,61.0,0.14
5645.0,7,127.0,3.4324324324324325,8.163842950702753,7,7,127.0,0.3791305442067209,6.397569089939269,8.163842950702753,7,127.0,-0.66
5650.0,4,67.0,1.9705882352941178,8.883069498158054,4,4,67.0,0.44455600577391186,8.04277473992147,8.883069498158054,4,67.0,0.6
5655.0,3,73.0,2.085714285714286,8.643576251155466,3,3,34.0,0.4133929560797651,7.491474404359978,8.643576251155466,3,34.0,0.33
5660.0,5,95.0,2.96875,9.14095432264033,5,5,95.0,0.4847525707336923,8.727390225294982,9.14095432264033,5,95.0,-0.6099999999999999
5665.0,5,17.0,0.5,8.180346922218924,5,5,17.0,0.40009060665038426,7.47856585272206,8.180346922218924,5,17.0,0.7799999999999999
5670.0,3,19.0,0.5757575757575758,9.090722407578534,3,3,-22.0,0.4654483511377075,8.60054994263761,9.090722407578534,3,-22.0,0.39
5675.0,3,34.0,1.0625,10.103610537152262,3,3,34.0,0.5715696191762181,10.315728577252262,10.103610537152262,3,34.0,-0.56
5680.0,3,38.0,1.1515151515151516,8.364435039496154,3,3,38.0,0.3901629198770758,7.419267881633807,8.364435039496154,3,38.0,-0.03999999999999998
5685.0,5,63.0,1.96875,9.028133523263428,5,5,56.0,0.42429364569953126,8.570944443870081,9.028133523263428,5,56.0,-0.18000000000000005
5690.0,6,89.0,2.6176470588235294,8.025578185100816,6,6,89.0,0.2907384182095249,5.870371661218532,8.025578185100816,6,89.0,-0.32999999999999996
5695.0,5,43.0,1.303030303030303,8.657701740728466,4,5,42.0,0.405594664005436,8.081424269674214,8.657701740728466,4,42.0,0.47000000000000003
5700.0,3,51.0,1.5454545454545454,8.508510709697031,3,3,18.0,0.3799322553114448,7.254067231078241,8.508510709697031,3,18.0,0.24
5705.0,5,73.0,2.212121212121212,8.192112724605948,5,5,73.0,0.37308322266219596,6.78850585210421,8.192112724605948,5,73.0,-0.55
5710.0,6,75.0,2.5,8.600891952142097,6,6,75.0,0.44548464271288796,8.224136601340717,8.600891952142097,6,75.0,-0.020000000000000018
5715.0,8,107.0,3.4516129032258065,6.9639481387961375,8,8,82.0,0.29648799898224026,5.3790632929363476,6.9639481387961375,8,82.0,-0.06999999999999995
5720.0,9,152.0,4.903225806451613,8.013339487534482,9,9,152.0,0.37647055583948585,6.958968659840346,8.013339487534482,9,152.0,-0.7000000000000001
5725.0,8,92.0,2.967741935483871,7.381301051984239,8,8,92.0,0.3495145568212805,6.400388855424955,7.381301051984239,8,92.0,0.6
5730.0,7,111.0,3.5806451612903225,7.694675825139563,7,7,70.0,0.3746541536952178,6.925635992358865,7.694675825139563,7,70.0,0.22000000000000008
5735.0,7,146.0,5.0344827586206895,8.524941841768607,7,7,146.0,0.4511847566502686,8.101411393238601,8.524941841768607,7,146.0,-0.76
5740.0,6,92.0,2.875,7.03676651296713,6,6,92.0,0.32722811317500744,6.046967322046091,7.03676651296713,6,92.0,0.5399999999999999
5745.0,6,107.0,3.566666666666667,8.087971208251398,6,6,78.0,0.3901551592174723,7.300422584234405,8.087971208251398,6,78.0,0.14
5750.0,7,139.0,4.34375,7.5330188274131675,7,7,139.0,0.35572954226128395,6.307798330000749,7.5330188274131675,7,139.0,-0.6099999999999999
5755.0,6,59.0,1.84375,7.852158236200093,6,6,59.0,0.3650240212114375,6.819714720366566,7.852158236200093,6,59.0,0.7999999999999999
5760.0,4,58.0,1.9333333333333333,8.934704202056126,4,4,10.0,0.43702997062175764,8.137958044512725,8.934704202056126,4,10.0,0.49
5765.0,6,82.0,2.411764705882353,8.360965573354935,6,6,82.0,0.38253499972099075,6.960563950033354,8.360965573354935,6,82.0,-0.72
5770.0,5,91.0,2.757575757575758,9.05772497575336,5,5,91.0,0.43944074015402446,8.455633954895008,9.05772497575336,5,91.0,-0.09000000000000008
5775.0,7,119.0,3.4,7.880683529846304,7,7,106.0,0.3085584535287877,6.121577875622192,7.880683529846304,7,106.0,-0.15000000000000002
5780.0,7,154.0,4.4,9.147807208641233,7,7,154.0,0.41708014398003873,8.042988560151352,9.147807208641233,7,154.0,-0.48
5785.0,6,86.0,2.5294117647058822,7.967142013643896,6,6,86.0,0.3427785550143471,6.634057675470338,7.967142013643896,6,86.0,0.68
5790.0,5,97.0,3.03125,8.582882596603586,5,5,55.0,0.41297276685057843,7.993801022583912,8.582882596603586,5,55.0,0.30999999999999994
5795.0,5,122.0,3.935483870967742,9.180886937959347,5,5,122.0,0.4729911258260809,8.803396302885556,9.180886937959347,5,122.0,-0.6699999999999999
5800.0,7,94.0,2.8484848484848486,7.365837448086019,7,7,94.0,0.3253765967473168,6.047913048433463,7.365837448086019,7,94.0,0.28
5805.0,7,129.0,3.909090909090909,8.545414367825005,7,7,74.0,0.3983742232241929,7.400890502900136,8.545414367825005,7,74.0,0.19999999999999996
5810.0,8,165.0,4.714285714285714,7.332339184973546,8,8,165.0,0.30704651822464124,5.520259465492906,7.332339184973546,8,165.0,-0.9099999999999999
5815.0,7,95.0,2.96875,7.834785838383604,7,7,95.0,0.3394636266125199,6.532596385740178,7.834785838383604,7,95.0,0.7
5820.0,5,96.0,3.096774193548387,8.518811295595293,5,5,53.0,0.4031292805007104,7.572487048712221,8.518811295595293,5,53.0,0.41999999999999993
5825.0,7,125.0,3.5714285714285716,7.868459996054631,7,7,125.0,0.35866074525838637,6.545112201066789,7.868459996054631,7,125.0,-0.72
5830.0,5,69.0,2.15625,8.507299449256706,5,5,69.0,0.42034736177186643,7.948820981515689,8.507299449256706,5,69.0,0.56
5835.0,6,84.0,2.5454545454545454,7.463839062194299,6,6,45.0,0.32340691778461267,6.092226414121912,7.463839062194299,6,45.0,0.23999999999999994
5840.0,6,114.0,3.5625,8.867883445754615,6,6,114.0,0.44380622799847186,8.165501551664756,8.867883445754615,6,114.0,-0.69
5845.0,9,144.0,4.114285714285714,7.79414304499206,9,9,144.0,0.33837527747005847,5.965553957123937,7.79414304499206,9,144.0,-0.30000000000000004
5850.0,8,183.0,5.71875,7.96210645901429,8,8,183.0,0.3606094812721582,6.637095532810908,7.96210645901429,8,183.0,-0.3900000000000001
5855.0,5,89.0,2.870967741935484,8.994425973044828,5,5,89.0,0.4464610152990558,8.354518388570302,8.994425973044828,5,89.0,0.9400000000000001
5860.0,6,78.0,2.4375,7.6218145837432125,6,6,26.0,0.3229872315699451,6.10348501568797,7.6218145837432125,6,26.0,0.63
5865.0,6,108.0,3.375,8.945368724200133,6,6,108.0,0.4330281232420345,8.081352648092624,8.945368724200133,6,108.0,-0.8200000000000001
5870.0,5,38.0,1.1176470588235294,7.409823037774187,5,5,38.0,0.31403966246574133,5.906119423135962,7.409823037774187,5,38.0,0.7000000000000001
5875.0,6,50.0,1.5625,7.9913393748244586,6,6,12.0,0.33550099959527424,6.604412462966736,7.9913393748244586,6,12.0,0.26
5880.0,5,74.0,2.466666666666667,8.663913220508078,5,5,74.0,0.3948828084639584,7.59455230003578,8.663913220508078,5,74.0,-0.62
5885.0,7,79.0,2.393939393939394,7.338017431841202,7,7,79.0,0.2989731407740859,6.018551052037679,7.338017431841202,7,79.0,-0.050000000000000044
5890.0,7,114.0,3.5625,8.39544337668765,7,7,101.0,0.3935559970279662,7.654878220492702,8.39544337668765,7,101.0,-0.21999999999999997
5895.0,8,151.0,4.314285714285714,7.737950420064116,8,8,151.0,0.3400665287861409,6.202290994972561,7.737950420064116,8,151.0,-0.5
5900.0,8,177.0,5.205882352941177,8.465530824255282,8,8,177.0,0.38747299328599455,7.525500375017587,8.465530824255282,8,177.0,-0.26
5905.0,7,163.0,4.6571428571428575,8.065192696396718,7,7,149.0,0.3437748783578249,6.627068681591249,8.065192696396718,7,149.0,0.28
5910.0,7,196.0,6.125,8.53230854222381,7,7,196.0,0.4068686719998375,7.64097495674168,8.53230854222381,7,196.0,-0.47
5915.0,5,100.0,3.125,8.59840708754658,5,5,100.0,0.41955828677855883,8.16674828324431,8.59840708754658,5,100.0,0.96
5920.0,7,88.0,2.6666666666666665,6.979213613848482,7,7,37.0,0.28402032417442946,5.620973777224386,6.979213613848482,7,37.0,0.63
5925.0,6,117.0,3.65625,8.148123875880646,6,6,116.0,0.36049410198029835,7.0609417286639395,8.148123875880646,6,116.0,-0.7899999999999999
5930.0,7,73.0,2.1470588235294117,6.63151360147659,7,7,73.0,0.2572130010961618,4.942436798417225,6.63151360147659,7,73.0,0.42999999999999994
5935.0,10,123.0,3.84375,7.191374388257676,10,10,56.0,0.3125284273450456,6.0837031100033006,7.191374388257676,10,56.0,0.16999999999999993
5940.0,10,173.0,5.40625,7.089594075959366,10,10,173.0,0.2911624423448356,5.395497648998937,7.089594075959366,10,173.0,-1.17
5945.0,10,179.0,5.114285714285714,6.6364422072282805,10,10,179.0,0.27349286710624027,4.997712105700445,6.6364422072282805,10,179.0,-0.06000000000000005
5950.0,8,201.0,6.28125,7.651886052142977,8,8,187.0,0.35837022896313636,6.632546090141084,7.651886052142977,8,187.0,-0.08000000000000007
5955.0,10,244.0,6.9714285714285715,7.285353213244042,10,10,244.0,0.33257598147971973,6.012845020545606,7.285353213244042,10,244.0,-0.5699999999999998
5960.0,7,170.0,4.857142857142857,7.887128745396392,7,7,170.0,0.35868170303618635,6.979403985217179,7.887128745396392,7,170.0,0.74
5965.0,9,174.0,4.833333333333333,7.4738636874780155,9,9,126.0,0.31630115034766315,6.112045367092343,7.4738636874780155,9,126.0,0.43999999999999995
5970.0,8,213.0,6.264705882352941,8.497120290203114,8,8,213.0,0.3838415170513747,7.375254209947906,8.497120290203114,8,213.0,-0.8699999999999999
5975.0,6,91.0,2.757575757575758,8.466000002777774,6,6,91.0,0.3787480856061548,7.457061707382996,8.466000002777774,6,91.0,1.2199999999999998
5980.0,7,49.0,1.4411764705882353,7.246467699516991,7,7,-9.0,0.2683534510621892,5.451647742434427,7.246467699516991,7,-9.0,1.0
5985.0,6,78.0,2.2941176470588234,8.549583657226814,6,6,78.0,0.3639868695737863,7.178862973727361,8.549583657226814,6,78.0,-0.87
5990.0,11,109.0,3.0277777777777777,6.6906448980370055,11,11,109.0,0.23223026442894826,4.54424584749743,6.6906448980370055,11,109.0,-0.31000000000000005
5995.0,12,169.0,4.970588235294118,7.345538753033561,12,12,163.0,0.29335460031844884,5.65960282385235,7.345538753033561,12,163.0,-0.5399999999999998
6000.0,12,229.0,6.735294117647059,7.023912188747303,12,12,229.0,0.2544776291118618,4.79173739389924,7.023912188747303,12,229.0,-0.6600000000000001
6005.0,12,188.0,5.222222222222222,6.477024606168298,12,12,188.0,0.23917871997141707,4.568244467713396,6.477024606168298,12,188.0,0.41000000000000014
6010.0,10,218.0,6.411764705882353,7.366736375456261,10,10,178.0,0.3310628903242239,6.0914018060271715,7.366736375456261,10,178.0,0.09999999999999987
6015.0,12,271.0,7.324324324324325,6.6909214876579055,12,12,271.0,0.2807488576132356,5.102436329976047,6.6909214876579055,12,271.0,-0.9299999999999999
6020.0,10,214.0,6.294117647058823,7.176334431628256,10,10,214.0,0.3265153959008979,6.195154997001609,7.176334431628256,10,214.0,0.5699999999999998
6025.0,11,229.0,6.542857142857143,6.6732040406169775,11,11,186.0,0.29962767226391085,5.663686682238617,6.6732040406169775,11,186.0,0.28
6030.0,10,279.0,8.205882352941176,7.536981496927494,10,10,279.0,0.366024415624417,6.792692727544463,7.536981496927494,10,279.0,-0.9299999999999999
6035.0,9,304.0,8.941176470588236,7.532944349208229,9,9,304.0,0.3601878722478116,6.848546541567856,7.532944349208229,9,304.0,-0.25
6040.0,11,354.0,10.114285714285714,6.317880893982932,11,11,341.0,0.26734193383913335,5.008961384895474,6.317880893982932,11,341.0,-0.3700000000000001
6045.0,12,414.0,11.82857142857143,6.974246399948341,12,12,414.0,0.3053777069467668,5.662313717522191,6.974246399948341,12,414.0,-0.7299999999999995
6050.0,10,288.0,7.783783783783784,6.112600922011856,10,10,288.0,0.23319030586891454,4.474125580299438,6.112600922011856,10,288.0,1.2599999999999998
6055.0,7,89.0,2.4054054054054053,7.3164786737744025,7,7,30.0,0.3159454270303815,5.96446012775457,7.3164786737744025,7,30.0,2.58
6060.0,5,87.0,2.3513513513513513,8.085120198629458,5,5,87.0,0.38346574955301743,7.099897614692206,8.085120198629458,5,87.0,-0.5700000000000001
6065.0,9,98.0,2.3902439024390243,7.113145695444039,9,9,98.0,0.29514174893804074,5.729781330047268,7.113145695444039,9,98.0,-0.10999999999999999
6070.0,12,155.0,3.7804878048780486,7.334723189775425,12,12,134.0,0.29102122958561166,5.617435626959892,7.334723189775425,12,134.0,-0.3600000000000001
6075.0,15,221.0,5.261904761904762,6.574493148512938,15,15,221.0,0.22923521845877828,4.385903738008137,6.574493148512938,15,221.0,-0.8699999999999999
6080.0,12,179.0,4.837837837837838,7.30146317371141,12,12,179.0,0.302372600576236,5.877648002042157,7.30146317371141,12,179.0,0.41999999999999993
6085.0,14,204.0,5.513513513513513,6.205503615440742,14,14,161.0,0.26201115985505047,4.766036438989356,6.205503615440742,14,161.0,0.17999999999999994
6090.0,12,264.0,7.333333333333333,7.125221864930533,12,12,264.0,0.33283689372852476,6.023351632257478,7.125221864930533,12,264.0,-1.03
6095.0,10,230.0,6.764705882352941,7.088197483121794,10,10,230.0,0.33435535327136606,6.269457725538221,7.088197483121794,10,230.0,0.3400000000000003
6100.0,11,269.0,7.27027027027027,6.307815168628943,11,11,230.0,0.25620842729706583,4.863765589900316,6.307815168628943,11,230.0,0.0
6105.0,12,329.0,9.13888888888889,7.146754679762353,12,12,329.0,0.32030645061368906,5.945023070644363,7.146754679762353,12,329.0,-0.9900000000000002
6110.0,11,252.0,6.631578947368421,6.2534827175748555,11,11,252.0,0.2531049775343946,4.765205050060963,6.2534827175748555,11,252.0,0.77
6115.0,7,89.0,2.3421052631578947,7.466064306883799,7,7,46.0,0.331992427047025,6.181161280715964,7.466064306883799,7,46.0,2.06
6120.0,5,88.0,2.588235294117647,7.706664968975327,5,5,88.0,0.378605857501755,6.642353416185653,7.706664968975327,5,88.0,-0.42
6125.0,7,120.0,3.1578947368421053,7.6755376352093405,7,7,120.0,0.37428775846172474,6.468749141824414,7.6755376352093405,7,120.0,-0.31999999999999995
6130.0,7,72.0,1.894736842105263,8.076388144609723,7,7,72.0,0.40919068257572366,6.893239644288742,8.076388144609723,7,72.0,0.48
6135.0,7,95.0,2.317073170731707,7.510903899858044,7,7,62.0,0.3417047159547112,5.730265065532781,7.510903899858044,7,62.0,0.09999999999999998
6140.0,8,134.0,3.268292682926829,8.507833960026966,8,8,134.0,0.431477824616051,7.246631385803433,8.507833960026966,8,134.0,-0.7200000000000001
6145.0,8,124.0,3.024390243902439,8.223524999022448,7,8,123.0,0.39962521595146827,7.089376190294888,8.223524999022448,7,123.0,0.1100000000000001
6150.0,7,137.0,3.5128205128205128,7.863195476928106,7,7,124.0,0.3309748271045183,6.0705417334795175,7.863195476928106,7,124.0,-0.010000000000000009
6155.0,6,165.0,4.45945945945946,9.08809386077539,6,6,165.0,0.4462605237002629,8.184574787632037,9.08809386077539,6,165.0,-0.4099999999999999
6160.0,8,96.0,2.5945945945945947,6.997271203747379,8,8,96.0,0.27556653660261515,5.289774105462604,6.997271203747379,8,96.0,0.69
6165.0,7,116.0,3.2222222222222223,7.824867605001387,7,7,73.0,0.3470762810861091,6.573263283481118,7.824867605001387,7,73.0,0.22999999999999998
6170.0,8,152.0,4.0,6.7254071938480635,8,8,152.0,0.26851563527107825,4.765776133901357,6.7254071938480635,8,152.0,-0.79
6175.0,8,149.0,4.138888888888889,7.33439941161822,8,8,149.0,0.34135348411221006,6.086681841694361,7.33439941161822,8,149.0,0.030000000000000027
6180.0,7,178.0,5.085714285714285,8.012589878905823,7,7,164.0,0.4001370012413181,6.946100991639014,8.012589878905823,7,164.0,-0.1499999999999999
6185.0,8,217.0,5.864864864864865,7.665847438259113,8,8,217.0,0.352687195682098,6.182785491177163,7.665847438259113,8,217.0,-0.53
6190.0,6,170.0,4.857142857142857,8.152133763702466,6,6,170.0,0.40691335819727487,7.4599344942927335,8.152133763702466,6,170.0,0.47
6195.0,6,186.0,5.314285714285714,7.87428361610915,6,6,150.0,0.36987298602651564,6.66184385629833,7.87428361610915,6,150.0,0.19999999999999996
6200.0,7,219.0,6.4411764705882355,8.588794585711966,7,7,219.0,0.4345681816046742,7.767299708368533,8.588794585711966,7,219.0,-0.69
6205.0,7,170.0,4.594594594594595,7.920920252592695,7,7,170.0,0.36591699910834496,6.853213374365189,7.920920252592695,7,170.0,0.49
6210.0,5,182.0,5.055555555555555,8.596413793744684,5,5,154.0,0.4160639190752837,7.802480967282852,8.596413793744684,5,154.0,0.15999999999999992
6215.0,5,207.0,6.088235294117647,9.317762562902294,5,5,207.0,0.49641863523023283,9.003099240607385,9.317762562902294,5,207.0,-0.5299999999999998
6220.0,6,223.0,6.027027027027027,7.610950027219368,6,6,223.0,0.3160235349983254,5.978139870026264,7.610950027219368,6,223.0,-0.16000000000000014
6225.0,7,258.0,7.371428571428571,8.40819336844884,7,7,249.0,0.38986837843488137,7.354059694969205,8.40819336844884,7,249.0,-0.26000000000000023
6230.0,8,294.0,8.166666666666666,8.15832530829411,8,8,294.0,0.38513730973834615,7.018253081126173,8.15832530829411,8,294.0,-0.44999999999999973
6235.0,6,254.0,7.470588235294118,7.847111531520873,6,6,254.0,0.3563539836587795,6.952899097301364,7.847111531520873,6,254.0,0.3999999999999999
6240.0,8,279.0,8.71875,7.698993276909289,8,8,245.0,0.35358107415504353,6.5595710178572535,7.698993276909289,8,245.0,0.08999999999999986
6245.0,7,305.0,8.472222222222221,7.028469346699818,7,7,302.0,0.3101460496482366,5.510974703639975,7.028469346699818,7,302.0,-0.5699999999999998
6250.0,7,74.0,2.1142857142857143,7.96740298707648,7,7,74.0,0.3717580661840183,7.006367188563744,7.96740298707648,7,74.0,2.2800000000000002
6255.0,9,112.0,3.111111111111111,6.915660678035987,9,9,-34.0,0.2979093904127303,5.384620068150344,6.915660678035987,9,-34.0,1.08
6260.0,10,162.0,4.909090909090909,7.730817582324001,10,10,162.0,0.3688349608793224,6.669726807998222,7.730817582324001,10,162.0,-1.9600000000000002
6265.0,9,158.0,4.647058823529412,7.439227130486408,9,9,158.0,0.33632453154061226,6.359321836960476,7.439227130486408,9,158.0,0.040000000000000036
6270.0,7,182.0,5.515151515151516,7.819550496330637,7,7,168.0,0.36976900334086105,6.847136916205003,7.819550496330637,7,168.0,-0.09999999999999987
6275.0,8,222.0,6.9375,8.160297007361521,8,8,222.0,0.4091990962585375,7.37244957012128,8.160297007361521,8,222.0,-0.5400000000000003
6280.0,9,123.0,3.84375,6.250737499293576,9,9,123.0,0.2725359206339416,4.904849315243493,6.250737499293576,9,123.0,0.9900000000000002
6285.0,6,109.0,3.40625,7.5909329423369645,6,6,52.0,0.35958594383703624,6.608526654465547,7.5909329423369645,6,52.0,0.71
6290.0,7,140.0,4.0,7.102697534469058,7,7,140.0,0.31577510431986117,5.685803400141877,7.102697534469058,7,140.0,-0.8799999999999999
6295.0,8,69.0,2.090909090909091,6.974625016761272,8,8,69.0,0.32260018181062167,5.818557397693175,6.974625016761272,8,69.0,0.71
6300.0,6,75.0,2.272727272727273,8.246274047489928,6,6,27.0,0.4151449378305199,7.450483465605776,8.246274047489928,6,27.0,0.41999999999999993
6305.0,8,109.0,3.1142857142857143,7.502326884505115,8,8,109.0,0.35745940202740967,6.313044910163754,7.502326884505115,8,109.0,-0.8200000000000001
6310.0,6,99.0,2.911764705882353,8.260343786946668,6,6,99.0,0.4161832027487182,7.5342832414558085,8.260343786946668,6,99.0,0.10000000000000009
6315.0,6,119.0,3.3055555555555554,7.538430236069704,6,6,105.0,0.3391988831291736,6.056043314121597,7.538430236069704,6,105.0,-0.06000000000000005
6320.0,7,154.0,4.277777777777778,8.706517583404741,7,7,154.0,0.44312054545369983,7.724439081554661,8.706517583404741,7,154.0,-0.49
6325.0,7,85.0,2.1794871794871793,8.074276994295603,7,7,85.0,0.3769704517768663,6.865718943275563,8.074276994295603,7,85.0,0.6900000000000001
6330.0,4,93.0,2.5833333333333335,8.881616953980433,4,4,51.0,0.4327256648236546,8.049785484814187,8.881616953980433,4,51.0,0.33999999999999997
6335.0,5,118.0,3.5757575757575757,9.358325722092086,5,5,118.0,0.4958609205581104,8.948730469357464,9.358325722092086,5,118.0,-0.6699999999999999
6340.0,7,148.0,4.111111111111111,7.844929444005146,7,7,148.0,0.33901241115063263,6.2153306976373415,7.844929444005146,7,148.0,-0.30000000000000004
6345.0,8,188.0,5.371428571428571,8.650976842330028,8,8,188.0,0.38966222036917697,7.329942355383107,8.650976842330028,8,188.0,-0.3999999999999999
6350.0,5,126.0,3.6,7.305509537635806,5,5,126.0,0.2765895220956324,5.250687840126264,7.305509537635806,5,126.0,0.6199999999999999
6355.0,6,143.0,4.205882352941177,8.302338656161867,6,6,105.0,0.37637819735762934,7.00825264454791,8.302338656161867,6,105.0,0.20999999999999996
6360.0,6,173.0,5.40625,8.902459515290255,6,6,173.0,0.4371364699739423,8.024700993934971,8.902459515290255,6,173.0,-0.6799999999999999
6365.0,7,99.0,2.911764705882353,7.4910748126268345,7,7,99.0,0.3250847113445574,6.17496997061206,7.4910748126268345,7,99.0,0.74
6370.0,7,134.0,4.0606060606060606,8.651576448977252,7,7,53.0,0.4000073759452084,7.545320946502729,8.651576448977252,7,53.0,0.45999999999999996
6375.0,9,172.0,4.914285714285715,7.558827480587109,9,9,172.0,0.3091618751753467,5.779903884278163,7.558827480587109,9,172.0,-1.19
6380.0,7,100.0,2.9411764705882355,8.533568943158672,7,7,100.0,0.37869697667007374,7.595754661593142,8.533568943158672,7,100.0,0.72
6385.0,8,101.0,2.9705882352941178,7.388389132453395,8,8,56.0,0.3273584907618018,5.915685517807381,7.388389132453395,8,56.0,0.43999999999999995
6390.0,7,136.0,4.25,8.350195580337154,7,7,136.0,0.4163110462164304,7.42747695516641,8.350195580337154,7,136.0,-0.8
6395.0,5,74.0,2.466666666666667,8.763065652704826,5,5,74.0,0.4566985629885119,8.464821528563197,8.763065652704826,5,74.0,0.6200000000000001
6400.0,6,87.0,2.6363636363636362,7.534794100866413,6,6,47.0,0.3331408501104405,6.343839967309175,7.534794100866413,6,47.0,0.27
6405.0,7,122.0,3.8125,8.540126304043014,7,7,122.0,0.42693281508929815,7.8824367242695885,8.540126304043014,7,122.0,-0.75
6410.0,5,52.0,1.5757575757575757,6.891758989763847,5,5,52.0,0.304103569003119,5.5228029237113825,6.891758989763847,5,52.0,0.7
6415.0,5,63.0,1.96875,8.290158996527072,5,5,22.0,0.4264587779251056,7.459104294866996,8.290158996527072,5,22.0,0.30000000000000004
6420.0,5,88.0,2.838709677419355,8.73824399408237,5,5,88.0,0.4684357882758609,7.879854047370397,8.73824399408237,5,88.0,-0.66
6425.0,7,94.0,2.764705882352941,7.41894479484861,7,7,94.0,0.34904277887062984,5.9853333595891165,7.41894479484861,7,94.0,-0.05999999999999994
6430.0,7,129.0,3.909090909090909,8.483675205615835,7,7,108.0,0.41393424790493477,7.343423659142268,8.483675205615835,7,108.0,-0.14000000000000012
6435.0,8,165.0,4.583333333333333,7.773183410033209,8,8,165.0,0.34217960716051427,6.112057585258905,7.773183410033209,8,165.0,-0.5699999999999998
6440.0,6,91.0,2.5277777777777777,8.376477441738508,6,6,91.0,0.3786586301207399,7.182573970904953,8.376477441738508,6,91.0,0.7399999999999999
6445.0,7,94.0,2.473684210526316,8.236522513881726,7,7,51.0,0.37373390576478255,6.851838828261844,8.236522513881726,7,51.0,0.4
6450.0,7,125.0,3.5714285714285716,8.66244031959194,7,7,125.0,0.42048793089839054,7.621656922561959,8.66244031959194,7,125.0,-0.74
6455.0,5,72.0,2.4,8.493710942128285,5,5,72.0,0.44284529961673436,8.175019087187458,8.493710942128285,5,72.0,0.53
6460.0,6,89.0,2.696969696969697,7.382281312596766,6,6,50.0,0.34003254936850835,6.036733998502296,7.382281312596766,6,50.0,0.21999999999999997
6465.0,7,124.0,3.875,8.570783007447353,7,7,124.0,0.44130559946170556,7.634165981451072,8.570783007447353,7,124.0,-0.74
6470.0,5,52.0,1.5757575757575757,7.1674447416275875,5,5,52.0,0.32043752888779076,5.684907986806368,7.1674447416275875,5,52.0,0.72
6475.0,5,66.0,2.2,8.032099142373559,5,5,24.0,0.40619711770358424,7.209283895814766,8.032099142373559,5,24.0,0.28
6480.0,5,91.0,3.1379310344827585,9.1751744333339,5,5,91.0,0.5151770489741748,8.93985355014216,9.1751744333339,5,91.0,-0.67
6485.0,7,95.0,2.878787878787879,7.469105629928039,7,7,95.0,0.3681714036472296,6.395939190288286,7.469105629928039,7,95.0,-0.039999999999999925
6490.0,7,130.0,3.9393939393939394,8.526392176933458,7,7,109.0,0.41264042665558764,7.4682460278399425,8.526392176933458,7,109.0,-0.14000000000000012
6495.0,8,167.0,4.638888888888889,7.311810894220132,8,8,167.0,0.297092042901681,5.377544268767672,7.311810894220132,8,167.0,-0.5799999999999998
6500.0,7,96.0,2.823529411764706,8.042641875482094,7,7,96.0,0.3689983904972846,6.963960343100736,8.042641875482094,7,96.0,0.71
6505.0,8,97.0,2.7714285714285714,8.049118189767892,8,8,54.0,0.3766521047213543,7.148458110833905,8.049118189767892,8,54.0,0.41999999999999993
6510.0,7,128.0,3.764705882352941,8.352380585587305,7,7,128.0,0.40005449804119614,7.62744072373487,8.352380585587305,7,128.0,-0.74
6515.0,5,70.0,2.1875,8.36822563474476,5,5,70.0,0.4126684156434038,8.039076038813576,8.36822563474476,5,70.0,0.5800000000000001
6520.0,7,89.0,2.5428571428571427,7.787520511856261,7,7,50.0,0.32809928803680355,6.321281230850332,7.787520511856261,7,50.0,0.19999999999999996
6525.0,7,124.0,3.757575757575758,8.654211456929747,7,7,124.0,0.42820900288903335,7.9808662406214355,8.654211456929747,7,124.0,-0.74
6530.0,6,130.0,3.7142857142857144,6.870400585389088,6,6,130.0,0.27812186027402014,5.1884950372850085,6.870400585389088,6,130.0,-0.06000000000000005
6535.0,7,165.0,5.0,7.943037304306346,7,7,152.0,0.34480578847625176,6.635182143858773,7.943037304306346,7,152.0,-0.21999999999999997
6540.0,7,200.0,6.666666666666667,8.54216801162892,7,7,200.0,0.4007883663448585,7.559339529561975,8.54216801162892,7,200.0,-0.48
6545.0,6,91.0,2.757575757575758,7.482200065483539,6,6,91.0,0.3146948210261596,6.247840359001757,7.482200065483539,6,91.0,1.0899999999999999
6550.0,3,58.0,1.7575757575757576,8.86253162989569,3,3,2.0,0.4369902483186138,8.296971639957736,8.86253162989569,3,2.0,0.89
6555.0,5,76.0,2.1714285714285713,8.401753603595731,5,5,76.0,0.3892944511331227,7.166339893303288,8.401753603595731,5,76.0,-0.74
6560.0,6,64.0,1.9393939393939394,8.94963696997077,6,6,64.0,0.4393670010327983,8.346984170491453,8.94963696997077,6,64.0,0.12
6565.0,8,94.0,2.764705882352941,8.257211644352378,8,8,57.0,0.35350580284241384,6.80556393452811,8.257211644352378,8,57.0,0.07000000000000006
6570.0,9,136.0,4.121212121212121,8.115248627443503,9,9,136.0,0.3500100662038788,6.779700829031095,8.115248627443503,9,136.0,-0.7900000000000001
6575.0,6,83.0,2.515151515151515,8.56067715653533,6,6,83.0,0.3927191808677035,7.641469082497697,8.56067715653533,6,83.0,0.5300000000000001
6580.0,8,104.0,3.0588235294117645,7.393151605746141,8,8,64.0,0.3085321935560666,5.808635421501779,7.393151605746141,8,64.0,0.18999999999999995
6585.0,8,144.0,4.363636363636363,8.496689261924494,8,8,144.0,0.4102137073213483,7.5025444206291185,8.496689261924494,8,144.0,-0.7999999999999999
6590.0,6,96.0,2.909090909090909,6.942824554224396,6,6,96.0,0.2807413793078154,5.243795601075081,6.942824554224396,6,96.0,0.48
6595.0,6,113.0,3.53125,8.068918258757096,6,6,85.0,0.3711923974152441,6.93630501066711,8.068918258757096,6,85.0,0.10999999999999999
6600.0,6,143.0,4.612903225806452,8.74123647778056,6,6,143.0,0.42756097227411494,7.840667270314692,8.74123647778056,6,143.0,-0.58
6605.0,5,63.0,1.9090909090909092,7.314622592842869,5,5,63.0,0.3113810908689031,6.060395903294218,7.314622592842869,5,63.0,0.7999999999999999
6610.0,4,63.0,2.032258064516129,8.888003174634315,4,4,17.0,0.4308183904169046,8.270228038737782,8.888003174634315,4,17.0,0.45999999999999996
6615.0,6,86.0,2.6875,8.11199280479877,6,6,86.0,0.3694764432520183,6.8495369582699706,8.11199280479877,6,86.0,-0.69
6620.0,6,78.0,2.4375,8.971395559283488,6,6,78.0,0.43256626708179324,8.342770349272953,8.971395559283488,6,78.0,0.07999999999999996
6625.0,9,108.0,3.085714285714286,8.186849529242316,9,9,72.0,0.3279582640308686,6.386174707652772,8.186849529242316,9,72.0,0.06000000000000005
6630.0,9,150.0,4.411764705882353,8.41139494466684,9,9,150.0,0.34681898618923196,6.794071188220911,8.41139494466684,9,150.0,-0.78
6635.0,6,96.0,2.823529411764706,9.019462753748114,6,6,96.0,0.4117597416373225,8.02499643012743,9.019462753748114,6,96.0,0.54
6640.0,7,115.0,3.1944444444444446,8.039824877416859,7,7,75.0,0.32454629201262136,6.237679710638922,8.039824877416859,7,75.0,0.20999999999999996
6645.0,8,154.0,4.967741935483871,8.591933022457896,8,8,154.0,0.3965883731132415,7.47450389056867,8.591933022457896,8,154.0,-0.79
6650.0,7,92.0,2.875,6.9496401846716305,7,7,92.0,0.2809737171625223,5.489835066308856,6.9496401846716305,7,92.0,0.62
6655.0,6,106.0,3.3125,8.411111695901093,6,6,66.0,0.37158249420484646,7.176483628973651,8.411111695901093,6,66.0,0.26
6660.0,6,136.0,4.533333333333333,8.72715658015284,6,6,136.0,0.4081182584540253,7.642035434303717,8.72715658015284,6,136.0,-0.7000000000000001
6665.0,8,148.0,4.625,7.545520820754449,8,8,148.0,0.32439851924872437,6.305041950947372,7.545520820754449,8,148.0,-0.11999999999999988
6670.0,8,188.0,6.266666666666667,8.324763230223477,8,8,167.0,0.3724455830025938,7.265307298096631,8.324763230223477,8,167.0,-0.18999999999999995
6675.0,11,232.0,7.03030303030303,6.990627205131577,11,11,232.0,0.2725814034230178,5.2223837218466835,6.990627205131577,11,232.0,-0.6499999999999999
6680.0,8,131.0,3.9696969696969697,8.077632735328635,8,8,131.0,0.3542528922321788,6.889310776739672,8.077632735328635,8,131.0,1.0099999999999998
6685.0,8,99.0,2.8285714285714287,7.373281432783277,8,8,41.0,0.32107370867546176,5.915367649093864,7.373281432783277,8,41.0,0.9000000000000001
6690.0,7,132.0,3.8823529411764706,8.254075713416883,7,7,132.0,0.3979263563132727,7.32838392552594,8.254075713416883,7,132.0,-0.9100000000000001
6695.0,6,75.0,2.272727272727273,8.29164549118847,6,6,75.0,0.398407258557146,7.588543078905245,8.29164549118847,6,75.0,0.5700000000000001
6700.0,7,95.0,2.7941176470588234,7.541606134359781,7,7,57.0,0.3300378678391659,6.381651181815402,7.541606134359781,7,57.0,0.18000000000000005
6705.0,8,133.0,4.03030303030303,8.28020878058544,8,8,133.0,0.3801765239031465,7.317269133808732,8.28020878058544,8,133.0,-0.7600000000000001
6710.0,7,69.0,2.0294117647058822,7.300857047936348,7,7,69.0,0.29062508676462073,5.743080348170884,7.300857047936348,7,69.0,0.6400000000000001
6715.0,7,84.0,2.7096774193548385,8.129672575375052,7,7,43.0,0.3692201212599346,7.148073959798029,8.129672575375052,7,43.0,0.25999999999999995
6720.0,6,114.0,3.6774193548387095,8.320426871658542,6,6,114.0,0.38951265467990637,7.109955868192903,8.320426871658542,6,114.0,-0.71
6725.0,6,66.0,1.9411764705882353,7.47185350538904,6,6,66.0,0.32706989090903626,6.0591079041489175,7.47185350538904,6,66.0,0.47999999999999987
6730.0,4,66.0,1.9411764705882353,8.86109212487968,4,4,38.0,0.4299095929774989,8.078668790568026,8.86109212487968,4,38.0,0.28
6735.0,5,87.0,2.3513513513513513,8.155084964488674,5,5,87.0,0.35497017306131784,6.5595730132591,8.155084964488674,5,87.0,-0.49
6740.0,7,80.0,2.2222222222222223,8.792113750641114,6,7,79.0,0.4295491630693011,8.1599396214411,8.792113750641114,6,79.0,0.07999999999999996
6745.0,8,109.0,3.1142857142857143,8.911849826072219,8,8,73.0,0.4066526705092068,7.8204570358357985,8.911849826072219,8,73.0,0.06000000000000005
6750.0,8,145.0,4.264705882352941,8.727739901178685,8,8,145.0,0.3784463709656368,7.507078540773268,8.727739901178685,8,145.0,-0.72
6755.0,6,91.0,2.84375,8.347334925823652,6,6,91.0,0.3888629404097504,7.604513659717963,8.347334925823652,6,91.0,0.5399999999999999
6760.0,8,115.0,3.484848484848485,6.982638351461881,8,8,76.0,0.2988600931286496,5.568904342157966,6.982638351461881,8,76.0,0.15000000000000002
6765.0,8,155.0,4.696969696969697,8.16613125077835,8,8,155.0,0.39312450994485515,7.221149559265892,8.16613125077835,8,155.0,-0.79
6770.0,5,88.0,2.5142857142857142,7.0392170618428,5,5,88.0,0.28137289072417426,5.535830418831555,7.0392170618428,5,88.0,0.67
6775.0,6,106.0,3.3125,8.255710789575357,6,6,63.0,0.37274416589367115,7.353687280680315,8.255710789575357,6,63.0,0.25
6780.0,6,136.0,4.689655172413793,8.397372003714295,6,6,136.0,0.41101633923389214,7.766321890831973,8.397372003714295,6,136.0,-0.7300000000000001
6785.0,7,156.0,4.7272727272727275,7.395928007262723,7,7,156.0,0.33817362487859465,6.352568033098692,7.395928007262723,7,156.0,-0.19999999999999996
6790.0,7,191.0,5.787878787878788,8.366139434105925,7,7,181.0,0.3799130184562877,7.470645579789974,8.366139434105925,7,181.0,-0.25
6795.0,9,230.0,6.388888888888889,7.615254719537658,9,9,230.0,0.31715531147433884,5.955205655588066,7.615254719537658,9,230.0,-0.48999999999999977
6800.0,9,275.0,8.59375,8.069974887208744,9,9,275.0,0.35351546888939256,6.846802174232747,8.069974887208744,9,275.0,-0.4500000000000002
6805.0,10,153.0,4.371428571428571,7.4179902142587935,10,10,153.0,0.31512726395769947,6.011833639001666,7.4179902142587935,10,153.0,1.22
6810.0,5,102.0,2.914285714285714,8.59500159440723,5,5,39.0,0.39200041566676314,7.500031606369512,8.59500159440723,5,39.0,1.1400000000000001
6815.0,5,127.0,3.8484848484848486,9.102476849606791,5,5,127.0,0.4438678684021169,8.239931411538947,9.102476849606791,5,127.0,-0.88
6820.0,9,100.0,2.9411764705882355,6.931986949373777,9,9,100.0,0.2860720918278003,5.280945922150671,6.931986949373777,9,100.0,0.27
6825.0,9,145.0,4.53125,7.900369534949059,9,9,87.0,0.3279796287057131,6.457380447422506,7.900369534949059,9,87.0,0.13
6830.0,10,191.0,5.617647058823529,7.110283348251028,10,10,191.0,0.26181768286840007,5.224641612566712,7.110283348251028,10,191.0,-1.04
6835.0,9,128.0,4.0,7.545906121117593,9,9,128.0,0.2964634581995572,6.152686234540136,7.545906121117593,9,128.0,0.6299999999999999
6840.0,7,139.0,4.483870967741935,7.465411687399943,7,7,93.0,0.2912932713106363,5.797525823724412,7.465411687399943,7,93.0,0.35
6845.0,9,183.0,5.545454545454546,7.5360683842963905,9,9,183.0,0.31425333326051613,6.08034235495376,7.5360683842963905,9,183.0,-0.9
6850.0,7,135.0,4.21875,8.134389775263694,7,7,135.0,0.36139703458604455,7.12796253851591,8.134389775263694,7,135.0,0.48
6855.0,7,135.0,3.857142857142857,7.574677834755799,7,7,107.0,0.30528784562464073,5.883107440673926,7.574677834755799,7,107.0,0.28
6860.0,7,170.0,5.151515151515151,8.842169436041235,7,7,170.0,0.4231975482399724,7.86003864441297,8.842169436041235,7,170.0,-0.6299999999999999
6865.0,9,179.0,5.114285714285714,7.394750987653067,9,9,179.0,0.311851688585941,5.886067484175493,7.394750987653067,9,179.0,-0.09000000000000008
6870.0,8,218.0,6.606060606060606,8.429131809616623,8,8,205.0,0.37898129996443203,7.287068504306967,8.429131809616623,8,205.0,-0.2599999999999998
6875.0,8,258.0,8.0625,8.650300772774635,8,8,258.0,0.40610225774805697,7.587072416967136,8.650300772774635,8,258.0,-0.5300000000000002
6880.0,7,118.0,3.3714285714285714,7.448125009459352,6,7,117.0,0.3263959722370896,6.0501389336816205,7.448125009459352,6,117.0,1.4100000000000001
6885.0,6,53.0,1.5588235294117647,8.117333919165121,6,6,-16.0,0.3495208613892595,6.612673443919816,8.117333919165121,6,-16.0,1.3299999999999998
6890.0,4,70.0,1.9444444444444444,7.663527206873223,4,4,70.0,0.31141846198688317,5.834446787497003,7.663527206873223,4,70.0,-0.86
6895.0,6,99.0,2.8285714285714287,8.366012325243736,6,6,99.0,0.38337560786817815,7.1706542454137026,8.366012325243736,6,99.0,-0.29000000000000004
6900.0,5,42.0,1.2727272727272727,8.19806286907573,5,5,42.0,0.367115700962785,6.925180033779161,8.19806286907573,5,42.0,0.5700000000000001
6905.0,7,58.0,1.6571428571428573,7.441833941653145,7,7,25.0,0.3106837282318768,5.809925134469516,7.441833941653145,7,25.0,0.16999999999999998
6910.0,6,87.0,2.6363636363636362,8.25864573590164,6,6,87.0,0.37048009494320877,6.967811522438434,8.25864573590164,6,87.0,-0.62
6915.0,9,92.0,2.5555555555555554,7.31008682583068,9,9,92.0,0.3045165892209963,5.458752392540114,7.31008682583068,9,92.0,-0.050000000000000044
6920.0,10,142.0,4.176470588235294,7.71092421658053,10,10,142.0,0.34408200971415726,6.433256862771042,7.71092421658053,10,142.0,-0.4999999999999999
6925.0,13,192.0,5.818181818181818,6.825351867845354,13,13,164.0,0.2822294945940769,5.336434288398029,6.825351867845354,13,164.0,-0.21999999999999997
6930.0,10,161.0,4.878787878787879,7.353567932821465,10,10,161.0,0.3194215373215277,6.084041749052633,7.353567932821465,10,161.0,0.029999999999999805
6935.0,8,182.0,5.6875,8.237284241290435,8,8,154.0,0.3839418580162697,7.2809114656071054,8.237284241290435,8,154.0,0.07000000000000006
6940.0,11,227.0,6.676470588235294,6.8980041276521975,11,11,227.0,0.30249541074250796,5.5020361718608415,6.8980041276521975,11,227.0,-0.73
6945.0,9,157.0,4.617647058823529,7.453197400806417,9,9,157.0,0.32852650743957457,6.250409207746442,7.453197400806417,9,157.0,0.7
6950.0,8,167.0,4.911764705882353,6.7901083299787075,8,8,118.0,0.27570881621529525,5.11553364454714,6.7901083299787075,8,118.0,0.3900000000000001
6955.0,9,211.0,6.393939393939394,7.888595202372297,9,9,211.0,0.3680826844734988,6.678873902997111,7.888595202372297,9,211.0,-0.9299999999999999
6960.0,8,232.0,7.25,7.4067792753337045,8,8,232.0,0.3419843847951386,6.146325240313892,7.4067792753337045,8,232.0,-0.20999999999999996
6965.0,10,278.0,7.942857142857143,6.74746648856651,10,10,265.0,0.2725236772213581,5.038181134947586,6.74746648856651,10,265.0,-0.33000000000000007
6970.0,10,328.0,9.371428571428572,7.805841746630914,10,10,328.0,0.3489105776810525,6.3781627026816174,7.805841746630914,10,328.0,-0.6299999999999999
6975.0,8,194.0,5.105263157894737,7.007551431831099,8,8,194.0,0.28297488046240704,5.227834584199042,7.007551431831099,8,194.0,1.3399999999999999
6980.0,5,90.0,2.5714285714285716,7.739813474180021,5,5,32.0,0.363633419029571,6.744553062768097,7.739813474180021,5,32.0,1.6199999999999999
6985.0,8,115.0,3.026315789473684,7.145132989846699,8,8,115.0,0.3097569269456006,5.582853992067485,7.145132989846699,8,115.0,-0.8299999999999998
6990.0,6,78.0,2.108108108108108,7.724873327131406,6,6,78.0,0.3700201961985731,6.557854448602648,7.724873327131406,6,78.0,0.3699999999999999
6995.0,8,110.0,3.142857142857143,8.159368375311006,8,8,82.0,0.42064527025271164,7.263927050298623,8.159368375311006,8,82.0,-0.039999999999999925
7000.0,11,157.0,4.243243243243243,7.270703574784064,11,11,157.0,0.33032349236439107,5.518501174892653,7.270703574784064,11,157.0,-0.7500000000000001
7005.0,8,164.0,4.823529411764706,7.648427249851666,8,8,164.0,0.35733167745589733,6.382961141763136,7.648427249851666,8,164.0,-0.06999999999999984
7010.0,5,154.0,4.4,7.315843435178356,5,5,142.0,0.335913616857308,5.983809068373605,7.315843435178356,5,142.0,0.21999999999999997
7015.0,7,186.0,5.314285714285714,8.35384182069246,7,7,186.0,0.40588106264822765,7.182032039425588,8.35384182069246,7,186.0,-0.44000000000000017
7020.0,8,123.0,3.6176470588235294,7.852775095922935,7,8,122.0,0.3663083728752997,6.677494170535512,7.852775095922935,7,122.0,0.6400000000000001
7025.0,10,166.0,4.486486486486487,7.032269171023093,10,10,90.0,0.26294899525443116,4.915550355862866,7.032269171023093,10,90.0,0.31999999999999995
7030.0,10,216.0,6.0,8.023236374064323,10,10,216.0,0.34367367503581603,6.506528944237287,8.023236374064323,10,216.0,-1.2600000000000002
7035.0,9,231.0,5.923076923076923,7.229410434340586,9,9,231.0,0.282103282093433,5.60468366414661,7.229410434340586,9,231.0,-0.1499999999999999
7040.0,10,281.0,7.805555555555555,8.087756195295007,10,10,263.0,0.36040030867284517,6.9965322647942205,8.087756195295007,10,263.0,-0.31999999999999984
7045.0,14,332.0,8.972972972972974,6.81551515848025,14,14,332.0,0.292892079889547,5.248562190635033,6.81551515848025,14,332.0,-0.69
7050.0,12,392.0,10.594594594594595,7.2056947839244545,12,12,392.0,0.31309118405314335,5.762824674882331,7.2056947839244545,12,392.0,-0.6000000000000001
7055.0,9,345.0,9.857142857142858,7.724360129857014,9,9,345.0,0.3495756195394505,6.591509881427537,7.724360129857014,9,345.0,0.46999999999999975
7060.0,10,356.0,9.621621621621621,6.835036432100364,10,10,323.0,0.28212623392547553,5.086824350165756,6.835036432100364,10,323.0,0.2200000000000002
7065.0,10,406.0,12.303030303030303,7.6036003361399915,10,10,406.0,0.3792077079106945,6.650386140923849,7.6036003361399915,10,406.0,-0.8299999999999996
7070.0,12,450.0,12.857142857142858,6.019276685343036,12,12,450.0,0.25809318666539927,4.640349299013585,6.019276685343036,12,450.0,-0.4400000000000004
7075.0,12,509.0,14.970588235294118,6.784537084411693,12,12,503.0,0.2960942410098866,5.408221289096524,6.784537084411693,12,503.0,-0.5300000000000002
7080.0,13,570.0,16.764705882352942,7.060477460020019,13,13,570.0,0.3137340066846863,5.643098823796384,7.060477460020019,13,570.0,-0.6699999999999999
7085.0,12,604.0,16.77777777777778,6.147910508550837,12,12,604.0,0.24180386740236579,4.605012701897388,6.147910508550837,12,604.0,-0.33999999999999986
7090.0,12,664.0,18.444444444444443,7.006001431275502,12,12,651.0,0.31150402054844994,5.71742229222171,7.006001431275502,12,651.0,-0.46999999999999975
7095.0,14,729.0,19.18421052631579,6.374035995483534,14,14,729.0,0.28529173454346346,4.956709140585008,6.374035995483534,14,729.0,-0.7800000000000002
7100.0,11,459.0,12.405405405405405,6.994381898380695,11,11,459.0,0.31484949366407194,5.837647715308954,6.994381898380695,11,459.0,2.7
7105.0,10,158.0,4.157894736842105,6.993677472415551,10,10,38.0,0.3159349446009969,5.769333913093149,6.993677472415551,10,38.0,4.21
7110.0,5,99.0,2.6052631578947367,8.050066822766388,5,5,99.0,0.3964889201268399,7.099143902481688,8.050066822766388,5,99.0,-0.61
7115.0,5,124.0,3.3513513513513513,8.873345045097258,5,5,124.0,0.46261199357539107,8.373234874770104,8.873345045097258,5,124.0,-0.25
7120.0,8,153.0,4.026315789473684,8.006913701363635,8,8,153.0,0.3806609062803889,6.6553778390885165,8.006913701363635,8,153.0,-0.29000000000000004
7125.0,7,106.0,2.9444444444444446,7.511443081181627,7,7,106.0,0.34097515464823436,6.4999095304528165,7.511443081181627,7,106.0,0.47
7130.0,7,131.0,3.5405405405405403,6.7708683044131135,7,7,95.0,0.2941001092803598,5.247458297739945,6.7708683044131135,7,95.0,0.1100000000000001
7135.0,8,170.0,4.594594594594595,7.951350122594673,8,8,170.0,0.37854509525311325,6.665665807660172,7.951350122594673,8,170.0,-0.75
7140.0,6,106.0,2.9444444444444446,8.457949067285977,6,6,106.0,0.400102633693318,7.39236557419002,8.457949067285977,6,106.0,0.6399999999999999
7145.0,8,142.0,3.641025641025641,7.8354788136643245,8,8,65.0,0.31362865530006245,5.994611627316215,7.8354788136643245,8,65.0,0.41000000000000003
7150.0,9,187.0,5.054054054054054,8.177522407991258,9,9,187.0,0.35523606805559976,6.636057858028347,8.177522407991258,9,187.0,-1.2200000000000002
7155.0,8,148.0,3.7,7.568084663039056,8,8,148.0,0.2917982668820509,5.577898748244699,7.568084663039056,8,148.0,0.3900000000000001
7160.0,7,167.0,4.394736842105263,8.49529572648765,7,7,140.0,0.3925866415290214,7.3199151800024875,8.49529572648765,7,140.0,0.08000000000000007
7165.0,10,202.0,5.05,7.97812782338563,10,10,202.0,0.36434402856152454,6.539668013183479,7.97812782338563,10,202.0,-0.6200000000000001
7170.0,8,97.0,2.6216216216216215,8.029706792987,7,8,96.0,0.36900948381706594,6.990377024112649,8.029706792987,7,96.0,1.06
7175.0,6,68.0,1.8888888888888888,8.593770861780367,6,6,11.0,0.37874935692920403,7.163613231713654,8.593770861780367,6,11.0,0.85
7180.0,7,90.0,2.4324324324324325,7.553638421243291,7,7,90.0,0.3114295586531694,5.700148853605146,7.553638421243291,7,90.0,-0.79
7185.0,8,47.0,1.3823529411764706,7.73012565503771,8,8,47.0,0.3542610980679207,6.577238738965681,7.73012565503771,8,47.0,0.43000000000000005
7190.0,9,75.0,2.2058823529411766,6.90610997386916,9,9,40.0,0.29533585688277736,5.311302858518311,6.90610997386916,9,40.0,0.06999999999999995
7195.0,9,120.0,3.75,7.8072796549807,9,9,120.0,0.37668494025907656,6.61558804517547,7.8072796549807,9,120.0,-0.7999999999999999
7200.0,6,111.0,3.5806451612903225,7.562448755322216,6,6,111.0,0.3478978832487158,6.343002477886679,7.562448755322216,6,111.0,0.08999999999999986
7205.0,6,111.0,3.1714285714285713,7.441786659829498,6,6,97.0,0.33739877763217097,6.002333925339164,7.441786659829498,6,97.0,0.14000000000000012
7210.0,6,141.0,4.0285714285714285,8.732389865967267,6,6,141.0,0.4476175902699927,7.870380524942161,8.732389865967267,6,141.0,-0.43999999999999995
7215.0,7,162.0,4.628571428571429,7.229118545723978,7,7,162.0,0.3318422437187677,5.987378146771504,7.229118545723978,7,162.0,-0.2100000000000002
7220.0,8,202.0,6.121212121212121,8.186885630209414,8,8,194.0,0.399281389448808,7.207860337016863,8.186885630209414,8,194.0,-0.31999999999999984
7225.0,11,242.0,6.722222222222222,7.6844891243564275,11,11,242.0,0.3495606716216546,6.244554285524824,7.6844891243564275,11,242.0,-0.48
7230.0,7,138.0,3.8333333333333335,7.99164090800489,7,7,138.0,0.34485897324834547,6.684234878792827,7.99164090800489,7,138.0,1.04
7235.0,5,114.0,3.3529411764705883,8.716880245056617,5,5,57.0,0.42409155551481686,7.869139490566892,8.716880245056617,5,57.0,0.8099999999999999
7240.0,8,145.0,4.027777777777778,7.781612263612015,8,8,145.0,0.35255973969061594,6.379002225816743,7.781612263612015,8,145.0,-0.88
7245.0,8,168.0,4.666666666666667,8.151249740960147,8,8,168.0,0.3592497075817096,7.044813478031566,8.151249740960147,8,168.0,-0.22999999999999998
7250.0,9,209.0,5.9714285714285715,7.229732392930648,9,9,199.0,0.28113442779559356,5.243779704582422,7.229732392930648,9,199.0,-0.31000000000000005
7255.0,10,259.0,7.848484848484849,7.527780776515471,10,10,259.0,0.32044852489358416,6.007981825659774,7.527780776515471,10,259.0,-0.5999999999999999
7260.0,7,264.0,8.516129032258064,7.237121785097027,7,7,264.0,0.3012447429597389,5.91406147386044,7.237121785097027,7,264.0,-0.050000000000000266
7265.0,9,305.0,9.242424242424242,6.757989636369257,9,9,292.0,0.2951422291412544,5.540588891314899,6.757989636369257,9,292.0,-0.2799999999999998
7270.0,9,350.0,10.9375,7.654868981235602,9,9,350.0,0.3742910970769993,6.813352496877031,7.654868981235602,9,350.0,-0.5800000000000001
7275.0,7,225.0,6.428571428571429,6.96827424058635,7,7,225.0,0.3104363669136561,5.928719184465743,6.96827424058635,7,225.0,1.25
7280.0,5,163.0,4.794117647058823,7.975802761876285,5,5,105.0,0.39636322655890577,7.585883750077195,7.975802761876285,5,105.0,1.2
7285.0,7,182.0,4.918918918918919,7.412195931817457,7,7,181.0,0.35036187738003877,6.429558372622395,7.412195931817457,7,181.0,-0.76
7290.0,6,211.0,5.861111111111111,8.008468465017605,6,6,211.0,0.4050888469673323,7.293437988903997,8.008468465017605,6,211.0,-0.2999999999999998
7295.0,7,78.0,2.3636363636363638,8.294647852192368,7,7,78.0,0.4330993462382529,7.926718211701336,8.294647852192368,7,78.0,1.3299999999999998
7300.0,10,118.0,3.3714285714285714,6.629947626355612,10,10,7.0,0.271475284364001,5.05804254120418,6.629947626355612,10,7.0,0.71
7305.0,10,168.0,4.8,7.674763370093225,10,10,168.0,0.3369397576139933,6.154872603125617,7.674763370093225,10,168.0,-1.6099999999999999
7310.0,8,115.0,3.108108108108108,7.2994818215027015,8,8,115.0,0.3093530654702422,5.765141773102347,7.2994818215027015,8,115.0,0.53
7315.0,8,137.0,3.914285714285714,7.583666728395758,8,8,95.0,0.3154722860710288,6.12431964838848,7.583666728395758,8,95.0,0.19999999999999996
7320.0,8,177.0,5.205882352941177,7.916535235935925,8,8,177.0,0.3654889953264226,6.632530654941793,7.916535235935925,8,177.0,-0.8200000000000001
7325.0,10,224.0,5.894736842105263,7.270140049583852,10,10,224.0,0.3005990294774176,5.664844512458516,7.270140049583852,10,224.0,-0.4700000000000002
7330.0,7,160.0,4.571428571428571,7.724805381678243,7,7,160.0,0.331590983398437,6.4604052376220515,7.724805381678243,7,160.0,0.6400000000000001
7335.0,6,124.0,3.6470588235294117,7.5236521871914945,6,6,90.0,0.31887048818526226,5.973044363429158,7.5236521871914945,6,90.0,0.7000000000000001
7340.0,6,154.0,4.666666666666667,8.715928773673868,6,6,154.0,0.41789919758223865,7.7912348396196665,8.715928773673868,6,154.0,-0.64
7345.0,8,52.0,1.4857142857142858,8.023708222479051,8,8,52.0,0.35004318750516467,6.960970801852568,8.023708222479051,8,52.0,1.02
7350.0,4,34.0,0.9714285714285714,8.925487754648193,4,4,-20.0,0.39813970721378666,8.025519666430526,8.925487754648193,4,-20.0,0.72
7355.0,5,59.0,1.7352941176470589,9.074724621949331,5,5,59.0,0.42830533155227374,8.118499555419726,9.074724621949331,5,59.0,-0.79
7360.0,9,94.0,2.611111111111111,7.712634177965301,9,9,94.0,0.3091638733082314,5.839619653783688,7.712634177965301,9,94.0,-0.35
7365.0,9,139.0,3.861111111111111,8.583379978934012,9,9,139.0,0.3716434522433076,7.102818630499233,8.583379978934012,9,139.0,-0.44999999999999996
7370.0,11,186.0,5.027027027027027,7.234058751078584,11,11,186.0,0.2602121651648756,4.892464524614946,7.234058751078584,11,186.0,-0.4700000000000002
7375.0,12,243.0,7.147058823529412,7.426493696489119,12,12,243.0,0.2856574419534217,5.382573226908194,7.426493696489119,12,243.0,-0.5700000000000001
7380.0,12,303.0,9.46875,7.104509866316548,12,12,303.0,0.28190301907600324,5.3198838081010305,7.104509866316548,12,303.0,-0.5999999999999996
7385.0,12,256.0,7.314285714285714,6.2097137803927955,12,12,256.0,0.237797820623279,4.607663774078653,6.2097137803927955,12,256.0,0.46999999999999975
7390.0,10,290.0,8.787878787878787,7.041691332425223,10,10,244.0,0.3225576283305948,6.063166053287144,7.041691332425223,10,244.0,0.1200000000000001
7395.0,12,344.0,9.82857142857143,6.505852950549085,12,12,344.0,0.295121204850281,5.400243062444842,6.505852950549085,12,344.0,-1.0
7400.0,12,404.0,12.242424242424242,7.041726218209637,12,12,404.0,0.3348123750099286,6.2349757752181185,7.041726218209637,12,404.0,-0.6000000000000001
7405.0,12,285.0,8.382352941176471,6.223663357811497,12,12,285.0,0.2625731330798406,4.968951395565004,6.223663357811497,12,285.0,1.19
7410.0,7,198.0,5.823529411764706,7.2673793920262835,7,7,140.0,0.3352926053345458,6.317749500072643,7.2673793920262835,7,140.0,1.4500000000000002
7415.0,7,233.0,7.0606060606060606,8.06565136955233,7,7,233.0,0.391023763567032,7.231557015773992,8.06565136955233,7,233.0,-0.9300000000000002
7420.0,9,103.0,3.0294117647058822,6.161774271361658,9,9,103.0,0.2577673570993159,4.926968289768356,6.161774271361658,9,103.0,1.3
7425.0,7,56.0,1.6470588235294117,7.403001305215692,7,7,-2.0,0.33983160267332807,6.330816704145785,7.403001305215692,7,-2.0,1.05
7430.0,8,92.0,2.4864864864864864,7.1273655939880145,8,8,92.0,0.3175672192026501,5.62014136017372,7.1273655939880145,8,92.0,-0.9400000000000001
7435.0,9,91.0,2.4594594594594597,7.448264079976161,9,9,91.0,0.3132783381413877,5.823961087734346,7.448264079976161,9,91.0,0.010000000000000009
7440.0,7,105.0,2.9166666666666665,7.93963380215309,7,7,92.0,0.33940741363021953,6.482936112019054,7.93963380215309,7,92.0,-0.010000000000000009
7445.0,9,146.0,3.8421052631578947,7.371940973307941,9,9,146.0,0.30812844012870416,5.772141054794559,7.371940973307941,9,146.0,-0.5399999999999999
7450.0,8,105.0,2.9166666666666665,7.56133089833977,8,8,105.0,0.342543925978975,6.554537250441973,7.56133089833977,8,105.0,0.4099999999999999
7455.0,9,133.0,3.5,7.035029468251869,9,9,94.0,0.2992016146985394,5.577762253973032,7.035029468251869,9,94.0,0.1100000000000001
7460.0,9,178.0,4.684210526315789,8.443909532293373,9,9,178.0,0.3964329665026638,7.322938239884976,8.443909532293373,9,178.0,-0.8400000000000001
7465.0,8,175.0,4.487179487179487,7.635756663669463,8,8,175.0,0.3220761385055279,6.05039572987977,7.635756663669463,8,175.0,0.030000000000000027
7470.0,8,214.0,5.783783783783784,8.157526294579464,8,8,200.0,0.3663634346365268,6.912760409976747,8.157526294579464,8,200.0,-0.25
7475.0,8,254.0,7.055555555555555,8.609980050086817,8,8,254.0,0.4110147146692908,7.505986791407456,8.609980050086817,8,254.0,-0.54
7480.0,8,160.0,4.2105263157894735,7.309558525381152,8,8,160.0,0.2822740481262379,5.448396305124773,7.309558525381152,8,160.0,0.94
7485.0,5,103.0,2.861111111111111,8.39472958536772,5,5,60.0,0.37957118375440146,7.185164184735477,8.39472958536772,5,60.0,1.0
7490.0,5,128.0,3.4594594594594597,7.800036761125232,5,5,128.0,0.3415356624497399,6.180526901009738,7.800036761125232,5,128.0,-0.68
7495.0,8,76.0,2.1714285714285713,7.832674746526689,8,8,76.0,0.3464071935430724,6.530308060570885,7.832674746526689,8,76.0,0.52
7500.0,8,116.0,3.515151515151515,8.14719790361277,8,8,45.0,0.35789204591634893,6.6560213421678345,8.14719790361277,8,45.0,0.31
7505.0,11,165.0,4.583333333333333,7.130878056225508,11,11,165.0,0.2856872532851944,5.294045061788715,7.130878056225508,11,165.0,-1.2
7510.0,8,125.0,3.4722222222222223,8.01895922135026,8,8,125.0,0.34371400307927685,6.673483689644385,8.01895922135026,8,125.0,0.3999999999999999
7515.0,9,155.0,4.305555555555555,7.584470569486281,9,9,116.0,0.30275882336139176,5.869125621323946,7.584470569486281,9,116.0,0.09000000000000008
7520.0,9,200.0,5.882352941176471,8.260939283556407,9,9,200.0,0.3775505712118363,7.20554736629386,8.260939283556407,9,200.0,-0.8400000000000001
7525.0,9,142.0,3.8378378378378377,7.162501542222215,9,9,142.0,0.2946535984818982,5.64055065471478,7.162501542222215,9,142.0,0.5800000000000001
7530.0,7,165.0,4.852941176470588,8.354106943801824,7,7,125.0,0.3759389206141273,7.17137842340347,8.354106943801824,7,125.0,0.16999999999999993
7535.0,7,200.0,6.0606060606060606,8.844281764330164,7,7,200.0,0.4227787574113294,7.749929979098409,8.844281764330164,7,200.0,-0.75
7540.0,10,242.0,7.117647058823529,7.1200793476211315,10,10,242.0,0.2992601679794911,5.398032741713181,7.1200793476211315,10,242.0,-0.41999999999999993
7545.0,7,136.0,4.25,7.755599159649288,7,7,136.0,0.35910447389316447,6.594154891480886,7.755599159649288,7,136.0,1.0599999999999998
7550.0,5,49.0,1.4848484848484849,7.159840271029921,5,5,1.0,0.3379560281292318,5.797981017766052,7.159840271029921,5,1.0,1.35
7555.0,5,71.0,2.1515151515151514,8.432353150965703,5,5,71.0,0.43440064260909994,7.303584557841582,8.432353150965703,5,71.0,-0.7
7560.0,7,80.0,2.5,8.410211746130091,7,7,80.0,0.43836097438440746,7.553217675804154,8.410211746130091,7,80.0,-0.09000000000000008
7565.0,9,119.0,3.3055555555555554,7.387244877398367,9,9,102.0,0.2916035967756328,5.317310788302118,7.387244877398367,9,102.0,-0.21999999999999997
7570.0,10,169.0,4.970588235294118,8.021345079431839,10,10,169.0,0.34871284054580676,6.460606285423724,8.021345079431839,10,169.0,-0.6699999999999999
7575.0,9,110.0,3.0555555555555554,7.0055794878786015,9,9,110.0,0.2681464351634488,5.16068463941319,7.0055794878786015,9,110.0,0.5899999999999999
7580.0,8,134.0,3.8285714285714287,8.230170354871417,8,8,90.0,0.36815105248260804,6.9925593877313705,8.230170354871417,8,90.0,0.20000000000000007
7585.0,11,174.0,4.702702702702703,7.815832607498864,11,11,174.0,0.3482386158403996,6.420058946921539,7.815832607498864,11,174.0,-0.84
7590.0,8,146.0,4.294117647058823,7.880670993336584,8,8,146.0,0.36131869316093784,6.820329314292084,7.880670993336584,8,146.0,0.28
7595.0,7,178.0,5.5625,8.367302354706503,7,7,146.0,0.3902755276400741,7.240025650906096,8.367302354706503,7,146.0,0.0
7600.0,9,219.0,6.257142857142857,7.467964638063786,9,9,219.0,0.32351599032559064,5.608938470425569,7.467964638063786,9,219.0,-0.73
7605.0,7,128.0,4.0,8.039091151330096,7,7,128.0,0.37758698022381465,7.004778597068309,8.039091151330096,7,128.0,0.9099999999999999
7610.0,3,44.0,1.375,7.4780456941200555,3,3,1.0,0.3303853021118774,5.9999302255992735,7.4780456941200555,3,1.0,1.27
7615.0,5,68.0,2.125,8.543843631802497,5,5,68.0,0.4243216343118945,7.606979102089959,8.543843631802497,5,68.0,-0.67
7620.0,7,79.0,2.46875,8.267133036401301,7,7,79.0,0.3836710678293523,7.137306707399547,8.267133036401301,7,79.0,-0.10999999999999999
7625.0,10,122.0,3.388888888888889,7.436180128053926,10,10,107.0,0.2823335341304648,5.470881850555715,7.436180128053926,10,107.0,-0.28
7630.0,10,172.0,4.914285714285715,7.826753015112915,10,10,172.0,0.32193679786882884,6.260618198686803,7.826753015112915,10,172.0,-0.6499999999999999
7635.0,9,118.0,3.2777777777777777,6.849134020561427,9,9,118.0,0.2581690071109801,5.219104758482214,6.849134020561427,9,118.0,0.54
7640.0,8,143.0,4.205882352941177,8.007495399687171,8,8,101.0,0.36911621026504554,7.196761942171197,8.007495399687171,8,101.0,0.16999999999999993
7645.0,11,183.0,5.083333333333333,7.3186229633460265,11,11,183.0,0.33676870962431926,6.283225120000746,7.3186229633460265,11,183.0,-0.8200000000000001
7650.0,8,153.0,4.25,7.686148334978672,8,8,153.0,0.3592972969014597,6.865242897650912,7.686148334978672,8,153.0,0.30000000000000004
7655.0,7,183.0,5.228571428571429,8.127747819588556,7,7,149.0,0.3804492601068506,7.146080082776541,8.127747819588556,7,149.0,0.040000000000000036
7660.0,10,224.0,6.588235294117647,7.083707354441703,10,10,224.0,0.3108415593025369,5.57625618775643,7.083707354441703,10,224.0,-0.7500000000000002
7665.0,10,268.0,8.375,7.481525895154297,9,10,267.0,0.3475930607353161,6.649043419090761,7.481525895154297,9,267.0,-0.4299999999999997
7670.0,10,314.0,8.971428571428572,6.592515669233052,10,10,312.0,0.24431666522319687,4.678067156502935,6.592515669233052,10,312.0,-0.4500000000000002
7675.0,12,373.0,10.657142857142857,7.260534062167944,12,12,373.0,0.2901323761889092,5.492362979403975,7.260534062167944,12,373.0,-0.6099999999999999
7680.0,10,248.0,7.75,6.824449863925974,10,10,248.0,0.2870156491533196,5.199158239713325,6.824449863925974,10,248.0,1.25
7685.0,7,104.0,2.888888888888889,6.945399801446836,7,7,46.0,0.30592032366799776,5.4115040613592535,6.945399801446836,7,46.0,2.02
7690.0,6,128.0,3.5555555555555554,8.273091493307309,6,6,128.0,0.4094679007063428,7.2151777268159325,8.273091493307309,6,128.0,-0.8200000000000001
7695.0,8,57.0,1.5833333333333333,6.919372690247972,8,8,57.0,0.31406181383819637,5.6268552457241645,6.919372690247972,8,57.0,0.7100000000000001
7700.0,8,83.0,2.4411764705882355,7.805659526882183,8,8,40.0,0.37511231299794684,6.686680558182536,7.805659526882183,8,40.0,0.16999999999999993
7705.0,10,123.0,3.4166666666666665,7.899782098116924,10,10,123.0,0.3774155288299533,6.551210190119908,7.899782098116924,10,123.0,-0.83
7710.0,7,88.0,2.4444444444444446,8.074350957794268,7,7,88.0,0.38821716278274887,6.941076792513581,8.074350957794268,7,88.0,0.35
7715.0,7,123.0,3.6176470588235294,8.513457665675038,7,7,89.0,0.4058897726853548,7.352225610916479,8.513457665675038,7,89.0,-0.010000000000000009
7720.0,9,164.0,4.823529411764706,7.286685037401464,9,9,164.0,0.32706070115794694,5.626343008494546,7.286685037401464,9,164.0,-0.7499999999999999
7725.0,7,118.0,3.4705882352941178,7.827623964291206,7,7,118.0,0.3632092012776679,6.603772114769459,7.827623964291206,7,118.0,0.45999999999999996
7730.0,4,46.0,1.2432432432432432,7.665842374116639,4,4,18.0,0.33109611849793436,5.9932654807311465,7.665842374116639,4,18.0,1.0
7735.0,4,66.0,1.8857142857142857,8.81233194888454,4,4,66.0,0.44628839237941414,8.197789862562274,8.81233194888454,4,66.0,-0.48000000000000004
7740.0,5,31.0,0.8857142857142857,8.073747276362935,5,5,31.0,0.3834324205838848,7.130840815386059,8.073747276362935,5,31.0,0.35000000000000003
7745.0,7,63.0,1.75,7.535594624429438,7,7,35.0,0.3488311911176104,6.3199038015035445,7.535594624429438,7,35.0,-0.03999999999999998
7750.0,7,98.0,2.8,8.565774098700231,7,7,98.0,0.44845161257181543,7.798093893157794,8.565774098700231,7,98.0,-0.63
7755.0,8,87.0,2.289473684210526,7.327087379317491,8,8,87.0,0.32171957692646713,5.57474629150936,7.327087379317491,8,87.0,0.10999999999999999
7760.0,5,96.0,2.6666666666666665,8.578116645420307,5,5,83.0,0.4249519741545909,7.559566840979935,8.578116645420307,5,83.0,0.040000000000000036
7765.0,8,121.0,3.27027027027027,8.072994355979457,8,8,121.0,0.402078243333897,6.866012696412253,8.072994355979457,8,121.0,-0.38
7770.0,6,81.0,2.3142857142857145,7.8628749045626165,6,6,81.0,0.39409147813490714,6.967930908250242,7.8628749045626165,6,81.0,0.3999999999999999
7775.0,5,102.0,3.0,8.549744215940263,5,5,74.0,0.4552022499109785,8.073427033097548,8.549744215940263,5,74.0,0.07000000000000006
7780.0,5,127.0,3.4324324324324325,7.861804516189834,5,5,127.0,0.35407116794432103,6.393823649809094,7.861804516189834,5,127.0,-0.53
7785.0,7,96.0,2.742857142857143,8.219273692531894,7,7,96.0,0.39278210958706394,7.188023107829016,8.219273692531894,7,96.0,0.31000000000000005
7790.0,7,131.0,3.8529411764705883,7.025029087275069,7,7,69.0,0.30457501495626976,5.6605083854817355,7.025029087275069,7,69.0,0.27
7795.0,9,176.0,5.5,7.247728245233922,9,9,114.0,0.3142876414894862,6.098478741414003,7.247728245233922,9,114.0,-0.44999999999999996
7800.0,8,198.0,6.1875,7.2051526049450905,8,8,198.0,0.3133011156132465,5.937174653068049,7.2051526049450905,8,198.0,-0.8400000000000001
7805.0,10,246.0,7.235294117647059,6.769411105717603,10,10,233.0,0.2859363308773735,5.3610818179031945,6.769411105717603,10,233.0,-0.3500000000000001
7810.0,10,296.0,8.705882352941176,7.8354526274058784,10,10,296.0,0.3520874031596265,6.584114454440458,7.8354526274058784,10,296.0,-0.6299999999999999
7815.0,10,207.0,6.088235294117647,6.496428180593691,10,10,207.0,0.25433982546854933,4.95288064875105,6.496428180593691,10,207.0,0.8900000000000001
7820.0,7,201.0,6.090909090909091,8.024088728039384,7,7,145.0,0.38122514966005666,7.154370830353591,8.024088728039384,7,145.0,0.6199999999999999
7825.0,11,237.0,6.771428571428571,7.439410473543489,11,11,237.0,0.35988895907455265,6.411517723556692,7.439410473543489,11,237.0,-0.9200000000000002
7830.0,8,110.0,3.142857142857143,7.5215830067918175,8,8,110.0,0.35927783971514465,6.543532061266723,7.5215830067918175,8,110.0,1.27
7835.0,5,45.0,1.2857142857142858,8.194409806999426,5,5,-14.0,0.3926481422436837,7.341327348147326,8.194409806999426,5,-14.0,1.2400000000000002
7840.0,5,66.0,1.7837837837837838,7.274438420460594,5,5,66.0,0.3126210524362448,5.700696735042214,7.274438420460594,5,66.0,-0.8
7845.0,7,101.0,3.0606060606060606,8.217128027739776,7,7,101.0,0.39848430669658,7.348564605226823,8.217128027739776,7,101.0,-0.35
7850.0,7,85.0,2.4285714285714284,6.672451800832431,7,7,85.0,0.2807725458510913,5.375620370132531,6.672451800832431,7,85.0,0.16000000000000003
7855.0,8,122.0,3.4857142857142858,7.821737967980893,8,8,104.0,0.33857723823134445,6.699737890061667,7.821737967980893,8,104.0,-0.19000000000000006
7860.0,8,162.0,5.0625,7.81814516297126,8,8,162.0,0.34269920876172477,6.794625179590443,7.81814516297126,8,162.0,-0.5800000000000001
7865.0,7,95.0,2.638888888888889,7.320905894166738,7,7,95.0,0.2981696764909191,6.289216106105254,7.320905894166738,7,95.0,0.6700000000000002
7870.0,5,102.0,2.914285714285714,8.273857571227781,5,5,56.0,0.37299207467104084,7.602034668334675,8.273857571227781,5,56.0,0.3899999999999999
7875.0,7,130.0,3.5135135135135136,7.917858817710396,7,7,130.0,0.3461119527693752,6.676769683461874,7.917858817710396,7,130.0,-0.74
7880.0,5,75.0,2.027027027027027,8.761596528004691,5,5,75.0,0.41849484873151127,8.257922421447997,8.761596528004691,5,75.0,0.55
7885.0,5,64.0,1.7297297297297298,8.52787098041162,5,5,36.0,0.3717054591167643,7.340347896783229,8.52787098041162,5,36.0,0.39
7890.0,5,88.0,2.4444444444444446,9.257000343306478,5,5,88.0,0.45115543529611185,8.630047482919874,9.257000343306478,5,88.0,-0.52
7895.0,5,90.0,2.5714285714285716,8.981574997702598,4,5,89.0,0.4403891750164579,8.636056166997026,8.981574997702598,4,89.0,-0.010000000000000009
7900.0,7,116.0,3.0526315789473686,7.917273457908719,7,7,103.0,0.2878633768845697,5.546130666724184,7.917273457908719,7,103.0,-0.14
7905.0,7,151.0,4.194444444444445,8.817139634353634,7,7,151.0,0.39842255785253455,7.49280355076027,8.817139634353634,7,151.0,-0.48
7910.0,5,104.0,2.810810810810811,7.534996976344591,5,5,104.0,0.31665281032679377,5.87841220278177,7.534996976344591,5,104.0,0.47
7915.0,8,142.0,4.303030303030303,8.005927094502557,8,8,77.0,0.35404373665255917,6.633930076446439,8.005927094502557,8,77.0,0.27
7920.0,8,182.0,5.870967741935484,8.21634203691387,8,8,182.0,0.3564453835749436,6.53911208461096,8.21634203691387,8,182.0,-1.05
7925.0,7,111.0,3.3636363636363638,7.325167514552389,7,7,111.0,0.3123803400069364,5.729884578373524,7.325167514552389,7,111.0,0.71
7930.0,6,122.0,3.8125,8.607905689600491,6,6,76.0,0.40969435344870053,7.532116397424606,8.607905689600491,6,76.0,0.3500000000000001
7935.0,7,153.0,4.636363636363637,7.611876976113178,7,7,153.0,0.3526500241318399,6.351877858975194,7.611876976113178,7,153.0,-0.77
7940.0,6,77.0,2.40625,8.246066215547486,6,6,77.0,0.4141680788114169,7.541805626412726,8.246066215547486,6,77.0,0.76
7945.0,8,73.0,2.1470588235294117,7.701158916784734,8,8,30.0,0.3321685630363114,6.255899579241851,7.701158916784734,8,30.0,0.47000000000000003
7950.0,6,99.0,3.193548387096774,8.263542969151372,6,6,99.0,0.38049648222674337,7.146625718333105,8.263542969151372,6,99.0,-0.69
7955.0,6,44.0,1.4666666666666666,8.542991745833243,6,6,44.0,0.4096850137027588,7.829171570235499,8.542991745833243,6,44.0,0.55
7960.0,8,66.0,2.0625,6.6879132853596435,8,8,26.0,0.2632597673451912,5.237218677306423,6.6879132853596435,8,26.0,0.18
7965.0,8,106.0,3.3125,8.003253264438484,8,8,106.0,0.35927416446224697,6.84832611373311,8.003253264438484,8,106.0,-0.8
7970.0,7,95.0,2.7142857142857144,6.807674754449692,7,7,95.0,0.2718332543718196,5.04509644213586,6.807674754449692,7,95.0,0.1100000000000001
7975.0,7,117.0,3.65625,7.9141461993881315,7,7,103.0,0.3706163071028093,6.886774217598243,7.9141461993881315,7,103.0,-0.08000000000000007
7980.0,7,152.0,4.903225806451613,8.190704113813979,7,7,152.0,0.38194434542490446,6.928420774326758,8.190704113813979,7,152.0,-0.49
7985.0,7,82.0,2.411764705882353,7.189447123170742,7,7,82.0,0.30785952142004075,5.830571587520718,7.189447123170742,7,82.0,0.7000000000000001
7990.0,5,88.0,2.588235294117647,8.67563495714592,5,5,45.0,0.4112209452682575,7.754209915942603,8.67563495714592,5,45.0,0.36999999999999994
7995.0,6,114.0,3.257142857142857,8.269962017516766,6,6,114.0,0.3651177657299595,6.818219282869302,8.269962017516766,6,114.0,-0.69
8000.0,5,72.0,2.1176470588235294,9.01895261058626,5,5,72.0,0.42942904705034846,8.252535259090823,9.01895261058626,5,72.0,0.41999999999999993
8005.0,6,86.0,2.4571428571428573,8.482459592746304,6,6,59.0,0.37547308582257993,7.026058668652348,8.482459592746304,6,59.0,0.13
8010.0,6,114.0,3.3529411764705883,8.966757268357288,6,6,114.0,0.434525979703445,7.911139511447916,8.966757268357288,6,114.0,-0.5499999999999999
8015.0,6,89.0,2.6176470588235294,9.168046330938113,5,6,88.0,0.4724915967902952,8.798973883345507,9.168046330938113,5,88.0,0.2599999999999999
8020.0,8,120.0,3.2432432432432434,7.9638882380494795,8,8,69.0,0.300770377288869,5.640173036816802,7.9638882380494795,8,69.0,0.19000000000000006
8025.0,8,160.0,4.705882352941177,8.651511990152228,8,8,160.0,0.36968412390790945,6.99435886894374,8.651511990152228,8,160.0,-0.9100000000000001
8030.0,5,94.0,2.6857142857142855,7.556590136212784,5,5,94.0,0.2956755348493874,5.732614461330408,7.556590136212784,5,94.0,0.6600000000000001
8035.0,6,109.0,3.303030303030303,8.484516730021841,6,6,67.0,0.3795625023509926,7.273779247508855,8.484516730021841,6,67.0,0.2699999999999999
8040.0,6,139.0,4.483870967741935,8.876202322395313,6,6,139.0,0.42958054676181756,7.900693791522717,8.876202322395313,6,139.0,-0.7199999999999999
8045.0,6,62.0,1.878787878787879,7.567988025255276,6,6,62.0,0.32242337725420644,6.245585508106346,7.567988025255276,6,62.0,0.7699999999999999
8050.0,4,67.0,2.161290322580645,8.920807265542843,4,4,24.0,0.43476145674139066,8.25227134404985,8.920807265542843,4,24.0,0.38
8055.0,6,90.0,2.8125,8.35494967732344,6,6,90.0,0.3896651134396536,7.137379507668234,8.35494967732344,6,90.0,-0.66
8060.0,4,33.0,1.064516129032258,8.686655520344926,4,4,33.0,0.43477593926513053,8.197486216993545,8.686655520344926,4,33.0,0.5700000000000001
8065.0,6,41.0,1.28125,8.40064298947162,6,6,4.0,0.3907262754533414,7.473368335071595,8.40064298947162,6,4.0,0.29000000000000004
8070.0,5,61.0,1.90625,9.168513060026545,5,5,61.0,0.43900133223046384,8.444361826583632,9.168513060026545,5,61.0,-0.57
8075.0,2,27.0,0.84375,9.486930621080386,2,2,27.0,0.4795436149436441,9.288951114716925,9.486930621080386,2,27.0,0.33999999999999997
8080.0,3,40.0,1.1764705882352942,8.636498343773543,3,3,13.0,0.3681179120262819,7.147083507635078,8.636498343773543,3,13.0,0.14
8085.0,5,65.0,1.9696969696969697,9.83958886102757,5,5,65.0,0.46965388937567276,8.983170368841028,9.83958886102757,5,65.0,-0.52
8090.0,2,20.0,0.5882352941176471,8.669465235232533,2,2,20.0,0.36462503534537394,7.233581887376938,8.669465235232533,2,20.0,0.45
8095.0,4,40.0,1.25,9.408180104354626,4,4,12.0,0.4268360495884348,8.208202196645315,9.408180104354626,4,12.0,0.08000000000000002
8100.0,4,60.0,2.0689655172413794,9.955221389907202,4,4,60.0,0.4949606802816892,9.366013902921228,9.955221389907202,4,60.0,-0.48
8105.0,5,58.0,1.8125,8.575148449836828,5,5,58.0,0.3749022904862365,7.628832181918418,8.575148449836828,5,58.0,0.020000000000000018
8110.0,5,83.0,2.59375,9.335150915483364,5,5,63.0,0.4233740626384967,8.398496728363838,9.335150915483364,5,63.0,-0.050000000000000044
8115.0,8,113.0,3.7666666666666666,7.930112888545731,8,8,113.0,0.31502140142129054,6.028359655695701,7.930112888545731,8,113.0,-0.4999999999999999
8120.0,5,67.0,2.392857142857143,8.58531247563395,5,5,67.0,0.39790372893540227,7.7629005369147155,8.58531247563395,5,67.0,0.45999999999999985
8125.0,7,80.0,2.5806451612903225,8.011538290878915,7,7,45.0,0.37530720703736986,6.898119995071248,8.011538290878915,7,45.0,0.22000000000000003
8130.0,6,109.0,3.6333333333333333,8.661507152471332,6,6,109.0,0.43563418168666823,7.962265961783701,8.661507152471332,6,109.0,-0.6400000000000001
8135.0,3,40.0,1.3793103448275863,8.660825703891486,3,3,40.0,0.4665871124644416,8.573455167971163,8.660825703891486,3,40.0,0.6900000000000001
8140.0,4,44.0,1.375,8.149218896632906,4,4,4.0,0.400199415300593,7.036412499565099,8.149218896632906,4,4.0,0.36000000000000004
8145.0,5,67.0,2.2333333333333334,8.912774277489744,5,5,67.0,0.4781785377929893,8.303326303617183,8.912774277489744,5,67.0,-0.63
8150.0,3,19.0,0.6129032258064516,8.546134132485436,3,3,19.0,0.45146895744250787,8.201257027194933,8.546134132485436,3,19.0,0.48000000000000004
8155.0,4,34.0,1.2142857142857142,8.923283602518564,4,4,3.0,0.45850903638686674,8.381453867018259,8.923283602518564,4,3.0,0.16
8160.0,4,54.0,1.9285714285714286,9.37677573674948,4,4,54.0,0.4932000110584543,8.621781991355112,9.37677573674948,4,54.0,-0.51
8165.0,6,81.0,2.6129032258064515,8.409348090066079,6,6,81.0,0.39852320892595805,7.111408259390796,8.409348090066079,6,81.0,-0.27
8170.0,5,80.0,2.5806451612903225,9.420701551267111,5,5,80.0,0.4960538341976132,8.725592870044364,9.420701551267111,5,80.0,0.010000000000000009
8175.0,6,107.0,3.1470588235294117,8.287215313337935,6,6,81.0,0.3502161509545346,6.333920856576429,8.287215313337935,6,81.0,-0.010000000000000009
8180.0,8,146.0,4.5625,8.716965801776125,8,8,146.0,0.39971457500693913,7.32537206439019,8.716965801776125,8,146.0,-0.6499999999999999
8185.0,8,122.0,3.588235294117647,7.994299200512313,8,8,122.0,0.34880906609173523,6.51740406367921,7.994299200512313,8,122.0,0.24
8190.0,7,154.0,4.8125,8.284752314805043,7,7,127.0,0.39069869921991995,7.105835438024592,8.284752314805043,7,127.0,-0.050000000000000044
8195.0,7,189.0,6.517241379310345,9.098119543881978,7,7,189.0,0.46600234756914577,8.365590427152181,9.098119543881978,7,189.0,-0.6199999999999999
8200.0,6,82.0,2.7333333333333334,7.057787340995464,6,6,82.0,0.3073807267576373,5.878352692695886,7.057787340995464,6,82.0,1.0699999999999998
8205.0,4,60.0,2.2222222222222223,7.770932986979453,4,4,7.0,0.37732179361240836,7.369226320307034,7.770932986979453,4,7.0,0.75
8210.0,4,80.0,2.6666666666666665,6.538264109786649,4,4,80.0,0.2997111945037387,5.654515802855667,6.538264109786649,4,80.0,-0.73
8215.0,6,31.0,1.0333333333333334,7.659841058256995,6,6,31.0,0.3543175605907682,7.05576964769001,7.659841058256995,6,31.0,0.49000000000000005
8220.0,5,51.0,1.7586206896551724,8.041230553444398,5,5,16.0,0.380934180653413,7.435974230226212,8.041230553444398,5,16.0,0.15
8225.0,7,81.0,2.4545454545454546,7.927256248690531,7,7,81.0,0.359033784959271,6.978616289569549,7.927256248690531,7,81.0,-0.65
8230.0,4,65.0,2.096774193548387,8.505756160989774,4,4,65.0,0.3982188745499522,8.072572954945377,8.505756160989774,4,65.0,0.16000000000000003
8235.0,5,74.0,2.176470588235294,8.105892567944206,5,5,61.0,0.35379272655271965,6.815265657709273,8.105892567944206,5,61.0,0.040000000000000036
8240.0,5,99.0,2.911764705882353,9.5189830658709,5,5,99.0,0.48453455584159183,9.117544812339132,9.5189830658709,5,99.0,-0.38
8245.0,5,56.0,1.5135135135135136,8.267582417474427,5,5,56.0,0.36366701037650523,7.060049407086801,8.267582417474427,5,56.0,0.42999999999999994
8250.0,4,74.0,2.176470588235294,9.088312948917496,4,4,44.0,0.4561824915850041,8.55398167370802,9.088312948917496,4,44.0,0.12000000000000005
8255.0,4,94.0,2.8484848484848486,9.968584854066563,4,4,94.0,0.5386315869939541,9.7276993505032,9.968584854066563,4,94.0,-0.49999999999999994
8260.0,4,75.0,2.2058823529411766,8.272403550873234,4,4,75.0,0.3660595334274794,6.905707437639806,8.272403550873234,4,75.0,0.18999999999999995
8265.0,5,100.0,3.125,9.285291573875986,5,5,79.0,0.4690502510144752,8.720781545861094,9.285291573875986,5,79.0,-0.040000000000000036
8270.0,6,126.0,3.7058823529411766,7.709218484519848,6,6,126.0,0.3485590050379327,5.908260165001466,7.709218484519848,6,126.0,-0.47
8275.0,5,71.0,2.21875,8.062686512695466,5,5,71.0,0.39791742764799193,7.056634929415054,8.062686512695466,5,71.0,0.55
8280.0,5,96.0,3.2,8.988634093962544,5,5,26.0,0.4722028201201252,8.23127840739416,8.988634093962544,5,26.0,0.44999999999999996
8285.0,6,124.0,3.875,8.18548337350363,6,6,124.0,0.38100100234180095,6.780179206998942,8.18548337350363,6,124.0,-0.98
8290.0,8,163.0,5.09375,8.340186125916466,8,8,163.0,0.37023821978502747,6.9056216720894845,8.340186125916466,8,163.0,-0.3899999999999999
8295.0,7,98.0,2.9696969696969697,7.779745261754602,7,7,98.0,0.3429335851806301,6.1634848506540365,7.779745261754602,7,98.0,0.6499999999999999
8300.0,6,113.0,3.7666666666666666,8.443648102671016,6,6,70.0,0.4312305008283238,7.559425349083485,8.443648102671016,6,70.0,0.28
8305.0,9,143.0,4.333333333333333,7.8090282459717795,9,9,143.0,0.39523497712002414,6.585499902210239,7.8090282459717795,9,143.0,-0.73
8310.0,6,65.0,2.096774193548387,7.860839945448402,6,6,65.0,0.3953358921972812,6.813307805618422,7.860839945448402,6,65.0,0.7799999999999999
8315.0,4,63.0,2.25,9.009017695694784,4,4,17.0,0.4937642835820417,8.714397989728578,9.009017695694784,4,17.0,0.48
8320.0,5,84.0,2.8,7.837584235221718,5,5,84.0,0.3942784704082419,6.914849313518,7.837584235221718,5,84.0,-0.6699999999999999
8325.0,7,114.0,3.9310344827586206,8.034428146164283,7,7,114.0,0.4111281916650408,7.549969073479573,8.034428146164283,7,114.0,-0.29999999999999993
8330.0,7,149.0,4.65625,7.5871880676121055,7,7,148.0,0.33854638744947635,6.211885819896904,7.5871880676121055,7,148.0,-0.3400000000000001
8335.0,10,195.0,6.290322580645161,7.538297481944506,10,10,195.0,0.3191976353744221,5.979049842522242,7.538297481944506,10,195.0,-0.47
8340.0,10,245.0,8.166666666666666,7.505925592720777,10,10,245.0,0.3048869953026399,5.877180036532289,7.505925592720777,10,245.0,-0.5000000000000002
8345.0,10,160.0,4.705882352941177,6.691072806564269,10,10,160.0,0.25656023436979014,5.002432991054965,6.691072806564269,10,160.0,0.8500000000000001
8350.0,7,154.0,4.529411764705882,7.856380638189942,7,7,100.0,0.3657362519652285,6.695492579952713,7.856380638189942,7,100.0,0.6000000000000001
8355.0,8,191.0,5.617647058823529,7.561435454488667,8,8,191.0,0.3616456478473988,6.400339657671614,7.561435454488667,8,191.0,-0.9099999999999999
8360.0,8,120.0,3.5294117647058822,7.7575500705272225,8,8,120.0,0.3717270635385962,6.956601774812111,7.7575500705272225,8,120.0,0.71
8365.0,10,125.0,3.3783783783783785,6.965304764625016,10,10,77.0,0.30974507382249483,5.567891194944398,6.965304764625016,10,77.0,0.42999999999999994
8370.0,8,164.0,5.290322580645161,7.651945853451182,8,8,164.0,0.4052754019758671,7.002879601468564,7.651945853451182,8,164.0,-0.8699999999999999
8375.0,6,78.0,2.6,7.835102276096278,6,6,78.0,0.4255801610735853,7.484542522300382,7.835102276096278,6,78.0,0.8599999999999999
8380.0,6,70.0,2.1875,6.847528381043482,6,6,22.0,0.34782758731060753,5.935323394790881,6.847528381043482,6,22.0,0.56
8385.0,7,105.0,3.28125,8.106645375884522,7,7,105.0,0.46064355260592976,7.589424376009596,8.106645375884522,7,105.0,-0.8300000000000001
8390.0,6,113.0,3.2285714285714286,6.952690177708069,6,6,113.0,0.34575914428819154,5.7890401796597555,6.952690177708069,6,113.0,-0.07999999999999985
8395.0,8,149.0,4.257142857142857,7.222205944038586,8,8,136.0,0.3506466266186054,5.943854286035378,7.222205944038586,8,136.0,-0.2300000000000002
8400.0,8,189.0,5.4,8.118573969486627,8,8,189.0,0.4247629873562942,7.1985651671809485,8.118573969486627,8,189.0,-0.5299999999999998
8405.0,6,98.0,2.5128205128205128,6.913722163524814,6,6,98.0,0.29485437886709964,5.3390542332330915,6.913722163524814,6,98.0,0.9099999999999999
8410.0,5,81.0,2.076923076923077,8.18881216895731,5,5,38.0,0.4081767463351664,7.382353409556548,8.18881216895731,5,38.0,0.6
8415.0,6,107.0,2.8157894736842106,8.107679696491227,6,6,107.0,0.4001545695179272,7.11699287396921,8.107679696491227,6,107.0,-0.6900000000000001
8420.0,7,127.0,3.5277777777777777,8.299127216046479,7,7,127.0,0.40179186725868954,7.628726332713465,8.299127216046479,7,127.0,-0.19999999999999996
8425.0,10,162.0,4.153846153846154,7.710508215496879,10,10,152.0,0.3353916403761801,6.19842413499751,7.710508215496879,10,152.0,-0.25
8430.0,9,206.0,5.5675675675675675,8.238409234459679,9,9,206.0,0.38112730871139294,6.994406290111465,8.238409234459679,9,206.0,-0.54
8435.0,6,130.0,3.823529411764706,8.492477327985926,6,6,130.0,0.3836034753884629,7.62573961609802,8.492477327985926,6,130.0,0.76
8440.0,7,127.0,3.6285714285714286,7.406642139129292,7,7,84.0,0.3147320944533018,5.931918438996608,7.406642139129292,7,84.0,0.4600000000000001
8445.0,7,162.0,4.909090909090909,8.515612426229742,7,7,162.0,0.42721939653171476,7.797062324481641,8.515612426229742,7,162.0,-0.7800000000000001
8450.0,6,111.0,3.264705882352941,6.875117319550626,6,6,111.0,0.2958435428946574,5.581442806286479,6.875117319550626,6,111.0,0.51
8455.0,6,126.0,3.8181818181818183,8.028835866545517,6,6,98.0,0.39240694537310955,7.279300821513897,8.028835866545517,6,98.0,0.13000000000000012
8460.0,6,156.0,4.7272727272727275,8.301458195179416,6,6,156.0,0.4158378728861134,7.4230445212103495,8.301458195179416,6,156.0,-0.5800000000000001
8465.0,7,83.0,2.3055555555555554,7.218551164401131,7,7,83.0,0.31603051744227456,5.84850132646529,7.218551164401131,7,83.0,0.7300000000000001
8470.0,7,118.0,3.4705882352941178,8.252140317133945,7,7,38.0,0.415606029073385,7.55379894291304,8.252140317133945,7,38.0,0.44999999999999996
8475.0,7,153.0,4.371428571428571,7.383159700339714,7,7,153.0,0.33154124638533583,6.108919503096145,7.383159700339714,7,153.0,-1.15
8480.0,7,121.0,3.4571428571428573,8.298187331863309,7,7,121.0,0.39034762826189834,7.583710193592524,8.298187331863309,7,121.0,0.32000000000000006
8485.0,9,146.0,3.945945945945946,7.207257175551396,9,9,118.0,0.327480449248989,5.8012177042092485,7.207257175551396,9,118.0,0.030000000000000027
8490.0,8,186.0,5.166666666666667,7.907836013341158,8,8,186.0,0.4113465007043522,7.0509479110221775,7.907836013341158,8,186.0,-0.6800000000000002
8495.0,5,164.0,4.823529411764706,8.45722176207546,5,5,164.0,0.46708122144061115,8.228558705831182,8.45722176207546,5,164.0,0.2200000000000002
8500.0,7,193.0,5.361111111111111,7.3909646628725785,7,7,166.0,0.3341399405266207,5.819425219526413,7.3909646628725785,7,166.0,-0.020000000000000018
8505.0,8,233.0,6.6571428571428575,8.249306219396715,8,8,233.0,0.4205406486568628,7.171309139233896,8.249306219396715,8,233.0,-0.6700000000000002
8510.0,6,94.0,2.611111111111111,7.324580533529049,6,6,94.0,0.33081109120602326,5.83806112284346,7.324580533529049,6,94.0,1.3900000000000001
8515.0,4,38.0,1.1515151515151516,8.26850548338327,4,4,-29.0,0.39424192877275904,7.10031399459951,8.26850548338327,4,-29.0,1.23
8520.0,4,58.0,1.8709677419354838,9.18328516123373,4,4,58.0,0.4964775445393955,8.614383817348312,9.18328516123373,4,58.0,-0.8699999999999999
8525.0,6,61.0,1.7428571428571429,7.577403394784506,6,6,61.0,0.3403614898524586,6.133044424226329,7.577403394784506,6,61.0,-0.030000000000000027
8530.0,8,101.0,3.0606060606060606,8.550922279947429,8,8,80.0,0.3820856103680421,7.2254194155142235,8.550922279947429,8,80.0,-0.19000000000000006
8535.0,10,143.0,3.9722222222222223,7.273585805191473,10,10,143.0,0.26402730649865186,5.13542484496493,7.273585805191473,10,143.0,-0.6299999999999999
8540.0,8,111.0,3.264705882352941,8.111800927948444,8,8,111.0,0.3526402304797268,6.879846198755385,8.111800927948444,8,111.0,0.31999999999999984
8545.0,9,140.0,4.117647058823529,7.779821449434163,9,9,105.0,0.35315220412541665,6.483061979336688,7.779821449434163,9,105.0,0.06000000000000005
8550.0,9,182.0,5.515151515151516,7.935795498825111,9,9,182.0,0.3855648782929354,6.894267474438229,7.935795498825111,9,182.0,-0.77
8555.0,9,227.0,7.32258064516129,7.931763239727968,9,9,227.0,0.3719953345905395,6.991650638350487,7.931763239727968,9,227.0,-0.44999999999999996
8560.0,12,279.0,8.205882352941176,6.635198600861479,12,12,279.0,0.2625336758302467,4.872813204246511,6.635198600861479,12,279.0,-0.52
8565.0,12,339.0,10.59375,6.992865479827684,12,12,339.0,0.30647519666159045,5.670495175187159,6.992865479827684,12,339.0,-0.6000000000000001
8570.0,11,262.0,7.9393939393939394,5.534012702700898,11,11,262.0,0.21958731764203557,4.038864642424753,5.534012702700898,11,262.0,0.77
8575.0,9,269.0,8.151515151515152,6.773079380627863,9,9,215.0,0.32178940908068177,5.72968690371238,6.773079380627863,9,215.0,0.4700000000000002
8580.0,9,314.0,9.8125,7.784045893222733,9,9,314.0,0.405739675513307,7.090838831076348,7.784045893222733,9,314.0,-0.9900000000000002
8585.0,9,181.0,5.171428571428572,6.415229065891207,9,9,181.0,0.28543229954298593,5.315048308805051,6.415229065891207,9,181.0,1.33
8590.0,5,71.0,2.088235294117647,7.514206271107559,5,5,13.0,0.3645929129832396,6.691980959357409,7.514206271107559,5,13.0,1.6800000000000002
8595.0,7,98.0,2.6486486486486487,7.305710023007666,7,7,98.0,0.34818558115043774,6.172394559453338,7.305710023007666,7,98.0,-0.85
8600.0,7,51.0,1.4166666666666667,7.691031956850734,7,7,51.0,0.38569775868650746,6.821122493264997,7.691031956850734,7,51.0,0.47
8605.0,10,80.0,2.1052631578947367,7.360418766017661,10,10,44.0,0.34396491634842963,6.089156236398571,7.360418766017661,10,44.0,0.07
8610.0,9,124.0,3.5428571428571427,7.866804202199462,9,9,124.0,0.39093490500055916,6.842941819949308,7.866804202199462,9,124.0,-0.8
8615.0,6,85.0,2.5,8.228930490162298,6,6,85.0,0.42848082200252763,7.773197057387419,8.228930490162298,6,85.0,0.39
8620.0,8,107.0,2.891891891891892,7.396045146988691,8,8,79.0,0.3262081672210505,5.73933530302407,7.396045146988691,8,79.0,0.05999999999999994
8625.0,8,147.0,3.972972972972973,8.322285074262513,8,8,147.0,0.4098620841429351,7.175840278055647,8.322285074262513,8,147.0,-0.6799999999999999
8630.0,5,91.0,2.3333333333333335,7.421262408954205,5,5,91.0,0.30646833162719667,5.887594495376219,7.421262408954205,5,91.0,0.5599999999999999
8635.0,4,40.0,1.0526315789473684,8.3581819651623,4,4,12.0,0.3795639611146406,7.407180946183537,8.3581819651623,4,12.0,0.79
8640.0,4,60.0,1.7647058823529411,8.931346643435027,4,4,60.0,0.4398041430774968,8.288656601737925,8.931346643435027,4,60.0,-0.48
8645.0,9,66.0,1.7837837837837838,7.492890348274892,8,9,65.0,0.3166108736567088,6.234061195372557,7.492890348274892,8,65.0,-0.050000000000000044
8650.0,8,105.0,2.8378378378378377,8.295082895197586,8,8,83.0,0.35894561900816474,6.962073130843889,8.295082895197586,8,83.0,-0.17999999999999994
8655.0,11,150.0,3.9473684210526314,7.251207130565318,11,11,150.0,0.26453496740120713,5.03818908740205,7.251207130565318,11,150.0,-0.67
8660.0,8,116.0,3.3142857142857145,8.030950330921186,8,8,116.0,0.36146072010248453,6.886803279530918,8.030950330921186,8,116.0,0.3400000000000001
8665.0,10,145.0,4.027777777777778,7.314341268007447,10,10,109.0,0.32261489353989053,5.823706673437328,7.314341268007447,10,109.0,0.06999999999999984
8670.0,9,188.0,5.371428571428571,7.9693607266479445,9,9,188.0,0.3782158929368229,6.714657097833268,7.9693607266479445,9,188.0,-0.7899999999999998
8675.0,6,136.0,4.0,8.451234772335544,6,6,136.0,0.4213554073084815,7.8438674694265185,8.451234772335544,6,136.0,0.5199999999999998
8680.0,6,153.0,4.25,7.624409460233262,6,6,115.0,0.3244176749913943,6.0401658759930585,7.624409460233262,6,115.0,0.2100000000000002
8685.0,8,193.0,5.848484848484849,8.527032166898724,8,8,193.0,0.40713450444987187,7.4396322142671325,8.527032166898724,8,193.0,-0.78
8690.0,6,93.0,2.8181818181818183,7.374791142113995,6,6,93.0,0.3073454827328335,5.7821188620660475,7.374791142113995,6,93.0,0.9999999999999999
8695.0,4,39.0,1.2580645161290323,8.157693289346744,4,4,-4.0,0.38084022091364766,7.132197724862812,8.157693289346744,4,-4.0,0.9700000000000001
8700.0,4,59.0,1.903225806451613,8.958915760158911,4,4,59.0,0.45229783792147565,8.138807385959124,8.958915760158911,4,59.0,-0.63
8705.0,5,47.0,1.3823529411764706,7.4929483673725334,5,5,47.0,0.32487662483983487,6.052716577767436,7.4929483673725334,5,47.0,0.12
8710.0,6,77.0,2.264705882352941,8.679590596087346,6,6,57.0,0.40973677063144615,7.65889884028014,8.679590596087346,6,57.0,-0.09999999999999998
8715.0,8,110.0,3.0555555555555554,7.896232525161292,8,8,110.0,0.3555584297387443,6.326653181925759,7.896232525161292,8,110.0,-0.5300000000000001
8720.0,6,101.0,2.8857142857142857,8.595261720300178,6,6,101.0,0.40955806924411875,7.8457913405199,8.595261720300178,6,101.0,0.09000000000000008
8725.0,7,114.0,3.257142857142857,8.132729823098698,7,7,101.0,0.36856076475710775,7.0635911018533,8.132729823098698,7,101.0,0.0
8730.0,5,138.0,3.942857142857143,9.067865325576152,5,5,138.0,0.46159305820256646,8.456856592899262,9.067865325576152,5,138.0,-0.3699999999999999
8735.0,4,71.0,2.088235294117647,9.035470406146995,4,4,71.0,0.46497837373594086,8.971781978522808,9.035470406146995,4,71.0,0.6699999999999999
8740.0,5,87.0,2.6363636363636362,8.040317086818494,5,5,48.0,0.3607423822307243,6.890966646700802,8.040317086818494,5,48.0,0.22999999999999998
8745.0,6,117.0,3.5454545454545454,8.834862358246438,6,6,117.0,0.4390968779132108,8.128368789213006,8.834862358246438,6,117.0,-0.69
8750.0,5,66.0,1.8857142857142857,7.2286081993526725,5,5,66.0,0.31770137352790667,5.563313148539226,7.2286081993526725,5,66.0,0.5099999999999999
8755.0,7,101.0,3.15625,8.152710682002924,7,7,36.0,0.3703305083363262,6.703387343713631,8.152710682002924,7,36.0,0.30000000000000004
8760.0,7,136.0,4.387096774193548,8.510388701701022,7,7,136.0,0.399579722935317,7.244503329599801,8.510388701701022,7,136.0,-1.0
8765.0,8,162.0,4.764705882352941,7.592967939298411,8,8,162.0,0.3095608096779367,5.980889454953738,7.592967939298411,8,162.0,-0.26
8770.0,8,202.0,6.516129032258065,8.340773641612959,8,8,192.0,0.39319254329070763,7.304344375472562,8.340773641612959,8,192.0,-0.2999999999999998
8775.0,9,244.0,7.176470588235294,7.464480124162064,9,9,244.0,0.3454432764857053,6.14589009216667,7.464480124162064,9,244.0,-0.52
8780.0,7,170.0,5.0,8.099061823717067,7,7,170.0,0.3766701354507558,7.113302471556975,8.099061823717067,7,170.0,0.74
8785.0,8,175.0,5.0,7.746586943067535,8,8,131.0,0.35065464457366147,6.51679557562663,7.746586943067535,8,131.0,0.3899999999999999
8790.0,7,208.0,6.5,8.331057601821799,7,7,208.0,0.4183575426352907,7.63045445743311,8.331057601821799,7,208.0,-0.77
8795.0,5,76.0,2.533333333333333,8.30820009509117,5,5,76.0,0.4370768130643766,7.980827544116455,8.30820009509117,5,76.0,1.32
8800.0,4,25.0,0.78125,7.4474613692690586,4,4,-39.0,0.33897407971323573,6.223791677552445,7.4474613692690586,4,-39.0,1.15
8805.0,5,50.0,1.5625,8.956295734671667,5,5,50.0,0.456563223726312,8.285713869429612,8.956295734671667,5,50.0,-0.89
8810.0,6,44.0,1.3333333333333333,7.175167611708131,6,6,44.0,0.2987148354446972,5.606867889458112,7.175167611708131,6,44.0,0.06
8815.0,7,79.0,2.46875,8.341058895546858,7,7,61.0,0.3728416983833049,6.934711882537605,8.341058895546858,7,61.0,-0.16999999999999998
8820.0,7,114.0,3.6774193548387095,8.899198412726744,7,7,114.0,0.4124794978547083,7.603642239846126,8.899198412726744,7,114.0,-0.5299999999999999
8825.0,7,128.0,3.657142857142857,8.12828406064819,7,7,128.0,0.3471939675245641,6.537526807930375,8.12828406064819,7,128.0,-0.14000000000000012
8830.0,8,168.0,4.9411764705882355,8.839319767254008,8,8,148.0,0.3776450662707279,7.104288640374937,8.839319767254008,8,148.0,-0.19999999999999996
8835.0,11,213.0,6.264705882352941,7.445034818060534,11,11,213.0,0.2796335486874305,5.147429386705476,7.445034818060534,11,213.0,-0.6499999999999999
8840.0,8,173.0,5.242424242424242,8.061606006761872,8,8,173.0,0.34752913064166585,6.6058008560407515,8.061606006761872,8,173.0,0.3999999999999999
8845.0,8,181.0,5.323529411764706,8.063205020136374,8,8,153.0,0.3658087791812646,6.757395324829841,8.063205020136374,8,153.0,0.19999999999999996
8850.0,8,218.0,6.8125,8.10017020884165,8,8,218.0,0.39590799689916933,7.140327288892104,8.10017020884165,8,218.0,-0.6500000000000001
8855.0,6,97.0,3.129032258064516,7.910735610520643,6,6,97.0,0.3886555987167329,7.170088111831276,7.910735610520643,6,97.0,1.2100000000000002
8860.0,5,50.0,1.5625,6.869282644130502,5,5,-8.0,0.2965580843790949,5.556699042912261,6.869282644130502,5,-8.0,1.05
8865.0,6,80.0,2.5,8.189064032222323,6,6,80.0,0.40146597396690387,7.264836725986027,8.189064032222323,6,80.0,-0.88
8870.0,7,89.0,2.78125,6.776941091309657,7,7,89.0,0.31596669322939375,5.580348046462264,6.776941091309657,7,89.0,-0.08999999999999997
8875.0,8,129.0,4.161290322580645,7.0112014257421595,8,8,116.0,0.3369971917409013,5.978189042431417,7.0112014257421595,8,116.0,-0.2699999999999999
8880.0,9,174.0,5.612903225806452,7.953285791157582,9,9,174.0,0.38960747661337625,6.971939737437803,7.953285791157582,9,174.0,-0.5800000000000001
8885.0,8,108.0,3.176470588235294,6.958225396336323,8,8,108.0,0.2817872674540752,5.311580198213931,6.958225396336323,8,108.0,0.6599999999999999
8890.0,6,127.0,3.735294117647059,8.453297449561816,6,6,81.0,0.40659234018233564,7.416370096963308,8.453297449561816,6,81.0,0.27
8895.0,7,158.0,4.388888888888889,7.760676104881835,7,7,158.0,0.3562253050218139,6.3726947754901575,7.760676104881835,7,158.0,-0.77
8900.0,6,101.0,2.9705882352941178,8.083521208595572,6,6,101.0,0.38626353179051065,7.367523815967519,8.083521208595572,6,101.0,0.5700000000000001
8905.0,6,62.0,1.6756756756756757,8.0896163143852,6,6,33.0,0.37425095075090375,7.083310181027295,8.0896163143852,6,33.0,0.6799999999999999
8910.0,5,83.0,2.2432432432432434,8.940207746629897,5,5,83.0,0.44320942808391156,8.367876471653906,8.940207746629897,5,83.0,-0.49999999999999994
8915.0,7,59.0,1.7352941176470589,8.60234400310402,6,7,58.0,0.42206411443049563,8.123561559118334,8.60234400310402,6,58.0,0.25
8920.0,8,94.0,2.6857142857142855,7.7828168909432796,8,8,44.0,0.31929929630356063,6.030308427622824,7.7828168909432796,8,44.0,0.13999999999999996
8925.0,9,137.0,4.029411764705882,8.337292468128798,9,9,137.0,0.3502800813113951,6.807305068013392,8.337292468128798,9,137.0,-0.9300000000000002
8930.0,7,117.0,3.342857142857143,6.952210553544798,7,7,117.0,0.26345989675280107,5.032729618246912,6.952210553544798,7,117.0,0.20000000000000018
8935.0,8,157.0,4.757575757575758,8.034616344839009,8,8,128.0,0.35294165742262645,6.667567474939476,8.034616344839009,8,128.0,-0.1100000000000001
8940.0,8,197.0,6.15625,8.222176773131237,8,8,197.0,0.3768269406554275,6.9134024268581316,8.222176773131237,8,197.0,-0.69
8945.0,7,131.0,3.638888888888889,7.421198605048092,7,7,131.0,0.30946841407823417,5.876960341222576,7.421198605048092,7,131.0,0.6599999999999999
8950.0,5,137.0,3.914285714285714,8.74577042893127,5,5,94.0,0.4194028017762152,7.932121917807408,8.74577042893127,5,94.0,0.3700000000000001
8955.0,6,164.0,4.555555555555555,7.959397793060061,6,6,164.0,0.3607517439573383,6.6830693255092175,7.959397793060061,6,164.0,-0.7
8960.0,5,64.0,2.064516129032258,8.322214460552871,5,5,64.0,0.4170726436664702,8.073237719546915,8.322214460552871,5,64.0,0.9999999999999999
8965.0,4,18.0,0.5454545454545454,8.192370009842218,4,4,-25.0,0.38773754045826925,7.490183436923581,8.192370009842218,4,-25.0,0.89
8970.0,4,36.0,1.0909090909090908,9.077300520948322,4,4,36.0,0.46385945308024684,8.820474315658982,9.077300520948322,4,36.0,-0.61
8975.0,6,61.0,1.8484848484848484,8.85478339143863,6,6,61.0,0.437520574988185,8.303844803447666,8.85478339143863,6,61.0,-0.25
8980.0,8,97.0,2.8529411764705883,7.243366922442695,8,8,97.0,0.28859877890398017,5.592324189055772,7.243366922442695,8,97.0,-0.36
8985.0,9,142.0,4.176470588235294,8.048802380225592,9,9,142.0,0.35556674505945973,6.777009560184913,8.048802380225592,9,142.0,-0.44999999999999996
8990.0,8,119.0,3.4,6.526608652311847,8,8,119.0,0.25529071958554955,4.688448450459642,6.526608652311847,8,119.0,0.22999999999999998
8995.0,8,158.0,4.514285714285714,7.70003652817467,8,8,130.0,0.3488339246994384,6.38235212237442,7.70003652817467,8,130.0,-0.1100000000000001
9000.0,8,198.0,5.823529411764706,8.201118294845655,8,8,198.0,0.39441421119543796,7.163807733643608,8.201118294845655,8,198.0,-0.6799999999999999
9005.0,8,152.0,4.222222222222222,7.148924374006659,8,8,152.0,0.2865698796695155,5.587663308557583,7.148924374006659,8,152.0,0.45999999999999996
9010.0,6,165.0,5.15625,8.389685732019785,6,6,137.0,0.39912948672408766,7.533750087688529,8.389685732019785,6,137.0,0.1499999999999999
9015.0,8,198.0,5.823529411764706,7.7311110230909375,8,8,198.0,0.3554192016571598,6.440198234168037,7.7311110230909375,8,198.0,-0.6099999999999999
9020.0,6,82.0,2.5625,8.365891815434912,6,6,82.0,0.4018771405308468,7.631122020781999,8.365891815434912,6,82.0,1.1600000000000001
9025.0,6,40.0,1.2121212121212122,7.918061820395835,6,6,-20.0,0.36557026112049035,6.802936960962726,7.918061820395835,6,-20.0,1.02
9030.0,5,63.0,1.96875,9.031938173220041,5,5,63.0,0.449948965403615,8.27662990523481,9.031938173220041,5,63.0,-0.8300000000000001
9035.0,5,88.0,2.838709677419355,9.5479004419658,5,5,88.0,0.5006442147483474,9.254987959430693,9.5479004419658,5,88.0,-0.25
9040.0,7,117.0,3.4411764705882355,8.195396910064236,7,7,117.0,0.35331085191838446,6.386025219640984,8.195396910064236,7,117.0,-0.2899999999999999
9045.0,7,152.0,4.470588235294118,8.845015119872153,7,7,152.0,0.39963261432423886,7.436724658076407,8.845015119872153,7,152.0,-0.3500000000000001
9050.0,7,187.0,5.5,7.998124054078458,7,7,187.0,0.301865040588827,5.894556719579784,7.998124054078458,7,187.0,-0.3500000000000001
9055.0,7,152.0,4.606060606060606,8.200619734264265,7,7,152.0,0.3360372122419488,6.6617306813045225,8.200619734264265,7,152.0,0.3500000000000001
9060.0,6,177.0,5.53125,8.178791163389437,6,6,144.0,0.36237242063139485,6.669851013185501,8.178791163389437,6,144.0,0.08000000000000007
9065.0,8,214.0,6.294117647058823,7.500253582296615,8,8,214.0,0.34052322998963314,5.999202351975127,7.500253582296615,8,214.0,-0.7000000000000002
9070.0,5,87.0,2.6363636363636362,8.30169901334827,5,5,87.0,0.4047934649073593,7.5655974550592715,8.30169901334827,5,87.0,1.27
9075.0,4,38.0,1.1176470588235294,7.911678178963632,4,4,-23.0,0.37236327779245293,6.803169651786564,7.911678178963632,4,-23.0,1.1
9080.0,4,57.0,1.7272727272727273,9.231523828359183,4,4,57.0,0.5058885916689012,9.05864931706334,9.231523828359183,4,57.0,-0.7999999999999999
9085.0,6,14.0,0.3888888888888889,7.874769875437356,6,6,14.0,0.40081233662373217,6.9450567867232404,7.874769875437356,6,14.0,0.42999999999999994
9090.0,5,34.0,1.096774193548387,7.921324878434623,5,5,5.0,0.39715346312929,7.047661859415147,7.921324878434623,5,5.0,0.09000000000000001
9095.0,5,59.0,2.0344827586206895,8.96418661536419,5,5,59.0,0.4850347384055338,8.59319428833556,8.96418661536419,5,59.0,-0.5399999999999999
9100.0,5,55.0,1.71875,7.375933290162283,5,5,55.0,0.34989127307428514,6.286497370181637,7.375933290162283,5,55.0,0.039999999999999925
9105.0,7,88.0,2.75,7.907929251267987,7,7,69.0,0.3816417465941272,7.069316789472466,7.907929251267987,7,69.0,-0.1399999999999999
9110.0,7,123.0,3.5142857142857142,7.421344300877935,7,7,123.0,0.326473985464329,5.851200232486191,7.421344300877935,7,123.0,-0.54
9115.0,9,167.0,4.771428571428571,7.799239755505563,9,9,167.0,0.3484740193872901,6.286146500677656,7.799239755505563,9,167.0,-0.43999999999999995
9120.0,6,156.0,4.875,8.011069979234696,6,6,156.0,0.37502450733174864,6.968609810876676,8.011069979234696,6,156.0,0.10999999999999988
9125.0,8,191.0,5.617647058823529,7.4544143669035625,8,8,172.0,0.31146477671994194,5.918726402914045,7.4544143669035625,8,172.0,-0.15999999999999992
9130.0,8,231.0,7.451612903225806,7.902576627692473,8,8,231.0,0.37384171912196135,6.86156484848651,7.902576627692473,8,231.0,-0.5900000000000001
9135.0,6,120.0,3.6363636363636362,6.891800474154846,6,6,120.0,0.30803962020371417,5.697786224634187,6.891800474154846,6,120.0,1.11
9140.0,4,67.0,2.09375,8.532906520069782,4,4,19.0,0.41978538025266454,7.7687552048981585,8.532906520069782,4,19.0,1.01
9145.0,7,87.0,2.4857142857142858,8.3485736408492,7,7,87.0,0.4019835767186212,7.206986797778945,8.3485736408492,7,87.0,-0.6799999999999999
9150.0,8,70.0,2.1875,8.10220216707302,8,8,70.0,0.394011709118832,7.246054849235783,8.10220216707302,8,70.0,0.17000000000000004
9155.0,8,110.0,3.4375,8.907723874075941,8,8,65.0,0.4267408686698695,7.986456392795753,8.907723874075941,8,65.0,0.04999999999999993
9160.0,10,154.0,4.4,7.060736146847498,10,10,154.0,0.2770644127440069,5.058270815578414,7.060736146847498,10,154.0,-0.89
9165.0,8,158.0,4.787878787878788,7.765249819999682,8,8,158.0,0.356578480167941,6.585780018449553,7.765249819999682,8,158.0,-0.040000000000000036
9170.0,7,188.0,5.529411764705882,6.9633725394645785,7,7,175.0,0.3062367079109927,5.465423628942906,6.9633725394645785,7,175.0,-0.16999999999999993
9175.0,9,232.0,6.823529411764706,7.766513935070122,9,9,232.0,0.36888739927968867,6.489401179810723,7.766513935070122,9,232.0,-0.5699999999999998
9180.0,6,141.0,4.548387096774194,7.653892512838103,6,6,141.0,0.3771955545633688,6.8499694805646545,7.653892512838103,6,141.0,0.9099999999999999
9185.0,6,135.0,3.9705882352941178,7.198750632222828,6,6,83.0,0.3371341264181092,6.01646614093578,7.198750632222828,6,83.0,0.58
9190.0,6,165.0,4.852941176470588,8.746180906575633,6,6,165.0,0.459135965391371,8.061287603646266,8.746180906575633,6,165.0,-0.82
9195.0,6,54.0,1.588235294117647,7.153977067093632,6,6,54.0,0.32536817428143994,5.987660572647963,7.153977067093632,6,54.0,1.1099999999999999
9200.0,4,36.0,1.0588235294117647,8.698290319770575,4,4,-19.0,0.43799753014860426,8.161446017579731,8.698290319770575,4,-19.0,0.73
9205.0,7,56.0,1.5135135135135136,8.514685911045795,7,7,56.0,0.4279408603224698,7.620158698758967,8.514685911045795,7,56.0,-0.75
9210.0,5,40.0,1.1428571428571428,8.548876421288472,5,5,40.0,0.41433175540946643,7.820733281732591,8.548876421288472,5,40.0,0.16000000000000003
9215.0,5,65.0,1.9696969696969697,9.341409845255653,5,5,43.0,0.4822595593854036,8.970353020269117,9.341409845255653,5,43.0,-0.02999999999999997
9220.0,7,94.0,2.611111111111111,7.910905252718485,7,7,94.0,0.3455859404245521,6.19829363521364,7.910905252718485,7,94.0,-0.51
9225.0,6,95.0,2.7142857142857144,8.564270360682826,6,6,95.0,0.403995359040208,7.666838009949385,8.564270360682826,6,95.0,-0.010000000000000009
9230.0,5,119.0,3.5,8.230140708287243,5,5,106.0,0.34583962758520986,6.54880236849009,8.230140708287243,5,106.0,-0.1100000000000001
9235.0,7,151.0,4.4411764705882355,8.611843186545578,7,7,151.0,0.40203143935961483,7.308821396696199,8.611843186545578,7,151.0,-0.44999999999999996
9240.0,4,61.0,1.8484848484848484,8.371867974502605,4,4,61.0,0.39739757865325304,7.333641653497314,8.371867974502605,4,61.0,0.9
9245.0,4,44.0,1.2571428571428571,7.682900993644109,4,4,1.0,0.33483637881345146,6.2281965744289005,7.682900993644109,4,1.0,0.6
9250.0,4,64.0,1.9393939393939394,8.905637479088199,4,4,64.0,0.4617115906661625,8.210112667442063,8.905637479088199,4,64.0,-0.63
9255.0,6,79.0,2.393939393939394,7.441800346822428,6,6,79.0,0.36874937518174916,6.17064975497857,7.441800346822428,6,79.0,-0.15000000000000002
9260.0,7,113.0,3.4242424242424243,8.170310016649086,7,7,107.0,0.415097677564901,7.125036088908656,8.170310016649086,7,107.0,-0.28
9265.0,10,148.0,4.484848484848484,8.10373253179696,10,10,148.0,0.42372380778685786,7.27098884511498,8.10373253179696,10,148.0,-0.4099999999999999
9270.0,6,104.0,3.466666666666667,7.765283126095897,6,6,104.0,0.397477941310454,6.989054294457722,7.765283126095897,6,104.0,0.43999999999999995
9275.0,5,127.0,4.233333333333333,8.767348510360584,5,5,94.0,0.49532860932033607,8.529859990583898,8.767348510360584,5,94.0,0.10000000000000009
9280.0,7,156.0,4.7272727272727275,7.634788328518348,7,7,156.0,0.38388400620896845,6.442283762355089,7.634788328518348,7,156.0,-0.6200000000000001
9285.0,6,103.0,3.121212121212121,7.7559216681542775,6,6,103.0,0.3788034135570738,6.799888555140823,7.7559216681542775,6,103.0,0.53
9290.0,4,98.0,2.8823529411764706,7.702676640933428,4,4,70.0,0.3681003685789029,6.630063829431802,7.702676640933428,4,70.0,0.33000000000000007
9295.0,5,123.0,3.84375,8.638046581634203,5,5,123.0,0.42872530038239304,7.774953607437543,8.638046581634203,5,123.0,-0.53
9300.0,6,153.0,4.78125,8.575983190018906,6,6,153.0,0.40338385983453057,7.204840034422476,8.575983190018906,6,153.0,-0.30000000000000004
9305.0,5,151.0,4.4411764705882355,7.515974519771504,5,5,151.0,0.3487596299268961,6.386885243129306,7.515974519771504,5,151.0,0.020000000000000018
9310.0,5,176.0,5.333333333333333,8.664562932612261,5,5,160.0,0.4545425942089751,8.03521122060417,8.664562932612261,5,160.0,-0.09000000000000008
9315.0,6,203.0,5.8,8.06046312115222,6,6,203.0,0.40577269934611204,6.8454679368812865,8.06046312115222,6,203.0,-0.4299999999999997
9320.0,5,153.0,4.636363636363637,8.449335648010276,5,5,153.0,0.4468959982865754,7.848954866431029,8.449335648010276,5,153.0,0.4999999999999998
9325.0,6,160.0,4.571428571428571,8.516597926371716,6,6,125.0,0.43417289930252984,7.780706923721479,8.516597926371716,6,125.0,0.28
9330.0,5,179.0,5.264705882352941,8.821177489591983,5,5,179.0,0.4605070867276449,8.156806306445072,8.821177489591983,5,179.0,-0.54
9335.0,5,202.0,6.3125,8.97113273255631,5,5,202.0,0.5013182731242827,9.16092827324917,8.97113273255631,5,202.0,-0.22999999999999998
9340.0,8,232.0,6.628571428571429,7.5393460876485845,8,8,231.0,0.31521979075795103,5.759741933312672,7.5393460876485845,8,231.0,-0.29000000000000004
9345.0,8,272.0,8.242424242424242,8.16357872545648,8,8,272.0,0.3952462173497274,7.113366259794772,8.16357872545648,8,272.0,-0.41000000000000014
9350.0,7,99.0,3.0,7.180065103638827,7,7,99.0,0.3228369597493206,6.203196895898877,7.180065103638827,7,99.0,1.7300000000000002
9355.0,8,135.0,4.21875,7.647826641036771,8,8,9.0,0.3577168564184861,6.866541188572123,7.647826641036771,8,9.0,0.9
9360.0,8,175.0,5.833333333333333,7.2907868706444,8,8,175.0,0.3393981256248224,6.326810392018883,7.2907868706444,8,175.0,-1.66
9365.0,9,209.0,6.147058823529412,6.6827056738678,9,9,209.0,0.2821350070672279,5.4600009974847135,6.6827056738678,9,209.0,-0.33999999999999986
9370.0,9,254.0,7.696969696969697,7.762562793177491,9,9,245.0,0.3621111317575068,6.748480826946005,7.762562793177491,9,245.0,-0.3600000000000003
9375.0,11,302.0,9.151515151515152,6.686134886718002,11,11,302.0,0.3073839150796193,5.560478360949943,6.686134886718002,11,302.0,-0.5699999999999998
9380.0,11,357.0,10.818181818181818,7.557606575137899,11,11,357.0,0.3515033754675558,6.665427161967606,7.557606575137899,11,357.0,-0.5499999999999998
9385.0,12,241.0,6.885714285714286,6.500356165522331,12,12,241.0,0.26661050549278653,5.132856288732669,6.500356165522331,12,241.0,1.1599999999999997
9390.0,7,201.0,5.742857142857143,7.590752153144177,7,7,138.0,0.3545308981766702,6.546355901799587,7.590752153144177,7,138.0,1.0300000000000002
9395.0,7,236.0,7.151515151515151,8.471111955567508,7,7,236.0,0.424597051139157,7.705167135681597,8.471111955567508,7,236.0,-0.98
9400.0,9,104.0,3.1515151515151514,6.616837857036773,9,9,104.0,0.2826495686140773,5.375353637977166,6.616837857036773,9,104.0,1.3199999999999998
9405.0,6,50.0,1.5625,7.896492734894952,6,6,-14.0,0.37508381651026024,7.105896298333272,7.896492734894952,6,-14.0,1.1800000000000002
9410.0,9,82.0,2.484848484848485,6.757081312915256,9,9,82.0,0.30925703434123725,5.542144090395322,6.757081312915256,9,82.0,-0.96
9415.0,8,77.0,2.3333333333333335,7.304282339001488,8,8,77.0,0.3290683266783551,6.206826459299718,7.304282339001488,8,77.0,0.04999999999999993
9420.0,7,106.0,3.212121212121212,7.64981867206783,7,7,93.0,0.3525393518612146,6.497355485758629,7.64981867206783,7,93.0,-0.16000000000000003
9425.0,9,147.0,4.2,6.978709219389133,9,9,147.0,0.31037688374784744,5.632888207198368,6.978709219389133,9,147.0,-0.5399999999999999
9430.0,7,101.0,2.9705882352941178,7.4916732166098345,7,7,101.0,0.3635436210316123,6.8235628352952995,7.4916732166098345,7,101.0,0.45999999999999996
9435.0,7,125.0,3.3783783783783785,7.122552156102727,7,7,87.0,0.31316260120585804,5.879653544362112,7.122552156102727,7,87.0,0.14
9440.0,8,165.0,4.45945945945946,8.478119739083564,8,8,165.0,0.4083865160274664,7.596976000833582,8.478119739083564,8,165.0,-0.7799999999999999
9445.0,8,109.0,2.725,7.736260019635691,8,8,109.0,0.34443524783275714,6.454268245901698,7.736260019635691,8,109.0,0.5599999999999998
9450.0,6,97.0,2.5526315789473686,8.283570498751494,6,6,69.0,0.35735882806774305,7.037661846992963,8.283570498751494,6,69.0,0.40000000000000013
9455.0,5,121.0,3.4571428571428573,8.89760815255833,5,5,121.0,0.4147882960799708,8.020018459325831,8.89760815255833,5,121.0,-0.52
9460.0,10,99.0,2.75,6.962041880134922,10,10,99.0,0.2686100122481443,5.188525513749943,6.962041880134922,10,99.0,0.21999999999999997
9465.0,10,149.0,4.138888888888889,7.9219704970355815,10,10,94.0,0.34455115040777884,6.466411878006097,7.9219704970355815,10,94.0,0.050000000000000044
9470.0,13,201.0,5.583333333333333,6.6476973630172616,13,13,201.0,0.25183197509612,4.6150644756631625,6.6476973630172616,13,201.0,-1.0699999999999998
9475.0,10,147.0,4.323529411764706,7.301298100534272,10,10,147.0,0.2923935876142576,5.67035510819395,7.301298100534272,10,147.0,0.5399999999999998
9480.0,8,164.0,4.96969696969697,7.341223697129011,8,8,120.0,0.31291490322162785,5.714170550705433,7.341223697129011,8,120.0,0.27
9485.0,10,212.0,6.057142857142857,7.021356130056205,10,10,212.0,0.3157681461347914,5.6484787500863485,7.021356130056205,10,212.0,-0.9200000000000002
9490.0,8,172.0,5.212121212121212,7.377829279294387,8,8,172.0,0.34524640145409874,6.432355118109394,7.377829279294387,8,172.0,0.40000000000000013
9495.0,8,199.0,5.527777777777778,6.916296329469684,8,8,161.0,0.28781539717499777,5.393398736507248,6.916296329469684,8,161.0,0.10999999999999988
9500.0,9,244.0,7.176470588235294,8.146449892984355,9,9,244.0,0.3874635046318702,7.148279907373018,8.146449892984355,9,244.0,-0.8299999999999998
9505.0,12,289.0,8.027777777777779,7.326028468617001,12,12,289.0,0.3220359057775356,6.002476118010601,7.326028468617001,12,289.0,-0.4500000000000002
9510.0,12,345.0,10.147058823529411,7.394572890533036,12,12,345.0,0.31162064563137976,6.03749911986211,7.394572890533036,12,345.0,-0.56
9515.0,12,405.0,11.911764705882353,7.595312343517249,12,12,405.0,0.32329660356668904,6.132636247918369,7.595312343517249,12,405.0,-0.5999999999999996
9520.0,11,282.0,7.833333333333333,6.205531833416533,11,11,282.0,0.2397056325383261,4.436579355111006,6.205531833416533,11,282.0,1.23
9525.0,7,128.0,3.657142857142857,7.232508229468569,7,7,69.0,0.3356867789641605,6.029443287903021,7.232508229468569,7,69.0,2.13
9530.0,6,148.0,3.8947368421052633,7.341681163736297,6,6,148.0,0.34154319023903307,6.020806496817998,7.341681163736297,6,148.0,-0.79
9535.0,8,73.0,1.972972972972973,7.194940273156828,8,8,73.0,0.3190907906004281,5.913439632711108,7.194940273156828,8,73.0,0.75
9540.0,9,94.0,2.764705882352941,6.830610807611935,9,9,51.0,0.29296574541540477,5.3123983824260925,6.830610807611935,9,51.0,0.21999999999999997
9545.0,10,141.0,3.810810810810811,6.672706488257557,10,10,140.0,0.2643606422010097,4.828124957008673,6.672706488257557,10,140.0,-0.8899999999999999
9550.0,10,107.0,3.057142857142857,7.372872465753944,10,10,107.0,0.31991850735892124,5.953017075492909,7.372872465753944,10,107.0,0.32999999999999985
9555.0,10,145.0,4.142857142857143,6.655712077600567,10,10,107.0,0.2769021894320984,5.239932990918509,6.655712077600567,10,107.0,0.0
9560.0,11,200.0,5.714285714285714,7.9068155009455445,11,11,200.0,0.3550920265895429,6.580038936472472,7.9068155009455445,11,200.0,-0.9299999999999999
9565.0,12,202.0,5.315789473684211,7.033181516522796,12,12,202.0,0.2950168704298891,5.395547210824333,7.033181516522796,12,202.0,-0.020000000000000018
9570.0,9,236.0,6.555555555555555,7.892903812069305,9,9,222.0,0.3671008863930586,6.642684253562584,7.892903812069305,9,222.0,-0.20000000000000018
9575.0,9,281.0,7.805555555555555,8.074640949151982,9,9,281.0,0.39036013869696623,6.6326596108593545,8.074640949151982,9,281.0,-0.5899999999999999
9580.0,9,193.0,5.078947368421052,6.6393202871619055,9,9,193.0,0.2923993096935456,4.817772576122942,6.6393202871619055,9,193.0,0.8800000000000001
9585.0,5,47.0,1.3428571428571427,7.559032605165261,5,5,4.0,0.36220411507980366,6.231787840898412,7.559032605165261,5,4.0,1.89
9590.0,4,58.0,1.5263157894736843,8.276604941586108,4,4,58.0,0.42197951736750744,7.263322676053454,8.276604941586108,4,58.0,-0.5399999999999999
9595.0,7,68.0,1.7894736842105263,7.824402344953051,7,7,68.0,0.34152542803161734,6.368211404813126,7.824402344953051,7,68.0,-0.10000000000000009
9600.0,10,117.0,3.4411764705882355,7.430439161254178,10,10,105.0,0.3174053132985506,5.876810826320208,7.430439161254178,10,105.0,-0.37
9605.0,13,177.0,4.657894736842105,6.629251282527993,13,13,177.0,0.2566256670896127,4.739162481082679,6.629251282527993,13,177.0,-0.72
9610.0,10,150.0,4.166666666666667,7.217726958545297,10,10,150.0,0.3245048336598406,6.010343507933811,7.217726958545297,10,150.0,0.27
9615.0,11,189.0,4.973684210526316,6.447305740644884,11,11,150.0,0.2704124696656599,4.932023399357144,6.447305740644884,11,150.0,0.0
9620.0,11,244.0,6.777777777777778,7.387326359003637,11,11,244.0,0.35819385626530637,6.4490243743303814,7.387326359003637,11,244.0,-0.94
9625.0,12,202.0,5.17948717948718,6.887074568653338,12,12,202.0,0.316760950474132,5.777387364289935,6.887074568653338,12,202.0,0.41999999999999993
9630.0,9,234.0,6.0,7.595980216535011,9,9,194.0,0.3494594644698797,6.423215462239661,7.595980216535011,9,194.0,0.08000000000000007
9635.0,9,279.0,7.75,8.207553826512056,9,9,279.0,0.40790855792661884,7.363575572475023,8.207553826512056,9,279.0,-0.8500000000000001
9640.0,10,191.0,5.162162162162162,6.5314154569374,10,10,191.0,0.28252260907094934,5.202903925800711,6.5314154569374,10,191.0,0.8800000000000001
9645.0,5,46.0,1.3142857142857143,7.528872303169696,5,5,3.0,0.3540995778373158,6.7036305381388335,7.528872303169696,5,3.0,1.88
9650.0,5,59.0,1.5526315789473684,7.254480652421583,5,5,59.0,0.3315430539703765,6.033008701641177,7.254480652421583,5,59.0,-0.5599999999999999
9655.0,6,89.0,2.5428571428571427,8.240847119485242,6,6,89.0,0.4138184875093652,7.531860486314767,8.240847119485242,6,89.0,-0.30000000000000004
9660.0,5,58.0,1.6571428571428573,8.25326797306196,5,5,58.0,0.39726298994875997,7.245819969254643,8.25326797306196,5,58.0,0.31000000000000005
9665.0,7,89.0,2.4054054054054053,7.5777848480788785,7,7,61.0,0.32867805128758126,6.139805094871698,7.5777848480788785,7,61.0,-0.030000000000000027
9670.0,7,124.0,3.3513513513513513,8.557925642685944,7,7,124.0,0.42274979045171246,7.670702737391539,8.557925642685944,7,124.0,-0.63
9675.0,9,162.0,4.05,7.758632166092944,9,9,162.0,0.33406450098849366,5.9945752749545775,7.758632166092944,9,162.0,-0.3800000000000001
9680.0,6,118.0,2.95,8.717608744201963,6,6,118.0,0.42051122555042986,7.813358932961789,8.717608744201963,6,118.0,0.44000000000000017
9685.0,9,137.0,3.5128205128205128,8.209939044028994,9,9,101.0,0.3636265096188904,6.655969647112862,8.209939044028994,9,101.0,0.16999999999999993
9690.0,7,170.0,4.358974358974359,8.821199816255934,7,7,170.0,0.41918354265166685,7.632412027403788,8.821199816255934,7,170.0,-0.69
9695.0,4,97.0,2.6216216216216215,8.940313439187737,4,4,97.0,0.4485339675244336,8.305192291639399,8.940313439187737,4,97.0,0.73
9700.0,4,79.0,2.323529411764706,8.134269116664253,4,4,46.0,0.38758108026286264,6.8866646622346845,8.134269116664253,4,46.0,0.51
9705.0,5,102.0,3.090909090909091,9.187593416868156,5,5,102.0,0.47768797501626614,8.449223401142019,9.187593416868156,5,102.0,-0.56
9710.0,4,99.0,2.8285714285714287,7.836131015158279,4,4,99.0,0.3454885774705214,6.209697840288974,7.836131015158279,4,99.0,0.030000000000000027
9715.0,6,126.0,3.8181818181818183,8.50834620801724,6,6,108.0,0.4159666102324854,7.298373246681759,8.50834620801724,6,108.0,-0.09000000000000008
9720.0,6,156.0,5.032258064516129,8.979845157019225,6,6,156.0,0.46457601095543155,7.970026840841947,8.979845157019225,6,156.0,-0.48
9725.0,7,77.0,2.3333333333333335,7.692369889111915,7,7,77.0,0.3312220230850976,6.170555194105699,7.692369889111915,7,77.0,0.79
9730.0,7,112.0,3.5,8.271604629576863,7,7,30.0,0.39291767463835864,7.115272031496388,8.271604629576863,7,30.0,0.47000000000000003
9735.0,9,151.0,4.314285714285714,7.421110435010607,9,9,151.0,0.3352537251960083,5.946476617598183,7.421110435010607,9,151.0,-1.21
9740.0,7,118.0,3.6875,7.8004298043751215,7,7,118.0,0.36271292024757057,6.898589727056451,7.8004298043751215,7,118.0,0.33000000000000007
9745.0,9,141.0,4.147058823529412,7.886002326655268,9,9,113.0,0.3718019195825821,6.969242465081266,7.886002326655268,9,113.0,0.050000000000000044
9750.0,8,177.0,5.363636363636363,8.369173722349087,8,8,177.0,0.3984221684416088,7.59966724732693,8.369173722349087,8,177.0,-0.6400000000000001
9755.0,6,86.0,2.606060606060606,8.208295192421227,5,6,85.0,0.3896030918717266,7.684185787131205,8.208295192421227,5,85.0,0.92
9760.0,8,78.0,2.3636363636363638,7.099190169989388,8,8,27.0,0.27241193529839647,5.254549140892615,7.099190169989388,8,27.0,0.58
9765.0,6,105.0,3.5,8.140138661088775,6,6,105.0,0.3847260740221373,7.266407808686731,8.140138661088775,6,105.0,-0.78
9770.0,7,47.0,1.4242424242424243,6.494585407421573,7,7,47.0,0.2737824206596066,5.174310285324228,6.494585407421573,7,47.0,0.5800000000000001
9775.0,7,66.0,2.0,7.784089099950768,7,7,25.0,0.36107298756257605,6.6895500123430995,7.784089099950768,7,25.0,0.21999999999999997
9780.0,7,101.0,3.4827586206896552,8.177936483707127,7,7,101.0,0.4123578456022615,7.334603810267964,8.177936483707127,7,101.0,-0.76
9785.0,7,90.0,2.727272727272727,7.318843104411666,7,7,90.0,0.32500281927599467,6.231519050579305,7.318843104411666,7,90.0,0.10999999999999999
9790.0,5,97.0,2.9393939393939394,8.38918117514875,5,5,83.0,0.4134427328188996,7.755044507046446,8.38918117514875,5,83.0,0.07000000000000006
9795.0,7,125.0,3.5714285714285716,7.548221649709582,7,7,125.0,0.3594226424289196,6.308780824461643,7.548221649709582,7,125.0,-0.42000000000000004
9800.0,5,74.0,2.1142857142857143,8.212553461610357,5,5,74.0,0.42003955075084726,7.6923950152106215,8.212553461610357,5,74.0,0.51
9805.0,7,87.0,2.4857142857142858,8.492149881477722,7,7,50.0,0.43365818993866456,7.956741664920034,8.492149881477722,7,50.0,0.24
9810.0,6,111.0,3.264705882352941,8.813215308217787,6,6,111.0,0.43441319049756666,8.047462984756024,8.813215308217787,6,111.0,-0.6100000000000001
9815.0,6,141.0,4.147058823529412,9.205932844153043,6,6,141.0,0.44947257028478754,8.703374412135995,9.205932844153043,6,141.0,-0.2999999999999998
9820.0,8,115.0,3.2857142857142856,7.5871848449218415,8,8,115.0,0.2893764826852362,5.720311331998192,7.5871848449218415,8,115.0,0.26
9825.0,8,155.0,4.5588235294117645,8.57129245529388,8,8,98.0,0.37700689735146464,7.229768630314075,8.57129245529388,8,98.0,0.16999999999999993
9830.0,9,196.0,5.444444444444445,7.446892712715542,9,9,196.0,0.28555424847822325,5.419732683406467,7.446892712715542,9,196.0,-0.98
9835.0,11,251.0,6.972222222222222,7.789485658953081,11,11,251.0,0.2931332979400436,5.885073461470091,7.789485658953081,11,251.0,-0.5499999999999998
9840.0,11,306.0,9.0,7.233772566472994,11,11,306.0,0.25085273873249164,4.977983580364922,7.233772566472994,11,306.0,-0.5500000000000003
9845.0,11,224.0,6.787878787878788,6.338868046556781,11,11,224.0,0.24118343134532716,4.719085546001918,6.338868046556781,11,224.0,0.8199999999999998
9850.0,8,216.0,7.2,7.15423757561725,8,8,160.0,0.3395220157484425,6.375017854791367,7.15423757561725,8,160.0,0.6400000000000001
9855.0,10,260.0,7.878787878787879,6.7177714069935055,10,10,260.0,0.31446834705334803,5.731534703490898,6.7177714069935055,10,260.0,-1.0
9860.0,9,158.0,4.787878787878788,7.421770906180935,9,9,158.0,0.36182831034354046,6.676715640427041,7.421770906180935,9,158.0,1.02
9865.0,9,132.0,4.0,6.70197241719778,9,9,74.0,0.3212958687215121,5.708331879216338,6.70197241719778,9,74.0,0.8400000000000001
9870.0,8,171.0,5.34375,7.716265207272169,8,8,171.0,0.3995038358492186,6.924077631624293,7.716265207272169,8,171.0,-0.97
9875.0,7,81.0,2.6129032258064515,7.971470908820409,7,7,81.0,0.4195271877792297,7.498779193821532,7.971470908820409,7,81.0,0.8999999999999999
9880.0,7,76.0,2.303030303030303,7.043531831752202,7,7,25.0,0.33138231831408277,5.97896665445686,7.043531831752202,7,25.0,0.56
9885.0,8,114.0,3.4545454545454546,8.047785988258731,8,8,114.0,0.3981082244125045,7.200291404673733,8.047785988258731,8,114.0,-0.8899999999999999
9890.0,7,115.0,3.1944444444444446,6.766228445310559,7,7,115.0,0.27273081587409026,5.178654822094981,6.766228445310559,7,115.0,-0.010000000000000009
9895.0,8,154.0,4.277777777777778,7.6616268651034005,8,8,141.0,0.32324883347669653,6.224162220019492,7.6616268651034005,8,141.0,-0.26
9900.0,8,194.0,5.388888888888889,8.100652540967737,8,8,194.0,0.36630875531842455,6.684453541592874,8.100652540967737,8,194.0,-0.53
9905.0,8,110.0,2.8205128205128207,7.084547209753735,8,8,110.0,0.28444083094595735,5.400724664166455,7.084547209753735,8,110.0,0.8399999999999999
9910.0,5,88.0,2.3783783783783785,8.599780135937522,5,5,45.0,0.41483723663925,7.75642461338954,8.599780135937522,5,45.0,0.6500000000000001
9915.0,6,114.0,3.081081081081081,8.045400820322376,6,6,114.0,0.3637896350599414,6.769371603906231,8.045400820322376,6,114.0,-0.69
9920.0,6,75.0,2.027027027027027,8.5679229303932,6,6,75.0,0.40502806343699166,7.763496938725329,8.5679229303932,6,75.0,0.3899999999999999
9925.0,7,94.0,2.5405405405405403,7.675877327996536,7,7,66.0,0.3098357138134749,5.938873581047354,7.675877327996536,7,66.0,0.08999999999999997
9930.0,7,128.0,3.5555555555555554,8.329939440388102,7,7,128.0,0.37283760011587014,6.999033837523903,8.329939440388102,7,128.0,-0.62
9935.0,6,126.0,3.8181818181818183,8.18089791335959,6,6,126.0,0.3862740087248716,7.166839104209585,8.18089791335959,6,126.0,0.020000000000000018
9940.0,8,162.0,4.764705882352941,7.432912917846015,8,8,149.0,0.34380824528370857,6.143152500392616,7.432912917846015,8,149.0,-0.22999999999999998
9945.0,9,205.0,6.029411764705882,8.236326940734155,9,9,205.0,0.3945830194970676,6.961565234894137,8.236326940734155,9,205.0,-0.5599999999999998
9950.0,7,143.0,4.085714285714285,6.617142003598848,7,7,143.0,0.2735534640142214,4.7987708523666965,6.617142003598848,7,143.0,0.6199999999999999
9955.0,7,165.0,4.714285714285714,7.92584846800009,7,7,122.0,0.3713092095544171,6.511161808135,7.92584846800009,7,122.0,0.20999999999999996
9960.0,7,200.0,5.882352941176471,8.770556265118492,7,7,200.0,0.4508715756426339,7.829678197237443,8.770556265118492,7,200.0,-0.78
9965.0,6,149.0,4.257142857142857,7.457097537121623,6,6,149.0,0.33972356500754647,6.052331550538292,7.457097537121623,6,149.0,0.51
9970.0,5,154.0,4.8125,8.616174415174001,5,5,125.0,0.4233853174075041,7.739379275004694,8.616174415174001,5,125.0,0.24
9975.0,6,180.0,5.142857142857143,8.272039546741874,6,6,180.0,0.396224469735315,6.980210224742442,8.272039546741874,6,180.0,-0.55
9980.0,6,71.0,2.088235294117647,8.508439669135413,6,6,71.0,0.4211975835309773,7.704149291205437,8.508439669135413,6,71.0,1.09
9985.0,9,101.0,2.8055555555555554,8.219256495619176,9,9,5.0,0.37603312400686534,6.810578244141255,8.219256495619176,9,5.0,0.6599999999999999
9990.0,9,141.0,4.147058823529412,8.230666077921668,9,9,141.0,0.3753861749125924,6.961502180090376,8.230666077921668,9,141.0,-1.3599999999999999
9995.0,6,95.0,2.878787878787879,8.54473670857762,6,6,95.0,0.4086707704327483,7.647882650192121,8.54473670857762,6,95.0,0.45999999999999996
10000.0,8,116.0,3.411764705882353,7.238892366850562,8,8,76.0,0.31357283969863353,5.638831062723563,7.238892366850562,8,76.0,0.18999999999999995
10005.0,8,156.0,4.7272727272727275,8.182958119479993,8,8,156.0,0.41468205582909834,7.1984300715861504,8.182958119479993,8,156.0,-0.8
10010.0,6,130.0,3.823529411764706,7.359973687396571,6,6,130.0,0.34789667363074006,6.072113654474622,7.359973687396571,6,130.0,0.26
10015.0,7,162.0,4.909090909090909,7.383346362056122,7,7,134.0,0.33141695088512446,6.094304778206703,7.383346362056122,7,134.0,-0.040000000000000036
10020.0,7,197.0,6.566666666666666,7.559208404515728,7,7,197.0,0.373503206776692,6.620824176867305,7.559208404515728,7,197.0,-0.6299999999999999
10025.0,7,92.0,2.7058823529411766,6.554034150449179,7,7,92.0,0.28744587592219645,5.326526823397917,6.554034150449179,7,92.0,1.0499999999999998
10030.0,5,69.0,2.0294117647058822,7.64725482842865,5,5,13.0,0.3650675645208369,6.953422732702651,7.64725482842865,5,13.0,0.79
10035.0,6,95.0,2.5675675675675675,7.157648763248439,6,6,95.0,0.30238547490224005,5.863558769093706,7.157648763248439,6,95.0,-0.82
10040.0,6,85.0,2.5,7.881307698087426,6,6,85.0,0.3789568307548874,7.291564374925871,7.881307698087426,6,85.0,0.09999999999999998
10045.0,10,120.0,3.4285714285714284,7.5008542509363805,10,10,98.0,0.3648164397577182,6.69535540878488,7.5008542509363805,10,98.0,-0.13
10050.0,9,164.0,4.823529411764706,8.103852277115061,9,9,164.0,0.40071144389016733,7.1831708955826885,8.103852277115061,9,164.0,-0.6599999999999999
10055.0,6,161.0,4.878787878787879,7.98801330786063,6,6,161.0,0.38670552144871345,7.257030570592026,7.98801330786063,6,161.0,0.029999999999999805
10060.0,8,183.0,5.083333333333333,7.165094794358168,8,8,171.0,0.3047126006215607,5.659196285307722,7.165094794358168,8,171.0,-0.09999999999999987
10065.0,8,223.0,6.194444444444445,8.27220513705076,8,8,223.0,0.40165382573967723,7.341156099573115,8.27220513705076,8,223.0,-0.52
10070.0,6,132.0,3.6666666666666665,6.909617152705346,6,6,132.0,0.28881774323366527,5.508888497521266,6.909617152705346,6,132.0,0.9099999999999999
10075.0,5,118.0,3.4705882352941178,8.067849817069733,5,5,74.0,0.37702196536417354,7.158988104579503,8.067849817069733,5,74.0,0.5800000000000001
10080.0,5,143.0,4.333333333333333,8.782146826797222,5,5,143.0,0.43234434588637727,7.9644987913067595,8.782146826797222,5,143.0,-0.69
10085.0,7,173.0,4.675675675675675,7.901774190496063,7,7,173.0,0.3530429603978068,6.532194494335368,7.901774190496063,7,173.0,-0.30000000000000004
10090.0,5,85.0,2.361111111111111,8.700508799554077,5,5,85.0,0.4229767239893389,7.966571812197606,8.700508799554077,5,85.0,0.88
10095.0,8,113.0,3.138888888888889,7.554963463110777,8,8,27.0,0.31341913237351804,5.810354113089655,7.554963463110777,8,27.0,0.58
10100.0,8,153.0,4.25,8.71000773288519,8,8,153.0,0.40147016627697657,7.520738470208793,8.71000773288519,8,153.0,-1.26
10105.0,9,90.0,2.3684210526315788,8.000239260203474,9,9,90.0,0.33377315448642497,6.343785496796729,8.000239260203474,9,90.0,0.63
10110.0,6,104.0,3.0588235294117645,8.499403399784818,6,6,63.0,0.40151820014171696,7.390012822292117,8.499403399784818,6,63.0,0.27
10115.0,6,134.0,4.0606060606060606,9.068472534243512,6,6,134.0,0.4702800717260615,8.327030714566387,9.068472534243512,6,134.0,-0.7100000000000001
10120.0,7,58.0,1.7575757575757576,7.2004460148393,7,7,58.0,0.3261072568380854,5.789926001015682,7.2004460148393,7,58.0,0.7600000000000001
10125.0,5,67.0,2.0303030303030303,8.651156291139689,5,5,23.0,0.4406710708589823,7.769225029430138,8.651156291139689,5,23.0,0.35
10130.0,5,92.0,2.7058823529411766,7.974409073923114,5,5,92.0,0.3857632271617629,6.598117350513661,7.974409073923114,5,92.0,-0.6900000000000001
10135.0,5,41.0,1.2424242424242424,8.12929980782307,5,5,41.0,0.39216180803312245,6.866262280612634,8.12929980782307,5,41.0,0.51
10140.0,4,57.0,1.9,9.1593760524288,4,4,22.0,0.4841518279574471,8.482821568599823,9.1593760524288,4,22.0,0.18999999999999997
10145.0,5,78.0,2.2941176470588234,8.408758527060206,5,5,78.0,0.40190875155808004,7.053392254790494,8.408758527060206,5,78.0,-0.56
10150.0,5,78.0,2.5161290322580645,8.896592029231124,5,5,78.0,0.4591461719531697,8.442682993996666,8.896592029231124,5,78.0,0.0
10155.0,6,105.0,3.088235294117647,8.461404177863356,6,6,80.0,0.3871939319326578,7.046050057866408,8.461404177863356,6,80.0,-0.020000000000000018
10160.0,8,141.0,4.147058823529412,8.692597298949009,8,8,141.0,0.38667506602262813,7.272785644972413,8.692597298949009,8,141.0,-0.6099999999999999
10165.0,7,81.0,2.3823529411764706,8.356130517101613,7,7,81.0,0.3590126521067222,6.9853590257264715,8.356130517101613,7,81.0,0.5999999999999999
10170.0,6,99.0,3.09375,8.406677889690485,6,6,58.0,0.3847626893552273,7.407377786981314,8.406677889690485,6,58.0,0.2300000000000001
10175.0,6,129.0,4.03125,8.908057491849126,6,6,129.0,0.43906968349559605,8.142210863704019,8.908057491849126,6,129.0,-0.7100000000000001
10180.0,6,56.0,1.696969696969697,7.286111874578631,6,6,56.0,0.3150298068494518,5.8899125001711,7.286111874578631,6,56.0,0.73
10185.0,5,65.0,2.1666666666666665,8.510825587072466,5,5,22.0,0.42051549170133024,7.8353764366311065,8.510825587072466,5,22.0,0.3400000000000001
10190.0,6,91.0,2.757575757575758,7.4930455167357755,6,6,91.0,0.3449129539377118,5.920286334564315,7.4930455167357755,6,91.0,-0.6900000000000001
10195.0,5,46.0,1.4838709677419355,8.089735417043594,5,5,46.0,0.38965547968310704,7.130103084803953,8.089735417043594,5,46.0,0.45
10200.0,4,60.0,2.0689655172413794,9.017537935090822,4,4,26.0,0.4813130058908269,8.814402381521447,9.017537935090822,4,26.0,0.2
10205.0,5,81.0,2.53125,8.288515357157127,5,5,81.0,0.40873315704250207,7.4428173295237015,8.288515357157127,5,81.0,-0.55
10210.0,5,78.0,2.5161290322580645,8.992055080041608,5,5,78.0,0.4649061452618987,9.039789201970711,8.992055080041608,5,78.0,0.030000000000000027
10215.0,6,104.0,3.0588235294117645,7.654170286976968,6,6,77.0,0.3190463418489548,6.164087321689267,7.654170286976968,6,77.0,0.010000000000000009
10220.0,8,144.0,4.363636363636363,8.38624549950501,8,8,144.0,0.38258324360485346,7.431098034514072,8.38624549950501,8,144.0,-0.6699999999999999
10225.0,8,83.0,2.3714285714285714,7.526536141279197,8,8,83.0,0.3193406653282894,6.296042223472194,7.526536141279197,8,83.0,0.61
10230.0,6,101.0,2.8857142857142857,8.411622053507006,6,6,61.0,0.39284755714559005,7.603163428972311,8.411622053507006,6,61.0,0.21999999999999997
10235.0,6,131.0,4.09375,8.875780023470814,6,6,131.0,0.44363352081656543,8.456679472170011,8.875780023470814,6,131.0,-0.7000000000000001
10240.0,7,61.0,1.7941176470588236,7.184785322057166,7,7,61.0,0.3021952138040863,5.934024854757241,7.184785322057166,7,61.0,0.7000000000000001
10245.0,5,68.0,2.0,8.544060213917088,5,5,25.0,0.3999496912981295,7.933467895729058,8.544060213917088,5,25.0,0.36
10250.0,6,94.0,2.8484848484848486,8.081589191010833,6,6,94.0,0.3538469618866421,6.886127236514045,8.081589191010833,6,94.0,-0.69
10255.0,5,46.0,1.4375,8.374443102987492,5,5,46.0,0.37924333487206613,7.649133191300202,8.374443102987492,5,46.0,0.4799999999999999
10260.0,4,60.0,2.0689655172413794,8.444316384098297,4,4,25.0,0.38146320120487154,7.455637916194001,8.444316384098297,4,25.0,0.21000000000000002
10265.0,6,88.0,2.838709677419355,8.107283182763075,6,6,88.0,0.3735951904348885,6.998440898886815,8.107283182763075,6,88.0,-0.63
10270.0,5,86.0,2.774193548387097,8.686504462842764,5,5,86.0,0.4161747807323402,8.193299780768951,8.686504462842764,5,86.0,0.020000000000000018
10275.0,7,115.0,3.3823529411764706,7.771725363943388,7,7,88.0,0.30510028998937244,5.933620891641814,7.771725363943388,7,88.0,-0.020000000000000018
10280.0,8,155.0,4.5588235294117645,8.670453099949375,8,8,155.0,0.3702520485385802,7.283669144919335,8.670453099949375,8,155.0,-0.67
10285.0,7,126.0,3.6,8.580621101080428,7,7,126.0,0.3646884338850598,7.38390902347943,8.580621101080428,7,126.0,0.29000000000000004
10290.0,7,156.0,4.457142857142857,8.765379869052632,7,7,128.0,0.38526388947678525,7.630457933011888,8.765379869052632,7,128.0,-0.020000000000000018
10295.0,7,191.0,6.161290322580645,9.024296003384704,7,7,191.0,0.42738941368762795,8.081249525345124,9.024296003384704,7,191.0,-0.6299999999999999
10300.0,6,83.0,2.515151515151515,7.292894651543652,6,6,83.0,0.3086411985069765,5.740728502167246,7.292894651543652,6,83.0,1.08
10305.0,4,60.0,2.0,8.924593191889018,4,4,4.0,0.43836929211899806,8.119175375386499,8.924593191889018,4,4.0,0.7899999999999999
10310.0,5,81.0,2.53125,7.990145923299719,5,5,81.0,0.3568044705309778,6.408868888168482,7.990145923299719,5,81.0,-0.77
10315.0,5,31.0,1.0,8.34933157880553,5,5,31.0,0.3800381452404485,7.128614472959326,8.34933157880553,5,31.0,0.5
10320.0,4,45.0,1.6071428571428572,8.652960486466553,4,4,10.0,0.3977223115902794,7.629095327288974,8.652960486466553,4,10.0,0.21
10325.0,5,68.0,2.193548387096774,8.427803078572088,5,5,68.0,0.38514516938879595,7.285247955127035,8.427803078572088,5,68.0,-0.5800000000000001
10330.0,7,73.0,2.3548387096774195,8.486096618623286,7,7,73.0,0.3964209786630094,7.523786513897341,8.486096618623286,7,73.0,-0.04999999999999993
10335.0,10,114.0,3.3529411764705883,7.3011341166306085,10,10,89.0,0.30356402457669407,5.399477190855343,7.3011341166306085,10,89.0,-0.16000000000000003
10340.0,10,164.0,5.290322580645161,7.940891475236642,10,10,164.0,0.3793708620521762,6.693762905141055,7.940891475236642,10,164.0,-0.7499999999999999
10345.0,10,126.0,3.7058823529411766,6.870745763859844,10,10,126.0,0.305110329392499,5.264365696246544,6.870745763859844,10,126.0,0.3799999999999999
10350.0,8,153.0,4.636363636363637,7.616614918249178,8,8,125.0,0.3771871591457835,6.373212719710935,7.616614918249178,8,125.0,0.010000000000000009
10355.0,8,193.0,6.03125,8.617306995715332,8,8,193.0,0.47340278009361875,7.874779897191089,8.617306995715332,8,193.0,-0.6799999999999999
10360.0,7,126.0,3.8181818181818183,6.674873883142739,7,7,126.0,0.31298191431052524,5.394136000318641,6.674873883142739,7,126.0,0.6699999999999999
10365.0,7,143.0,4.766666666666667,7.703710812954243,7,7,98.0,0.39732354952060867,6.860590512198685,7.703710812954243,7,98.0,0.28
10370.0,7,178.0,5.393939393939394,7.640629888484106,7,7,178.0,0.3750304320704251,6.375488871865372,7.640629888484106,7,178.0,-0.8
10375.0,7,83.0,2.59375,7.6615527800517595,7,7,83.0,0.358412835976181,6.47926588357155,7.6615527800517595,7,83.0,0.9500000000000001
10380.0,4,52.0,1.6774193548387097,8.506842753041933,4,4,8.0,0.41532069060555227,7.585276334518416,8.506842753041933,4,8.0,0.75
10385.0,6,76.0,2.303030303030303,7.798201746049446,6,6,76.0,0.37687417821867003,6.746558244662466,7.798201746049446,6,76.0,-0.68
10390.0,6,86.0,2.606060606060606,8.324987469671788,6,6,86.0,0.4129406015551444,7.785793133115413,8.324987469671788,6,86.0,-0.09999999999999998
10395.0,8,119.0,3.3055555555555554,7.151404079377128,8,8,107.0,0.2947007660295529,5.609774648188647,7.151404079377128,8,107.0,-0.21000000000000008
10400.0,8,159.0,4.542857142857143,8.29435900427896,8,8,159.0,0.3730131934388745,7.178179243856045,8.29435900427896,8,159.0,-0.52
10405.0,7,103.0,2.7837837837837838,8.067901295746625,7,7,103.0,0.3556613741357948,6.884968190932109,8.067901295746625,7,103.0,0.56
10410.0,6,117.0,3.4411764705882355,8.67480884738618,6,6,79.0,0.4173383038515136,7.902171514126367,8.67480884738618,6,79.0,0.24
10415.0,6,147.0,4.454545454545454,8.770325919729851,6,6,147.0,0.444470089967829,7.971870747374663,8.770325919729851,6,147.0,-0.6799999999999999
10420.0,7,94.0,2.611111111111111,7.245281712474096,7,7,94.0,0.3044113189902723,5.627297335591619,7.245281712474096,7,94.0,0.53
10425.0,6,104.0,2.888888888888889,8.027331357190162,6,6,76.0,0.36282253203636256,6.871171050377729,8.027331357190162,6,76.0,0.17999999999999994
10430.0,6,129.0,3.4864864864864864,7.4735481107051225,6,6,129.0,0.32635237337555106,5.914198483307091,7.4735481107051225,6,129.0,-0.53
10435.0,8,77.0,2.40625,7.335035362378338,8,8,77.0,0.3341520721133049,6.340029253960152,7.335035362378338,8,77.0,0.52
10440.0,8,117.0,3.65625,7.958515152232126,8,8,47.0,0.38261810888535996,7.1242650146993425,7.958515152232126,8,47.0,0.30000000000000004
10445.0,10,163.0,4.794117647058823,7.399700484737781,10,10,163.0,0.3360926525002856,6.317677399959997,7.399700484737781,10,163.0,-1.16
10450.0,8,160.0,4.705882352941177,7.572860781666437,8,8,160.0,0.3388966317037624,6.51701577298074,7.572860781666437,8,160.0,0.029999999999999805
10455.0,9,190.0,5.428571428571429,6.772790219792002,9,9,176.0,0.3005988199574483,5.426194380808092,6.772790219792002,9,176.0,-0.15999999999999992
10460.0,9,235.0,6.911764705882353,7.8138692064690725,9,9,235.0,0.3960021144665243,6.9926943808081,7.8138692064690725,9,235.0,-0.5900000000000001
10465.0,9,180.0,4.864864864864865,7.023030103235829,9,9,180.0,0.3254356993764536,5.940137911399613,7.023030103235829,9,180.0,0.55
10470.0,7,200.0,5.555555555555555,7.776496397881835,7,7,159.0,0.3857143720530086,6.9301952233350645,7.776496397881835,7,159.0,0.20999999999999996
10475.0,7,235.0,7.121212121212121,8.666981321184155,7,7,235.0,0.450416222514916,7.8833900027542,8.666981321184155,7,235.0,-0.76
10480.0,8,262.0,7.485714285714286,7.22377156635323,8,8,262.0,0.3103193991727737,5.709725854600599,7.22377156635323,8,262.0,-0.27
10485.0,9,307.0,9.303030303030303,7.784113164514219,9,9,299.0,0.35018795700420147,6.692608311229817,7.784113164514219,9,299.0,-0.3700000000000001
10490.0,9,352.0,10.057142857142857,6.689814700023161,9,9,352.0,0.27282702090099414,4.987517791218743,6.689814700023161,9,352.0,-0.5299999999999998
10495.0,9,178.0,5.393939393939394,7.2270786703977405,9,9,178.0,0.3285007174164556,6.230309483035416,7.2270786703977405,9,178.0,1.74
10500.0,4,52.0,1.5757575757575757,7.638814711278118,4,4,-31.0,0.33166532891563527,6.592169432870366,7.638814711278118,4,-31.0,2.09
10505.0,5,71.0,1.9189189189189189,7.861559899300466,5,5,71.0,0.35333988053524207,6.819894208143025,7.861559899300466,5,71.0,-1.02
10510.0,5,96.0,2.6666666666666665,8.662334799069491,5,5,96.0,0.43558444208937624,8.171950690426732,8.662334799069491,5,96.0,-0.25
10515.0,6,54.0,1.5,6.9919036722804995,6,6,54.0,0.28728681371017345,5.727753641680314,6.9919036722804995,6,54.0,0.41999999999999993
10520.0,6,82.0,2.411764705882353,8.194280590030315,6,6,51.0,0.3840946436329828,7.605341817972926,8.194280590030315,6,51.0,0.030000000000000027
10525.0,9,112.0,3.027027027027027,7.816124758926461,9,9,112.0,0.3433610358114044,6.689795676217684,7.816124758926461,9,112.0,-0.6100000000000001
10530.0,5,101.0,2.72972972972973,8.647002213595016,5,5,101.0,0.3971038914237187,8.145759796090857,8.647002213595016,5,101.0,0.1100000000000001
10535.0,4,117.0,3.4411764705882355,9.330834015241422,4,4,104.0,0.4486723912202279,8.66784729137691,9.330834015241422,4,104.0,-0.030000000000000027
10540.0,7,144.0,4.114285714285714,8.32034849019618,7,7,144.0,0.36306419986079125,6.599277905754047,8.32034849019618,7,144.0,-0.3999999999999999
10545.0,4,87.0,2.5588235294117645,9.066911676741476,4,4,87.0,0.4232208406773728,8.330744962895288,9.066911676741476,4,87.0,0.57
10550.0,3,94.0,2.5405405405405403,8.447605551931447,3,3,58.0,0.3539950472606671,6.875508017709417,8.447605551931447,3,58.0,0.29000000000000004
10555.0,5,118.0,3.3714285714285714,9.292217745974588,5,5,118.0,0.4356379970803999,8.369282829893072,9.292217745974588,5,118.0,-0.6
10560.0,3,41.0,1.2424242424242424,9.16663841138426,3,3,41.0,0.42983604090329325,8.643232036108211,9.16663841138426,3,41.0,0.77
10565.0,6,65.0,1.8571428571428572,8.47864397817827,6,6,-10.0,0.3573103391904921,6.847703559797378,8.47864397817827,6,-10.0,0.51
10570.0,6,95.0,2.7142857142857144,9.300933732818182,6,6,95.0,0.4360527819448757,8.338522097308784,9.300933732818182,6,95.0,-1.05
10575.0,10,129.0,4.03125,7.5020622385229085,10,10,129.0,0.2868706023829619,5.7780093193467135,7.5020622385229085,10,129.0,-0.3400000000000001
10580.0,6,120.0,3.870967741935484,8.493893946516756,6,6,120.0,0.3910188314882401,7.827803214124066,8.493893946516756,6,120.0,0.09000000000000008
10585.0,9,150.0,4.411764705882353,7.387195754006598,9,9,126.0,0.3221173556138049,6.069365712155734,7.387195754006598,9,126.0,-0.06000000000000005
10590.0,8,189.0,5.5588235294117645,8.206965031709071,8,8,189.0,0.3953304323880142,7.255324836068232,8.206965031709071,8,189.0,-0.6299999999999999
10595.0,5,94.0,3.032258064516129,8.49448201041686,5,5,94.0,0.4242497847905969,8.012660826540403,8.49448201041686,5,94.0,0.95
10600.0,5,81.0,2.53125,7.651706583075702,5,5,29.0,0.3349155276541639,6.272116896383877,7.651706583075702,5,29.0,0.6499999999999999
10605.0,6,111.0,3.7,8.754451058444221,6,6,111.0,0.4416034615407863,8.097953702252598,8.754451058444221,6,111.0,-0.8200000000000001
10610.0,5,37.0,1.2333333333333334,7.04813615866797,5,5,37.0,0.328662101298858,6.026412722028221,7.04813615866797,5,37.0,0.7400000000000001
10615.0,6,47.0,1.5666666666666667,7.7620498280932795,6,6,4.0,0.3401144925030326,6.488907907536217,7.7620498280932795,6,4.0,0.33
10620.0,5,71.0,2.4482758620689653,8.833273260120311,5,5,71.0,0.41446885044946336,7.87392607718181,8.833273260120311,5,71.0,-0.6699999999999999
10625.0,9,84.0,2.625,7.320656184279293,9,9,84.0,0.29083120127687534,5.813264167856254,7.320656184279293,9,84.0,-0.13
10630.0,9,129.0,4.03125,8.236027783762125,9,9,108.0,0.34674861093988496,6.858796162389787,8.236027783762125,9,108.0,-0.2400000000000001
10635.0,12,178.0,5.085714285714285,7.10221359201117,12,12,178.0,0.2502687836909616,4.957363720322624,7.10221359201117,12,178.0,-0.7
10640.0,9,184.0,5.75,8.003363994048442,9,9,184.0,0.3296169206540554,6.661020220746976,8.003363994048442,9,184.0,-0.06000000000000005
10645.0,10,218.0,6.606060606060606,7.308335761272517,10,10,204.0,0.2993297950598139,5.786298293477955,7.308335761272517,10,204.0,-0.19999999999999996
10650.0,10,267.0,8.090909090909092,7.842736067951588,10,10,267.0,0.3542069431566673,6.670310815112604,7.842736067951588,10,267.0,-0.6299999999999999
10655.0,7,191.0,6.366666666666666,7.4838463020916794,7,7,191.0,0.3542717592765257,6.72234738141591,7.4838463020916794,7,191.0,0.76
10660.0,7,191.0,5.96875,6.924294029087116,7,7,148.0,0.3061320252244642,5.7456682238455254,6.924294029087116,7,148.0,0.42999999999999994
10665.0,8,231.0,7.451612903225806,8.267658248431225,8,8,231.0,0.39286578956983464,7.358681279520515,8.267658248431225,8,231.0,-0.8300000000000001
10670.0,7,101.0,2.9705882352941178,6.702881384292723,7,7,101.0,0.2719240856492298,5.011273589475005,6.702881384292723,7,101.0,1.3
10675.0,5,50.0,1.5625,8.09943683135636,5,5,-15.0,0.36516847767798544,6.880049222236851,8.09943683135636,5,-15.0,1.16
10680.0,5,75.0,2.4193548387096775,9.102225550125281,5,5,75.0,0.44548697204037685,8.271303567922395,9.102225550125281,5,75.0,-0.9
10685.0,6,75.0,2.142857142857143,7.660620285984502,6,6,75.0,0.31771429364821363,6.224245049129905,7.660620285984502,6,75.0,0.0
10690.0,7,110.0,3.142857142857143,8.665886630974642,7,7,97.0,0.3901415247836586,7.556626380812331,8.665886630974642,7,97.0,-0.21999999999999997
10695.0,9,148.0,4.0,7.789827333479957,9,9,148.0,0.32404371872860566,6.010469411517422,7.789827333479957,9,148.0,-0.51
10700.0,6,143.0,3.9722222222222223,8.483366178262486,6,6,143.0,0.38772192898961333,7.43594034256815,8.483366178262486,6,143.0,0.050000000000000044
10705.0,8,161.0,4.351351351351352,8.04079639285438,8,8,148.0,0.3443574147406024,6.6140503223807725,8.04079639285438,8,148.0,-0.050000000000000044
10710.0,7,194.0,5.705882352941177,8.743956399816495,7,7,194.0,0.40617548733689707,7.728111167195847,8.743956399816495,7,194.0,-0.45999999999999996
10715.0,4,96.0,2.823529411764706,9.045474332439447,4,4,96.0,0.43591107172656307,8.58173445714863,9.045474332439447,4,96.0,0.98
10720.0,4,78.0,2.2285714285714286,8.164360886169026,4,4,28.0,0.3445361254740088,6.744103537128271,8.164360886169026,4,28.0,0.6799999999999999
10725.0,5,103.0,3.0294117647058822,9.51263352870708,5,5,103.0,0.45829771597605706,8.76536238335534,9.51263352870708,5,103.0,-0.75
10730.0,4,96.0,2.742857142857143,7.957780997785491,4,4,96.0,0.3097302891973278,5.93928758783436,7.957780997785491,4,96.0,0.07000000000000006
10735.0,6,126.0,3.8181818181818183,8.835713919854024,6,6,108.0,0.3964152988284802,7.5185639526619905,8.835713919854024,6,108.0,-0.1200000000000001
10740.0,6,156.0,5.032258064516129,9.218158135034978,6,6,156.0,0.4091310590033467,7.499096074844304,9.218158135034978,6,156.0,-0.48
10745.0,6,79.0,2.323529411764706,8.054823605576132,6,6,79.0,0.33419371623505456,6.453947452029401,8.054823605576132,6,79.0,0.77
10750.0,6,109.0,3.40625,9.101808169679213,6,6,27.0,0.42869364322588543,7.981317455403467,9.101808169679213,6,27.0,0.52
10755.0,8,142.0,4.057142857142857,7.890481234166451,8,8,142.0,0.3281028187234509,5.932181006675091,7.890481234166451,8,142.0,-1.15
10760.0,6,107.0,3.242424242424242,8.771233428996357,6,6,107.0,0.4097116288199448,7.7059986713301765,8.771233428996357,6,107.0,0.34999999999999987
10765.0,8,125.0,3.787878787878788,8.160698148368295,8,8,97.0,0.36952216481708533,6.818822056012017,8.160698148368295,8,97.0,0.10000000000000009
10770.0,7,157.0,4.757575757575758,8.604532671150327,7,7,157.0,0.40894293274793264,7.395223199117956,8.604532671150327,7,157.0,-0.6000000000000001
10775.0,5,59.0,1.903225806451613,9.33445445881941,4,5,58.0,0.4952386638365714,9.196040432888122,9.33445445881941,4,58.0,0.9900000000000001
10780.0,7,43.0,1.3870967741935485,7.503306057701413,7,7,-7.0,0.2813495229086165,5.445278580835229,7.503306057701413,7,-7.0,0.6499999999999999
10785.0,5,65.0,2.1666666666666665,8.972229608338589,5,5,65.0,0.40744729579427286,7.82724946034526,8.972229608338589,5,65.0,-0.72
10790.0,6,31.0,1.0333333333333334,6.667707652300807,6,6,31.0,0.2723689598290461,5.34678270692878,6.667707652300807,6,31.0,0.34
10795.0,7,65.0,2.1666666666666665,8.121544696180191,7,7,35.0,0.3650209590986971,7.007649571934433,8.121544696180191,7,35.0,-0.03999999999999998
10800.0,7,100.0,3.4482758620689653,8.356804291784515,7,7,100.0,0.3928567592189565,7.138337168208516,8.356804291784515,7,100.0,-0.65
10805.0,7,90.0,2.8125,7.407671752949543,7,7,90.0,0.3204326251892734,6.065376646838336,7.407671752949543,7,90.0,0.09999999999999998
10810.0,5,96.0,3.096774193548387,8.577854625414908,5,5,82.0,0.4190130702466596,7.699866804812727,8.577854625414908,5,82.0,0.08000000000000007
10815.0,7,124.0,3.757575757575758,7.574253678268164,7,7,124.0,0.36683944876614616,6.308947966330203,7.574253678268164,7,124.0,-0.42000000000000004
10820.0,5,73.0,2.212121212121212,8.332500980696388,5,5,73.0,0.43861942337663845,7.777243229543611,8.332500980696388,5,73.0,0.51
10825.0,7,86.0,2.5294117647058822,8.367332658265283,7,7,50.0,0.4355287577156693,7.6662734675956825,8.367332658265283,7,50.0,0.22999999999999998
10830.0,6,110.0,3.3333333333333335,8.73645446316362,6,6,110.0,0.44819725356633827,7.867092566174858,8.73645446316362,6,110.0,-0.6000000000000001
10835.0,5,84.0,2.5454545454545454,9.16644250073547,5,5,84.0,0.502590619174714,9.021892109719982,9.16644250073547,5,84.0,0.2600000000000001
10840.0,8,115.0,3.3823529411764706,7.8434099440536045,8,8,64.0,0.3074110756424624,5.54291752274413,7.8434099440536045,8,64.0,0.19999999999999996
10845.0,8,155.0,4.696969696969697,8.421121067628846,8,8,155.0,0.3721875168954296,6.830695300521906,8.421121067628846,8,155.0,-0.91
10850.0,5,92.0,2.7058823529411766,7.723637181803442,5,5,92.0,0.33039883056343927,6.205731382321212,7.723637181803442,5,92.0,0.63
10855.0,6,108.0,3.272727272727273,8.424737329768371,6,6,67.0,0.3840595982759347,7.175831465737974,8.424737329768371,6,67.0,0.25
10860.0,6,138.0,4.3125,8.499187395693513,6,6,138.0,0.40523322179635074,7.258122715859405,8.499187395693513,6,138.0,-0.7099999999999999
10865.0,6,65.0,1.911764705882353,7.498008461434275,6,6,65.0,0.3474681777727965,6.134817515914271,7.498008461434275,6,65.0,0.7299999999999999
10870.0,4,66.0,1.9411764705882353,8.881132631770393,4,4,23.0,0.44976858945716713,8.270411577006637,8.881132631770393,4,23.0,0.42000000000000004
10875.0,5,88.0,2.6666666666666665,8.186083600056225,5,5,88.0,0.40425654316863674,7.213216175235539,8.186083600056225,5,88.0,-0.65
10880.0,4,30.0,1.0,8.402614727654194,4,4,30.0,0.4508193405799733,8.17055113546116,8.402614727654194,4,30.0,0.5800000000000001
10885.0,6,38.0,1.1515151515151516,8.49697594076887,6,6,2.0,0.43319523873538823,7.75988363373722,8.49697594076887,6,2.0,0.27999999999999997
10890.0,5,59.0,1.84375,9.00327686108361,5,5,59.0,0.4692841402520387,8.299717412404629,9.00327686108361,5,59.0,-0.57
10895.0,5,84.0,2.7096774193548385,9.623948634332937,5,5,84.0,0.5131510733416781,9.503955769437146,9.623948634332937,5,84.0,-0.25
10900.0,6,111.0,3.264705882352941,8.01632190393725,6,6,111.0,0.3358334967902764,6.212543908816646,8.01632190393725,6,111.0,-0.27000000000000013
10905.0,8,151.0,4.575757575757576,8.69687435350988,8,8,151.0,0.3926358869200435,7.301235895925866,8.69687435350988,8,151.0,-0.3999999999999999
10910.0,5,89.0,2.6176470588235294,7.651242251310581,5,5,89.0,0.29425835249849075,5.560117260635433,7.651242251310581,5,89.0,0.62
10915.0,6,109.0,3.303030303030303,8.14524982679663,6,6,67.0,0.3754023420824601,6.880025139485748,8.14524982679663,6,67.0,0.21999999999999997
10920.0,6,139.0,4.483870967741935,8.69935059470731,6,6,139.0,0.44342487210299236,7.90540469348767,8.69935059470731,6,139.0,-0.7199999999999999
10925.0,6,61.0,1.7941176470588236,7.552337543830155,6,6,61.0,0.3439116415818834,6.3224008965100555,7.552337543830155,6,61.0,0.7799999999999999
10930.0,4,63.0,2.1,8.769127331227532,4,4,20.0,0.45013599343393373,8.316543718984606,8.769127331227532,4,20.0,0.41
10935.0,6,86.0,2.606060606060606,7.924459472974267,6,6,86.0,0.3819172825786148,6.7127743970028515,7.924459472974267,6,86.0,-0.6599999999999999
10940.0,4,33.0,1.03125,8.69067360369697,4,4,33.0,0.454054049943432,8.254314903553237,8.69067360369697,4,33.0,0.53
10945.0,6,41.0,1.28125,8.851224941110845,6,6,6.0,0.45031939995096915,8.356542188935764,8.851224941110845,6,6.0,0.27
10950.0,5,62.0,2.066666666666667,8.992888724508907,5,5,62.0,0.46022447250141557,8.467760922563984,8.992888724508907,5,62.0,-0.56
10955.0,5,87.0,2.9,9.470621183751321,5,5,87.0,0.49231936163102463,9.460296413412731,9.470621183751321,5,87.0,-0.25
10960.0,8,117.0,3.5454545454545454,7.893204983457105,8,8,117.0,0.3109778125360781,6.112556654042158,7.893204983457105,8,117.0,-0.29999999999999993
10965.0,8,157.0,4.757575757575758,8.601017426214725,8,8,157.0,0.38141920411072583,7.447179343509974,8.601017426214725,8,157.0,-0.40000000000000013
10970.0,7,92.0,2.7058823529411766,6.913938154540941,7,7,92.0,0.2638022333420375,5.035470267827853,6.913938154540941,7,92.0,0.65
10975.0,6,109.0,3.2058823529411766,8.103986956817371,6,6,67.0,0.3783628848805294,7.042739491095529,8.103986956817371,6,67.0,0.25
10980.0,6,139.0,4.34375,8.507363321059405,6,6,139.0,0.42645326078722007,7.626100507206427,8.507363321059405,6,139.0,-0.7199999999999999
10985.0,5,65.0,1.911764705882353,7.486408205109355,5,5,65.0,0.34939996632989423,6.298774953547093,7.486408205109355,5,65.0,0.7399999999999999
10990.0,4,65.0,2.096774193548387,8.938499031389073,4,4,22.0,0.4721395332784309,8.46889303508807,8.938499031389073,4,22.0,0.43000000000000005
10995.0,6,88.0,2.6666666666666665,8.04357824061976,6,6,88.0,0.4007586256177621,6.791696381810065,8.04357824061976,6,88.0,-0.66
11000.0,4,31.0,0.9393939393939394,8.858969645664102,4,4,31.0,0.4758512146735679,8.221586139064355,8.858969645664102,4,31.0,0.5700000000000001
11005.0,5,39.0,1.1818181818181819,8.853009168636866,5,5,3.0,0.45468992221006616,7.833164262808588,8.853009168636866,5,3.0,0.28
11010.0,5,61.0,2.033333333333333,9.028289220529322,5,5,61.0,0.46793016237797147,7.9430407294127985,9.028289220529322,5,61.0,-0.58
11015.0,3,60.0,2.0,9.731362466643288,3,3,60.0,0.5474441614284952,9.669941409362092,9.731362466643288,3,60.0,0.010000000000000009
11020.0,3,75.0,2.272727272727273,8.751247132188121,3,3,62.0,0.40667539785497886,7.187667389161863,8.751247132188121,3,62.0,-0.020000000000000018
11025.0,6,102.0,3.2903225806451615,9.112520890872908,6,6,102.0,0.4379124224559414,7.992577983367683,9.112520890872908,6,102.0,-0.4
11030.0,6,124.0,3.757575757575758,8.260957215219904,6,6,124.0,0.36158979868244434,6.784570839797996,8.260957215219904,6,124.0,-0.21999999999999997
11035.0,8,161.0,5.193548387096774,8.187332225120521,8,8,157.0,0.34690672541815126,6.581781122438056,8.187332225120521,8,157.0,-0.33000000000000007
11040.0,8,201.0,6.7,8.23909787267595,8,8,201.0,0.347164640640867,6.604742147978113,8.23909787267595,8,201.0,-0.4399999999999997
11045.0,9,101.0,3.2580645161290325,6.84681073288983,9,9,101.0,0.26475471565467223,5.268516108949756,6.84681073288983,9,101.0,0.9999999999999998
11050.0,5,82.0,2.7333333333333334,8.124781063726664,5,5,27.0,0.38745333609984234,7.269879838423657,8.124781063726664,5,27.0,0.74
11055.0,7,110.0,3.3333333333333335,7.503918869009177,7,7,110.0,0.3551983909185875,6.355683035317836,7.503918869009177,7,110.0,-0.8300000000000001
11060.0,6,63.0,2.032258064516129,8.149335549548914,6,6,63.0,0.4099838790923741,7.6083977084626015,8.149335549548914,6,63.0,0.4700000000000001
11065.0,8,81.0,2.53125,7.058608365464751,8,8,46.0,0.3282555355916144,6.187240117403181,7.058608365464751,8,46.0,0.16999999999999998
11070.0,6,111.0,3.5806451612903225,7.938056433617765,6,6,111.0,0.3923618352396568,7.329116422281322,7.938056433617765,6,111.0,-0.6500000000000001
11075.0,6,56.0,1.8064516129032258,8.001342950904602,6,6,56.0,0.407443854406257,7.695766281699252,8.001342950904602,6,56.0,0.55
11080.0,6,80.0,2.5806451612903225,6.752910759547428,6,6,43.0,0.3247315805997541,6.158421499286168,6.752910759547428,6,43.0,0.13000000000000006
11085.0,8,117.0,3.774193548387097,7.568005011025546,8,8,117.0,0.37036040417010035,6.958701657420138,7.568005011025546,8,117.0,-0.74
11090.0,7,70.0,2.0588235294117645,6.201170211805603,7,7,70.0,0.27448518170243863,4.894424315990799,6.201170211805603,7,70.0,0.47
11095.0,7,97.0,2.9393939393939394,7.457935436851785,7,7,69.0,0.3830901224828616,6.726776926776009,7.457935436851785,7,69.0,0.010000000000000009
11100.0,7,132.0,4.0,8.239013276951693,7,7,132.0,0.429089590529916,7.325541730988594,8.239013276951693,7,132.0,-0.6300000000000001
11105.0,7,80.0,2.1621621621621623,7.0967192878200525,7,7,80.0,0.319861379375156,5.653671202271616,7.0967192878200525,7,80.0,0.52
11110.0,7,89.0,2.6176470588235294,8.209099911117155,6,7,58.0,0.41609399981566975,7.486982244725747,8.209099911117155,6,58.0,0.22000000000000008
11115.0,6,112.0,3.027027027027027,7.096265861179814,6,6,112.0,0.3051189397889488,5.583946771131666,7.096265861179814,6,112.0,-0.5400000000000001
11120.0,9,80.0,2.1621621621621623,8.005644736761184,9,9,80.0,0.35654398766808193,6.678295464614858,8.005644736761184,9,80.0,0.32000000000000006
11125.0,9,102.0,2.8333333333333335,7.670848238567596,9,9,99.0,0.34398201552487423,6.435134322032934,7.670848238567596,9,99.0,-0.18999999999999995
11130.0,8,137.0,3.914285714285714,8.342268969446039,8,8,136.0,0.3816374955076701,7.207396270075492,8.342268969446039,8,136.0,-0.3700000000000001
11135.0,6,125.0,3.5714285714285716,8.350113576845997,6,6,125.0,0.39646456607366304,7.392594949985887,8.350113576845997,6,125.0,0.1100000000000001
11140.0,8,148.0,3.8947368421052633,7.493467655785341,8,8,134.0,0.3194048048315811,5.718947693680171,7.493467655785341,8,134.0,-0.09000000000000008
11145.0,8,188.0,5.529411764705882,8.566844450601273,8,8,188.0,0.41211554382792964,7.340195686069213,8.566844450601273,8,188.0,-0.5399999999999998
11150.0,6,124.0,3.6470588235294117,7.032477307490082,6,6,124.0,0.29574517847576864,5.329800706415343,7.032477307490082,6,124.0,0.6399999999999999
11155.0,6,139.0,4.088235294117647,8.23971296956292,6,6,97.0,0.3741505500469551,6.861936130639864,8.23971296956292,6,97.0,0.27
11160.0,6,169.0,5.451612903225806,9.217318879470758,6,6,169.0,0.46620668633833606,8.489917476925294,9.217318879470758,6,169.0,-0.72
11165.0,7,93.0,2.735294117647059,7.622202177614796,7,7,93.0,0.3287489544192288,6.265124443741327,7.622202177614796,7,93.0,0.7599999999999999
11170.0,7,128.0,3.878787878787879,8.605973754601303,7,7,48.0,0.40219568955641455,7.627324395612841,8.605973754601303,7,48.0,0.45000000000000007
11175.0,10,167.0,4.638888888888889,7.364212484610649,10,10,167.0,0.3038199808143229,5.594988199497949,7.364212484610649,10,167.0,-1.19
11180.0,7,98.0,2.8,8.333283295455274,7,7,98.0,0.3831099174377422,7.33058417776315,8.333283295455274,7,98.0,0.69
11185.0,7,99.0,2.75,7.705228522376351,7,7,57.0,0.3492026368948846,6.2659262742811075,7.705228522376351,7,57.0,0.41000000000000003
11190.0,7,134.0,3.9411764705882355,8.15269616394476,7,7,134.0,0.41784100467823104,7.272648468713395,8.15269616394476,7,134.0,-0.7700000000000001
11195.0,7,169.0,5.121212121212121,8.455529892621797,7,7,169.0,0.43962951813192946,7.846394396635623,8.455529892621797,7,169.0,-0.34999999999999987
11200.0,6,98.0,2.7222222222222223,7.696317501687629,6,6,98.0,0.34411178155105715,6.273496406893017,7.696317501687629,6,98.0,0.71
11205.0,6,108.0,3.272727272727273,8.451406845045252,6,6,65.0,0.41136902688220656,7.513687059101992,8.451406845045252,6,65.0,0.32999999999999996
11210.0,7,139.0,4.088235294117647,7.3093324086587,7,7,139.0,0.3367255383754529,5.8720563559883985,7.3093324086587,7,139.0,-0.7399999999999999
11215.0,6,59.0,1.7352941176470589,7.814625039400678,6,6,59.0,0.3583724133376342,6.709709456170136,7.814625039400678,6,59.0,0.7999999999999999
11220.0,4,56.0,1.8064516129032258,8.921183136964428,4,4,9.0,0.45887580804083167,8.44774306710248,8.921183136964428,4,9.0,0.5
11225.0,6,81.0,2.3823529411764706,8.300487696890904,6,6,81.0,0.3993603717120376,7.223585135814337,8.300487696890904,6,81.0,-0.7200000000000001
11230.0,6,85.0,2.5757575757575757,8.684254559280395,6,6,85.0,0.43624398790422636,8.079523212007919,8.684254559280395,6,85.0,-0.039999999999999925
11235.0,8,118.0,3.3714285714285714,7.546411810530195,8,8,94.0,0.3065269900906032,5.63679341807566,7.546411810530195,8,94.0,-0.08999999999999997
11240.0,9,163.0,4.9393939393939394,8.268343751205983,9,9,163.0,0.3733184465681235,6.947080870095863,8.268343751205983,9,163.0,-0.69
11245.0,9,107.0,2.9722222222222223,7.585628369757204,9,9,107.0,0.3214135776409141,6.030236694876719,7.585628369757204,9,107.0,0.5599999999999998
11250.0,7,126.0,3.8181818181818183,8.10405532034345,7,7,87.0,0.37554135600482386,6.987112537776552,8.10405532034345,7,87.0,0.20000000000000007
11255.0,7,161.0,4.878787878787879,8.76238176984676,7,7,161.0,0.4314671243283209,7.889984206203084,8.76238176984676,7,161.0,-0.7400000000000001
11260.0,6,91.0,2.6,7.328972229796342,6,6,91.0,0.30414683172755463,5.8622514146044775,7.328972229796342,6,91.0,0.7000000000000001
11265.0,6,106.0,3.3125,8.43179267303644,6,6,63.0,0.3909815433323896,7.494426094571763,8.43179267303644,6,63.0,0.28
11270.0,7,136.0,4.121212121212121,7.557548323245689,7,7,136.0,0.3490213170384968,6.356628912090129,7.557548323245689,7,136.0,-0.7300000000000001
11275.0,8,174.0,5.612903225806452,7.739605548583387,8,8,174.0,0.3596718975960138,6.808365940782273,7.739605548583387,8,174.0,-0.3799999999999999
11280.0,5,81.0,2.793103448275862,7.591393213805093,5,5,81.0,0.3540569443554749,6.763877423617101,7.591393213805093,5,81.0,0.9299999999999999
11285.0,5,69.0,2.090909090909091,7.61136458020429,5,5,21.0,0.35361006662457256,6.508733247256776,7.61136458020429,5,21.0,0.6000000000000001
11290.0,5,94.0,2.9375,8.828510504462827,5,5,94.0,0.45890284843233076,8.38632985898835,8.828510504462827,5,94.0,-0.73
11295.0,7,112.0,3.2,7.30657515170085,7,7,112.0,0.3259518597143264,6.129020381994531,7.30657515170085,7,112.0,-0.18000000000000016
11300.0,7,147.0,4.2,8.201390920482233,7,7,139.0,0.38311442373651106,7.521792985744764,8.201390920482233,7,139.0,-0.2699999999999998
11305.0,10,182.0,4.7894736842105265,7.871017852152925,10,10,182.0,0.34349900578673076,6.706719568361034,7.871017852152925,10,182.0,-0.43000000000000016
11310.0,6,109.0,3.0277777777777777,8.177235424346724,6,6,109.0,0.36907300647024033,7.3768248000468,8.177235424346724,6,109.0,0.73
11315.0,5,114.0,3.4545454545454546,8.365833754389614,5,5,69.0,0.405628807483602,7.69634177815405,8.365833754389614,5,69.0,0.40000000000000013
11320.0,8,147.0,4.323529411764706,7.563059125501961,8,8,147.0,0.3581151195459373,6.35587511544261,7.563059125501961,8,147.0,-0.78
11325.0,6,106.0,3.212121212121212,8.137430928050195,6,6,106.0,0.4103280385153787,7.479786056808121,8.137430928050195,6,106.0,0.4099999999999999
11330.0,5,123.0,3.5142857142857142,7.137882915622704,5,5,95.0,0.30925012727694656,5.477863189535002,7.137882915622704,5,95.0,0.1100000000000001
11335.0,7,158.0,4.787878787878788,8.142352934651614,7,7,158.0,0.3996764077818969,7.0112582991954815,8.142352934651614,7,158.0,-0.6300000000000001
11340.0,5,165.0,5.0,8.539487599525877,5,5,165.0,0.4353200648237201,8.044021555399505,8.539487599525877,5,165.0,-0.06999999999999984
11345.0,7,191.0,5.617647058823529,7.762173576858748,7,7,178.0,0.32200897370554066,6.277116176715981,7.762173576858748,7,178.0,-0.13000000000000012
11350.0,7,226.0,7.290322580645161,8.46125734046255,7,7,226.0,0.37541569799126817,7.347212215200349,8.46125734046255,7,226.0,-0.47999999999999976
11355.0,7,133.0,3.911764705882353,7.8415372209025005,7,7,133.0,0.3169866069500083,6.435753470847038,7.8415372209025005,7,133.0,0.9299999999999997
11360.0,8,170.0,5.0,8.834601246693339,8,8,80.0,0.36672294334174865,7.442178786481904,8.834601246693339,8,80.0,0.53
11365.0,12,211.0,5.861111111111111,7.54980013569416,12,12,211.0,0.2869081881427445,5.6768166629851295,7.54980013569416,12,211.0,-1.3099999999999998
11370.0,8,111.0,3.1714285714285713,8.3108377728483,8,8,111.0,0.3305598984781325,6.943904633492009,8.3108377728483,8,111.0,0.9999999999999998
11375.0,5,87.0,2.71875,8.871062358852765,5,5,32.0,0.40031461780830496,7.822590369556428,8.871062358852765,5,32.0,0.79
11380.0,7,116.0,3.515151515151515,7.962869633926247,7,7,116.0,0.35562443448885067,6.643394970461634,7.962869633926247,7,116.0,-0.8399999999999999
11385.0,7,111.0,3.5806451612903225,8.030273724515746,7,7,111.0,0.37019513225130046,7.129220367590871,8.030273724515746,7,111.0,0.04999999999999982
11390.0,9,148.0,4.625,6.330094268014987,9,9,126.0,0.25462466700832664,4.81595185218467,6.330094268014987,9,126.0,-0.1499999999999999
11395.0,9,193.0,6.433333333333334,7.429405223181158,9,9,193.0,0.36060324794139925,6.607530243998862,7.429405223181158,9,193.0,-0.6699999999999999
11400.0,6,101.0,3.4827586206896552,7.125140458658299,6,6,101.0,0.3527223928168294,6.500411106818756,7.125140458658299,6,101.0,0.9199999999999999
11405.0,6,94.0,2.8484848484848486,6.880487043731852,6,6,44.0,0.33229291657643284,5.996810892358538,6.880487043731852,6,44.0,0.5700000000000001
11410.0,6,124.0,3.757575757575758,8.47262472148576,6,6,124.0,0.44764463026026224,8.10529982507273,8.47262472148576,6,124.0,-0.8
11415.0,6,68.0,2.0,6.917103199533477,6,6,68.0,0.31290611321276857,5.809625294483114,6.917103199533477,6,68.0,0.5599999999999999
11420.0,6,79.0,2.323529411764706,7.828036540417721,6,6,51.0,0.3748014581137175,7.170009659403624,7.828036540417721,6,51.0,0.17000000000000004
11425.0,8,103.0,2.7837837837837838,7.827409569922567,8,8,103.0,0.3673900238858833,6.9747995553096525,7.827409569922567,8,103.0,-0.52
11430.0,7,106.0,2.864864864864865,7.79042886725775,7,7,106.0,0.355147694945475,6.99635691983399,7.79042886725775,7,106.0,-0.030000000000000027
11435.0,7,141.0,3.9166666666666665,8.215331698437538,7,7,128.0,0.40232468716723835,7.575970912938275,8.215331698437538,7,128.0,-0.21999999999999997
11440.0,10,182.0,4.918918918918919,7.296031261154016,10,10,182.0,0.31496321352227685,5.721538055694112,7.296031261154016,10,182.0,-0.54
11445.0,7,141.0,4.0285714285714285,8.04003355179692,7,7,141.0,0.359867104634868,6.957987713232481,8.04003355179692,7,141.0,0.41000000000000014
11450.0,6,163.0,4.2894736842105265,7.80173027208316,6,6,124.0,0.3234474210770969,6.193243651966922,7.80173027208316,6,124.0,0.16999999999999993
11455.0,8,199.0,5.685714285714286,8.332556348650106,8,8,199.0,0.3682524179050039,7.004157693874269,8.332556348650106,8,199.0,-0.75
11460.0,5,140.0,4.117647058823529,8.35687526211615,5,5,140.0,0.36978259253453793,7.231574485233015,8.35687526211615,5,140.0,0.5900000000000001
11465.0,6,134.0,3.8285714285714287,8.071928977122566,6,6,105.0,0.3376490194744239,6.516130858252211,8.071928977122566,6,105.0,0.34999999999999987
11470.0,5,159.0,4.96875,9.04350408503447,5,5,159.0,0.4435470251987789,8.14250605252164,9.04350408503447,5,159.0,-0.54
11475.0,6,176.0,5.333333333333333,7.416346812388999,6,6,176.0,0.32398895552151197,6.162749990726672,7.416346812388999,6,176.0,-0.16999999999999993
11480.0,7,211.0,6.393939393939394,8.270337975723622,7,7,203.0,0.383266156076799,7.452801139252394,8.270337975723622,7,203.0,-0.2699999999999998
11485.0,10,246.0,6.833333333333333,7.8102181340469095,10,10,246.0,0.3200053544041594,6.247982972193118,7.8102181340469095,10,246.0,-0.43000000000000016
11490.0,6,206.0,5.885714285714286,8.506736602606358,6,6,206.0,0.3941889222979812,7.512047870068331,8.506736602606358,6,206.0,0.3999999999999999
11495.0,5,226.0,7.290322580645161,9.016999761576264,5,5,192.0,0.44873587081163646,8.666697201142732,9.016999761576264,5,192.0,0.14000000000000012
11500.0,7,256.0,7.529411764705882,8.183464233479581,7,7,256.0,0.3645622786603528,6.8479394302527705,8.183464233479581,7,256.0,-0.6400000000000001
11505.0,6,212.0,6.424242424242424,8.49675635681192,5,6,211.0,0.41069262741780416,7.927310196621975,8.49675635681192,5,211.0,0.4500000000000002
11510.0,5,225.0,6.25,7.667367246724292,5,5,197.0,0.28640886974998414,5.435821182285215,7.667367246724292,5,197.0,0.1399999999999999
11515.0,6,254.0,7.696969696969697,8.685947380201078,6,6,254.0,0.38871703961034576,7.255206413426724,8.685947380201078,6,254.0,-0.5700000000000001
11520.0,7,282.0,9.096774193548388,8.296988821848098,7,7,282.0,0.3863241663795089,7.1538218798668485,8.296988821848098,7,282.0,-0.2799999999999998
11525.0,9,324.0,9.529411764705882,7.555306573918104,9,9,320.0,0.3182035866253129,5.711974462002375,7.555306573918104,9,320.0,-0.38000000000000034
11530.0,9,369.0,11.181818181818182,8.493511974589573,9,9,369.0,0.3822807015634145,7.049037808219957,8.493511974589573,9,369.0,-0.48999999999999977
11535.0,9,125.0,3.787878787878788,6.87857886772721,9,9,125.0,0.27600032183373374,5.197910909329119,6.87857886772721,9,125.0,2.44
11540.0,9,170.0,5.3125,8.044164932745822,9,9,19.0,0.3781270386608118,6.916624639659992,8.044164932745822,9,19.0,1.06
11545.0,11,215.0,6.515151515151516,7.236823924796288,11,11,215.0,0.32291087740631247,5.817738810412874,7.236823924796288,11,215.0,-1.96
11550.0,12,272.0,8.774193548387096,6.822229899889001,12,12,272.0,0.3002203015009733,5.6155450380058225,6.822229899889001,12,272.0,-0.5700000000000003
11555.0,9,221.0,7.366666666666666,7.337139025849679,9,9,221.0,0.34164731539181875,6.367704742716768,7.337139025849679,9,221.0,0.5100000000000002
11560.0,9,231.0,7.0,6.404010035646695,9,9,197.0,0.2826711155033893,5.136772107232859,6.404010035646695,9,197.0,0.24
11565.0,10,281.0,8.515151515151516,7.501116838428413,10,10,281.0,0.3634920877134985,6.473427919003499,7.501116838428413,10,281.0,-0.8400000000000001
11570.0,9,159.0,4.676470588235294,6.29460260182529,9,9,159.0,0.2711087883036486,5.022528594493641,6.29460260182529,9,159.0,1.22
11575.0,7,115.0,3.484848484848485,7.132864898952321,7,7,52.0,0.31020431641343993,5.908393004402684,7.132864898952321,7,52.0,1.07
11580.0,7,150.0,4.6875,7.896100725994632,7,7,150.0,0.37569157854125085,6.889149402869653,7.896100725994632,7,150.0,-0.98
11585.0,9,85.0,2.4285714285714284,6.496741327527263,9,9,85.0,0.27690568250143804,5.214032073413559,6.496741327527263,9,85.0,0.65
11590.0,8,109.0,3.1142857142857143,7.605294679670086,8,8,63.0,0.351934059926675,6.4626941663669735,7.605294679670086,8,63.0,0.21999999999999997
11595.0,11,152.0,4.3428571428571425,6.89176498751761,11,11,152.0,0.305839031901963,5.4571178932907225,6.89176498751761,11,152.0,-0.89
11600.0,8,151.0,4.314285714285714,7.8030374472711435,8,8,151.0,0.3531395563316082,6.623972467865084,7.8030374472711435,8,151.0,0.010000000000000009
11605.0,9,159.0,4.184210526315789,7.993391577223385,9,9,145.0,0.34194344983098984,6.589887574913225,7.993391577223385,9,145.0,0.06000000000000005
11610.0,8,195.0,5.131578947368421,8.689576096896657,8,8,195.0,0.38789253669258983,7.423928577971717,8.689576096896657,8,195.0,-0.5
11615.0,6,113.0,3.2285714285714286,8.289528799730023,6,6,113.0,0.36368188477297836,7.182131324904527,8.289528799730023,6,113.0,0.8200000000000001
11620.0,7,110.0,2.8947368421052633,7.868339007674081,7,7,67.0,0.31919879697093134,6.053925627121499,7.868339007674081,7,67.0,0.45999999999999985
11625.0,7,145.0,4.142857142857143,9.011737304133668,7,7,145.0,0.4303421918418217,7.94557462364998,9.011737304133668,7,145.0,-0.7799999999999999
11630.0,7,154.0,4.162162162162162,7.383956899954432,7,7,154.0,0.2940511010535739,5.433518501104775,7.383956899954432,7,154.0,-0.09000000000000008
11635.0,8,192.0,5.333333333333333,8.027201549811462,8,8,179.0,0.3397085900426943,6.310727330513357,8.027201549811462,8,179.0,-0.25
11640.0,8,232.0,6.823529411764706,8.685398012715588,8,8,232.0,0.4045547527935381,7.386656497324312,8.685398012715588,8,232.0,-0.5299999999999998
11645.0,7,165.0,4.45945945945946,7.3553463341683765,7,7,165.0,0.3049977761413495,5.679856932133404,7.3553463341683765,7,165.0,0.6699999999999999
11650.0,5,171.0,4.885714285714286,8.862538451498805,5,5,128.0,0.44256945962672456,8.073502518062007,8.862538451498805,5,128.0,0.3699999999999999
11655.0,8,198.0,5.6571428571428575,7.954416817165885,8,8,198.0,0.3670878313475987,6.483623993976349,7.954416817165885,8,198.0,-0.7
11660.0,5,157.0,4.617647058823529,8.674283721379787,5,5,157.0,0.42870252786793006,7.8253727474957095,8.674283721379787,5,157.0,0.4099999999999999
11665.0,7,171.0,4.621621621621622,8.176448497565522,7,7,143.0,0.35762336330531524,6.711428408509536,8.176448497565522,7,143.0,0.14000000000000012
11670.0,6,199.0,5.685714285714286,8.623298315354655,6,6,199.0,0.3990918184616441,7.368542851472057,8.623298315354655,6,199.0,-0.56
11675.0,6,229.0,6.9393939393939394,9.084073450982398,6,6,229.0,0.457333134250162,8.308151897952715,9.084073450982398,6,229.0,-0.30000000000000004
11680.0,6,222.0,6.529411764705882,7.363450876551851,6,6,222.0,0.32363994847014793,5.873795311376915,7.363450876551851,6,222.0,0.06999999999999984
11685.0,7,254.0,7.696969696969697,8.451135752928346,7,7,233.0,0.40799699071824674,7.645880861504377,8.451135752928346,7,233.0,-0.10999999999999988
11690.0,6,282.0,8.545454545454545,7.882797651114387,6,6,282.0,0.3636797948201577,6.563734037907797,7.882797651114387,6,282.0,-0.48999999999999977
11695.0,7,316.0,10.193548387096774,8.284490018205378,7,7,316.0,0.4009786992505843,7.259728374756433,8.284490018205378,7,316.0,-0.3400000000000003
11700.0,5,257.0,8.290322580645162,8.16357146440159,5,5,257.0,0.3818707490665512,7.129547709981058,8.16357146440159,5,257.0,0.5900000000000003
11705.0,6,273.0,7.8,7.833280377612284,6,6,235.0,0.3424702311863663,6.245309083028916,7.833280377612284,6,235.0,0.21999999999999975
11710.0,6,303.0,9.181818181818182,9.026078949477057,6,6,303.0,0.4459476418267241,8.02054920329294,9.026078949477057,6,303.0,-0.6799999999999997
11715.0,5,47.0,1.3823529411764706,8.189244788461252,5,5,47.0,0.38018742002065725,6.876910538223173,8.189244788461252,5,47.0,2.5599999999999996
11720.0,6,74.0,2.242424242424242,8.95643677591241,6,6,-76.0,0.4397492696454015,8.134535690276572,8.95643677591241,6,-76.0,1.23
11725.0,9,104.0,2.9714285714285715,8.4596413081083,9,9,104.0,0.3832641188156587,7.03813654323574,8.4596413081083,9,104.0,-1.8
11730.0,6,66.0,2.0,8.501192287084478,6,6,66.0,0.37710601815741934,7.270357777088699,8.501192287084478,6,66.0,0.38
11735.0,5,86.0,2.8666666666666667,9.086415630158786,5,5,57.0,0.46607908915789575,8.487137199193983,9.086415630158786,5,57.0,0.09000000000000008
11740.0,7,115.0,3.484848484848485,7.7995382632192225,7,7,115.0,0.360530011852879,6.354491190345794,7.7995382632192225,7,115.0,-0.58
11745.0,7,150.0,5.0,8.165265713345033,7,7,150.0,0.4071225593518167,7.784094331101761,8.165265713345033,7,150.0,-0.3500000000000001
11750.0,7,185.0,5.606060606060606,6.837170269420242,7,7,185.0,0.27685738951341593,5.20082152852562,6.837170269420242,7,185.0,-0.3500000000000001
11755.0,10,234.0,7.090909090909091,7.297606581944644,10,10,234.0,0.31843857160141614,6.087441038975024,7.297606581944644,10,234.0,-0.48999999999999977
11760.0,7,189.0,5.90625,7.3644466964177955,7,7,189.0,0.3296692416210673,6.369533368143126,7.3644466964177955,7,189.0,0.44999999999999996
11765.0,8,214.0,6.484848484848484,6.78260910984677,8,8,177.0,0.3110240709968101,5.855843736881505,6.78260910984677,8,177.0,0.11999999999999988
11770.0,8,254.0,7.9375,7.77080330669042,8,8,254.0,0.3965069186169763,7.327044981296191,7.77080330669042,8,254.0,-0.77
11775.0,7,114.0,3.3529411764705883,6.621838754935872,7,7,114.0,0.29843294378242574,5.8255939473188185,6.621838754935872,7,114.0,1.4000000000000001
11780.0,4,59.0,1.84375,8.136763959245712,4,4,-9.0,0.4208305311613846,8.186759874081329,8.136763959245712,4,-9.0,1.23
11785.0,7,79.0,2.257142857142857,7.5291370538089835,7,7,79.0,0.3855563504300281,6.983979612351018,7.5291370538089835,7,79.0,-0.88
11790.0,6,31.0,0.8857142857142857,7.733309363578922,6,6,31.0,0.40202418364892695,7.4076572137702525,7.733309363578922,6,31.0,0.48000000000000004
11795.0,5,51.0,1.457142857142857,8.619155186918752,5,5,16.0,0.454917283628206,8.50617314076352,8.619155186918752,5,16.0,0.15
11800.0,8,82.0,2.1578947368421053,7.495503446626952,8,8,82.0,0.3305241449460429,5.9720916566475415,7.495503446626952,8,82.0,-0.6599999999999999
11805.0,5,65.0,1.911764705882353,8.277550760209138,5,5,65.0,0.40121082079768855,7.604615823358027,8.277550760209138,5,65.0,0.16999999999999993
11810.0,6,91.0,2.6,8.084318938457006,6,6,65.0,0.3495344693203771,6.613309403080853,8.084318938457006,6,65.0,0.0
11815.0,7,124.0,3.5428571428571427,8.734805710713411,7,7,124.0,0.40739616571902143,7.535194678746356,8.734805710713411,7,124.0,-0.59
11820.0,4,63.0,1.8,8.676466428874361,4,4,63.0,0.4066218622605004,7.595171174638144,8.676466428874361,4,63.0,0.61
11825.0,4,45.0,1.1538461538461537,8.639768051180967,4,4,17.0,0.38150718869088907,7.026755426648162,8.639768051180967,4,17.0,0.45999999999999996
11830.0,4,65.0,1.8571428571428572,9.672282591086885,4,4,65.0,0.49923369354505,9.002640305513308,9.672282591086885,4,65.0,-0.48
11835.0,7,88.0,2.588235294117647,8.15092541876364,7,7,88.0,0.37338232139158345,6.620501788000131,8.15092541876364,7,88.0,-0.22999999999999998
11840.0,4,96.0,3.0,8.827542414256746,4,4,96.0,0.4351013995768565,8.199441557499135,8.827542414256746,4,96.0,-0.07999999999999996
11845.0,7,116.0,3.515151515151515,8.805555578157312,7,7,105.0,0.4288284340407314,7.9994094543911425,8.805555578157312,7,105.0,-0.09000000000000008
11850.0,6,141.0,4.2727272727272725,9.071409508614122,6,6,141.0,0.42803846686545405,8.176476746064708,9.071409508614122,6,141.0,-0.3599999999999999
11855.0,3,72.0,2.3225806451612905,9.349680688071247,3,3,72.0,0.4579254323462594,9.033581710938167,9.349680688071247,3,72.0,0.69
11860.0,5,80.0,2.5,7.914387150505586,5,5,42.0,0.3563704960013377,6.649673082981429,7.914387150505586,5,42.0,0.3
11865.0,5,105.0,3.5,8.988840089027615,5,5,105.0,0.4844759349968618,8.755220283917238,8.988840089027615,5,105.0,-0.6300000000000001
11870.0,4,46.0,1.4375,7.874986996518735,4,4,46.0,0.3977821098297089,7.2083279280282575,7.874986996518735,4,46.0,0.5900000000000001
11875.0,5,71.0,2.21875,8.381847589502915,5,5,4.0,0.40926598557114396,7.621079681475861,8.381847589502915,5,4.0,0.42000000000000004
11880.0,6,101.0,3.15625,8.323081474646198,6,6,101.0,0.39832732473366367,7.302172238822662,8.323081474646198,6,101.0,-0.97
11885.0,6,102.0,2.914285714285714,7.408016883688253,6,6,102.0,0.30799660359644737,5.856974398245058,7.408016883688253,6,102.0,-0.010000000000000009
11890.0,6,132.0,4.258064516129032,8.688861875971794,6,6,111.0,0.43096942471427907,7.945863287133948,8.688861875971794,6,111.0,-0.09000000000000008
11895.0,7,163.0,5.09375,7.881735817286112,7,7,163.0,0.37780546847334245,6.813445947533539,7.881735817286112,7,163.0,-0.5199999999999998
11900.0,5,77.0,2.4838709677419355,8.777106196417696,5,5,77.0,0.4307401583195547,8.44417746851519,8.777106196417696,5,77.0,0.8599999999999999
11905.0,6,67.0,2.09375,7.962857135130617,6,6,19.0,0.37149781111913527,7.012320156150517,7.962857135130617,6,19.0,0.5800000000000001
11910.0,5,91.0,2.84375,8.876033369951344,5,5,91.0,0.455427806593527,8.394792393493338,8.876033369951344,5,91.0,-0.72
11915.0,3,22.0,0.6875,9.200771031381134,3,3,22.0,0.4962186823027081,9.23490079362568,9.200771031381134,3,22.0,0.6900000000000001
11920.0,5,28.0,0.875,7.905744310742531,5,5,-12.0,0.3544426464374017,6.630840649339207,7.905744310742531,5,-12.0,0.33999999999999997
11925.0,5,53.0,1.7096774193548387,9.136204759955842,5,5,53.0,0.4642146347424156,8.637125393418017,9.136204759955842,5,53.0,-0.65
11930.0,3,48.0,1.5483870967741935,7.873078920400869,3,3,48.0,0.3508299756586363,6.881215997065773,7.873078920400869,3,48.0,0.050000000000000044
11935.0,5,71.0,2.2903225806451615,8.551032437552553,5,5,58.0,0.38599122447511286,7.60293991381826,8.551032437552553,5,58.0,-0.09999999999999998
11940.0,5,96.0,3.096774193548387,9.343672808760155,5,5,96.0,0.4514508343656762,8.664152749993379,9.343672808760155,5,96.0,-0.38
11945.0,6,100.0,2.9411764705882355,7.896444057081582,6,6,100.0,0.3281918918222699,6.476180613344643,7.896444057081582,6,100.0,-0.040000000000000036
11950.0,6,130.0,3.9393939393939394,8.85595604792094,6,6,108.0,0.4011825195985849,7.79625052173824,8.85595604792094,6,108.0,-0.08000000000000007
11955.0,9,164.0,4.823529411764706,7.501466637012993,9,9,164.0,0.28733472745441585,5.5041252020653895,7.501466637012993,9,164.0,-0.5599999999999998
11960.0,6,84.0,2.7096774193548385,8.550871032900988,6,6,84.0,0.38351755596472026,7.518933536497428,8.550871032900988,6,84.0,0.7999999999999999
11965.0,6,78.0,2.4375,8.375023596316371,6,6,29.0,0.3796965143838968,7.256113388131863,8.375023596316371,6,29.0,0.55
11970.0,6,106.0,3.4193548387096775,8.846571158307167,6,6,106.0,0.43502579755647786,8.141449100695775,8.846571158307167,6,106.0,-0.77
11975.0,4,42.0,1.4,9.005386784810195,4,4,42.0,0.4597545348940868,8.71802426063296,9.005386784810195,4,42.0,0.6400000000000001
11980.0,6,51.0,1.59375,7.362405265189714,6,6,12.0,0.3001716903709661,5.718992694565588,7.362405265189714,6,12.0,0.3
11985.0,6,80.0,2.6666666666666665,8.686386616279467,6,6,80.0,0.4031048680399827,7.60709945555732,8.686386616279467,6,80.0,-0.68
11990.0,8,106.0,3.4193548387096775,6.589757776961391,8,8,106.0,0.26054226336771746,4.898179928081485,6.589757776961391,8,106.0,-0.26
11995.0,10,156.0,5.2,7.374917205245215,10,10,150.0,0.30908506982505357,5.923377283641244,7.374917205245215,10,150.0,-0.43999999999999995
12000.0,10,206.0,7.357142857142857,7.574972813259905,10,10,206.0,0.3188816582152457,6.247658929911817,7.574972813259905,10,206.0,-0.56
12005.0,10,149.0,4.65625,6.694199419500107,10,10,149.0,0.25487129014872484,5.260168199606931,6.694199419500107,10,149.0,0.5700000000000001
12010.0,8,171.0,5.34375,7.649177025591666,8,8,125.0,0.3266249906683703,6.466160253665674,7.649177025591666,8,125.0,0.24
12015.0,10,216.0,6.352941176470588,7.084792751972061,10,10,216.0,0.3059441609116414,5.802497158162438,7.084792751972061,10,216.0,-0.9100000000000001
12020.0,8,150.0,4.545454545454546,7.820779514843304,8,8,150.0,0.3689656986347949,7.0236301572259725,7.820779514843304,8,150.0,0.6600000000000001
12025.0,10,157.0,4.757575757575758,7.183680411462319,10,10,114.0,0.3170068384764921,5.90368733237924,7.183680411462319,10,114.0,0.3600000000000001
12030.0,8,196.0,5.9393939393939394,8.373716095078834,8,8,196.0,0.40071294269594837,7.24115405746077,8.373716095078834,8,196.0,-0.8200000000000001
12035.0,6,97.0,3.03125,8.314715174065899,6,6,97.0,0.4012334899106925,7.349351275667611,8.314715174065899,6,97.0,0.99
12040.0,6,50.0,1.4705882352941178,7.156876456926874,6,6,6.0,0.2970503930054528,5.488117061360149,7.156876456926874,6,6.0,0.9099999999999999
12045.0,6,79.0,2.46875,8.193157111706997,6,6,79.0,0.392713111062795,7.195081595740215,8.193157111706997,6,79.0,-0.73
12050.0,6,44.0,1.2571428571428571,7.035106080302948,6,6,44.0,0.3074096362876131,5.4333849053914065,7.035106080302948,6,44.0,0.35000000000000003
12055.0,8,83.0,2.4411764705882355,7.331139131476202,8,8,55.0,0.32942886341532784,5.877193462845265,7.331139131476202,8,55.0,-0.11000000000000004
12060.0,8,123.0,3.727272727272727,8.159235846020172,8,8,95.0,0.39300441590633023,6.941349178947343,8.159235846020172,8,95.0,-0.3999999999999999
12065.0,10,168.0,4.666666666666667,6.897555224184111,10,10,168.0,0.2897675434542581,5.313860757645126,6.897555224184111,10,168.0,-0.73
12070.0,7,127.0,3.6285714285714286,7.6798885032230615,7,7,127.0,0.3638788040071498,6.855690093417856,7.6798885032230615,7,127.0,0.4099999999999999
12075.0,7,151.0,4.081081081081081,7.440585188277803,7,7,118.0,0.3270981166816075,5.997824299494901,7.440585188277803,7,118.0,0.09000000000000008
12080.0,8,190.0,5.135135135135135,8.564219768556839,8,8,190.0,0.4156326571957746,7.521369082838429,8.564219768556839,8,190.0,-0.72
12085.0,11,231.0,6.243243243243243,7.730576811871256,11,11,231.0,0.34285512835373994,6.097636728887943,7.730576811871256,11,231.0,-0.41000000000000014
12090.0,8,158.0,4.514285714285714,7.817126706996091,8,8,158.0,0.34203075713866965,6.284936090920712,7.817126706996091,8,158.0,0.73
12095.0,4,89.0,2.696969696969697,8.935033561602197,4,4,52.0,0.44457635918896043,8.065294130762885,8.935033561602197,4,52.0,1.06
12100.0,6,112.0,3.2,7.857413906317118,6,6,112.0,0.3612038842132204,6.4501078332641475,7.857413906317118,6,112.0,-0.6000000000000001
12105.0,7,100.0,2.9411764705882355,8.056991391574215,7,7,100.0,0.3847881191712397,6.940685555927689,8.056991391574215,7,100.0,0.1200000000000001
12110.0,7,135.0,3.75,6.992702672563734,7,7,111.0,0.2743221912651706,4.7569206525076,6.992702672563734,7,111.0,-0.1100000000000001
12115.0,9,180.0,5.142857142857143,8.002654096505664,9,9,180.0,0.3671721281923463,6.194657050489489,8.002654096505664,9,180.0,-0.69
12120.0,7,124.0,3.757575757575758,8.328439872854364,7,7,124.0,0.4008781179128108,7.048190946274765,8.328439872854364,7,124.0,0.56
12125.0,9,163.0,4.6571428571428575,6.928437705002837,9,9,88.0,0.28832263746639625,5.206249901602799,6.928437705002837,9,88.0,0.36
12130.0,10,212.0,6.424242424242424,7.851144537228668,10,10,212.0,0.3547681126811222,6.468600962920827,7.851144537228668,10,212.0,-1.2400000000000002
12135.0,9,157.0,4.361111111111111,6.906415081651001,9,9,157.0,0.27979205111669886,5.196233662413079,6.906415081651001,9,157.0,0.55
12140.0,8,183.0,5.545454545454546,7.9265098438998365,8,8,142.0,0.3842446974258825,6.975361688286868,7.9265098438998365,8,142.0,0.15000000000000013
12145.0,12,224.0,6.4,7.299773556414915,12,12,224.0,0.34897897065072403,6.061485241957636,7.299773556414915,12,224.0,-0.8200000000000003
12150.0,8,134.0,4.0606060606060606,7.372914019796017,8,8,134.0,0.361674063439813,6.563711165384341,7.372914019796017,8,134.0,0.9000000000000001
12155.0,5,65.0,1.9696969696969697,7.875884618141082,5,5,22.0,0.3892837286960905,7.18414561940223,7.875884618141082,5,22.0,1.12
12160.0,5,85.0,2.4285714285714284,7.204446204287387,5,5,85.0,0.3279737461033934,6.084442847755008,7.204446204287387,5,85.0,-0.63
12165.0,9,107.0,3.1470588235294117,7.182836645118967,9,9,107.0,0.3237446538821145,6.221976384244032,7.182836645118967,9,107.0,-0.22000000000000008
12170.0,10,157.0,4.361111111111111,6.220222943832529,10,10,144.0,0.2587795463012295,4.741651079769092,6.220222943832529,10,144.0,-0.3699999999999999
12175.0,12,217.0,6.027777777777778,7.117214645465528,12,12,217.0,0.31705985626671174,5.7632402025054645,7.117214645465528,12,217.0,-0.73
12180.0,9,146.0,4.294117647058823,6.783475264457365,9,9,146.0,0.27512348780679935,5.241584552338198,6.783475264457365,9,146.0,0.71
12185.0,9,157.0,4.243243243243243,6.784461439269839,9,9,108.0,0.29233116501036344,5.382459158540164,6.784461439269839,9,108.0,0.3799999999999999
12190.0,9,202.0,5.611111111111111,7.750717206456205,9,9,202.0,0.37063332182179826,6.720225414371775,7.750717206456205,9,202.0,-0.94
12195.0,9,154.0,3.948717948717949,6.9175143258044525,9,9,154.0,0.2972053860863448,5.590083596493966,6.9175143258044525,9,154.0,0.48
12200.0,5,75.0,2.0833333333333335,8.10463286230399,5,5,46.0,0.37842013367182725,7.397409211213129,8.10463286230399,5,46.0,1.08
12205.0,7,100.0,2.7027027027027026,7.900817153199853,7,7,100.0,0.37014022741290753,6.895733033645302,7.900817153199853,7,100.0,-0.54
12210.0,7,102.0,2.7567567567567566,7.6934564986781755,7,7,102.0,0.34759561557525115,6.759011267086541,7.6934564986781755,7,102.0,-0.020000000000000018
12215.0,9,143.0,4.085714285714285,7.563481010326386,9,9,130.0,0.32998655649029357,6.517696035763203,7.563481010326386,9,130.0,-0.28
12220.0,11,190.0,5.277777777777778,6.561764122729992,11,11,189.0,0.2563036982917908,4.907164089845634,6.561764122729992,11,189.0,-0.5899999999999999
12225.0,10,175.0,4.861111111111111,7.550783857408384,10,10,175.0,0.3245885269652087,6.27253721477997,7.550783857408384,10,175.0,0.1399999999999999
12230.0,12,227.0,5.82051282051282,6.373975087856154,12,12,166.0,0.22362473021579882,4.326017482951576,6.373975087856154,12,166.0,0.09000000000000008
12235.0,13,291.0,7.864864864864865,7.185529008651343,13,13,291.0,0.2793588675048393,5.3847782827085515,7.185529008651343,13,291.0,-1.2500000000000002
12240.0,10,221.0,6.138888888888889,7.0183965457414486,10,10,221.0,0.2816474744676221,5.2103226814104,7.0183965457414486,10,221.0,0.7000000000000002
12245.0,10,234.0,6.157894736842105,6.86517776061616,10,10,182.0,0.2888739439556183,5.167936619979543,6.86517776061616,10,182.0,0.3899999999999999
12250.0,10,284.0,8.114285714285714,7.8314368405728,10,10,284.0,0.3797921214316265,6.633917058677436,7.8314368405728,10,284.0,-1.0199999999999998
12255.0,11,199.0,5.378378378378378,6.435407835771218,11,11,199.0,0.2714406414824173,4.82535487868793,6.435407835771218,11,199.0,0.8499999999999999
12260.0,7,106.0,3.0285714285714285,7.300910153352553,7,7,63.0,0.3327984933398945,6.085411111413278,7.300910153352553,7,63.0,1.3599999999999999
12265.0,9,135.0,3.75,6.909749785475309,9,9,135.0,0.31729109651021314,5.735614379535281,6.909749785475309,9,135.0,-0.7200000000000001
12270.0,9,66.0,1.8857142857142857,6.892999874815499,9,9,66.0,0.30908893592650655,5.890053655284366,6.892999874815499,9,66.0,0.6900000000000001
12275.0,9,90.0,2.5714285714285716,6.889864279945274,9,9,46.0,0.30814922541399176,5.840592818220824,6.889864279945274,9,46.0,0.2
12280.0,11,142.0,3.8378378378378377,6.4377654345395126,11,11,142.0,0.2696628899984723,5.081682175436208,6.4377654345395126,11,142.0,-0.96
12285.0,11,124.0,3.4444444444444446,6.911701374675948,11,11,124.0,0.29911695466803395,5.828463641143009,6.911701374675948,11,124.0,0.17999999999999994
12290.0,12,168.0,4.421052631578948,6.109217104846554,12,12,140.0,0.23598492497937035,4.654304112992637,6.109217104846554,12,140.0,-0.15999999999999992
12295.0,12,228.0,6.162162162162162,7.341125880678605,12,12,228.0,0.30655489197781266,6.034273018749906,7.341125880678605,12,228.0,-0.8799999999999999
12300.0,10,190.0,5.135135135135135,6.808964958853961,10,10,190.0,0.264545760479786,5.201606262416196,6.808964958853961,10,190.0,0.3799999999999999
12305.0,9,99.0,2.475,6.964024353991559,8,9,68.0,0.2857228210722261,5.407741522692799,6.964024353991559,8,68.0,1.2199999999999998
12310.0,8,123.0,3.324324324324324,7.335270276278356,8,8,123.0,0.31242856415192466,5.9122167951863345,7.335270276278356,8,123.0,-0.5499999999999999
12315.0,10,150.0,3.75,6.741559187981087,10,10,150.0,0.2598584181703062,4.848224435403679,6.741559187981087,10,150.0,-0.27
12320.0,13,212.0,5.578947368421052,7.3602035027017445,13,13,204.0,0.31115962096874994,5.774848915396611,7.3602035027017445,13,204.0,-0.54
12325.0,17,278.0,7.128205128205129,6.812281584899133,17,17,278.0,0.27875032070528766,5.276111178974565,6.812281584899133,17,278.0,-0.7399999999999998
12330.0,12,217.0,5.564102564102564,7.292643556961186,12,12,217.0,0.2938900735823552,5.760869770236094,7.292643556961186,12,217.0,0.6099999999999999
12335.0,9,213.0,5.605263157894737,7.6035807811366505,9,9,171.0,0.3272061811491228,6.1967144515134756,7.6035807811366505,9,171.0,0.45999999999999996
12340.0,12,267.0,7.216216216216216,6.711843540202878,12,12,267.0,0.28994979274125404,5.279744853682747,6.711843540202878,12,267.0,-0.96
12345.0,12,260.0,7.027027027027027,7.010225577887021,12,12,260.0,0.2874146040682751,5.6770165989541175,7.010225577887021,12,260.0,0.06999999999999984
12350.0,13,322.0,8.05,6.005197310976933,13,13,262.0,0.19602185630842378,4.009113799577365,6.005197310976933,13,262.0,-0.020000000000000018
12355.0,15,397.0,10.72972972972973,6.631156336335101,15,15,397.0,0.2501870886802747,5.082422569798752,6.631156336335101,15,397.0,-1.35
12360.0,13,428.0,11.88888888888889,5.939163633906478,13,13,428.0,0.22481124681542555,4.2905321998096655,5.939163633906478,13,428.0,-0.31000000000000005
12365.0,14,497.0,13.078947368421053,5.86823946256982,14,14,484.0,0.25557840617025945,4.590414776276556,5.86823946256982,14,484.0,-0.5599999999999996
12370.0,14,567.0,15.324324324324325,6.552644506702587,14,14,567.0,0.30934393348656064,5.455326979543772,6.552644506702587,14,567.0,-0.8300000000000001
12375.0,13,453.0,11.615384615384615,5.657692126870221,13,13,453.0,0.23706280126717869,4.328257315554599,5.657692126870221,13,453.0,1.1399999999999997
12380.0,9,209.0,5.5,6.813659193806927,9,9,150.0,0.33680648972980176,5.926270300559988,6.813659193806927,9,150.0,3.0300000000000002
12385.0,8,127.0,3.097560975609756,6.801776504623451,8,8,127.0,0.3287638634220132,5.701478720858508,6.801776504623451,8,127.0,0.22999999999999998
12390.0,8,148.0,3.7,6.972265659627683,8,8,148.0,0.3304640615271664,6.042652499515972,6.972265659627683,8,148.0,-0.20999999999999996
12395.0,13,203.0,5.075,6.920746437384318,13,13,193.0,0.31056477838155705,5.735704963842007,6.920746437384318,13,193.0,-0.44999999999999996
12400.0,14,272.0,6.476190476190476,6.469574619085491,14,14,272.0,0.26784261101384943,4.96431238153108,6.469574619085491,14,272.0,-0.7900000000000003
12405.0,13,300.0,7.6923076923076925,6.312738175291029,13,13,300.0,0.2601889944730616,4.983287856703972,6.312738175291029,13,300.0,-0.2799999999999998
12410.0,10,280.0,7.0,5.98994747838411,10,10,267.0,0.23386993152361765,4.4660297662218,5.98994747838411,10,267.0,0.33000000000000007
12415.0,9,308.0,7.7,7.391699518615584,9,9,308.0,0.3335380967528724,6.278575281506791,7.391699518615584,9,308.0,-0.41000000000000014
12420.0,12,350.0,8.75,6.694803769978219,11,12,349.0,0.2668355109445841,5.150495209397479,6.694803769978219,11,349.0,-0.41000000000000014
12425.0,15,421.0,10.023809523809524,6.337347491906988,15,15,416.0,0.21796668700969035,4.1971859359456,6.337347491906988,15,416.0,-0.6699999999999999
12430.0,15,496.0,12.4,6.886663821783785,15,15,496.0,0.26297376381474274,5.056954158582238,6.886663821783785,15,496.0,-0.7999999999999998
12435.0,14,320.0,7.619047619047619,6.06425008415196,14,14,320.0,0.21872837034321702,4.285311199422405,6.06425008415196,14,320.0,1.7599999999999998
12440.0,10,182.0,4.439024390243903,7.300537541791587,10,10,90.0,0.30315592469958996,5.864893798827512,7.300537541791587,10,90.0,2.3000000000000003
12445.0,12,220.0,5.5,7.1254518124203425,12,12,220.0,0.30541414191865845,5.640999871162777,7.1254518124203425,12,220.0,-1.3000000000000003
12450.0,11,184.0,4.717948717948718,6.930078983664232,11,11,184.0,0.2989059378216974,5.645055100485763,6.930078983664232,11,184.0,0.3600000000000001
12455.0,9,114.0,2.923076923076923,7.1142965229720225,9,9,86.0,0.2760475558660438,5.351027055158563,7.1142965229720225,9,86.0,0.9800000000000001
12460.0,11,160.0,4.0,6.445067894037578,11,11,160.0,0.242455341605308,4.587633819698821,6.445067894037578,11,160.0,-0.7400000000000001
12465.0,12,174.0,4.702702702702703,6.479186976939824,12,12,174.0,0.2676119877118611,5.083269391779674,6.479186976939824,12,174.0,-0.1399999999999999
12470.0,12,191.0,4.897435897435898,5.72107955867057,12,12,178.0,0.22630139774865393,4.069037632620703,5.72107955867057,12,178.0,-0.040000000000000036
12475.0,13,256.0,6.564102564102564,7.1159602030258835,13,13,256.0,0.3120605123050763,5.569076981723841,7.1159602030258835,13,256.0,-0.78
12480.0,12,225.0,5.921052631578948,6.560258359583052,12,12,225.0,0.2630240188673309,4.854952005035375,6.560258359583052,12,225.0,0.31000000000000005
12485.0,12,274.0,6.682926829268292,6.376901949587781,12,12,234.0,0.2528902507384588,4.711263231668513,6.376901949587781,12,234.0,-0.08999999999999986
12490.0,13,339.0,8.692307692307692,6.938359206538264,13,13,339.0,0.3039582026351448,5.489863582197767,6.938359206538264,13,339.0,-1.0500000000000003
12495.0,11,309.0,7.536585365853658,6.364238880876629,11,11,309.0,0.2615660307219952,4.8734027124473736,6.364238880876629,11,309.0,0.30000000000000027
12500.0,8,218.0,5.589743589743589,7.44858868263708,8,8,189.0,0.3347580059000048,6.383371538707794,7.44858868263708,8,189.0,1.2
12505.0,10,244.0,5.809523809523809,7.136917218116537,10,10,244.0,0.30969384891576585,5.749644708312148,7.136917218116537,10,244.0,-0.55
12510.0,9,205.0,5.0,7.172884167144846,9,9,205.0,0.3100882064997256,5.945375224474081,7.172884167144846,9,205.0,0.3900000000000001
12515.0,9,229.0,5.725,7.740257846992918,9,9,201.0,0.34551885321081893,6.61076024445781,7.740257846992918,9,201.0,0.040000000000000036
12520.0,11,280.0,6.666666666666667,7.305731255554941,11,11,280.0,0.29486314258964424,5.609500351060625,7.305731255554941,11,280.0,-0.79
12525.0,11,293.0,6.976190476190476,7.5173152559985015,10,11,292.0,0.29741468435458945,5.9360953087835355,7.5173152559985015,10,292.0,-0.1200000000000001
12530.0,10,293.0,6.511111111111111,6.8325984736794565,10,10,280.0,0.21233231730619923,4.221905044278315,6.8325984736794565,10,280.0,0.1200000000000001
12535.0,9,335.0,7.976190476190476,7.95526175997514,9,9,335.0,0.3133017417886412,6.083080826075993,7.95526175997514,9,335.0,-0.5500000000000003
12540.0,10,289.0,8.027777777777779,6.809785427437256,10,10,289.0,0.2678825561474795,5.115764174157683,6.809785427437256,10,289.0,0.45999999999999996
12545.0,11,330.0,8.25,6.690671110735323,11,11,291.0,0.24885757045738735,4.80590732558314,6.690671110735323,11,291.0,-0.020000000000000018
12550.0,11,385.0,9.871794871794872,7.544230634482676,11,11,385.0,0.3166134716540809,5.95949374192688,7.544230634482676,11,385.0,-0.94
12555.0,10,391.0,10.025641025641026,6.442293564871175,10,10,391.0,0.25878840219732835,4.864486840610353,6.442293564871175,10,391.0,-0.06000000000000005
12560.0,9,406.0,10.972972972972974,7.622684088721224,9,9,392.0,0.3503372303089971,6.540492332628477,7.622684088721224,9,392.0,-0.009999999999999787
12565.0,12,451.0,11.868421052631579,7.002040277354944,12,12,451.0,0.3202848673633708,5.763968855035624,7.002040277354944,12,451.0,-0.5899999999999999
12570.0,10,180.0,4.7368421052631575,7.301174170511257,10,10,180.0,0.320745524915458,6.020665693437064,7.301174170511257,10,180.0,2.71
12575.0,10,230.0,6.216216216216216,7.885397579753876,10,10,66.0,0.3622093391071297,6.523819331503981,7.885397579753876,10,66.0,1.1400000000000001
12580.0,13,287.0,7.552631578947368,6.9108863333524475,13,13,287.0,0.2975076619798486,5.105401361040989,6.9108863333524475,13,287.0,-2.21
12585.0,13,352.0,9.513513513513514,7.283435359001031,13,13,352.0,0.2987745641079731,5.4981510816031,7.283435359001031,13,352.0,-0.6499999999999999
12590.0,12,243.0,6.230769230769231,6.358193249911828,12,12,243.0,0.2416257611089888,4.3750599438429605,6.358193249911828,12,243.0,1.0899999999999999
12595.0,9,213.0,5.605263157894737,7.193707869468278,9,9,150.0,0.3144064989862733,5.713500409387708,7.193707869468278,9,150.0,0.9300000000000002
12600.0,9,258.0,6.7894736842105265,7.563075003551496,9,9,258.0,0.34439041328349157,6.118493213655555,7.563075003551496,9,258.0,-1.08
12605.0,11,174.0,4.461538461538462,6.411511677469836,11,11,174.0,0.26599143186855906,4.88523568917386,6.411511677469836,11,174.0,0.8400000000000001
12610.0,8,169.0,4.5675675675675675,7.443838391540832,8,8,121.0,0.34277978329424014,6.2478963561638095,7.443838391540832,8,121.0,0.53
12615.0,10,214.0,5.487179487179487,7.147654999579192,10,10,214.0,0.32406072894029564,5.674863954537004,7.147654999579192,10,214.0,-0.9300000000000002
12620.0,9,218.0,6.055555555555555,7.367998190216529,9,9,218.0,0.34337874276455294,6.3695690634946,7.367998190216529,9,218.0,-0.040000000000000036
12625.0,12,252.0,6.461538461538462,7.272476362741654,12,12,239.0,0.3138020107682996,5.809241801347607,7.272476362741654,12,239.0,-0.20999999999999996
12630.0,10,300.0,7.6923076923076925,8.087177138806108,10,10,300.0,0.37550834241119146,6.81884350275957,8.087177138806108,10,300.0,-0.6099999999999999
12635.0,8,158.0,4.27027027027027,8.008962272970319,7,8,157.0,0.362311124354938,6.937139665236414,8.008962272970319,7,157.0,1.43
12640.0,7,65.0,1.7105263157894737,7.042243812476099,7,7,2.0,0.27254093559491643,5.204452956288799,7.042243812476099,7,2.0,1.55
12645.0,6,91.0,2.3947368421052633,8.045922455861591,6,6,91.0,0.3450410397042172,6.539179157910943,8.045922455861591,6,91.0,-0.89
12650.0,7,43.0,1.162162162162162,6.642655524828296,7,7,43.0,0.26658524320304283,5.040986008156206,6.642655524828296,7,43.0,0.48000000000000004
12655.0,9,74.0,2.0555555555555554,6.864511448804652,9,9,46.0,0.2857759599277199,5.537068074572115,6.864511448804652,9,46.0,-0.030000000000000027
12660.0,9,119.0,3.4,7.1730506601643595,9,9,119.0,0.3195069920324198,5.926866287130695,7.1730506601643595,9,119.0,-0.73
12665.0,11,170.0,4.594594594594595,6.581294723304419,11,11,170.0,0.29650580852334285,5.43538260701703,6.581294723304419,11,170.0,-0.51
12670.0,8,156.0,4.333333333333333,7.197826613381874,8,8,156.0,0.34318294829837326,6.544050392500036,7.197826613381874,8,156.0,0.1399999999999999
12675.0,5,108.0,2.8421052631578947,6.784237571876664,5,5,89.0,0.3074786076252603,5.68791569242391,6.784237571876664,5,89.0,0.67
12680.0,6,138.0,3.72972972972973,8.310118866803442,6,6,138.0,0.42618596103943296,7.861846961104484,8.310118866803442,6,138.0,-0.4899999999999999
12685.0,11,164.0,4.1,7.297694293056499,11,11,164.0,0.33450087470144685,6.249241100257646,7.297694293056499,11,164.0,-0.26
12690.0,10,212.0,5.3,7.787638884424405,10,10,207.0,0.35351744262654633,6.479368343241049,7.787638884424405,10,207.0,-0.42999999999999994
12695.0,10,262.0,7.081081081081081,8.053039864657975,10,10,262.0,0.37574170722397265,6.968367022954288,8.053039864657975,10,262.0,-0.5500000000000003
12700.0,9,172.0,4.410256410256411,7.05574896307146,9,9,172.0,0.2812955180508324,5.256424871482911,7.05574896307146,9,172.0,0.9000000000000001
12705.0,7,163.0,4.405405405405405,8.121734376516311,7,7,109.0,0.3717956602866799,7.006882775422786,8.121734376516311,7,109.0,0.6299999999999999
12710.0,8,199.0,5.102564102564102,7.441519447958231,8,8,199.0,0.3084829780605382,5.673080119993895,7.441519447958231,8,199.0,-0.8999999999999999
12715.0,8,153.0,4.026315789473684,7.776563578901038,8,8,153.0,0.33113428802924955,6.234181778149527,7.776563578901038,8,153.0,0.45999999999999996
12720.0,6,126.0,3.4054054054054053,8.117587962691339,6,6,98.0,0.3260900137545204,6.432274880445647,8.117587962691339,6,98.0,0.55
12725.0,8,156.0,4.216216216216216,7.530438052642902,8,8,156.0,0.29274202112393277,5.78670908781639,7.530438052642902,8,156.0,-0.5800000000000001
12730.0,8,158.0,4.787878787878788,7.530880383763931,8,8,158.0,0.3257532273974086,6.441070247242088,7.530880383763931,8,158.0,-0.020000000000000018
12735.0,10,201.0,5.742857142857143,6.765338188547251,10,10,188.0,0.27859396613126686,5.292302791485754,6.765338188547251,10,188.0,-0.2999999999999998
12740.0,10,251.0,7.171428571428572,8.129320411341752,10,10,251.0,0.36843773813033887,6.849755526000918,8.129320411341752,10,251.0,-0.6299999999999999
12745.0,10,247.0,6.675675675675675,7.033341564430808,10,10,247.0,0.27812613706110323,5.324198477468516,7.033341564430808,10,247.0,0.03999999999999959
12750.0,7,253.0,7.228571428571429,8.11029617827354,7,7,239.0,0.37487799628470503,6.9816175300744705,8.11029617827354,7,239.0,0.08000000000000007
12755.0,7,288.0,8.470588235294118,8.762869449850584,7,7,288.0,0.43970143903420483,7.819788467532326,8.762869449850584,7,288.0,-0.48999999999999977
12760.0,8,217.0,6.027777777777778,7.226813742968766,8,8,217.0,0.3265513236399603,5.732121172749364,7.226813742968766,8,217.0,0.71
12765.0,8,232.0,6.628571428571429,7.787556147687293,8,8,187.0,0.3568626837657342,6.417348524208192,7.787556147687293,8,187.0,0.2999999999999998
12770.0,8,267.0,7.628571428571429,7.0496710724125595,8,8,266.0,0.305978028720871,5.355929662697208,7.0496710724125595,8,266.0,-0.79
12775.0,9,309.0,8.82857142857143,7.7365022381061275,9,9,309.0,0.3442516640318847,6.139777266058096,7.7365022381061275,9,309.0,-0.4299999999999997
12780.0,7,296.0,8.969696969696969,8.009633286720787,7,7,296.0,0.3735462176739518,6.84560999831843,8.009633286720787,7,296.0,0.1299999999999999
12785.0,9,335.0,9.054054054054054,7.435507759527733,9,9,306.0,0.3068543114584435,5.692319057093543,7.435507759527733,9,306.0,-0.10000000000000009
12790.0,9,380.0,10.555555555555555,8.602479076157175,9,9,380.0,0.3886066091597841,7.139106312766945,8.602479076157175,9,380.0,-0.7399999999999998
12795.0,7,330.0,9.166666666666666,7.6437801568627926,7,7,330.0,0.31969818279901935,6.010668810976091,7.6437801568627926,7,330.0,0.5
12800.0,8,351.0,10.323529411764707,8.416677551806469,8,8,318.0,0.38551999439343276,7.374823096815961,8.416677551806469,8,318.0,0.11999999999999966
12805.0,9,378.0,10.216216216216216,7.4408376589329075,9,9,378.0,0.3011644661753211,5.587952527779209,7.4408376589329075,9,378.0,-0.5999999999999996
12810.0,9,347.0,9.63888888888889,8.048185056581566,8,9,346.0,0.345922831383412,6.572613934872524,8.048185056581566,8,346.0,0.31999999999999984
12815.0,7,376.0,11.058823529411764,8.31280453362667,7,7,347.0,0.3665883780959488,7.0552859483316865,8.31280453362667,7,347.0,-0.010000000000000231
12820.0,9,415.0,11.857142857142858,7.596483185873318,9,9,415.0,0.32795805483807905,6.080000249080926,7.596483185873318,9,415.0,-0.6800000000000002
12825.0,8,416.0,12.606060606060606,7.770579130116885,8,8,416.0,0.3467041258315792,6.727801521825232,7.770579130116885,8,416.0,-0.009999999999999787
12830.0,8,445.0,12.714285714285714,6.860129198532864,8,8,432.0,0.2929905070798012,5.335457792503437,6.860129198532864,8,432.0,-0.16000000000000014
12835.0,9,489.0,14.382352941176471,7.960233054323647,9,9,489.0,0.3794213025094344,6.709192196642337,7.960233054323647,9,489.0,-0.5699999999999994
12840.0,6,467.0,14.59375,7.91335695187155,6,6,467.0,0.36111059428354847,6.785189933170098,7.91335695187155,6,467.0,0.21999999999999975
12845.0,8,503.0,14.794117647058824,7.1245474962543875,8,8,474.0,0.31086605838642417,5.828456385028268,7.1245474962543875,8,474.0,-0.07000000000000028
12850.0,8,543.0,15.970588235294118,8.194633251388604,8,8,543.0,0.3992204123183833,7.349467913862325,8.194633251388604,8,543.0,-0.6899999999999995
12855.0,6,118.0,3.2777777777777777,6.92116799774806,6,6,118.0,0.2914891282755637,5.538278712158759,6.92116799774806,6,118.0,4.25
12860.0,7,119.0,3.4,8.389923110188379,7,7,-92.0,0.40128199282889165,7.4641308310272,8.389923110188379,7,-92.0,2.1
12865.0,10,154.0,4.052631578947368,7.80125997399984,10,10,154.0,0.3620656824314705,6.4074441199445324,7.80125997399984,10,154.0,-2.46
12870.0,7,85.0,2.2972972972972974,8.122419075687173,7,7,85.0,0.3628748383938194,7.002809832973253,8.122419075687173,7,85.0,0.6900000000000001
12875.0,5,92.0,2.6285714285714286,9.110979644384665,5,5,49.0,0.44362418474282106,8.611138196007065,9.110979644384665,5,49.0,0.36
12880.0,8,123.0,3.4166666666666665,7.836749875488948,8,8,123.0,0.3452047135931662,6.533008151236495,7.836749875488948,8,123.0,-0.74
12885.0,6,73.0,2.0277777777777777,8.281477405164715,6,6,73.0,0.390250603378907,7.3850743377273735,8.281477405164715,6,73.0,0.5
12890.0,7,91.0,2.4594594594594597,7.4646613260373,7,7,54.0,0.29626155502693585,5.627959380031645,7.4646613260373,7,54.0,0.18999999999999995
12895.0,7,126.0,3.8181818181818183,8.305855788470723,7,7,126.0,0.3870708676861617,7.2189885347055185,8.305855788470723,7,126.0,-0.72
12900.0,4,60.0,1.935483870967742,8.443537887812418,4,4,60.0,0.3970051390933947,7.698626722242454,8.443537887812418,4,60.0,0.66
12905.0,5,69.0,2.0294117647058822,8.139106230384565,5,5,29.0,0.35587060579405194,6.8765011813256995,8.139106230384565,5,29.0,0.31
12910.0,5,94.0,2.764705882352941,9.437218990868155,5,5,94.0,0.46698038472592185,8.851168659099635,9.437218990868155,5,94.0,-0.6499999999999999
12915.0,6,86.0,2.388888888888889,8.062104554037793,6,6,86.0,0.3435813876849472,6.571544611122424,8.062104554037793,6,86.0,0.07999999999999996
12920.0,7,121.0,3.4571428571428573,9.123466335693772,7,7,90.0,0.40920963270488375,7.915835149967931,9.123466335693772,7,90.0,-0.040000000000000036
12925.0,9,156.0,4.588235294117647,8.28923590886277,9,9,156.0,0.3437754716672661,6.695442039872654,8.28923590886277,9,156.0,-0.66
12930.0,7,87.0,2.6363636363636362,8.326577785988668,7,7,87.0,0.35152144760504794,7.063790340619446,8.326577785988668,7,87.0,0.6900000000000001
12935.0,5,91.0,2.757575757575758,8.98828483537425,5,5,48.0,0.4166153384366595,8.049486945154399,8.98828483537425,5,48.0,0.39
12940.0,8,121.0,3.4571428571428573,7.8485664594440765,8,8,121.0,0.3271132367420251,6.1975332640452105,7.8485664594440765,8,121.0,-0.73
12945.0,6,72.0,2.3225806451612905,8.347933900449714,6,6,72.0,0.3838759896184718,7.452739508160195,8.347933900449714,6,72.0,0.49
12950.0,6,91.0,2.84375,7.366345822179093,6,6,54.0,0.2953326588392565,5.714305874715116,7.366345822179093,6,54.0,0.17999999999999994
12955.0,7,126.0,4.064516129032258,8.605602233179923,7,7,126.0,0.3939616084010079,7.429346807203969,8.605602233179923,7,126.0,-0.72
12960.0,4,60.0,2.142857142857143,8.579466391455421,4,4,60.0,0.4086177391780286,7.997547611308647,8.579466391455421,4,60.0,0.66
12965.0,5,71.0,2.2903225806451615,8.121291502190227,5,5,31.0,0.36643945780905546,6.973356667937321,8.121291502190227,5,31.0,0.29
12970.0,5,96.0,3.096774193548387,9.349513309798784,5,5,96.0,0.47290320234733874,8.619444441563337,9.349513309798784,5,96.0,-0.6499999999999999
12975.0,7,89.0,2.696969696969697,7.715631196837026,7,7,89.0,0.3531500573031419,6.158193858055423,7.715631196837026,7,89.0,0.06999999999999995
12980.0,7,124.0,3.757575757575758,9.013676520179205,7,7,93.0,0.4326279952004127,7.644224857717585,9.013676520179205,7,93.0,-0.040000000000000036
12985.0,9,159.0,4.676470588235294,8.431883018183697,9,9,159.0,0.3820292304167163,6.704426701597937,8.431883018183697,9,159.0,-0.66
12990.0,7,87.0,2.6363636363636362,8.229084202663726,7,7,87.0,0.3723723307749348,6.7170327976166915,8.229084202663726,7,87.0,0.7200000000000001
12995.0,5,92.0,2.967741935483871,8.9668547073468,5,5,49.0,0.45471605243079827,8.001244973137805,8.9668547073468,5,49.0,0.38
13000.0,7,121.0,3.5588235294117645,7.873616240077466,7,7,121.0,0.36240354791752133,6.243655823693116,7.873616240077466,7,121.0,-0.72
13005.0,6,70.0,2.2580645161290325,8.047164288958806,6,6,70.0,0.39374690426084036,6.932126620419448,8.047164288958806,6,70.0,0.51
13010.0,5,87.0,2.6363636363636362,8.269097889227993,5,5,49.0,0.3714333847798005,6.811253016452389,8.269097889227993,5,49.0,0.20999999999999996
13015.0,7,118.0,3.933333333333333,8.66169236596601,7,7,118.0,0.39726066226567164,7.413603824802841,8.66169236596601,7,118.0,-0.69
13020.0,5,129.0,4.448275862068965,8.815478763177572,5,5,129.0,0.4227227740656659,8.054493276150737,8.815478763177572,5,129.0,-0.1100000000000001
13025.0,7,159.0,5.129032258064516,7.634327684686647,7,7,147.0,0.3213364356174089,5.805610698036058,7.634327684686647,7,147.0,-0.17999999999999994
13030.0,7,194.0,6.258064516129032,9.018875272630734,7,7,194.0,0.43082543008089674,7.661959012399878,9.018875272630734,7,194.0,-0.47
13035.0,6,88.0,2.6666666666666665,7.584591041319285,6,6,88.0,0.3218767941738817,5.906397275608329,7.584591041319285,6,88.0,1.06
13040.0,4,69.0,2.15625,8.870936295580977,4,4,13.0,0.4412784424570617,8.06598084886388,8.870936295580977,4,13.0,0.75
13045.0,7,89.0,2.6176470588235294,8.575717852221779,7,7,89.0,0.4327058238035943,7.621192058485222,8.575717852221779,7,89.0,-0.76
13050.0,6,103.0,3.21875,8.293457392179464,6,6,103.0,0.4171568731231046,7.6125581264116065,8.293457392179464,6,103.0,-0.14
13055.0,6,133.0,4.15625,8.958487549148213,6,6,124.0,0.45919853192283916,8.229289423755292,8.958487549148213,6,124.0,-0.20999999999999996
13060.0,9,169.0,4.970588235294118,7.659654029411961,9,9,169.0,0.3553873770289503,6.193965639171123,7.659654029411961,9,169.0,-0.44999999999999996
13065.0,6,122.0,4.066666666666666,7.861895683056438,6,6,122.0,0.3708856057640471,7.0385755852597685,7.861895683056438,6,122.0,0.47
13070.0,6,146.0,4.424242424242424,7.04870074210107,6,6,108.0,0.3100056722132588,5.755589482316668,7.04870074210107,6,108.0,0.1399999999999999
13075.0,8,185.0,5.78125,7.773753476735597,8,8,185.0,0.37181287505469374,6.839149434397164,7.773753476735597,8,185.0,-0.77
13080.0,5,138.0,4.3125,8.101200640875419,5,5,138.0,0.3877048064335971,7.507701039078044,8.101200640875419,5,138.0,0.4700000000000002
13085.0,6,153.0,4.25,7.863568231872601,6,6,125.0,0.3420264130956181,6.5856933862696945,7.863568231872601,6,125.0,0.1299999999999999
13090.0,6,183.0,5.545454545454546,8.992212297805233,6,6,183.0,0.44959490974801536,8.40324495571741,8.992212297805233,6,183.0,-0.5800000000000001
13095.0,7,83.0,2.3714285714285714,7.555826333897744,7,7,83.0,0.3265919758534856,6.214398239790074,7.555826333897744,7,83.0,1.0
13100.0,7,118.0,3.4705882352941178,8.80918626824976,7,7,27.0,0.42036417545294585,7.9196958562378255,8.80918626824976,7,27.0,0.5599999999999999
13105.0,10,153.0,4.5,7.60032205986447,10,10,153.0,0.3317050774019177,6.036681818749886,7.60032205986447,10,153.0,-1.26
13110.0,7,89.0,2.696969696969697,8.112477159563262,7,7,89.0,0.37582147943263394,6.916454481785636,8.112477159563262,7,89.0,0.64
13115.0,5,92.0,2.875,8.987179679113517,5,5,52.0,0.4634092023486095,8.18431428517493,8.987179679113517,5,52.0,0.37
13120.0,8,122.0,3.696969696969697,7.3744989421012965,8,8,122.0,0.3502317709991982,5.927316882948041,7.3744989421012965,8,122.0,-0.7
13125.0,6,73.0,2.212121212121212,8.076645167709785,6,6,73.0,0.4048638403974991,7.124491977156951,8.076645167709785,6,73.0,0.49
13130.0,5,91.0,2.676470588235294,7.65402790340608,5,5,54.0,0.3603223717712442,6.434255244668765,7.65402790340608,5,54.0,0.18999999999999995
13135.0,7,123.0,3.727272727272727,8.190340027222083,7,7,123.0,0.3999558843456039,7.15086934207203,8.190340027222083,7,123.0,-0.69
13140.0,4,56.0,1.8666666666666667,8.313119112032188,4,4,56.0,0.4239427517576598,7.893592960102593,8.313119112032188,4,56.0,0.6699999999999999
13145.0,4,66.0,1.9411764705882353,7.92954828789511,4,4,25.0,0.3616250347198714,6.776314002754722,7.92954828789511,4,25.0,0.31000000000000005
13150.0,5,91.0,2.84375,9.184394486814735,5,5,91.0,0.48030905455912204,8.772496134699804,9.184394486814735,5,91.0,-0.66
13155.0,5,81.0,2.4545454545454546,7.608632133232161,5,5,81.0,0.35696385717040496,6.5403855220947005,7.608632133232161,5,81.0,0.09999999999999998
13160.0,7,116.0,3.515151515151515,8.847575546897662,7,7,85.0,0.41902485593101724,7.967559806736132,8.847575546897662,7,85.0,-0.039999999999999925
13165.0,11,152.0,4.222222222222222,7.72470679661906,11,11,152.0,0.3232934232377899,5.978087390935082,7.72470679661906,11,152.0,-0.67
13170.0,7,84.0,2.3333333333333335,8.209722368959216,7,7,84.0,0.3624203665952381,6.876141512242284,8.209722368959216,7,84.0,0.68
13175.0,5,87.0,2.4857142857142858,9.084836626309931,5,5,44.0,0.4561039393116334,8.396750468544841,9.084836626309931,5,44.0,0.39999999999999997
13180.0,8,118.0,3.4705882352941178,7.773271558049432,8,8,118.0,0.3534392974178515,6.2778626698040325,7.773271558049432,8,118.0,-0.74
13185.0,6,72.0,2.3225806451612905,8.075576755931827,6,6,72.0,0.38696014867945416,7.2459782692099415,8.075576755931827,6,72.0,0.45999999999999996
13190.0,5,89.0,2.696969696969697,7.460943420153686,5,5,54.0,0.32343241058592836,5.91424007002289,7.460943420153686,5,54.0,0.17999999999999994
13195.0,7,123.0,4.1,8.254124076152133,7,7,123.0,0.4009095585015346,7.260362095145574,8.254124076152133,7,123.0,-0.69
13200.0,4,58.0,2.0,8.57130658353744,4,4,58.0,0.4224112532045225,7.937412408424036,8.57130658353744,4,58.0,0.65
13205.0,5,66.0,2.0,7.992906613684639,5,5,26.0,0.3627716570420992,6.756320683647362,7.992906613684639,5,26.0,0.31999999999999995
13210.0,5,91.0,2.84375,9.184677715515122,5,5,91.0,0.48092027725312675,8.642580329915008,9.184677715515122,5,91.0,-0.65
13215.0,6,83.0,2.515151515151515,8.018674921601084,6,6,83.0,0.37661860048056023,6.932414771524669,8.018674921601084,6,83.0,0.08000000000000007
13220.0,7,116.0,3.515151515151515,8.908326373367528,7,7,85.0,0.42509653404645653,7.966838839503238,8.908326373367528,7,85.0,-0.020000000000000018
13225.0,10,151.0,4.314285714285714,7.607928178615545,10,10,151.0,0.3187323339270709,5.857014640330196,7.607928178615545,10,151.0,-0.66
13230.0,7,85.0,2.5757575757575757,8.040536068191813,7,7,85.0,0.355135226919228,6.740127067984343,8.040536068191813,7,85.0,0.66
13235.0,5,89.0,2.870967741935484,8.822614884665946,5,5,46.0,0.45033419200993735,8.234629319955072,8.822614884665946,5,46.0,0.38999999999999996
13240.0,8,120.0,3.5294117647058822,7.879535716379401,8,8,120.0,0.3784428178362718,6.704150834450127,7.879535716379401,8,120.0,-0.74
13245.0,6,69.0,2.0294117647058822,8.295216861472367,6,6,69.0,0.38941881205695245,7.496926371867056,8.295216861472367,6,69.0,0.51
13250.0,6,88.0,2.588235294117647,7.306433237438338,6,6,52.0,0.3033182142617177,5.787915468776769,7.306433237438338,6,52.0,0.16999999999999993
13255.0,7,123.0,3.967741935483871,8.323108157560807,7,7,123.0,0.4027692167126081,7.494737550036312,8.323108157560807,7,123.0,-0.71
13260.0,4,59.0,2.0344827586206895,8.061065456840721,4,4,59.0,0.39758841770285663,7.404027371665438,8.061065456840721,4,59.0,0.64
13265.0,5,68.0,2.193548387096774,7.694370373145193,5,5,30.0,0.37028904642448934,6.7610918565588705,7.694370373145193,5,30.0,0.29
13270.0,5,93.0,3.0,9.040433785048059,5,5,93.0,0.48603613524922484,8.646116290480201,9.040433785048059,5,93.0,-0.6300000000000001
13275.0,6,84.0,2.5454545454545454,7.586487484478767,6,6,84.0,0.35544425391407924,6.500903930281081,7.586487484478767,6,84.0,0.09000000000000008
13280.0,7,118.0,3.5757575757575757,8.573635971661023,7,7,87.0,0.408002692538152,7.646216686927401,8.573635971661023,7,87.0,-0.030000000000000027
13285.0,10,153.0,4.25,8.04706904582858,10,10,153.0,0.34618929757028777,6.674093451343868,8.04706904582858,10,153.0,-0.66
13290.0,7,83.0,2.3055555555555554,8.302543382119072,7,7,83.0,0.34527105986604734,7.080716655510767,8.302543382119072,7,83.0,0.7000000000000001
13295.0,5,90.0,2.6470588235294117,8.898145784808136,5,5,48.0,0.42286333958572103,8.151335788114404,8.898145784808136,5,48.0,0.35
13300.0,8,121.0,3.5588235294117645,7.7882733279817575,8,8,121.0,0.34192652165968723,6.458972809151318,7.7882733279817575,8,121.0,-0.73
13305.0,6,73.0,2.28125,8.13504440405887,6,6,73.0,0.3737253208902756,7.3776379628700575,8.13504440405887,6,73.0,0.48
13310.0,6,92.0,2.875,6.871745118384316,6,6,55.0,0.29156020422580864,5.677710120040319,6.871745118384316,6,55.0,0.17999999999999994
13315.0,7,127.0,3.96875,8.186965323373204,7,7,127.0,0.39824913366657005,7.469411533152418,8.186965323373204,7,127.0,-0.72
13320.0,4,60.0,2.0,7.820122755264238,4,4,60.0,0.37623081490126425,7.245523262710965,7.820122755264238,4,60.0,0.67
13325.0,5,70.0,2.2580645161290325,7.559056979576202,5,5,29.0,0.36250285194091264,6.851035377849581,7.559056979576202,5,29.0,0.31
13330.0,5,95.0,3.064516129032258,8.802879423563416,5,5,95.0,0.46743400666912804,8.550172468207029,8.802879423563416,5,95.0,-0.6599999999999999
13335.0,6,87.0,2.6363636363636362,7.373731843231585,6,6,87.0,0.3474586912237503,6.303921073767344,7.373731843231585,6,87.0,0.07999999999999996
13340.0,7,122.0,3.696969696969697,8.453525610706286,7,7,91.0,0.41270129191977634,7.5395520791142445,8.453525610706286,7,91.0,-0.040000000000000036
13345.0,10,157.0,4.361111111111111,7.96517420036389,10,10,157.0,0.3590721188266749,6.639117828994116,7.96517420036389,10,157.0,-0.66
13350.0,7,85.0,2.361111111111111,8.180350283166018,7,7,85.0,0.3710515096961673,7.071130952966559,8.180350283166018,7,85.0,0.7200000000000001
13355.0,5,90.0,2.5,8.990473115403189,5,5,47.0,0.45914760132734256,8.42496626596154,8.990473115403189,5,47.0,0.38
13360.0,8,121.0,3.1842105263157894,7.7932776541527105,8,8,121.0,0.34679745064150025,6.158008401080245,7.7932776541527105,8,121.0,-0.74
13365.0,6,72.0,2.1818181818181817,8.232739386317892,6,6,72.0,0.4013969554432973,7.234039991404254,8.232739386317892,6,72.0,0.49
13370.0,5,91.0,2.84375,7.447523328435279,5,5,53.0,0.33716185425573814,6.1858528033798965,7.447523328435279,5,53.0,0.18999999999999995
13375.0,7,126.0,4.064516129032258,8.368849549335417,7,7,126.0,0.3894460034225556,7.208053252579595,8.368849549335417,7,126.0,-0.73
13380.0,4,60.0,2.0,8.550579743973701,4,4,60.0,0.40265692070347525,7.798143441512623,8.550579743973701,4,60.0,0.66
13385.0,4,69.0,2.225806451612903,8.36043944290306,4,4,29.0,0.3634621825323815,7.14825362930954,8.36043944290306,4,29.0,0.31
13390.0,5,94.0,3.032258064516129,9.329296869210836,5,5,94.0,0.4522959561436681,8.637001972705708,9.329296869210836,5,94.0,-0.6499999999999999
13395.0,7,86.0,2.606060606060606,7.792714902880991,7,7,86.0,0.3424969237598577,6.4441028295616185,7.792714902880991,7,86.0,0.07999999999999996
13400.0,7,121.0,3.6666666666666665,9.071858230903148,7,7,89.0,0.4133807832439561,8.000343613940583,9.071858230903148,7,89.0,-0.030000000000000027
13405.0,9,156.0,4.457142857142857,8.230802112851144,9,9,156.0,0.3371604084441401,6.405870277961303,8.230802112851144,9,156.0,-0.67
13410.0,8,87.0,2.71875,8.087955538655567,8,8,87.0,0.35612220050119797,6.876055922140597,8.087955538655567,8,87.0,0.6900000000000001
13415.0,5,90.0,2.8125,8.732660318057363,5,5,47.0,0.41489380299972783,7.752613856009762,8.732660318057363,5,47.0,0.4
13420.0,8,122.0,3.588235294117647,7.441526174807545,8,8,122.0,0.3249207901652972,5.843215882482989,7.441526174807545,8,122.0,-0.75
13425.0,6,75.0,2.34375,7.889306458851669,6,6,75.0,0.36341962283133167,6.820436771569997,7.889306458851669,6,75.0,0.47
13430.0,5,92.0,2.787878787878788,7.924804031492998,5,5,57.0,0.35810120889804165,6.64762117314268,7.924804031492998,5,57.0,0.18000000000000005
13435.0,7,123.0,3.84375,8.566599853333631,7,7,123.0,0.3939787428834423,7.420756044375592,8.566599853333631,7,123.0,-0.66
13440.0,4,56.0,1.9310344827586208,8.691733572508276,4,4,56.0,0.4075899031347052,7.977877750877498,8.691733572508276,4,56.0,0.6699999999999999
13445.0,5,68.0,2.125,8.392570691341518,5,5,27.0,0.38662259805738514,7.378856460484758,8.392570691341518,5,27.0,0.29000000000000004
13450.0,5,93.0,3.1,9.180993374498746,5,5,93.0,0.4669490321747165,8.575980918682625,9.180993374498746,5,93.0,-0.66
13455.0,6,84.0,2.5454545454545454,7.690711541051379,6,6,84.0,0.3404125609490963,6.312740370038679,7.690711541051379,6,84.0,0.09000000000000008
13460.0,7,119.0,3.606060606060606,9.012186109178831,7,7,87.0,0.4139959488144379,7.844616592030068,9.012186109178831,7,87.0,-0.030000000000000027
13465.0,10,154.0,4.4,7.836754373478175,10,10,154.0,0.3258679170309416,6.157520045829745,7.836754373478175,10,154.0,-0.67
13470.0,7,87.0,2.71875,8.014069866496985,7,7,87.0,0.35755265728046143,6.931276500660332,8.014069866496985,7,87.0,0.67
13475.0,5,94.0,3.032258064516129,8.765622778886227,5,5,51.0,0.441149376057703,8.134342411127967,8.765622778886227,5,51.0,0.36
13480.0,7,125.0,3.676470588235294,7.903204441913404,7,7,125.0,0.3783960637783987,6.7062776241456605,7.903204441913404,7,125.0,-0.74
13485.0,8,163.0,4.794117647058823,7.995768868943361,8,8,163.0,0.3728695935509113,7.0409414006133995,7.995768868943361,8,163.0,-0.3799999999999999
13490.0,10,205.0,6.212121212121212,6.630839878770146,10,10,205.0,0.2579031492351163,4.672891478166646,6.630839878770146,10,205.0,-0.41999999999999993
13495.0,11,260.0,8.387096774193548,6.890803146081864,11,11,260.0,0.3075139906743473,5.63998208401503,6.890803146081864,11,260.0,-0.5500000000000003
13500.0,8,212.0,7.310344827586207,6.727482426881291,8,8,212.0,0.324814722991279,5.720109378118641,6.727482426881291,8,212.0,0.48
13505.0,9,242.0,7.333333333333333,6.392628820274203,9,9,201.0,0.29828575912027205,5.219899495873693,6.392628820274203,9,201.0,0.11000000000000032
13510.0,9,287.0,9.566666666666666,7.476313815533822,9,9,287.0,0.4117089356985666,6.994162826023319,7.476313815533822,9,287.0,-0.8600000000000003
13515.0,8,151.0,4.575757575757576,6.0189935753239325,8,8,151.0,0.29823314030916154,5.051541524698688,6.0189935753239325,8,151.0,1.36
13520.0,6,98.0,2.9696969696969697,7.141871923535531,6,6,30.0,0.37084081722437273,6.358294301970717,7.141871923535531,6,30.0,1.21
13525.0,7,122.0,3.4857142857142858,7.83557669354356,7,7,54.0,0.3969086267398746,6.906270610472685,7.83557669354356,7,54.0,-0.24000000000000005
13530.0,6,39.0,1.1142857142857143,7.470728873450368,6,6,39.0,0.3555614148428025,6.344449815144294,7.470728873450368,6,39.0,0.15000000000000002
13535.0,8,56.0,1.6,7.765619692970504,8,8,13.0,0.37294958320319455,6.714892149972673,7.765619692970504,8,13.0,0.26
13540.0,9,92.0,2.5555555555555554,6.832319122128462,9,9,92.0,0.27306825864260387,4.987224472971623,6.832319122128462,9,92.0,-0.79
13545.0,10,100.0,2.857142857142857,7.457254878638959,10,10,100.0,0.310583894042521,5.7589539353960095,7.457254878638959,10,100.0,-0.07999999999999996
13550.0,8,101.0,2.72972972972973,6.95645365675401,8,8,88.0,0.2867650296881634,5.107457494003876,6.95645365675401,8,88.0,0.12
13555.0,9,144.0,4.114285714285714,7.93282193011014,9,9,144.0,0.3693918192517012,6.636066399448437,7.93282193011014,9,144.0,-0.5599999999999999
13560.0,8,99.0,3.09375,7.323461770166594,8,8,99.0,0.3263063158939956,5.932572874144025,7.323461770166594,8,99.0,0.44999999999999996
13565.0,9,128.0,3.5555555555555554,7.175663576281648,9,9,88.0,0.29427846821678977,5.348259773979518,7.175663576281648,9,88.0,0.10999999999999999
13570.0,9,173.0,4.942857142857143,8.360457339836495,9,9,173.0,0.39107069336921074,7.022089763705884,8.360457339836495,9,173.0,-0.85
13575.0,6,172.0,4.777777777777778,7.179986432678567,6,6,172.0,0.28925575726982733,5.778136655352433,7.179986432678567,6,172.0,0.010000000000000009
13580.0,8,212.0,5.888888888888889,8.035737021181042,8,8,199.0,0.34360489982620934,6.948587897077278,8.035737021181042,8,199.0,-0.27
13585.0,12,253.0,6.657894736842105,7.115305469268361,12,12,253.0,0.2877735255265925,5.5225048002394,7.115305469268361,12,253.0,-0.5399999999999998
13590.0,11,258.0,6.972972972972973,7.51402888641492,11,11,258.0,0.3234770222765397,6.3758477376334435,7.51402888641492,11,258.0,-0.050000000000000266
13595.0,11,313.0,8.694444444444445,7.553813547067711,11,11,267.0,0.3290022988539247,6.391752910801779,7.553813547067711,11,267.0,-0.08999999999999986
13600.0,14,376.0,10.162162162162161,6.086577917391734,14,14,376.0,0.22783196763789804,4.376714904084452,6.086577917391734,14,376.0,-1.0899999999999999
13605.0,11,257.0,7.138888888888889,6.675364609462651,11,11,257.0,0.2851494388893994,5.528683530034128,6.675364609462651,11,257.0,1.19
13610.0,8,133.0,3.5945945945945947,6.343856681232269,8,8,74.0,0.27435744201803014,5.090095228335058,6.343856681232269,8,74.0,1.8299999999999998
13615.0,8,169.0,4.5675675675675675,7.639327027186195,8,8,169.0,0.3727930827369313,6.780435731308391,7.639327027186195,8,169.0,-0.95
13620.0,8,209.0,5.9714285714285715,7.39318398084818,8,8,209.0,0.3502733308160377,6.32840248044114,7.39318398084818,8,209.0,-0.3999999999999999
13625.0,9,145.0,3.717948717948718,6.88417923750428,9,9,145.0,0.3058914657380387,5.539166685982354,6.88417923750428,9,145.0,0.6399999999999999
13630.0,7,163.0,4.405405405405405,7.881651904803006,7,7,118.0,0.3781563755226141,6.965247199138534,7.881651904803006,7,118.0,0.27
13635.0,9,201.0,5.2894736842105265,7.3201483658348465,9,9,201.0,0.3350051613423785,5.959726773054483,7.3201483658348465,9,201.0,-0.8299999999999998
13640.0,7,100.0,2.6315789473684212,8.080710658196994,7,7,100.0,0.3946674533214007,7.218497104274095,8.080710658196994,7,100.0,1.0099999999999998
13645.0,8,65.0,1.6666666666666667,7.411918561202936,8,8,16.0,0.31320106366057776,5.865064999570418,7.411918561202936,8,16.0,0.84
13650.0,6,91.0,2.4594594594594597,8.175742925858158,6,6,91.0,0.3855672508652754,7.105954953982136,8.175742925858158,6,91.0,-0.75
13655.0,5,38.0,1.0555555555555556,8.467463203003739,5,5,38.0,0.42770520787758864,7.89210895723682,8.467463203003739,5,38.0,0.53
13660.0,8,59.0,1.5128205128205128,7.128636173679518,8,8,31.0,0.2932857665469264,5.431459892459354,7.128636173679518,8,31.0,0.07
13665.0,8,99.0,2.6052631578947367,8.0497369402793,8,8,71.0,0.3828830481065338,6.870315396735696,8.0497369402793,8,71.0,-0.39999999999999997
13670.0,7,93.0,2.3846153846153846,6.807137568790301,7,7,65.0,0.2857170870485455,5.030216974226188,6.807137568790301,7,65.0,0.05999999999999994
13675.0,6,109.0,2.7948717948717947,7.9615780591468415,6,6,97.0,0.3883817732804682,6.816300819424264,7.9615780591468415,6,97.0,-0.31999999999999995
13680.0,6,139.0,3.861111111111111,9.047311799106428,6,6,139.0,0.4706976876492733,8.159677925137045,9.047311799106428,6,139.0,-0.41999999999999993
13685.0,6,59.0,1.6857142857142857,7.728231721206797,6,6,59.0,0.3409466376749249,6.3077272736171945,7.728231721206797,6,59.0,0.7999999999999999
13690.0,4,60.0,1.7142857142857142,9.115822441580546,4,4,17.0,0.44175942792981787,8.224463212682606,9.115822441580546,4,17.0,0.41999999999999993
13695.0,6,83.0,2.3055555555555554,8.112752702669571,6,6,83.0,0.36062986688112575,6.4661352708691355,8.112752702669571,6,83.0,-0.6599999999999999
13700.0,6,75.0,2.0833333333333335,8.79736993398689,6,6,75.0,0.424493258995202,7.838580360801274,8.79736993398689,6,75.0,0.07999999999999996
13705.0,9,105.0,2.9166666666666665,8.433044627198665,9,9,69.0,0.3575599361555885,6.810327282094789,8.433044627198665,9,69.0,0.06000000000000005
13710.0,9,144.0,4.235294117647059,8.506374707564609,9,9,144.0,0.3492590498386514,6.974873068431792,8.506374707564609,9,144.0,-0.75
13715.0,6,94.0,2.8484848484848486,8.89714858466805,6,6,94.0,0.39775096274605004,7.963988792090602,8.89714858466805,6,94.0,0.5
13720.0,7,114.0,3.1666666666666665,8.039179107781731,7,7,76.0,0.3447728890444973,6.464110498193166,8.039179107781731,7,76.0,0.17999999999999994
13725.0,8,153.0,4.78125,8.430655671390827,8,8,153.0,0.4108658985639426,7.409345937731781,8.430655671390827,8,153.0,-0.77
13730.0,7,92.0,2.6285714285714286,6.9732011836652426,7,7,92.0,0.27704387642319994,5.117057997534987,6.9732011836652426,7,92.0,0.61
13735.0,6,107.0,3.34375,8.06761751987665,6,6,66.0,0.38123637687212897,7.0149128333904684,8.06761751987665,6,66.0,0.26
13740.0,6,137.0,4.566666666666666,8.462558346393502,6,6,137.0,0.4231878927972477,7.588253522146723,8.462558346393502,6,137.0,-0.7100000000000001
13745.0,6,61.0,1.967741935483871,7.100802519604413,6,6,61.0,0.3192139100845651,6.105627239438341,7.100802519604413,6,61.0,0.7600000000000001
13750.0,4,61.0,1.967741935483871,8.410054636527386,4,4,18.0,0.42465489623954983,7.959581171303581,8.410054636527386,4,18.0,0.43
13755.0,5,82.0,2.484848484848485,8.204294169754434,5,5,82.0,0.4117082518845935,7.5043828292763,8.204294169754434,5,82.0,-0.6399999999999999
13760.0,6,74.0,2.3125,8.474490124972064,6,6,74.0,0.42955905516138604,8.26867775599611,8.474490124972064,6,74.0,0.07999999999999996
13765.0,9,104.0,2.9714285714285715,7.530564078217071,9,9,70.0,0.32163822566701283,6.11158916539523,7.530564078217071,9,70.0,0.040000000000000036
13770.0,9,146.0,4.171428571428572,8.04719213712948,9,9,146.0,0.35984764493333365,6.792776094166102,8.04719213712948,9,146.0,-0.76
13775.0,6,134.0,3.9411764705882355,8.780834169136241,6,6,134.0,0.43715370958761374,8.32024443015504,8.780834169136241,6,134.0,0.11999999999999988
13780.0,8,167.0,4.513513513513513,7.545298601256085,8,8,142.0,0.3429845613696177,6.098941788045997,7.545298601256085,8,142.0,-0.07999999999999985
13785.0,9,211.0,6.205882352941177,8.135239517385616,9,9,211.0,0.40972542248802657,7.072422504285862,8.135239517385616,9,211.0,-0.69
13790.0,11,258.0,7.588235294117647,6.322893578962166,11,11,258.0,0.2638750778884194,4.578605199196418,6.322893578962166,11,258.0,-0.4700000000000002
13795.0,11,313.0,9.205882352941176,7.156287963423047,11,11,313.0,0.30802229108887386,5.605112654863137,7.156287963423047,11,313.0,-0.5499999999999998
13800.0,8,270.0,8.181818181818182,7.518028175904144,8,8,270.0,0.34294160845854904,6.377438867864909,7.518028175904144,8,270.0,0.4299999999999997
13805.0,8,295.0,8.93939393939394,6.892548604457365,8,8,257.0,0.3031256957973083,5.840289974705807,6.892548604457365,8,257.0,0.13000000000000034
13810.0,9,340.0,11.333333333333334,7.428320075698195,9,9,340.0,0.36319722390692855,6.826764276661313,7.428320075698195,9,340.0,-0.8300000000000001
13815.0,8,171.0,5.181818181818182,6.268067084709501,8,8,171.0,0.2859698253160199,5.381039181886046,6.268067084709501,8,171.0,1.69
13820.0,4,69.0,2.090909090909091,8.142118874921442,4,4,-10.0,0.3993316669727274,7.5697378219856,8.142118874921442,4,-10.0,1.81
13825.0,7,89.0,2.5428571428571427,7.998573594354559,7,7,89.0,0.3857171934682978,7.150420619195743,7.998573594354559,7,89.0,-0.99
13830.0,6,117.0,3.342857142857143,8.658041846912536,6,6,117.0,0.43983841218400066,8.093260552739684,8.658041846912536,6,117.0,-0.2799999999999999
13835.0,6,93.0,2.657142857142857,8.65654612920998,6,6,93.0,0.4177626250247563,7.959598993122121,8.65654612920998,6,93.0,0.23999999999999988
13840.0,9,128.0,3.4594594594594597,7.176130299028134,9,9,128.0,0.27600067437135084,5.293111006722929,7.176130299028134,9,128.0,-0.35
13845.0,9,173.0,4.942857142857143,8.315691781718751,9,9,121.0,0.34679282651889365,6.8112890427600234,8.315691781718751,9,121.0,0.07000000000000006
13850.0,8,115.0,3.1944444444444446,7.086207280136623,8,8,115.0,0.2609650389413131,5.029556834649661,7.086207280136623,8,115.0,0.06000000000000005
13855.0,7,136.0,4.0,8.006933446970573,7,7,95.0,0.3620764389299341,6.800507275166235,8.006933446970573,7,95.0,0.19999999999999996
13860.0,7,171.0,5.029411764705882,8.410502785500704,7,7,171.0,0.3887477563795829,7.047646227382551,8.410502785500704,7,171.0,-0.76
13865.0,7,99.0,2.8285714285714287,7.485909058998298,7,7,99.0,0.3096971121487431,5.940776678183324,7.485909058998298,7,99.0,0.72
13870.0,5,105.0,3.088235294117647,8.658794935059783,5,5,59.0,0.4151156099014753,7.739996750040455,8.658794935059783,5,59.0,0.4
13875.0,6,133.0,3.911764705882353,8.147805744396273,6,6,133.0,0.3831923068412695,6.86495910406919,8.147805744396273,6,133.0,-0.7400000000000001
13880.0,5,51.0,1.5454545454545454,8.445339859871211,5,5,51.0,0.4194492154899832,7.753666258424304,8.445339859871211,5,51.0,0.8200000000000001
13885.0,6,40.0,1.1428571428571428,8.305246852122067,6,6,-3.0,0.39316455928063354,7.293520294895499,8.305246852122067,6,-3.0,0.54
13890.0,5,61.0,1.7428571428571429,9.088417226839855,5,5,61.0,0.46008513392620726,8.364790417620831,9.088417226839855,5,61.0,-0.64
13895.0,4,64.0,1.9393939393939394,8.93722541858655,4,4,64.0,0.4645053539231309,8.614507148796026,8.93722541858655,4,64.0,-0.030000000000000027
13900.0,6,88.0,2.4444444444444446,8.03622619807684,6,6,75.0,0.3604872553009363,6.4400089518429775,8.03622619807684,6,75.0,-0.10999999999999999
13905.0,7,122.0,3.588235294117647,8.780791157896893,7,7,122.0,0.418156290124811,7.444551597855581,8.780791157896893,7,122.0,-0.47
13910.0,7,150.0,4.054054054054054,8.188702527085665,7,7,150.0,0.3466205245772944,6.422464766184538,8.188702527085665,7,150.0,-0.28
13915.0,8,189.0,5.5588235294117645,8.438035049572566,8,8,185.0,0.35933153943801605,6.62878579717123,8.438035049572566,8,185.0,-0.3500000000000001
13920.0,9,233.0,7.516129032258065,7.863626537084424,9,9,233.0,0.3331565239770025,6.220475939325259,7.863626537084424,9,233.0,-0.48
13925.0,9,213.0,6.264705882352941,6.969952016854361,9,9,213.0,0.2702658516495207,5.276122453937023,6.969952016854361,9,213.0,0.20000000000000018
13930.0,8,250.0,8.064516129032258,7.697742370818111,8,8,222.0,0.3554841035029006,6.719204152768218,7.697742370818111,8,222.0,-0.0900000000000003
13935.0,9,293.0,8.617647058823529,7.159357494808667,9,9,293.0,0.3155359482752844,5.832749907990218,7.159357494808667,9,293.0,-0.71
13940.0,7,296.0,9.25,7.813628828615713,7,7,296.0,0.36818981455980115,7.1623633962517275,7.813628828615713,7,296.0,-0.029999999999999805
13945.0,11,332.0,10.375,7.059679492817175,11,11,313.0,0.3295808511495518,6.241416032725041,7.059679492817175,11,313.0,-0.16999999999999993
13950.0,9,375.0,11.71875,8.085634318038808,9,9,375.0,0.388370868032758,7.215670425252273,8.085634318038808,9,375.0,-0.6200000000000001
13955.0,6,179.0,5.774193548387097,8.075874330146645,6,6,179.0,0.38052253728219937,7.370874352961561,8.075874330146645,6,179.0,1.96
13960.0,4,21.0,0.65625,7.086921844505912,4,4,-66.0,0.3151179421166467,5.868376396255913,7.086921844505912,4,-66.0,2.45
13965.0,4,37.0,1.15625,8.65136770341167,4,4,37.0,0.4390309541003459,8.018829827008854,8.65136770341167,4,37.0,-1.03
13970.0,5,30.0,0.8571428571428571,7.1516775120074465,5,5,30.0,0.29883455354516225,5.765339440208665,7.1516775120074465,5,30.0,0.07
13975.0,8,67.0,1.9705882352941178,7.768832658279664,8,8,49.0,0.3325750933349995,6.496350637644299,7.768832658279664,8,49.0,-0.19
13980.0,8,107.0,3.1470588235294117,8.267002992948807,8,8,107.0,0.3766877680662544,6.964372326676177,8.267002992948807,8,107.0,-0.5800000000000001
13985.0,7,103.0,2.861111111111111,7.108326135359478,7,7,103.0,0.3045030782293354,5.6642759372536515,7.108326135359478,7,103.0,0.040000000000000036
13990.0,4,91.0,2.6,8.4847674693041,4,4,78.0,0.4212620822457989,7.673566600683708,8.4847674693041,4,78.0,0.25
13995.0,5,113.0,3.138888888888889,8.17645106831512,5,5,113.0,0.3909653488184982,6.949678859390624,8.17645106831512,5,113.0,-0.34999999999999987
14000.0,5,57.0,1.5833333333333333,8.360748438114895,5,5,57.0,0.4012683017815936,7.458923853664352,8.360748438114895,5,57.0,0.5599999999999999
14005.0,6,70.0,2.0,8.369541520475808,6,6,33.0,0.40558316356439883,7.330184195156962,8.369541520475808,6,33.0,0.23999999999999994
14010.0,5,93.0,2.735294117647059,8.901787567656797,5,5,93.0,0.4453873044202523,8.046301761432092,8.901787567656797,5,93.0,-0.6000000000000001
14015.0,6,123.0,3.727272727272727,9.416449965096703,6,6,123.0,0.45965873530790713,8.671179435761493,9.416449965096703,6,123.0,-0.29999999999999993
14020.0,7,94.0,2.8484848484848486,8.023406793196141,7,7,94.0,0.32820627782521283,6.446633267204005,8.023406793196141,7,94.0,0.29000000000000004
14025.0,8,132.0,4.0,8.659651542508051,8,8,75.0,0.37332108590086116,7.1678611460777555,8.659651542508051,8,75.0,0.18999999999999995
14030.0,10,174.0,4.9714285714285715,7.186360295636415,10,10,174.0,0.2677253884158775,5.0087902837312175,7.186360295636415,10,174.0,-0.99
14035.0,9,211.0,6.59375,7.580995866384556,9,9,211.0,0.3158951218418864,6.167459223515159,7.580995866384556,9,211.0,-0.3699999999999999
14040.0,9,256.0,8.0,8.189498369939468,9,9,248.0,0.35867500318571555,6.695879875451648,8.189498369939468,9,248.0,-0.3700000000000001
14045.0,11,307.0,8.771428571428572,7.213649670516811,11,11,307.0,0.2896008756288,5.467324720932999,7.213649670516811,11,307.0,-0.5899999999999999
14050.0,8,235.0,7.34375,7.8167851254928085,8,8,235.0,0.3329695119705266,6.670487365570516,7.8167851254928085,8,235.0,0.7199999999999998
14055.0,8,241.0,7.303030303030303,6.9834909017284215,8,8,193.0,0.2908974382698492,5.643931617842773,6.9834909017284215,8,193.0,0.42000000000000015
14060.0,8,281.0,8.515151515151516,8.297864260391451,8,8,281.0,0.389445800797828,7.389001476359666,8.297864260391451,8,281.0,-0.8800000000000001
14065.0,11,323.0,10.09375,7.596664274805404,11,11,323.0,0.3371054353781896,6.499315664547797,7.596664274805404,11,323.0,-0.41999999999999993
14070.0,7,166.0,5.1875,8.191301562326206,7,7,166.0,0.3740708732579494,7.230561511566546,8.191301562326206,7,166.0,1.57
14075.0,2,29.0,0.9666666666666667,8.5809596514548,2,2,-39.0,0.42430042542221275,7.903494423903296,8.5809596514548,2,-39.0,2.05
14080.0,5,45.0,1.3636363636363635,7.971117868602745,5,5,45.0,0.3799615481515381,6.759842596963626,7.971117868602745,5,45.0,-0.8400000000000001
14085.0,7,69.0,2.090909090909091,8.175216906453052,7,7,69.0,0.3870164065807631,7.191435022242954,8.175216906453052,7,69.0,-0.23999999999999994
14090.0,8,109.0,3.0277777777777777,7.224085309024883,8,8,107.0,0.29165956128801146,5.366772157525541,7.224085309024883,8,107.0,-0.3800000000000001
14095.0,10,158.0,4.647058823529412,7.501022591896209,10,10,158.0,0.3236966848252252,6.1356582821885,7.501022591896209,10,158.0,-0.51
14100.0,7,107.0,3.242424242424242,7.725756444684462,7,7,107.0,0.34396174699035365,6.621847313480844,7.725756444684462,7,107.0,0.51
14105.0,8,133.0,3.6944444444444446,7.244430966641172,8,8,92.0,0.3106676063055252,5.924281927804258,7.244430966641172,8,92.0,0.15000000000000002
14110.0,8,173.0,4.942857142857143,8.27110634267553,8,8,173.0,0.40000149228006904,7.394275537844927,8.27110634267553,8,173.0,-0.8099999999999999
14115.0,8,120.0,3.3333333333333335,6.912281181921223,8,8,120.0,0.29775027143293686,5.534918583687882,6.912281181921223,8,120.0,0.53
14120.0,5,72.0,2.1818181818181817,8.028910347633557,5,5,44.0,0.3621679547039966,7.2194811196280195,8.028910347633557,5,44.0,0.76
14125.0,7,91.0,2.5277777777777777,7.723398012144205,7,7,91.0,0.334713394119352,6.552663676724111,7.723398012144205,7,91.0,-0.47000000000000003
14130.0,6,120.0,3.3333333333333335,8.593196511878237,6,6,120.0,0.41077145158608647,7.893797377222619,8.593196511878237,6,120.0,-0.2899999999999999
14135.0,5,93.0,2.735294117647059,8.340937047018615,5,5,93.0,0.39516012296894787,7.660214265577231,8.340937047018615,5,93.0,0.2699999999999999
14140.0,9,127.0,3.5277777777777777,7.286193053117941,9,9,100.0,0.280955970878882,5.632480205035223,7.286193053117941,9,100.0,-0.06999999999999995
14145.0,8,165.0,5.0,7.9318614306693425,8,8,165.0,0.35044919049921885,6.990000504987475,7.9318614306693425,8,165.0,-0.6499999999999999
14150.0,7,133.0,3.911764705882353,6.050532679803467,7,7,133.0,0.2408604403119328,4.587009688478472,6.050532679803467,7,133.0,0.31999999999999984
14155.0,7,168.0,4.9411764705882355,7.696580066401735,7,7,137.0,0.36219436643052216,6.81652466633526,7.696580066401735,7,137.0,-0.040000000000000036
14160.0,7,203.0,6.34375,8.301706633940519,7,7,203.0,0.39783764070081645,7.30258883555653,8.301706633940519,7,203.0,-0.6599999999999997
14165.0,7,151.0,4.194444444444445,7.530659602902846,6,7,150.0,0.3250292557813369,6.134674665251186,7.530659602902846,6,150.0,0.5299999999999998
14170.0,5,153.0,4.5,9.029703127138266,5,5,125.0,0.39837478564371015,7.505974107313357,9.029703127138266,5,125.0,0.25
14175.0,6,173.0,4.805555555555555,8.246832537733214,6,6,173.0,0.3390311987830515,6.184782341933098,8.246832537733214,6,173.0,-0.48
14180.0,6,159.0,4.542857142857143,8.883888844357195,6,6,159.0,0.40936715874654633,7.563945784457983,8.883888844357195,6,159.0,0.1399999999999999
14185.0,9,189.0,5.25,8.241992139718553,9,9,164.0,0.346680713286837,6.5304915424529915,8.241992139718553,9,164.0,-0.04999999999999982
14190.0,8,226.0,6.647058823529412,8.524117499317336,8,8,226.0,0.38166342435877104,6.964322407196638,8.524117499317336,8,226.0,-0.6199999999999999
14195.0,5,212.0,6.424242424242424,9.0203395821104,5,5,212.0,0.4444718745153634,8.11508770505826,9.0203395821104,5,212.0,0.13999999999999968
14200.0,6,227.0,6.485714285714286,7.820608802535499,6,6,213.0,0.3295365814317044,5.956372295211944,7.820608802535499,6,213.0,-0.009999999999999787
14205.0,7,262.0,8.1875,8.705082712448815,7,7,262.0,0.42676597377566455,7.629538405968847,8.705082712448815,7,262.0,-0.4900000000000002
14210.0,6,287.0,9.258064516129032,7.47725362470314,6,6,287.0,0.32635746834654383,6.107526811930802,7.47725362470314,6,287.0,-0.25
14215.0,8,326.0,10.516129032258064,7.796699418567823,8,8,321.0,0.333834506280984,6.3862539369942946,7.796699418567823,8,321.0,-0.33999999999999986
14220.0,8,366.0,11.806451612903226,8.443817570721537,8,8,366.0,0.3721117185795777,7.057879796616422,8.443817570721537,8,366.0,-0.4500000000000002
14225.0,10,412.0,11.771428571428572,7.447566840855326,10,10,412.0,0.27869316759004936,5.466110127164769,7.447566840855326,10,412.0,-0.45999999999999996
14230.0,7,331.0,9.735294117647058,8.46414123655375,7,7,331.0,0.3645975389132115,7.318210422882104,8.46414123655375,7,331.0,0.81
14235.0,6,330.0,9.166666666666666,7.599964392199169,6,6,279.0,0.3227701524779627,6.104897146556928,7.599964392199169,6,279.0,0.52
14240.0,7,364.0,10.705882352941176,8.72481025520277,7,7,364.0,0.4270907926330735,7.851981043616356,8.72481025520277,7,364.0,-0.8500000000000001
14245.0,8,81.0,2.3823529411764706,7.665165265493434,8,8,81.0,0.3605034201163492,6.727319485383009,7.665165265493434,8,81.0,2.83
14250.0,7,115.0,3.484848484848485,8.229192614175366,7,7,-47.0,0.38271665920115266,7.337775063356952,8.229192614175366,7,-47.0,1.28
14255.0,8,155.0,4.84375,8.676484764677074,8,8,155.0,0.4120127606434257,7.779001825101733,8.676484764677074,8,155.0,-2.02
14260.0,8,87.0,2.71875,6.850410044576135,8,8,87.0,0.3042653699720932,5.609703573093407,6.850410044576135,8,87.0,0.68
14265.0,6,100.0,3.125,8.392454927382248,6,6,55.0,0.4081797560423163,7.469090391357057,8.392454927382248,6,55.0,0.31999999999999995
14270.0,6,130.0,3.7142857142857144,7.6648919002954745,6,6,130.0,0.3343471049412886,5.875536815693381,7.6648919002954745,6,130.0,-0.75
14275.0,6,91.0,2.84375,7.984104285017469,6,6,91.0,0.36142765195652476,6.658170537701241,7.984104285017469,6,91.0,0.39
14280.0,5,111.0,3.46875,8.907423029895718,5,5,77.0,0.4062171016719364,7.7096462767457545,8.907423029895718,5,77.0,0.14
14285.0,7,140.0,4.0,8.119596574697924,7,7,140.0,0.3293724085473345,6.367844718232236,8.119596574697924,7,140.0,-0.6299999999999999
14290.0,8,179.0,5.264705882352941,8.385620834548902,8,8,179.0,0.3501069266923819,6.811963653089161,8.385620834548902,8,179.0,-0.3900000000000001
14295.0,9,222.0,6.529411764705882,7.661062915562443,9,9,222.0,0.27217138276506997,5.628344642269254,7.661062915562443,9,222.0,-0.43000000000000016
14300.0,11,277.0,8.393939393939394,8.241334490692019,11,11,277.0,0.32045888206142487,6.69641074031338,8.241334490692019,11,277.0,-0.5499999999999998
14305.0,11,164.0,4.96969696969697,6.741907081979635,11,11,164.0,0.24003367903811001,4.853586421003874,6.741907081979635,11,164.0,1.1300000000000001
14310.0,7,129.0,3.909090909090909,7.880371080978095,7,7,71.0,0.34530456243460994,6.706379972704377,7.880371080978095,7,71.0,0.9299999999999999
14315.0,7,164.0,5.125,8.343985926181611,7,7,164.0,0.3949385545489854,7.398252512201946,8.343985926181611,7,164.0,-0.9299999999999999
14320.0,10,100.0,3.125,6.308134520626036,10,10,100.0,0.2767718542356618,5.1491971365255775,6.308134520626036,10,100.0,0.6399999999999999
14325.0,9,124.0,4.0,7.038919380197842,9,9,81.0,0.30588759408417643,6.005145597928355,7.038919380197842,9,81.0,0.18999999999999995
14330.0,9,164.0,4.96969696969697,6.629506613615062,9,9,164.0,0.29504605400970174,5.452945261642824,6.629506613615062,9,164.0,-0.8299999999999998
14335.0,12,202.0,6.121212121212121,6.727060292043792,12,12,202.0,0.29442322798568604,5.627593156344937,6.727060292043792,12,202.0,-0.3800000000000001
14340.0,12,262.0,8.1875,6.573808378719267,12,12,250.0,0.2763958402355529,5.183016385901357,6.573808378719267,12,250.0,-0.48
14345.0,15,333.0,9.794117647058824,5.713402437373737,15,15,333.0,0.224841516169954,4.247291298406596,5.713402437373737,15,333.0,-0.8300000000000001
14350.0,12,354.0,10.411764705882353,6.710335212206309,12,12,354.0,0.2866996617865419,5.514399719865103,6.710335212206309,12,354.0,-0.20999999999999996
14355.0,13,405.0,10.945945945945946,6.172092570227881,13,13,391.0,0.2464670473056144,4.687824892095809,6.172092570227881,13,391.0,-0.3700000000000001
14360.0,13,470.0,12.702702702702704,7.231732776387853,13,13,470.0,0.3306151662260471,6.026063518766209,7.231732776387853,13,470.0,-0.79
14365.0,13,395.0,10.675675675675675,6.122631738259596,13,13,395.0,0.2553263817690812,4.763693854429514,6.122631738259596,13,395.0,0.75
14370.0,9,367.0,10.194444444444445,7.245457916866211,9,9,324.0,0.33224034481165654,6.185940153010019,7.245457916866211,9,324.0,0.71
14375.0,9,412.0,12.117647058823529,8.016299659666847,9,9,412.0,0.3824987584910174,7.006149743969712,8.016299659666847,9,412.0,-0.8799999999999999
14380.0,11,215.0,5.8108108108108105,6.27078736223209,11,11,215.0,0.25032833869466464,4.5141574202198465,6.27078736223209,11,215.0,1.9700000000000002
14385.0,7,61.0,1.7428571428571429,7.593408294505155,7,7,-28.0,0.34579247021413,6.211308744661244,7.593408294505155,7,-28.0,2.4299999999999997
14390.0,6,83.0,2.2432432432432434,7.535890934681643,6,6,83.0,0.3360605388847371,5.97829769232016,7.535890934681643,6,83.0,-1.1099999999999999
14395.0,8,77.0,2.081081081081081,7.6522929926577,8,8,77.0,0.3272594587662483,6.025334074689453,7.6522929926577,8,77.0,0.05999999999999994
14400.0,9,118.0,3.189189189189189,8.076480313577001,9,9,105.0,0.3332376043338003,6.215569951431925,8.076480313577001,9,105.0,-0.28
14405.0,11,168.0,4.2,7.60337264347716,11,11,168.0,0.31706506409818225,5.630486092599365,7.60337264347716,11,168.0,-0.6299999999999999
14410.0,8,172.0,4.526315789473684,7.783421772734348,8,8,172.0,0.3496088962031099,6.219445151326332,7.783421772734348,8,172.0,-0.040000000000000036
14415.0,6,164.0,4.1,7.587236421645633,6,6,151.0,0.33765756863543644,5.735086111396757,7.587236421645633,6,151.0,0.20999999999999996
14420.0,7,198.0,5.351351351351352,8.605904410738159,7,7,198.0,0.44904957379336724,7.538068879030149,8.605904410738159,7,198.0,-0.47
14425.0,9,97.0,2.6216216216216215,7.095166737589236,9,9,97.0,0.3407942451267582,5.8844147846577775,7.095166737589236,9,97.0,1.01
14430.0,6,87.0,2.3513513513513513,7.856803825603313,6,6,33.0,0.37352833953776754,6.649336377102846,7.856803825603313,6,33.0,0.6399999999999999
14435.0,6,117.0,3.1621621621621623,9.152584106221445,6,6,117.0,0.4842365499790316,8.555603195958014,9.152584106221445,6,117.0,-0.8399999999999999
14440.0,5,113.0,2.973684210526316,7.86045000752938,5,5,113.0,0.3509993504553527,6.617157895666695,7.86045000752938,5,113.0,0.040000000000000036
14445.0,8,150.0,4.054054054054054,8.582078675879117,8,8,131.0,0.3809745554330246,7.383607192985616,8.582078675879117,8,131.0,-0.18000000000000016
14450.0,9,191.0,4.897435897435898,7.484162760526862,9,9,191.0,0.28820956118240537,5.2934368517708625,7.484162760526862,9,191.0,-0.5999999999999999
14455.0,8,150.0,4.166666666666667,7.979934977228376,8,8,150.0,0.3296668551754959,6.386358105673774,7.979934977228376,8,150.0,0.4099999999999999
14460.0,8,190.0,5.428571428571429,8.259694463180242,8,8,118.0,0.344880094744486,6.612075570174987,8.259694463180242,8,118.0,0.32000000000000006
14465.0,11,240.0,6.315789473684211,7.512774914854604,11,11,240.0,0.2928438731544904,5.609273201716536,7.512774914854604,11,240.0,-1.22
14470.0,8,212.0,6.057142857142857,7.843401924046543,8,8,212.0,0.31260375848038596,6.304220284734955,7.843401924046543,8,212.0,0.2799999999999998
14475.0,9,244.0,6.594594594594595,7.285201393875614,9,9,216.0,0.2945351795964151,5.488147580802909,7.285201393875614,9,216.0,-0.040000000000000036
14480.0,9,289.0,8.757575757575758,8.161602969534908,9,9,289.0,0.40022881691756035,7.209875693432516,8.161602969534908,9,289.0,-0.73
14485.0,13,335.0,9.571428571428571,7.112695221771593,13,13,335.0,0.31163538574569094,5.739331092634745,7.112695221771593,13,335.0,-0.45999999999999996
14490.0,8,192.0,5.818181818181818,7.682350390330825,8,8,192.0,0.36509370993990065,6.766079329402932,7.682350390330825,8,192.0,1.4300000000000002
14495.0,3,64.0,1.9393939393939394,8.30698706225124,3,3,1.0,0.4406494026435344,7.74474432357768,8.30698706225124,3,1.0,1.91
14500.0,7,85.0,2.4285714285714284,7.058692818325446,7,7,85.0,0.3354653574293228,5.683807388205319,7.058692818325446,7,85.0,-0.84
14505.0,4,21.0,0.6363636363636364,7.446742587912035,4,4,20.0,0.3680132177651166,6.310961829769516,7.446742587912035,4,20.0,0.6499999999999999
14510.0,6,38.0,1.1176470588235294,7.392375940068278,6,6,1.0,0.37412670352006855,6.3623762371406345,7.392375940068278,6,1.0,0.19
14515.0,8,75.0,2.2058823529411766,7.684726986942631,8,8,75.0,0.36545782950658956,6.549586983809557,7.684726986942631,8,75.0,-0.74
14520.0,5,73.0,2.212121212121212,8.341315023623386,5,5,73.0,0.40927048471187016,7.818629129832882,8.341315023623386,5,73.0,0.020000000000000018
14525.0,5,70.0,1.8918918918918919,8.124050304471009,5,5,60.0,0.3488552166887776,6.842035809678481,8.124050304471009,5,60.0,0.13
14530.0,5,95.0,2.638888888888889,9.08987773060872,5,5,95.0,0.4551243435003612,8.623232768878648,9.08987773060872,5,95.0,-0.35
14535.0,6,113.0,3.054054054054054,7.548178456359608,6,6,113.0,0.32405415053273595,6.112979879409789,7.548178456359608,6,113.0,-0.17999999999999994
14540.0,7,148.0,4.228571428571429,8.73877002421891,7,7,141.0,0.4164604093568889,7.786685150990183,8.73877002421891,7,141.0,-0.28
14545.0,10,183.0,4.815789473684211,8.179564757709388,10,10,183.0,0.35759360282148756,6.636927676625368,8.179564757709388,10,183.0,-0.42000000000000015
14550.0,7,112.0,3.111111111111111,8.34692690851501,6,7,111.0,0.38368307813452757,7.254892558846502,8.34692690851501,6,111.0,0.72
14555.0,5,112.0,3.2941176470588234,8.847902688646993,5,5,65.0,0.40383008025102674,7.819592019233729,8.847902688646993,5,65.0,0.4600000000000001
14560.0,7,134.0,3.6216216216216215,7.894840022305107,7,7,134.0,0.32505940083288654,6.144416473092625,7.894840022305107,7,134.0,-0.6900000000000001
14565.0,7,169.0,4.970588235294118,8.342081953390377,7,7,169.0,0.4069819097007989,7.6481654231885186,8.342081953390377,7,169.0,-0.34999999999999987
14570.0,9,206.0,5.722222222222222,6.8467072082763405,9,9,206.0,0.2850030154354319,5.113137061288699,6.8467072082763405,9,206.0,-0.3700000000000001
14575.0,8,141.0,4.147058823529412,7.723112559922856,8,8,141.0,0.35034534089734404,6.3789436737373775,7.723112559922856,8,141.0,0.6500000000000001
14580.0,4,135.0,4.5,8.151722957130973,4,4,133.0,0.3891192059421963,7.0944761893546415,8.151722957130973,4,133.0,0.07999999999999985
14585.0,6,160.0,4.848484848484849,7.700191137478344,6,6,159.0,0.3470021639064066,6.272036212010623,7.700191137478344,6,159.0,-0.26
14590.0,6,70.0,2.121212121212121,8.244325478784154,6,6,70.0,0.41070036286798023,7.435519994131137,8.244325478784154,6,70.0,0.8900000000000001
14595.0,6,100.0,3.0303030303030303,7.01934869204923,6,6,13.0,0.2986923628091848,5.63027068346228,7.01934869204923,6,13.0,0.57
14600.0,9,145.0,4.53125,7.837474081747999,9,9,145.0,0.3620255353504499,6.819209383393153,7.837474081747999,9,145.0,-1.3199999999999998
14605.0,11,89.0,2.5428571428571427,6.902342260824346,11,11,89.0,0.27261923177845243,5.334836721541822,6.902342260824346,11,89.0,0.5599999999999999
14610.0,7,108.0,3.176470588235294,7.623680846646397,7,7,106.0,0.3427468657169406,6.62101957857486,7.623680846646397,7,106.0,-0.17000000000000004
14615.0,7,143.0,4.205882352941177,8.50205758449461,7,7,142.0,0.40723983545718506,7.842847993905066,8.50205758449461,7,142.0,-0.3599999999999999
14620.0,11,185.0,5.138888888888889,6.898805075866901,11,11,185.0,0.29859506446199513,5.490145594853025,6.898805075866901,11,185.0,-0.43000000000000016
14625.0,11,240.0,7.2727272727272725,7.586361226060558,11,11,240.0,0.34083900662502026,6.357539106762814,7.586361226060558,11,240.0,-0.5499999999999998
14630.0,13,298.0,8.764705882352942,6.0036374520258455,13,13,298.0,0.20923258053207047,3.9468964330065406,6.0036374520258455,13,298.0,-0.5800000000000001
14635.0,11,235.0,6.911764705882353,6.919305047787377,11,11,235.0,0.2833560137029835,5.334177175879493,6.919305047787377,11,235.0,0.6299999999999999
14640.0,8,222.0,6.9375,7.073509554155242,8,8,180.0,0.3123201428100346,5.689238378283008,7.073509554155242,8,180.0,0.55
14645.0,10,269.0,7.911764705882353,6.743335232563992,10,10,269.0,0.31527142752296466,5.597747104845832,6.743335232563992,10,269.0,-0.8899999999999999
14650.0,10,319.0,9.666666666666666,7.465327832863504,10,10,319.0,0.36629108951241757,6.5649220207464,7.465327832863504,10,319.0,-0.5
14655.0,9,274.0,7.611111111111111,6.608436284107672,9,9,274.0,0.2708229406644417,5.0451283659785,6.608436284107672,9,274.0,0.44999999999999973
14660.0,8,299.0,8.542857142857143,8.042997458075241,8,8,267.0,0.3679587603539591,6.928501265656428,8.042997458075241,8,267.0,0.07000000000000028
14665.0,10,339.0,9.416666666666666,7.662005132701399,10,10,339.0,0.3435097094428761,6.3068815228825885,7.662005132701399,10,339.0,-0.7200000000000002
14670.0,10,388.0,10.777777777777779,7.781183046764489,10,10,388.0,0.35923290564806526,6.548222874040638,7.781183046764489,10,388.0,-0.48999999999999977
14675.0,8,409.0,12.029411764705882,8.106704801361719,8,8,409.0,0.3872209761010789,7.094206387954423,8.106704801361719,8,409.0,-0.20999999999999996
14680.0,10,453.0,12.583333333333334,6.904664096394658,10,10,438.0,0.2859305503754474,5.018981924771035,6.904664096394658,10,438.0,-0.29000000000000004
14685.0,11,508.0,14.11111111111111,7.77633671663727,11,11,508.0,0.3419355113884719,6.004042376660985,7.77633671663727,11,508.0,-0.7000000000000002
14690.0,9,278.0,7.315789473684211,6.85866167912208,9,9,278.0,0.2625612641883913,4.710893176033249,6.85866167912208,9,278.0,2.3000000000000003
14695.0,6,63.0,1.7027027027027026,7.796632785681706,6,6,-40.0,0.3364066312451959,6.0167990079974425,7.796632785681706,6,-40.0,3.1799999999999997
14700.0,4,59.0,1.6857142857142857,8.965883050634973,4,4,59.0,0.45015949013975287,7.952822791359591,8.965883050634973,4,59.0,-0.99
14705.0,5,45.0,1.2162162162162162,7.625140612781129,5,5,45.0,0.32898119889439187,6.1638636674272025,7.625140612781129,5,45.0,0.13999999999999996
14710.0,9,87.0,2.5588235294117645,8.024326361432065,9,9,67.0,0.35729561845969027,6.647796176955818,8.024326361432065,9,67.0,-0.22000000000000003
14715.0,11,136.0,3.7777777777777777,7.057229172372324,11,11,136.0,0.2951444685833191,5.223458798726469,7.057229172372324,11,136.0,-0.6900000000000001
14720.0,9,141.0,4.0285714285714285,7.6425896277034635,9,9,141.0,0.347991041424989,6.379613225791587,7.6425896277034635,9,141.0,-0.04999999999999982
14725.0,8,111.0,3.0833333333333335,7.544231874511378,8,8,98.0,0.3315686624831335,6.268463500278184,7.544231874511378,8,98.0,0.42999999999999994
14730.0,6,135.0,3.857142857142857,8.562468387781637,6,6,135.0,0.4141981940467227,7.590165820844371,8.562468387781637,6,135.0,-0.3700000000000001
14735.0,7,82.0,2.484848484848485,7.973481440844538,7,7,82.0,0.3901499561192787,7.189085119013944,7.973481440844538,7,82.0,0.5300000000000001
14740.0,8,109.0,3.0277777777777777,6.599607610786506,8,8,72.0,0.2765027127881543,4.8462783424173645,6.599607610786506,8,72.0,0.09999999999999998
14745.0,9,154.0,4.4,7.708800851862454,9,9,154.0,0.37562669832045714,6.441786979988435,7.708800851862454,9,154.0,-0.8200000000000001
14750.0,7,148.0,4.111111111111111,6.725640000936,7,7,148.0,0.312704176011967,5.231235097628857,6.725640000936,7,148.0,0.06000000000000005
14755.0,7,153.0,4.25,7.196325422913609,7,7,139.0,0.3426375815437555,5.908059374687497,7.196325422913609,7,139.0,0.09000000000000008
14760.0,7,188.0,5.529411764705882,8.465583282412794,7,7,188.0,0.46780744179452355,7.949901291027373,8.465583282412794,7,188.0,-0.49
14765.0,8,196.0,5.444444444444445,6.886072579726193,7,8,195.0,0.3016262673000482,5.636047992890205,6.886072579726193,7,195.0,-0.07000000000000006
14770.0,8,235.0,6.527777777777778,7.942884573021806,8,8,222.0,0.34518841803219896,6.478687873540968,7.942884573021806,8,222.0,-0.27000000000000024
14775.0,9,277.0,7.486486486486487,7.232324259051272,9,9,277.0,0.3060724404673632,5.604929170452554,7.232324259051272,9,277.0,-0.5499999999999998
14780.0,8,209.0,5.805555555555555,7.6542908064113915,8,8,209.0,0.35810564404026823,6.797830641526528,7.6542908064113915,8,209.0,0.6800000000000002
14785.0,9,215.0,5.512820512820513,7.558310907256284,9,9,168.0,0.3413617753868564,6.298230453143624,7.558310907256284,9,168.0,0.4099999999999999
14790.0,8,252.0,7.0,8.16953034558994,8,8,252.0,0.3951965653455296,7.199601261284351,8.16953034558994,8,252.0,-0.8400000000000001
14795.0,6,213.0,5.916666666666667,8.474214403109096,6,6,213.0,0.4167501322824908,7.8378269471198525,8.474214403109096,6,213.0,0.3900000000000001
14800.0,9,234.0,6.157894736842105,7.022371818070248,9,9,206.0,0.26579348718020607,5.186457185797792,7.022371818070248,9,206.0,0.06999999999999984
14805.0,8,273.0,7.583333333333333,8.084255383781928,8,8,273.0,0.36413983702037966,6.870253748608814,8.084255383781928,8,273.0,-0.6699999999999999
14810.0,10,292.0,7.891891891891892,6.567760739729468,10,10,292.0,0.2533614011559032,4.753775659709945,6.567760739729468,10,292.0,-0.18999999999999995
14815.0,10,342.0,10.058823529411764,7.300848820130614,10,10,329.0,0.3329689945368848,6.181495619738267,7.300848820130614,10,329.0,-0.3700000000000001
14820.0,10,392.0,11.878787878787879,7.458965875613875,10,10,392.0,0.3135793912281246,5.61632791749973,7.458965875613875,10,392.0,-0.6299999999999999
14825.0,9,336.0,9.333333333333334,6.543192381260652,9,9,336.0,0.28269513767968,5.186210199438035,6.543192381260652,9,336.0,0.56
14830.0,7,351.0,10.028571428571428,7.907974491326541,7,7,307.0,0.3868724300175878,7.059200223540896,7.907974491326541,7,307.0,0.29000000000000004
14835.0,8,388.0,10.486486486486486,7.482508245216699,8,8,388.0,0.3429864290231708,6.15015733691656,7.482508245216699,8,388.0,-0.81
14840.0,7,337.0,9.36111111111111,8.036164272058528,7,7,337.0,0.3851855076594764,7.212855877475432,8.036164272058528,7,337.0,0.5099999999999998
14845.0,8,337.0,9.108108108108109,7.651970172989334,8,8,308.0,0.3519105533667722,6.451710919869265,7.651970172989334,8,308.0,0.29000000000000004
14850.0,6,367.0,10.485714285714286,8.507543301330653,6,6,367.0,0.4220770651589993,7.684222089802054,8.507543301330653,6,367.0,-0.5899999999999999
14855.0,5,55.0,1.5714285714285714,8.390329775001202,5,5,55.0,0.411608312100265,7.686052123360831,8.390329775001202,5,55.0,3.12
14860.0,8,87.0,2.289473684210526,7.679222188433346,8,8,-85.0,0.33234545073373106,6.043926661260933,7.679222188433346,8,-85.0,1.4
14865.0,8,127.0,3.5277777777777777,8.755577156838989,8,8,127.0,0.41611302315068466,7.439888382028886,8.755577156838989,8,127.0,-2.12
14870.0,8,103.0,2.861111111111111,7.472520265412862,8,8,103.0,0.3099886018028958,5.628498789176239,7.472520265412862,8,103.0,0.24
14875.0,7,137.0,4.029411764705882,8.287667901802937,7,7,108.0,0.35571651577673524,6.69751720303623,8.287667901802937,7,108.0,-0.050000000000000044
14880.0,7,172.0,5.0588235294117645,8.534544410392515,7,7,172.0,0.39766889272106665,6.971819311953123,8.534544410392515,7,172.0,-0.6399999999999999
14885.0,7,100.0,2.7027027027027026,7.488085923765775,7,7,100.0,0.32686587894169533,5.8362605211431475,7.488085923765775,7,100.0,0.72
14890.0,5,107.0,3.1470588235294117,8.64731337815578,5,5,64.0,0.42918521588973735,7.790097516556524,8.64731337815578,5,64.0,0.36
14895.0,6,133.0,3.8,8.065301117559187,6,6,133.0,0.37599934904563936,6.747304651552393,8.065301117559187,6,133.0,-0.6900000000000001
14900.0,5,49.0,1.4,8.609758011156027,5,5,49.0,0.4348490184010818,7.95245994892255,8.609758011156027,5,49.0,0.8400000000000001
14905.0,5,39.0,1.1818181818181819,8.486227503456796,5,5,-4.0,0.418167977565069,7.819544984629284,8.486227503456796,5,-4.0,0.53
14910.0,5,60.0,1.875,8.599060211374944,5,5,60.0,0.43856535492320825,8.12255908282381,8.599060211374944,5,60.0,-0.64
14915.0,6,88.0,2.75,8.906584475371938,6,6,88.0,0.45156874918932455,8.624937668648899,8.906584475371938,6,88.0,-0.28
14920.0,8,123.0,3.6176470588235294,7.542453117879722,8,8,123.0,0.2966268058324683,5.737011575870148,7.542453117879722,8,123.0,-0.35
14925.0,9,168.0,4.9411764705882355,8.37396477141053,9,9,168.0,0.3380896810907682,6.728321196882255,8.37396477141053,9,168.0,-0.44999999999999996
14930.0,7,110.0,3.0555555555555554,6.974695471459437,7,7,110.0,0.23730209941679475,4.666799154607051,6.974695471459437,7,110.0,0.5799999999999998
14935.0,7,130.0,3.7142857142857144,8.076479325205378,7,7,88.0,0.3496474120237311,6.6709045855683815,8.076479325205378,7,88.0,0.22000000000000008
14940.0,7,165.0,4.714285714285714,8.891441688971838,7,7,165.0,0.4275537607782603,7.965545096793348,8.891441688971838,7,165.0,-0.7699999999999999
14945.0,6,92.0,2.7058823529411766,7.614886864406389,6,6,92.0,0.31715819231402315,6.264684471241135,7.614886864406389,6,92.0,0.7299999999999999
14950.0,5,100.0,3.125,8.498884485065158,5,5,57.0,0.3965738685942629,7.5709893454397035,8.498884485065158,5,57.0,0.3500000000000001
14955.0,7,129.0,4.03125,7.766636840188455,7,7,129.0,0.36329158422235064,6.500215386091851,7.766636840188455,7,129.0,-0.7200000000000001
14960.0,5,49.0,1.6333333333333333,8.552579761863358,5,5,49.0,0.4456602485551411,8.062876820558332,8.552579761863358,5,49.0,0.8
14965.0,6,42.0,1.2727272727272727,8.215498460797534,6,6,-1.0,0.4059744158820971,7.132904397157917,8.215498460797534,6,-1.0,0.5
14970.0,5,64.0,2.064516129032258,8.842440323946395,5,5,64.0,0.46651284361838247,8.096546114850756,8.842440323946395,5,64.0,-0.65
14975.0,6,92.0,2.967741935483871,9.388432700783275,6,6,92.0,0.5009446673273054,9.080894402124056,9.388432700783275,6,92.0,-0.28
14980.0,8,124.0,3.6470588235294117,7.670594353645443,8,8,124.0,0.3159941639408106,5.792625110350583,7.670594353645443,8,124.0,-0.31999999999999995
14985.0,9,168.0,5.090909090909091,8.20218335649921,9,9,168.0,0.35885661879803515,6.693159338218065,8.20218335649921,9,168.0,-0.43999999999999995
14990.0,7,108.0,3.0,7.282184538833873,7,7,108.0,0.2780217185711592,5.305585338934959,7.282184538833873,7,108.0,0.5999999999999999
14995.0,7,130.0,3.9393939393939394,8.052713356551777,7,7,88.0,0.3643168399538111,6.791960585672184,8.052713356551777,7,88.0,0.20000000000000007
15000.0,7,165.0,5.32258064516129,8.162408185302764,7,7,165.0,0.4009132162126102,7.127425824403845,8.162408185302764,7,165.0,-0.7699999999999999
15005.0,7,97.0,2.8529411764705883,7.186004730823551,7,7,97.0,0.33138932432149354,5.913759376251054,7.186004730823551,7,97.0,0.6799999999999999
15010.0,5,104.0,3.25,8.592482043607367,5,5,61.0,0.43260651297208336,7.916781490804359,8.592482043607367,5,61.0,0.36
15015.0,7,132.0,3.8823529411764706,7.744179710302323,7,7,132.0,0.35698996771072977,6.3943735301181395,7.744179710302323,7,132.0,-0.7100000000000001
15020.0,5,52.0,1.5757575757575757,8.469192777555035,5,5,52.0,0.4222689567220361,7.741837298779167,8.469192777555035,5,52.0,0.8
15025.0,6,41.0,1.2424242424242424,8.555980575609482,6,6,-2.0,0.40863252582591814,7.740676469383812,8.555980575609482,6,-2.0,0.54
15030.0,5,60.0,1.875,9.213551586422746,5,5,60.0,0.4500580855050499,8.633698760967956,9.213551586422746,5,60.0,-0.62
15035.0,6,88.0,2.838709677419355,9.246744958966152,6,6,88.0,0.4459863338366949,8.792835938925915,9.246744958966152,6,88.0,-0.28
15040.0,9,125.0,3.676470588235294,7.841864753289194,9,9,125.0,0.30883460251652267,5.956656088441029,7.841864753289194,9,125.0,-0.37
15045.0,9,170.0,5.3125,8.389525999303052,9,9,170.0,0.35087559901120047,6.886154481679077,8.389525999303052,9,170.0,-0.44999999999999996
15050.0,7,111.0,3.1714285714285713,6.959477986321728,7,7,111.0,0.24215032296642364,4.681452517069263,6.959477986321728,7,111.0,0.5899999999999999
15055.0,7,132.0,3.7714285714285714,8.114705102332326,7,7,90.0,0.3485329081717764,6.584361727080856,8.114705102332326,7,90.0,0.21000000000000008
15060.0,7,167.0,5.566666666666666,8.466236495282015,7,7,167.0,0.40890826777483946,7.572454561940449,8.466236495282015,7,167.0,-0.7699999999999999
15065.0,10,210.0,6.176470588235294,7.35803182280957,10,10,210.0,0.30161849898655474,5.892946820172184,7.35803182280957,10,210.0,-0.43000000000000016
15070.0,10,260.0,7.878787878787879,7.818668797575039,10,10,260.0,0.3142261188819583,6.221969544989355,7.818668797575039,10,260.0,-0.5
15075.0,13,317.0,9.606060606060606,6.446638203539613,13,13,317.0,0.24451561364142785,4.656231045487315,6.446638203539613,13,317.0,-0.5699999999999998
15080.0,10,262.0,8.1875,7.42258333539123,10,10,262.0,0.32885616192040046,6.249696093009465,7.42258333539123,10,262.0,0.5499999999999998
15085.0,12,277.0,8.393939393939394,6.571228724539933,12,12,234.0,0.3014699077116704,5.533819257509948,6.571228724539933,12,234.0,0.28000000000000025
15090.0,10,325.0,10.483870967741936,7.2872697274302025,10,10,325.0,0.3650177598494826,6.573698679203445,7.2872697274302025,10,325.0,-0.9100000000000001
15095.0,8,176.0,5.67741935483871,7.513840797033034,8,8,176.0,0.37304099630211507,6.909135770696247,7.513840797033034,8,176.0,1.49
15100.0,7,89.0,2.6176470588235294,6.532837858846236,7,7,16.0,0.2649240914841031,5.0245723315709965,6.532837858846236,7,16.0,1.6
15105.0,7,124.0,3.757575757575758,7.818726224988616,7,7,124.0,0.3639024615615289,6.786282278537635,7.818726224988616,7,124.0,-1.08
15110.0,10,140.0,4.0,6.256982325040758,10,10,140.0,0.25249785167359073,4.763822656110277,6.256982325040758,10,140.0,-0.15999999999999992
15115.0,11,194.0,5.878787878787879,6.917105336169003,11,11,181.0,0.29819465327733985,5.755542729751704,6.917105336169003,11,181.0,-0.41000000000000014
15120.0,11,249.0,7.78125,6.998148076846785,11,11,249.0,0.29844077829578053,5.65257868514474,6.998148076846785,11,249.0,-0.6800000000000002
15125.0,11,163.0,4.527777777777778,6.606618691244009,11,11,163.0,0.24964655746414038,5.03191580930275,6.606618691244009,11,163.0,0.8600000000000003
15130.0,8,156.0,4.333333333333333,7.6640539448923874,8,8,99.0,0.32772161257502563,6.2868854193827355,7.6640539448923874,8,99.0,0.6399999999999999
15135.0,10,200.0,5.405405405405405,7.0462875844798,10,10,200.0,0.30973233284017226,5.687320076837966,7.0462875844798,10,200.0,-1.01
15140.0,10,250.0,6.944444444444445,7.631057045247554,10,10,250.0,0.3592058366897706,6.665589425789338,7.631057045247554,10,250.0,-0.5
15145.0,11,188.0,4.947368421052632,6.935023614052951,11,11,188.0,0.28875991587213906,5.508423903203087,6.935023614052951,11,188.0,0.6200000000000001
15150.0,5,99.0,2.675675675675676,7.932335345596033,5,5,65.0,0.36812620644291255,6.973263916141687,7.932335345596033,5,65.0,1.23
15155.0,5,124.0,3.3513513513513513,9.015125635412431,5,5,124.0,0.44292420494435303,8.315401817434443,9.015125635412431,5,124.0,-0.59
15160.0,10,100.0,2.5641025641025643,7.152738912736589,9,10,99.0,0.27885420822975776,5.371595273394844,7.152738912736589,9,99.0,0.25
15165.0,10,149.0,4.027027027027027,7.734520936875836,10,10,93.0,0.31271641148776674,6.080927334343478,7.734520936875836,10,93.0,0.05999999999999994
15170.0,12,201.0,5.4324324324324325,6.775764279438411,12,12,201.0,0.2530278379531448,4.702276949792656,6.775764279438411,12,201.0,-1.0799999999999996
15175.0,10,213.0,5.916666666666667,7.243965955074659,10,10,213.0,0.30255618874230816,5.785892960764716,7.243965955074659,10,213.0,-0.1200000000000001
15180.0,8,235.0,6.714285714285714,7.406241460441525,8,8,222.0,0.3148507820631285,5.7755497735345855,7.406241460441525,8,222.0,-0.0900000000000003
15185.0,10,282.0,7.421052631578948,7.21710572833044,10,10,282.0,0.3139535462784073,5.5944530922300055,7.21710572833044,10,282.0,-0.5999999999999996
15190.0,8,239.0,6.638888888888889,7.653776796246465,8,8,239.0,0.35484417609219276,6.452568504422551,7.653776796246465,8,239.0,0.4299999999999997
15195.0,8,268.0,7.243243243243243,7.47248188767441,8,8,230.0,0.3290160464913343,5.98258689589319,7.47248188767441,8,230.0,0.0900000000000003
15200.0,9,311.0,8.63888888888889,8.343172781840273,9,9,311.0,0.40194529981930843,7.151680275154124,8.343172781840273,9,311.0,-0.81
15205.0,10,147.0,3.972972972972973,7.15054291811887,10,10,147.0,0.32009434953136057,5.608705859433618,7.15054291811887,10,147.0,1.64
15210.0,5,44.0,1.2571428571428571,7.749541620242767,5,5,-32.0,0.3499642096253582,6.291450167853218,7.749541620242767,5,-32.0,1.79
15215.0,4,63.0,1.8529411764705883,8.845306397551141,4,4,63.0,0.43260966436324033,7.818112498856493,8.845306397551141,4,63.0,-0.95
15220.0,8,81.0,2.189189189189189,7.4059536451488395,8,8,81.0,0.30924430631362915,5.668847520008975,7.4059536451488395,8,81.0,-0.18000000000000005
15225.0,11,133.0,3.911764705882353,7.572441472000094,11,11,125.0,0.33441864971802615,6.191547325671872,7.572441472000094,11,125.0,-0.43999999999999995
15230.0,12,189.0,5.4,6.8689262077404045,12,12,189.0,0.290368658733671,5.147783581362727,6.8689262077404045,12,189.0,-0.6399999999999999
15235.0,10,138.0,3.942857142857143,7.14966737690746,10,10,138.0,0.2993260503749848,5.687382212846354,7.14966737690746,10,138.0,0.51
15240.0,8,161.0,4.6,7.606179237539126,8,8,118.0,0.3199089624836087,5.9114267863109085,7.606179237539126,8,118.0,0.19999999999999996
15245.0,10,207.0,5.447368421052632,7.300838429460296,10,10,207.0,0.3170783499925594,5.683440315288397,7.300838429460296,10,207.0,-0.8899999999999999
15250.0,8,161.0,4.735294117647059,7.325839951710509,8,8,161.0,0.3400180331317991,6.226487733701027,7.325839951710509,8,161.0,0.45999999999999974
15255.0,5,59.0,1.6857142857142857,7.272825292387213,5,5,30.0,0.3173690244946596,6.114544065817237,7.272825292387213,5,30.0,1.31
15260.0,5,79.0,2.257142857142857,8.765925374630372,5,5,79.0,0.4270146841376516,8.09070348013692,8.765925374630372,5,79.0,-0.49000000000000005
15265.0,10,64.0,1.6842105263157894,7.217111808347541,10,10,64.0,0.31403198977581304,5.915845052411529,7.217111808347541,10,64.0,0.15000000000000002
15270.0,11,115.0,3.1944444444444446,7.500909041000674,11,11,74.0,0.31963681643162234,5.980014025282743,7.500909041000674,11,74.0,-0.09999999999999998
15275.0,11,170.0,5.0,7.8162901811581715,11,11,170.0,0.3359689751597017,6.366963740237465,7.8162901811581715,11,170.0,-0.96
15280.0,14,232.0,6.444444444444445,6.626340837338448,14,14,232.0,0.23867053586802242,4.577857512085971,6.626340837338448,14,232.0,-0.6199999999999999
15285.0,11,236.0,6.9411764705882355,6.946321174858018,11,11,236.0,0.2977811013408893,5.651884943367107,6.946321174858018,11,236.0,-0.040000000000000036
15290.0,9,231.0,6.243243243243243,6.352327675019599,9,9,213.0,0.2667867634936577,4.745274717996078,6.352327675019599,9,213.0,0.22999999999999998
15295.0,10,280.0,7.5675675675675675,7.491585780634866,10,10,280.0,0.3531797868995084,6.164091432013309,7.491585780634866,10,280.0,-0.6699999999999999
15300.0,10,205.0,5.857142857142857,6.879610552987666,9,10,204.0,0.30749848750156544,5.560358800898205,6.879610552987666,9,204.0,0.7599999999999998
15305.0,11,217.0,5.864864864864865,6.304317006132603,11,11,169.0,0.2451371924500496,4.489441491675219,6.304317006132603,11,169.0,0.3500000000000001
15310.0,9,259.0,7.617647058823529,7.3151890030562825,9,9,259.0,0.3406731631329089,6.103055205825934,7.3151890030562825,9,259.0,-0.8999999999999999
15315.0,14,317.0,8.567567567567568,6.25208427780378,14,14,317.0,0.26808720092779625,4.849351766525313,6.25208427780378,14,317.0,-0.5800000000000001
15320.0,15,389.0,11.114285714285714,6.683255440747521,15,15,389.0,0.2789567053348073,5.370497323313717,6.683255440747521,15,389.0,-0.7200000000000002
15325.0,19,465.0,12.567567567567568,5.667584019334987,19,19,465.0,0.21365096027905464,4.095081776797609,5.667584019334987,19,465.0,-0.7600000000000002
15330.0,15,462.0,12.486486486486486,6.173166626224861,15,15,462.0,0.25545878810787714,4.916038968051339,6.173166626224861,15,462.0,0.03000000000000025
15335.0,13,506.0,14.055555555555555,6.549162266442668,13,13,478.0,0.29780177721238743,5.506816014227172,6.549162266442668,13,478.0,-0.16000000000000014
15340.0,16,578.0,14.820512820512821,5.852896064493564,16,16,578.0,0.2525316620876568,4.500797358294086,5.852896064493564,16,578.0,-1.0
15345.0,14,392.0,10.594594594594595,6.004145354263008,14,14,392.0,0.25395718167635295,4.8067150072127935,6.004145354263008,14,392.0,1.8600000000000003
15350.0,11,219.0,5.918918918918919,5.581922508845258,11,11,123.0,0.2282688010605771,4.286686169114081,5.581922508845258,11,123.0,2.69
15355.0,10,253.0,6.837837837837838,6.995410798294701,10,10,253.0,0.3188472348829932,5.934958979736814,6.995410798294701,10,253.0,-1.2999999999999998
15360.0,11,282.0,7.833333333333333,6.3845477456231885,11,11,282.0,0.26187955786454914,5.191801036257995,6.3845477456231885,11,282.0,-0.29000000000000004
15365.0,15,354.0,8.85,6.033534859507549,15,15,341.0,0.2147191983789123,4.438034802298189,6.033534859507549,15,341.0,-0.5900000000000003
15370.0,15,429.0,11.289473684210526,6.311931812421176,15,15,429.0,0.24619660549255645,4.806565360353977,6.311931812421176,15,429.0,-0.8799999999999999
15375.0,15,460.0,11.21951219512195,5.885216256973793,15,15,460.0,0.2155804733239857,4.162636333111787,5.885216256973793,15,460.0,-0.3099999999999996
15380.0,11,470.0,11.463414634146341,7.189493481991067,11,11,457.0,0.3112190794525794,5.946821683464816,7.189493481991067,11,457.0,0.02999999999999936
15385.0,15,526.0,11.954545454545455,6.849310515058627,15,15,526.0,0.2767068033435167,5.183605426059267,6.849310515058627,15,526.0,-0.6899999999999995
15390.0,13,362.0,8.619047619047619,6.83185577062382,13,13,362.0,0.27500339566633714,5.3661403056088615,6.83185577062382,13,362.0,1.6399999999999997
15395.0,8,141.0,3.6153846153846154,7.200673176194066,8,8,67.0,0.3195158678450293,5.935896761201153,7.200673176194066,8,67.0,2.95
15400.0,8,142.0,3.380952380952381,7.231164594102516,8,8,142.0,0.31119981067749325,5.68259039043484,7.231164594102516,8,142.0,-0.7499999999999999
15405.0,9,142.0,3.55,7.270404319144068,9,9,142.0,0.31712824795477645,5.869438318762871,7.270404319144068,9,142.0,0.0
15410.0,13,187.0,4.675,6.152249434186023,13,13,174.0,0.2332718399788401,4.351377619380587,6.152249434186023,13,174.0,-0.32000000000000006
15415.0,13,252.0,6.3,7.1300560471030305,13,13,252.0,0.30487090706720915,5.563539236807512,7.1300560471030305,13,252.0,-0.78
15420.0,10,266.0,6.82051282051282,6.765582651808577,10,10,266.0,0.27811416597430927,5.111263517683224,6.765582651808577,10,266.0,-0.14000000000000012
15425.0,8,249.0,5.928571428571429,6.832230444314984,8,8,236.0,0.2878265550679513,5.215079678520591,6.832230444314984,8,236.0,0.30000000000000027
15430.0,8,289.0,7.048780487804878,8.151097453369331,8,8,289.0,0.39625686398644094,7.098179336445846,8.151097453369331,8,289.0,-0.5300000000000002
15435.0,11,323.0,7.690476190476191,6.8946374113556725,11,11,323.0,0.28099287032197073,5.040720784234585,6.8946374113556725,11,323.0,-0.33999999999999986
15440.0,12,382.0,9.55,7.44552666355875,12,12,374.0,0.3296598727298549,5.941011003966071,7.44552666355875,12,374.0,-0.5100000000000002
15445.0,15,442.0,10.523809523809524,7.014121131923953,15,15,442.0,0.29735772610033073,5.270214394804579,7.014121131923953,15,442.0,-0.6799999999999997
15450.0,11,319.0,7.595238095238095,7.231922054276359,11,11,319.0,0.29048665764782733,5.350902085641811,7.231922054276359,11,319.0,1.23
15455.0,7,266.0,6.82051282051282,7.88621854527187,7,7,195.0,0.36052941696992696,6.543222561528515,7.88621854527187,7,195.0,1.24
15460.0,11,308.0,7.333333333333333,6.6822457732881855,11,11,308.0,0.271365357734935,4.907179000965242,6.6822457732881855,11,308.0,-1.1300000000000001
15465.0,11,358.0,9.179487179487179,7.110236398400723,11,11,357.0,0.29865284444389395,5.58424968547645,7.110236398400723,11,357.0,-0.48999999999999977
15470.0,10,197.0,5.184210526315789,6.405950306847328,10,10,197.0,0.2636798677541673,4.769580061689228,6.405950306847328,10,197.0,1.5999999999999999
15475.0,13,259.0,6.815789473684211,6.733999145641958,13,13,133.0,0.29024776007059666,5.128724482848671,6.733999145641958,13,133.0,0.6399999999999999
15480.0,13,324.0,9.257142857142858,6.666879859978475,13,13,324.0,0.2871304608593121,5.048466569006282,6.666879859978475,13,324.0,-1.9100000000000001
15485.0,13,244.0,6.421052631578948,6.152279473804296,13,13,244.0,0.22248378406620656,4.277675796644172,6.152279473804296,13,244.0,0.8000000000000003
15490.0,8,149.0,4.138888888888889,7.277655686370183,8,8,101.0,0.3117508334584462,5.911268692069866,7.277655686370183,8,101.0,1.43
15495.0,9,190.0,5.0,7.03919402709981,9,9,190.0,0.3046060844561753,5.7436743213231045,7.03919402709981,9,190.0,-0.8899999999999999
15500.0,10,240.0,6.315789473684211,8.021479174717195,10,10,240.0,0.36836331745458795,6.936977552714148,8.021479174717195,10,240.0,-0.5
15505.0,14,291.0,7.461538461538462,7.157351801284781,14,14,291.0,0.3096439038038061,5.623323758023808,7.157351801284781,14,291.0,-0.5100000000000002
15510.0,9,231.0,5.923076923076923,7.352955627452388,9,9,231.0,0.328293372630253,6.24331029398541,7.352955627452388,9,231.0,0.6000000000000001
15515.0,7,246.0,6.473684210526316,8.058218037448604,7,7,200.0,0.37870978684653506,6.803194409538549,8.058218037448604,7,200.0,0.31000000000000005
15520.0,10,287.0,7.175,7.364877858147581,10,10,287.0,0.3151324472504212,5.508821418916711,7.364877858147581,10,287.0,-0.8700000000000001
15525.0,8,172.0,4.410256410256411,7.995814365670374,8,8,172.0,0.3629189436308215,6.475956877576432,7.995814365670374,8,172.0,1.1500000000000001
15530.0,5,33.0,0.825,7.400064990826374,5,5,-19.0,0.29420740957270003,5.334702684884264,7.400064990826374,5,-19.0,1.91
15535.0,5,51.0,1.3421052631578947,8.097077968056404,5,5,51.0,0.3608924531379066,6.468702247937298,8.097077968056404,5,51.0,-0.7
15540.0,8,65.0,1.8055555555555556,7.686889911281728,8,8,65.0,0.33378669165005914,6.151421257214902,7.686889911281728,8,65.0,-0.14
15545.0,13,122.0,3.128205128205128,6.726462078048423,13,13,106.0,0.2577783975038543,4.772938688627555,6.726462078048423,13,106.0,-0.41000000000000003
15550.0,13,187.0,4.794871794871795,7.263552217493691,13,13,187.0,0.30118265517378273,5.576568297993373,7.263552217493691,13,187.0,-0.81
15555.0,13,203.0,5.075,6.475912578870843,13,13,203.0,0.23986334303207904,4.473823298063441,6.475912578870843,13,203.0,-0.1599999999999997
15560.0,8,182.0,4.918918918918919,7.382328234796068,8,8,168.0,0.3444626654431699,6.214870366140887,7.382328234796068,8,168.0,0.34999999999999987
15565.0,10,222.0,6.166666666666667,6.790196354071132,10,10,222.0,0.3329999017039761,5.775450096022005,6.790196354071132,10,222.0,-0.5400000000000003
15570.0,10,272.0,7.771428571428571,7.016308607571834,10,10,272.0,0.3518873494554309,6.177220148515148,7.016308607571834,10,272.0,-0.5
15575.0,11,325.0,9.558823529411764,6.965312026398372,11,11,325.0,0.34680845310710934,6.150099663711154,6.965312026398372,11,325.0,-0.5299999999999998
15580.0,14,387.0,10.75,5.80303068621306,14,14,387.0,0.2485708817565872,4.351138941959257,5.80303068621306,14,387.0,-0.6200000000000001
15585.0,14,457.0,12.694444444444445,6.64248527414246,14,14,457.0,0.2880734049328258,5.294952797108226,6.64248527414246,14,457.0,-0.7000000000000002
15590.0,12,357.0,9.394736842105264,6.188785956016548,12,12,357.0,0.2388829476816082,4.5327547973619104,6.188785956016548,12,357.0,1.0000000000000004
15595.0,10,331.0,8.945945945945946,6.826227060856679,10,10,268.0,0.29639789959011964,5.471727655046689,6.826227060856679,10,268.0,0.8899999999999997
15600.0,10,381.0,10.583333333333334,7.475172981796116,10,10,381.0,0.3597386659472659,6.460683658011227,7.475172981796116,10,381.0,-1.13
15605.0,12,217.0,5.564102564102564,6.285560928409859,12,12,217.0,0.26259620565773223,4.923473898548475,6.285560928409859,12,217.0,1.6400000000000001
15610.0,7,117.0,3.0,7.301998644527914,7,7,36.0,0.32540959222963467,6.065931819358245,7.301998644527914,7,36.0,1.81
15615.0,9,155.0,3.7804878048780486,7.119679807339734,9,9,155.0,0.32009801194849474,5.7662122154561075,7.119679807339734,9,155.0,-1.19
15620.0,9,200.0,5.0,8.037477537248865,9,9,200.0,0.38973673291409483,7.089412469536028,8.037477537248865,9,200.0,-0.44999999999999996
15625.0,10,182.0,4.55,7.1507303933166355,10,10,182.0,0.3150922827607487,5.687207136507095,7.1507303933166355,10,182.0,0.17999999999999994
15630.0,8,209.0,5.648648648648648,7.708740637116366,8,8,191.0,0.35159746302552486,6.607471592295662,7.708740637116366,8,191.0,-0.08999999999999986
15635.0,8,249.0,6.72972972972973,8.256226615147266,8,8,249.0,0.3943406910075553,7.243169957806166,8.256226615147266,8,249.0,-0.5800000000000003
15640.0,9,120.0,3.1578947368421053,7.189287872641839,8,9,119.0,0.30841046753460316,5.853366595555552,7.189287872641839,8,119.0,1.3000000000000003
15645.0,7,62.0,1.631578947368421,7.744487981655007,7,7,-1.0,0.31154828559292963,6.099348069708224,7.744487981655007,7,-1.0,1.2
15650.0,6,85.0,2.073170731707317,7.595468574704514,6,6,85.0,0.30441481978489443,5.696426154699604,7.595468574704514,6,85.0,-0.86
15655.0,8,49.0,1.1951219512195121,7.744108456305113,8,8,49.0,0.31745319402287786,6.184994191744832,7.744108456305113,8,49.0,0.36
15660.0,8,83.0,2.128205128205128,7.654737151777804,8,8,55.0,0.2940423820407934,5.664566512070193,7.654737151777804,8,55.0,-0.06000000000000005
15665.0,10,130.0,3.4210526315789473,7.1136500869852455,10,10,130.0,0.2829831102596693,5.28168218481697,7.1136500869852455,10,130.0,-0.75
15670.0,8,124.0,3.4444444444444446,7.701833450341727,8,8,124.0,0.34824989641075493,6.5020970787602,7.701833450341727,8,124.0,0.06000000000000005
15675.0,10,168.0,4.54054054054054,6.994009034343258,10,10,141.0,0.28520545756480736,5.28399433648501,6.994009034343258,10,141.0,-0.16999999999999993
15680.0,10,218.0,6.055555555555555,8.108677993607035,10,10,218.0,0.3729219097235372,6.784608743651676,8.108677993607035,10,218.0,-0.7700000000000002
15685.0,11,170.0,4.722222222222222,7.179498922260864,11,11,170.0,0.30561375157361165,5.686748824295371,7.179498922260864,11,170.0,0.4800000000000002
15690.0,5,94.0,2.6857142857142855,8.315853966661157,5,5,65.0,0.37345022535249783,7.096216323958466,8.315853966661157,5,65.0,1.0499999999999998
15695.0,5,119.0,3.5,9.285774606761203,5,5,119.0,0.46813138509636376,8.657476229759949,9.285774606761203,5,119.0,-0.5399999999999999
15700.0,9,95.0,2.5675675675675675,7.092586710330324,9,9,95.0,0.28201606019156195,5.185307012400701,7.092586710330324,9,95.0,0.24
15705.0,10,145.0,4.142857142857143,7.975747544000775,10,10,92.0,0.3562074643481604,6.371705207133185,7.975747544000775,10,92.0,0.029999999999999916
15710.0,11,196.0,5.444444444444445,6.829044144663209,11,11,196.0,0.27942546937532603,4.925721820855586,6.829044144663209,11,196.0,-1.04
15715.0,10,139.0,3.861111111111111,7.354345480866537,10,10,139.0,0.29371323424510004,5.509132431156249,7.354345480866537,10,139.0,0.5700000000000001
15720.0,8,156.0,4.7272727272727275,7.572834548560006,8,8,113.0,0.3400445700476653,6.225163452984599,7.572834548560006,8,113.0,0.26
15725.0,10,204.0,5.666666666666667,7.114394400988477,10,10,204.0,0.32164029472865013,5.787922573150229,7.114394400988477,10,204.0,-0.9100000000000001
15730.0,8,167.0,4.638888888888889,7.733321249722057,8,8,167.0,0.3684479571441932,6.767588836071837,7.733321249722057,8,167.0,0.3700000000000001
15735.0,9,196.0,5.297297297297297,7.063612959615568,9,9,160.0,0.2914327045702865,5.283863723226636,7.063612959615568,9,160.0,0.06999999999999984
15740.0,9,241.0,6.694444444444445,8.317874789691846,9,9,241.0,0.3821515096550538,6.954766619736964,8.317874789691846,9,241.0,-0.81
15745.0,10,257.0,7.138888888888889,7.723526418747229,10,10,257.0,0.3425027909902965,6.51935232855738,7.723526418747229,10,257.0,-0.1599999999999997
15750.0,9,299.0,8.794117647058824,8.032731654985666,9,9,286.0,0.35661547862311727,6.9733940094321065,8.032731654985666,9,286.0,-0.29000000000000004
15755.0,9,344.0,10.117647058823529,8.411324839784724,9,9,344.0,0.3760376099836886,7.278715761476166,8.411324839784724,9,344.0,-0.5800000000000001
15760.0,9,210.0,5.675675675675675,7.13428405609466,9,9,210.0,0.28238987967688317,5.465815944104343,7.13428405609466,9,210.0,1.3399999999999999
15765.0,4,39.0,1.054054054054054,8.319517622228846,4,4,-19.0,0.38073798674219833,7.150688924909024,8.319517622228846,4,-19.0,2.29
15770.0,3,44.0,1.2571428571428571,7.652552818693817,3,3,44.0,0.35582648534638167,6.376641968491259,7.652552818693817,3,44.0,-0.63
15775.0,7,59.0,1.7352941176470589,7.523048649628426,7,7,59.0,0.3458786234722693,6.605006904644624,7.523048649628426,7,59.0,-0.14999999999999997
15780.0,9,103.0,3.121212121212121,7.301051901943827,9,9,92.0,0.3228168320707315,5.96881679009058,7.301051901943827,9,92.0,-0.33000000000000007
15785.0,12,157.0,4.243243243243243,6.659007057299992,12,12,157.0,0.25939240400995517,4.94004227469822,6.659007057299992,12,157.0,-0.65
15790.0,9,166.0,4.486486486486487,7.521597890893832,9,9,166.0,0.3224370741197856,6.2224027808373705,7.521597890893832,9,166.0,-0.08999999999999986
15795.0,8,160.0,4.2105263157894735,7.205625813669584,8,8,147.0,0.3021113055327368,5.711320934526132,7.205625813669584,8,147.0,0.18999999999999995
15800.0,8,200.0,5.714285714285714,8.123272104509345,8,8,200.0,0.39603443890607637,7.324968457125557,8.123272104509345,8,200.0,-0.53
15805.0,9,107.0,2.891891891891892,6.8848557856531665,9,9,107.0,0.28596573760008864,5.414547281138431,6.8848557856531665,9,107.0,0.9299999999999999
15810.0,7,108.0,3.085714285714286,7.774341211661928,7,7,56.0,0.3565899766768897,6.569612384765761,7.774341211661928,7,56.0,0.51
15815.0,7,143.0,4.205882352941177,8.52677117636641,7,7,143.0,0.42894008429451636,7.675194183349121,8.52677117636641,7,143.0,-0.8699999999999999
15820.0,8,74.0,2.0555555555555554,6.832938711331861,8,8,74.0,0.28005421503502426,5.24025108681382,6.832938711331861,8,74.0,0.69
15825.0,7,91.0,2.757575757575758,8.054070239419485,7,7,46.0,0.3773292399928994,7.181283568485272,8.054070239419485,7,46.0,0.27999999999999997
15830.0,8,127.0,3.5277777777777777,7.490262346460309,8,8,127.0,0.3293223072036495,6.056483939571095,7.490262346460309,8,127.0,-0.81
15835.0,7,78.0,2.2941176470588234,7.767546739820197,7,7,78.0,0.3538064961875003,6.65868485819577,7.767546739820197,7,78.0,0.49
15840.0,5,82.0,2.411764705882353,8.79871229732971,5,5,54.0,0.42965012330415475,8.03574837772923,8.79871229732971,5,54.0,0.24
15845.0,7,110.0,2.8947368421052633,8.093768056751442,7,7,110.0,0.3676702255080037,6.545790549475766,8.093768056751442,7,110.0,-0.56
15850.0,5,64.0,1.7297297297297298,8.742067248093946,5,5,64.0,0.4217875352423588,7.924708926230252,8.742067248093946,5,64.0,0.4600000000000001
15855.0,5,79.0,2.135135135135135,8.183758580520927,5,5,51.0,0.35174650349074144,6.568941598177578,8.183758580520927,5,51.0,0.13
15860.0,6,109.0,3.0277777777777777,9.219328550393328,6,6,109.0,0.46137612824299856,8.461741221584246,9.219328550393328,6,109.0,-0.5800000000000001
15865.0,8,92.0,2.4210526315789473,7.983873181051177,8,8,92.0,0.34364345779759464,6.546892329300823,7.983873181051177,8,92.0,0.17000000000000004
15870.0,8,130.0,3.611111111111111,8.5465043179187,8,8,88.0,0.37804632510951525,7.178145779284891,8.5465043179187,8,88.0,0.040000000000000036
15875.0,8,170.0,5.151515151515151,8.97831999331904,8,8,170.0,0.4174003574773405,7.874551419311633,8.97831999331904,8,170.0,-0.82
15880.0,7,105.0,3.1818181818181817,7.679462455505887,7,7,105.0,0.3203852112852266,6.0426406544026765,7.679462455505887,7,105.0,0.6499999999999999
15885.0,6,119.0,3.838709677419355,8.268810682176477,6,6,78.0,0.3908646087284489,7.28632514139503,8.268810682176477,6,78.0,0.27
15890.0,6,149.0,4.382352941176471,7.445964854190172,6,6,149.0,0.323170449224082,5.835858715665362,7.445964854190172,6,149.0,-0.71
15895.0,6,75.0,2.2058823529411766,7.9365137376221035,6,6,75.0,0.3631185775041514,6.7072502329401065,7.9365137376221035,6,75.0,0.74
15900.0,4,75.0,2.272727272727273,8.792783183807312,4,4,32.0,0.4147417522451532,7.763811489171153,8.792783183807312,4,32.0,0.43
15905.0,6,100.0,2.9411764705882355,8.396727682296778,6,6,100.0,0.38590809129505577,7.002390456343511,8.396727682296778,6,100.0,-0.6799999999999999
15910.0,4,36.0,1.1612903225806452,8.894063627953903,4,4,36.0,0.4425678883537149,8.400257148780952,8.894063627953903,4,36.0,0.64
15915.0,5,46.0,1.393939393939394,8.447292690279422,5,5,7.0,0.39124596261592864,7.309732966270656,8.447292690279422,5,7.0,0.29
15920.0,5,71.0,2.2903225806451615,9.43782324711469,5,5,71.0,0.4824428879738503,8.82568411407545,9.43782324711469,5,71.0,-0.6399999999999999
15925.0,8,96.0,2.909090909090909,8.19094777061584,8,8,96.0,0.3848774909390945,7.061399249576714,8.19094777061584,8,96.0,-0.25
15930.0,4,48.0,1.4545454545454546,8.985487856490325,4,4,48.0,0.4417096879328661,8.087457428703294,8.985487856490325,4,48.0,0.48
15935.0,3,58.0,1.8125,9.97657814853723,3,3,25.0,0.5487074681420754,10.106449127982318,9.97657814853723,3,25.0,0.22999999999999998
15940.0,5,76.0,2.235294117647059,8.582274425441582,5,5,76.0,0.38914743908115024,7.087355537927298,8.582274425441582,5,76.0,-0.51
15945.0,3,18.0,0.5625,9.075222166179266,3,3,18.0,0.4653035737865223,8.585203218925168,9.075222166179266,3,18.0,0.5800000000000001
15950.0,3,22.0,0.6666666666666666,8.237995251484845,3,3,-11.0,0.3686054354958542,6.858970050352903,8.237995251484845,3,-11.0,0.29
15955.0,4,41.0,1.28125,9.422151421159823,4,4,41.0,0.4727300137253025,8.75361953705781,9.422151421159823,4,41.0,-0.52
15960.0,3,41.0,1.3225806451612903,9.506875672510786,3,3,41.0,0.4950406190089072,9.357741957530441,9.506875672510786,3,41.0,0.0
15965.0,6,64.0,2.0,8.33052816473301,6,6,49.0,0.35088115168422973,6.607303800217137,8.33052816473301,6,49.0,-0.08000000000000002
15970.0,6,94.0,3.032258064516129,9.2556595955013,6,6,94.0,0.43078518613302164,8.110715407261916,9.2556595955013,6,94.0,-0.44999999999999996
15975.0,5,52.0,1.6774193548387097,7.613179450405161,5,5,52.0,0.31124495344025227,5.9262451537955165,7.613179450405161,5,52.0,0.41999999999999993
15980.0,5,76.0,2.533333333333333,9.1232693911358,5,5,44.0,0.45519041324450055,8.436572923008987,9.1232693911358,5,44.0,0.08000000000000002
15985.0,8,101.0,3.15625,8.199866427961082,8,8,101.0,0.3987829199230064,7.112025741050432,8.199866427961082,8,101.0,-0.5700000000000001
15990.0,4,48.0,1.5,8.422433937947,4,4,48.0,0.4280017318637676,7.709422635137721,8.422433937947,4,48.0,0.53
15995.0,3,59.0,2.0344827586206895,10.049117599483925,3,3,24.0,0.5635384223750544,10.159221808325329,10.049117599483925,3,24.0,0.24
16000.0,4,75.0,2.4193548387096775,8.847133799266999,4,4,75.0,0.4309220516934431,7.796366003532409,8.847133799266999,4,75.0,-0.51
16005.0,3,15.0,0.5357142857142857,8.723681653041005,3,3,15.0,0.45748446094329487,8.382716900629612,8.723681653041005,3,15.0,0.6
16010.0,2,19.0,0.6333333333333333,8.354400832276092,2,2,-17.0,0.41406860248044797,7.193870878866248,8.354400832276092,2,-17.0,0.32
16015.0,4,37.0,1.2758620689655173,9.330656428414143,4,4,37.0,0.4853568938864245,8.299772432757143,9.330656428414143,4,37.0,-0.54
16020.0,2,27.0,0.9642857142857143,10.219233259574397,2,2,27.0,0.5866285884471674,10.593544084134038,10.219233259574397,2,27.0,0.09999999999999998
16025.0,3,39.0,1.21875,8.977244835365461,3,3,24.0,0.42241975287321004,7.713529691982235,8.977244835365461,3,24.0,0.030000000000000027
16030.0,4,59.0,1.903225806451613,9.893039896025485,4,4,59.0,0.5078738031242878,9.29528536949515,9.893039896025485,4,59.0,-0.35
16035.0,5,48.0,1.5483870967741935,8.483880946426682,5,5,48.0,0.3705717863722752,7.001183869908455,8.483880946426682,5,48.0,0.10999999999999999
16040.0,6,78.0,2.6,9.010447781690447,6,6,49.0,0.4278868574365069,7.901385540953338,9.010447781690447,6,49.0,-0.010000000000000009
16045.0,9,108.0,3.4838709677419355,7.927808033846933,9,9,108.0,0.36298542979007,6.6955067810353315,7.927808033846933,9,108.0,-0.5900000000000001
16050.0,5,64.0,2.064516129032258,8.272355334704798,5,5,64.0,0.37725875194984404,7.380570752065266,8.272355334704798,5,64.0,0.44000000000000006
16055.0,5,89.0,3.1785714285714284,8.649326139326705,5,5,56.0,0.4507037748432538,8.29504893054814,8.649326139326705,5,56.0,0.07999999999999996
16060.0,8,121.0,3.903225806451613,7.291314026429114,8,8,121.0,0.3520985970692089,6.018550133625075,7.291314026429114,8,121.0,-0.6499999999999999
16065.0,5,71.0,2.3666666666666667,8.162505991375005,5,5,71.0,0.42173601518133663,7.756380405320114,8.162505991375005,5,71.0,0.5
16070.0,4,83.0,2.6774193548387095,7.917615835880087,4,4,48.0,0.3811578443699364,7.079963000428867,7.917615835880087,4,48.0,0.22999999999999998
16075.0,5,108.0,3.7241379310344827,8.510390908378838,5,5,108.0,0.4402914773715611,8.057861533406768,8.510390908378838,5,108.0,-0.6000000000000001
16080.0,6,137.0,4.892857142857143,7.877078570436326,6,6,137.0,0.38254194693662297,7.118767954111654,7.877078570436326,6,137.0,-0.29000000000000004
16085.0,6,59.0,1.9666666666666666,6.881142638507183,6,6,59.0,0.31527288450634366,5.90859028528282,6.881142638507183,6,59.0,0.7800000000000001
16090.0,4,60.0,2.0,8.547885167742152,4,4,15.0,0.4515966672350395,8.159294215310647,8.547885167742152,4,15.0,0.43999999999999995
16095.0,5,81.0,2.4545454545454546,8.24182875501685,5,5,81.0,0.4210356320238067,7.342424118842912,8.24182875501685,5,81.0,-0.66
16100.0,5,90.0,2.8125,8.638564484018888,5,5,90.0,0.4675759485345522,8.362183802670861,8.638564484018888,5,90.0,-0.08999999999999997
16105.0,8,115.0,3.2857142857142856,7.866583712399041,8,8,104.0,0.3794701939380116,6.75444587726368,7.866583712399041,8,104.0,-0.14
16110.0,7,148.0,4.352941176470588,8.207719761233015,7,7,148.0,0.4063142350366092,7.111221379043922,8.207719761233015,7,148.0,-0.43999999999999995
16115.0,6,96.0,3.0,8.96225650122431,6,6,96.0,0.4723307562650989,8.51372701363989,8.96225650122431,6,96.0,0.52
16120.0,7,102.0,2.914285714285714,7.188634400487247,7,7,100.0,0.2878960454812545,5.395331312798068,7.188634400487247,7,100.0,-0.040000000000000036
16125.0,6,131.0,3.8529411764705883,8.670337611872887,6,6,131.0,0.4167321889944134,7.613808615025273,8.670337611872887,6,131.0,-0.31000000000000005
16130.0,5,101.0,3.0606060606060606,7.008678420312927,5,5,101.0,0.3095685360424181,5.5460388800112055,7.008678420312927,5,101.0,0.30000000000000004
16135.0,7,135.0,4.21875,7.976220602397718,7,7,107.0,0.3699909336520286,6.884171174913752,7.976220602397718,7,107.0,-0.06000000000000005
16140.0,7,170.0,5.483870967741935,8.668628396283417,7,7,170.0,0.42552810227571736,7.614083747006311,8.668628396283417,7,170.0,-0.6299999999999999
16145.0,9,100.0,3.125,7.080791759839121,9,9,100.0,0.30365405011629765,5.720395400384211,7.080791759839121,9,100.0,0.7
16150.0,8,140.0,4.666666666666667,8.051106403807195,8,8,58.0,0.37376619252345045,6.986489520741996,8.051106403807195,8,58.0,0.42000000000000004
16155.0,10,183.0,5.545454545454546,6.769991119253858,10,10,183.0,0.2777008234385409,5.140127433087811,6.769991119253858,10,183.0,-1.25
16160.0,11,238.0,7.212121212121212,7.69470236039426,11,11,238.0,0.31657794967253294,6.214313002828943,7.69470236039426,11,238.0,-0.5499999999999998
16165.0,14,293.0,8.617647058823529,6.711860509106312,14,14,293.0,0.25511594720179803,5.064186287786742,6.711860509106312,14,293.0,-0.5500000000000003
16170.0,11,242.0,7.333333333333333,7.163581681536762,11,11,242.0,0.30378478198783915,5.9712721408832925,7.163581681536762,11,242.0,0.5100000000000002
16175.0,9,266.0,8.3125,7.712072337708585,9,9,220.0,0.3684083072666156,6.796924633590821,7.712072337708585,9,220.0,0.21999999999999975
16180.0,11,316.0,9.294117647058824,6.4884118507471165,11,11,316.0,0.3084973272348994,5.218193708259153,6.4884118507471165,11,316.0,-0.96
16185.0,10,288.0,8.727272727272727,6.7711977060941395,10,10,288.0,0.32963581478898935,5.758510760767275,6.7711977060941395,10,288.0,0.28000000000000025
16190.0,11,327.0,9.617647058823529,6.0223276458673585,11,11,290.0,0.2701551224354435,4.612248926184368,6.0223276458673585,11,290.0,-0.020000000000000018
16195.0,11,380.0,11.875,6.6667038183995135,11,11,380.0,0.3131101405120953,5.401289423824138,6.6667038183995135,11,380.0,-0.8999999999999999
16200.0,8,219.0,7.064516129032258,7.144676330091462,8,8,219.0,0.34288116162721594,6.304491526582813,7.144676330091462,8,219.0,1.6099999999999999
16205.0,4,67.0,1.9705882352941178,7.608723938027468,4,4,-2.0,0.3506091247799547,6.640360285890892,7.608723938027468,4,-2.0,2.21
16210.0,5,86.0,2.5294117647058822,8.45724859412468,5,5,86.0,0.4028362436165915,7.541281212833536,8.45724859412468,5,86.0,-0.88
16215.0,7,55.0,1.4864864864864864,7.162043789961724,7,7,55.0,0.30290752679502964,5.686147506191963,7.162043789961724,7,55.0,0.30999999999999994
16220.0,8,92.0,2.4864864864864864,8.411503507308698,8,8,64.0,0.39728728780750366,7.351036337358504,8.411503507308698,8,64.0,-0.08999999999999997
16225.0,12,133.0,3.325,7.792795912748363,12,12,133.0,0.3565681238953131,6.193947738117139,7.792795912748363,12,133.0,-0.6900000000000001
16230.0,7,131.0,3.4473684210526314,8.116141533452234,7,7,131.0,0.38254220642159026,6.896612764139067,8.116141533452234,7,131.0,0.020000000000000018
16235.0,4,116.0,3.3142857142857145,8.410311376564234,4,4,103.0,0.4297528546155013,7.471959270945269,8.410311376564234,4,103.0,0.28
16240.0,5,139.0,3.6578947368421053,7.305428142134879,5,5,139.0,0.32780318988277474,5.5362618450676395,7.305428142134879,5,139.0,-0.3599999999999999
16245.0,7,96.0,2.6666666666666665,7.717055377721784,7,7,96.0,0.3747646379097428,6.546987415737739,7.717055377721784,7,96.0,0.42999999999999994
16250.0,7,118.0,3.2777777777777777,7.662484328716044,7,7,85.0,0.38110020751099927,6.625012817762487,7.662484328716044,7,85.0,0.10999999999999999
16255.0,8,154.0,4.4,7.918373302137185,8,8,154.0,0.3825762809220189,6.879343348295913,7.918373302137185,8,154.0,-0.6900000000000001
16260.0,5,137.0,3.914285714285714,7.982011364450163,5,5,137.0,0.3893590382166431,7.14393380995564,7.982011364450163,5,137.0,0.16999999999999993
16265.0,6,153.0,4.026315789473684,7.628590552373984,6,6,138.0,0.3538872154010323,6.324105406626462,7.628590552373984,6,138.0,-0.009999999999999787
16270.0,6,183.0,5.382352941176471,8.53085352741619,6,6,183.0,0.47370534074918913,8.24985853273531,8.53085352741619,6,183.0,-0.4500000000000002
16275.0,6,203.0,5.486486486486487,7.269043347484899,6,6,203.0,0.3560392306856914,6.205545605477082,7.269043347484899,6,203.0,-0.19999999999999973
16280.0,7,237.0,6.583333333333333,8.340051085975709,7,7,231.0,0.4263733766011478,7.475214376512514,8.340051085975709,7,231.0,-0.28000000000000025
16285.0,10,272.0,7.157894736842105,8.002042572667705,10,10,272.0,0.4040670484387625,7.043776107763673,8.002042572667705,10,272.0,-0.41000000000000014
16290.0,6,198.0,5.5,8.273375686680716,5,6,197.0,0.4360346365295776,7.801886256778531,8.273375686680716,5,197.0,0.7500000000000002
16295.0,4,195.0,5.571428571428571,8.505484446343074,4,4,151.0,0.4328408332085092,7.868118299337253,8.505484446343074,4,151.0,0.45999999999999996
16300.0,7,219.0,6.083333333333333,7.2912530854886874,7,7,219.0,0.33886428890014086,5.882428483415662,7.2912530854886874,7,219.0,-0.6799999999999999
16305.0,8,253.0,7.228571428571429,7.691701920862797,8,8,253.0,0.37656417778431345,6.848605165880492,7.691701920862797,8,253.0,-0.33999999999999986
16310.0,8,293.0,7.7105263157894735,7.706301366860047,8,8,292.0,0.3560370329736204,6.444689186665378,7.706301366860047,8,292.0,-0.3900000000000001
16315.0,10,339.0,9.685714285714285,7.758363654936779,10,10,339.0,0.33508074788946157,6.515513775254243,7.758363654936779,10,339.0,-0.4700000000000002
16320.0,7,295.0,9.516129032258064,7.267498542560994,7,7,295.0,0.29401270559635556,5.935506974120391,7.267498542560994,7,295.0,0.43999999999999995
16325.0,8,324.0,9.529411764705882,7.176981002254858,8,8,285.0,0.31595718915831666,5.885256133655502,7.176981002254858,8,285.0,0.10000000000000009
16330.0,8,364.0,11.375,8.114407372135684,8,8,364.0,0.4090575461964605,7.297003920008194,8.114407372135684,8,364.0,-0.79
16335.0,6,318.0,9.352941176470589,7.055620289675742,6,6,318.0,0.3183682582550493,5.975980829565405,7.055620289675742,6,318.0,0.45999999999999996
16340.0,6,332.0,10.375,8.32427840863297,6,6,304.0,0.42102116674524154,7.986889369036128,8.32427840863297,6,304.0,0.14000000000000012
16345.0,9,362.0,10.342857142857143,7.567562823467753,9,9,362.0,0.3650591977342614,6.535195809811203,7.567562823467753,9,362.0,-0.5800000000000001
16350.0,8,385.0,11.0,7.832615284621762,7,8,384.0,0.3930492957141587,7.1811274890501675,7.832615284621762,7,384.0,-0.21999999999999975
16355.0,7,419.0,12.323529411764707,8.306333046286268,7,7,409.0,0.40107018935559036,7.2449424727082485,8.306333046286268,7,409.0,-0.25
16360.0,9,459.0,13.5,6.968156815387399,9,9,459.0,0.31392810616099254,5.442118562048404,6.968156815387399,9,459.0,-0.5
16365.0,8,486.0,15.1875,7.264539239346394,8,8,486.0,0.3535649522194291,6.483179331567117,7.264539239346394,8,486.0,-0.27000000000000046
16370.0,9,527.0,15.057142857142857,7.289783238474847,9,9,514.0,0.33784677634413707,6.264158391765295,7.289783238474847,9,514.0,-0.27999999999999936
16375.0,10,574.0,16.4,7.554828425063137,10,10,574.0,0.332823307352308,6.302006142328429,7.554828425063137,10,574.0,-0.6000000000000005
16380.0,7,200.0,5.882352941176471,7.568799552932466,7,7,200.0,0.3192589366222385,6.308918102874812,7.568799552932466,7,200.0,3.74
16385.0,9,218.0,5.7368421052631575,7.441419977115456,9,9,21.0,0.299266185426955,5.905144033219795,7.441419977115456,9,21.0,1.79
16390.0,9,263.0,7.108108108108108,8.078991968322148,9,9,263.0,0.3614802819299394,6.833376571865929,8.078991968322148,9,263.0,-2.42
16395.0,9,131.0,3.742857142857143,6.795528886624755,9,9,131.0,0.27297810969678277,5.370880877606086,6.795528886624755,9,131.0,1.3199999999999998
16400.0,5,75.0,2.142857142857143,8.457416133635743,5,5,7.0,0.38802348039299683,7.536099651373318,8.457416133635743,5,7.0,1.24
16405.0,8,100.0,2.857142857142857,7.759549655372907,8,8,100.0,0.3549367667811691,6.6029836780659785,7.759549655372907,8,100.0,-0.9299999999999999
16410.0,7,134.0,3.9411764705882355,8.28497924984391,7,7,134.0,0.40051002793529555,7.4386630485299445,8.28497924984391,7,134.0,-0.3400000000000001
16415.0,4,73.0,2.212121212121212,8.732209545613713,4,4,73.0,0.428286925750143,8.062679780301147,8.732209545613713,4,73.0,0.6100000000000001
16420.0,5,82.0,2.411764705882353,7.570095672017313,5,5,45.0,0.3399560606251453,6.237864127219725,7.570095672017313,5,45.0,0.27999999999999997
16425.0,6,112.0,3.2941176470588234,8.96498004227263,6,6,112.0,0.4515195839542292,8.277671483261834,8.96498004227263,6,112.0,-0.6700000000000002
16430.0,3,34.0,0.9444444444444444,7.981862052170147,3,3,34.0,0.34004544664783976,6.312025457197555,7.981862052170147,3,34.0,0.78
16435.0,4,40.0,1.1764705882352942,8.94922444590187,4,4,-3.0,0.41727234910593924,7.867217732756148,8.94922444590187,4,-3.0,0.37
16440.0,4,60.0,1.7647058823529411,9.690539276921342,4,4,60.0,0.49211672983114724,9.085436710648981,9.690539276921342,4,60.0,-0.63
16445.0,6,60.0,1.7142857142857142,8.256332404547965,6,6,60.0,0.3524773341621398,6.771494145503204,8.256332404547965,6,60.0,0.0
16450.0,6,90.0,2.6470588235294117,9.226844833932907,6,6,68.0,0.42250718687894956,8.106177854749715,9.226844833932907,6,68.0,-0.08000000000000007
16455.0,9,124.0,3.5428571428571427,7.899997045368954,9,9,124.0,0.29836150303805714,5.652084788697858,7.899997045368954,9,124.0,-0.5599999999999999
16460.0,9,169.0,5.121212121212121,8.3987511679505,9,9,169.0,0.35737433751979675,6.903553158991584,8.3987511679505,9,169.0,-0.44999999999999996
16465.0,9,114.0,3.4545454545454546,7.087248222038612,9,9,114.0,0.299655808929279,5.644552197291007,7.087248222038612,9,114.0,0.55
16470.0,7,135.0,4.090909090909091,7.9617354281471355,7,7,95.0,0.37648015860046224,6.90451790379559,7.9617354281471355,7,95.0,0.18999999999999995
16475.0,7,170.0,5.151515151515151,8.832886230687787,7,7,170.0,0.45440290359589397,8.152350537811285,8.832886230687787,7,170.0,-0.75
16480.0,6,95.0,2.7941176470588234,7.275844418279275,6,6,95.0,0.3181726666589205,5.886942237374331,7.275844418279275,6,95.0,0.75
16485.0,6,109.0,3.6333333333333333,8.15804879726144,6,6,64.0,0.3873914905662231,7.264447634523007,8.15804879726144,6,64.0,0.30999999999999994
16490.0,7,141.0,4.548387096774194,7.690719478548987,7,7,141.0,0.37226724633235964,6.695122635368159,7.690719478548987,7,141.0,-0.7699999999999999
16495.0,6,159.0,5.3,7.8676408557695146,6,6,159.0,0.3877164383875268,7.156837775798881,7.8676408557695146,6,159.0,-0.18000000000000016
16500.0,7,193.0,6.892857142857143,8.1668177116765,7,7,181.0,0.37763789800885683,7.09732541531103,8.1668177116765,7,181.0,-0.21999999999999997
16505.0,9,234.0,7.3125,7.445545736410958,9,9,234.0,0.3190575999163041,6.011578803558696,7.445545736410958,9,234.0,-0.5299999999999998
16510.0,6,111.0,3.46875,8.156884741368422,6,6,111.0,0.36643321279350854,7.1241965634536415,8.156884741368422,6,111.0,1.2299999999999998
16515.0,3,65.0,1.8571428571428572,8.035272465156458,3,3,3.0,0.3470715771926814,6.6427740074048165,8.035272465156458,3,3.0,1.08
16520.0,5,89.0,2.5428571428571427,9.325458864164133,5,5,89.0,0.4579359971455858,8.62886748125724,9.325458864164133,5,89.0,-0.86
16525.0,8,74.0,2.0,8.102914610858258,8,8,74.0,0.3428777143627568,6.678826814813459,8.102914610858258,8,74.0,0.15000000000000002
16530.0,9,117.0,3.4411764705882355,8.284933724972399,9,9,77.0,0.35184872198770034,6.799923277179372,8.284933724972399,9,77.0,-0.030000000000000027
16535.0,9,162.0,5.225806451612903,8.40186558963744,9,9,162.0,0.3739062287581428,7.217017158292187,8.40186558963744,9,162.0,-0.8500000000000001
16540.0,9,109.0,3.303030303030303,7.047979044300721,9,9,109.0,0.2625611983262296,5.217284312196658,7.047979044300721,9,109.0,0.53
16545.0,7,127.0,3.96875,7.956522837559657,7,7,88.0,0.3691152910428034,6.86279268038173,7.956522837559657,7,88.0,0.21000000000000008
16550.0,8,164.0,4.96969696969697,6.966582871056322,8,8,164.0,0.3142069215792335,5.474782305539441,6.966582871056322,8,164.0,-0.7599999999999999
16555.0,7,127.0,3.8484848484848486,7.586695358408377,7,7,127.0,0.3539564919040237,6.398995448432286,7.586695358408377,7,127.0,0.3699999999999999
16560.0,6,152.0,4.903225806451613,8.665794504390497,6,6,118.0,0.4304196901006252,7.957461834554672,8.665794504390497,6,118.0,0.09000000000000008
16565.0,8,185.0,5.285714285714286,7.822515553368466,8,8,185.0,0.3478224128437901,6.347993558062618,7.822515553368466,8,185.0,-0.6700000000000002
16570.0,6,87.0,2.6363636363636362,8.281938075123657,5,6,86.0,0.3978517028647537,7.594464390277809,8.281938075123657,5,86.0,0.9900000000000001
16575.0,4,37.0,1.121212121212121,7.473310394849359,4,4,-6.0,0.2960701179346058,5.803803862202355,7.473310394849359,4,-6.0,0.9199999999999999
16580.0,4,53.0,1.606060606060606,8.890767296005858,4,4,53.0,0.41272852579445446,8.034913819378023,8.890767296005858,4,53.0,-0.5900000000000001
16585.0,10,83.0,2.4411764705882355,7.572269693414997,10,10,83.0,0.309669335653792,6.196405690712472,7.572269693414997,10,83.0,-0.29999999999999993
16590.0,11,135.0,3.9705882352941178,7.823197576123478,11,11,135.0,0.31522284654625726,6.4348908124194235,7.823197576123478,11,135.0,-0.5200000000000001
16595.0,11,190.0,5.588235294117647,8.071171974007065,11,11,190.0,0.3195045930378522,6.404298900429625,8.071171974007065,11,190.0,-0.5499999999999998
16600.0,11,199.0,5.527777777777778,6.8193698299626275,11,11,199.0,0.2540692621430165,4.922029175936502,6.8193698299626275,11,199.0,-0.09000000000000008
16605.0,8,207.0,6.2727272727272725,7.680096924637586,8,8,193.0,0.3280949895572291,6.238295805290725,7.680096924637586,8,193.0,0.06000000000000005
16610.0,9,249.0,7.323529411764706,6.896537269690606,9,9,249.0,0.2880490699943737,5.287830497852985,6.896537269690606,9,249.0,-0.5600000000000003
16615.0,9,150.0,4.6875,7.02216044463444,9,9,150.0,0.3026678228597057,5.714213167466324,7.02216044463444,9,150.0,0.9900000000000002
16620.0,6,126.0,4.064516129032258,7.786872720565676,6,6,68.0,0.3370556005826107,6.44979423344679,7.786872720565676,6,68.0,0.82
16625.0,8,161.0,4.735294117647059,7.423056763554686,8,8,161.0,0.31786082717619224,5.9877393297117045,7.423056763554686,8,161.0,-0.93
16630.0,8,79.0,2.46875,7.462595152464795,8,8,79.0,0.3457698986212932,6.536407920572362,7.462595152464795,8,79.0,0.8200000000000001
16635.0,8,84.0,2.4705882352941178,6.848654420665489,8,8,35.0,0.30623759982946824,5.567042100542365,6.848654420665489,8,35.0,0.44000000000000006
16640.0,8,124.0,3.6470588235294117,8.413988385043282,8,8,124.0,0.418332807049913,7.4532007615177065,8.413988385043282,8,124.0,-0.89
16645.0,9,81.0,2.25,7.2716268206389385,9,9,81.0,0.331749733819208,5.922737562046526,7.2716268206389385,9,81.0,0.42999999999999994
16650.0,8,103.0,2.861111111111111,7.883985970440455,8,8,75.0,0.34973993028285133,6.363412259711517,7.883985970440455,8,75.0,0.06000000000000005
16655.0,7,137.0,4.029411764705882,8.315877409278594,7,7,137.0,0.3959718035639684,7.107337841325666,8.315877409278594,7,137.0,-0.6200000000000001
16660.0,9,87.0,2.3513513513513513,6.941690290183182,9,9,87.0,0.2757445174700047,5.034911358066093,6.941690290183182,9,87.0,0.5000000000000001
16665.0,7,77.0,2.081081081081081,7.68806398566183,7,7,48.0,0.32644457695571405,6.180959010521909,7.68806398566183,7,48.0,0.39
16670.0,7,112.0,3.111111111111111,7.044908538164325,7,7,112.0,0.2820832292203912,5.419161913358145,7.044908538164325,7,112.0,-0.6400000000000001
16675.0,8,80.0,2.2857142857142856,7.338051025811124,8,8,80.0,0.29662401480985584,5.955140804811753,7.338051025811124,8,80.0,0.32000000000000006
16680.0,8,115.0,3.2857142857142856,7.731469329174717,8,8,87.0,0.32262478724041393,6.344498984668868,7.731469329174717,8,87.0,-0.06999999999999995
16685.0,10,162.0,4.5,7.6067397394945475,10,10,162.0,0.31145820557311155,6.155652173913038,7.6067397394945475,10,162.0,-0.7500000000000001
16690.0,7,113.0,3.323529411764706,7.555129102254419,7,7,113.0,0.32229284002631287,6.547930867032288,7.555129102254419,7,113.0,0.4900000000000002
16695.0,9,117.0,3.342857142857143,7.197370676006696,8,9,86.0,0.298210187528814,5.7162006087051465,7.197370676006696,8,86.0,0.2699999999999999
16700.0,7,149.0,4.257142857142857,7.903851623409817,7,7,149.0,0.3468827987246691,6.696341555610673,7.903851623409817,7,149.0,-0.63
16705.0,12,103.0,2.710526315789474,7.150449907828007,12,12,102.0,0.27530950971184137,5.297979156210086,7.150449907828007,12,102.0,0.47
16710.0,8,99.0,2.75,7.871301964213956,8,8,97.0,0.3319821102191994,6.43880685842131,7.871301964213956,8,97.0,0.050000000000000044
16715.0,7,132.0,3.8823529411764706,8.323894820047382,7,7,131.0,0.36843002851264745,7.026775317866979,8.323894820047382,7,131.0,-0.3400000000000001
16720.0,9,124.0,3.4444444444444446,6.5964827321456845,9,9,124.0,0.2596108767386329,4.9000686006051515,6.5964827321456845,9,124.0,0.07000000000000006
16725.0,8,147.0,4.083333333333333,8.09631784039088,8,8,133.0,0.36426262496322365,6.839044879944629,8.09631784039088,8,133.0,-0.09000000000000008
16730.0,8,187.0,5.3428571428571425,7.9808925653345195,8,8,187.0,0.347068820303826,6.423325828497512,7.9808925653345195,8,187.0,-0.54
16735.0,9,147.0,4.323529411764706,7.315369625332837,9,9,147.0,0.3045077163023336,5.8801854967888625,7.315369625332837,9,147.0,0.40000000000000013
16740.0,9,192.0,5.818181818181818,7.364783356696969,9,9,123.0,0.3020415514679813,5.648897367817571,7.364783356696969,9,123.0,0.24
16745.0,12,248.0,7.085714285714285,6.592249598759853,12,12,248.0,0.2686439609250691,5.008775703368703,6.592249598759853,12,248.0,-1.25
16750.0,9,175.0,5.0,7.332640354786288,9,9,175.0,0.30382812584580443,5.975925702157353,7.332640354786288,9,175.0,0.73
16755.0,9,185.0,5.138888888888889,6.587854908775603,9,9,134.0,0.27305855030970494,5.2077625697183025,6.587854908775603,9,134.0,0.4099999999999999
16760.0,9,230.0,6.388888888888889,7.925562340557112,9,9,230.0,0.38061665158666974,7.118889836549767,7.925562340557112,9,230.0,-0.9599999999999997
16765.0,9,140.0,3.6842105263157894,7.971172418912081,9,9,140.0,0.38925206384414385,7.328808086665046,7.971172418912081,9,140.0,0.8999999999999999
16770.0,6,94.0,2.5405405405405403,7.98251837457866,6,6,52.0,0.3610977139953054,6.933776896316076,7.98251837457866,6,52.0,0.8799999999999999
16775.0,6,124.0,3.3513513513513513,8.78776350066434,6,6,124.0,0.42301014185433883,7.983571865989434,8.78776350066434,6,124.0,-0.72
16780.0,9,54.0,1.4210526315789473,6.779487638358688,9,9,54.0,0.2567593446326954,4.907765119605428,6.779487638358688,9,54.0,0.7
16785.0,7,74.0,2.1142857142857143,8.076944340642411,7,7,31.0,0.3580082933940383,6.762923159266483,8.076944340642411,7,31.0,0.23000000000000004
16790.0,8,110.0,3.0555555555555554,7.442518109845526,8,8,110.0,0.3118114014289266,5.684135697151806,7.442518109845526,8,110.0,-0.79
16795.0,7,82.0,2.2777777777777777,8.211805101292017,7,7,82.0,0.3419997117242991,6.672462055205952,8.211805101292017,7,82.0,0.28000000000000014
16800.0,6,106.0,3.212121212121212,8.846386789357464,6,6,78.0,0.38493651803262596,7.516476489381741,8.846386789357464,6,78.0,0.039999999999999925
16805.0,8,143.0,3.9722222222222223,8.1834812151077,8,8,143.0,0.339238459793385,6.379910365255103,8.1834812151077,8,143.0,-0.6499999999999999
16810.0,5,87.0,2.4857142857142858,8.830834029449418,5,5,87.0,0.40613935745463164,8.033133031299347,8.830834029449418,5,87.0,0.5599999999999999
16815.0,5,74.0,2.1142857142857143,8.249467947882525,5,5,46.0,0.35240275136091775,6.901956372391193,8.249467947882525,5,46.0,0.41
16820.0,5,99.0,2.8285714285714287,9.388251315624526,5,5,99.0,0.4517708954707565,8.612637075155405,9.388251315624526,5,99.0,-0.53
16825.0,8,81.0,2.25,8.231791583797566,7,8,80.0,0.3553994968798355,6.906305778006983,8.231791583797566,7,80.0,0.18999999999999995
16830.0,8,118.0,3.3714285714285714,8.531761162636121,8,8,76.0,0.35351660542415614,6.92191549298222,8.531761162636121,8,76.0,0.040000000000000036
16835.0,8,158.0,4.787878787878788,8.761828020035155,8,8,158.0,0.38014867863753676,7.381114630715351,8.761828020035155,8,158.0,-0.8200000000000001
16840.0,11,205.0,6.029411764705882,6.969631902079246,11,11,205.0,0.25276600263926036,4.82314214587217,6.969631902079246,11,205.0,-0.46999999999999975
16845.0,8,133.0,3.911764705882353,7.9380857199250805,8,8,133.0,0.34228487061335455,6.577898676024559,7.9380857199250805,8,133.0,0.7199999999999998
16850.0,6,135.0,3.857142857142857,8.06193694814599,6,6,87.0,0.3533499833122001,6.563605580682352,8.06193694814599,6,87.0,0.4600000000000001
16855.0,8,170.0,5.151515151515151,8.144050012306694,8,8,170.0,0.37116754876117014,6.777761609155378,8.144050012306694,8,170.0,-0.83
16860.0,6,118.0,3.806451612903226,8.144029144421465,6,6,118.0,0.3680809875232149,7.003526501886209,8.144029144421465,6,118.0,0.52
16865.0,7,138.0,4.3125,6.978073836692028,7,7,105.0,0.2826427529345801,5.503837651558012,6.978073836692028,7,105.0,0.1299999999999999
16870.0,7,173.0,5.580645161290323,8.205302439712986,7,7,173.0,0.3846857564364252,7.232541385987751,8.205302439712986,7,173.0,-0.6799999999999999
16875.0,9,70.0,2.1875,6.39583820991866,9,9,70.0,0.2655193471358035,5.043883049097376,6.39583820991866,9,70.0,1.03
16880.0,5,60.0,1.875,8.197900606547474,5,5,5.0,0.3884219472105738,7.361715743734069,8.197900606547474,5,5.0,0.6499999999999999
16885.0,8,85.0,2.5,8.375656980964166,8,8,85.0,0.4077793179871863,7.601901337145145,8.375656980964166,8,85.0,-0.7999999999999999
16890.0,9,119.0,3.606060606060606,8.076016073011576,9,9,119.0,0.36541045811734946,6.913200855601226,8.076016073011576,9,119.0,-0.33999999999999997
16895.0,9,164.0,4.96969696969697,8.739694823363177,9,9,164.0,0.3810488684595503,7.470460219314117,8.739694823363177,9,164.0,-0.44999999999999996
16900.0,11,214.0,5.944444444444445,7.3771188715513984,11,11,214.0,0.2712634250925723,5.204105514596479,7.3771188715513984,11,214.0,-0.5000000000000002
16905.0,9,192.0,5.485714285714286,7.958299384882069,9,9,192.0,0.3365272105573415,6.400464193599676,7.958299384882069,9,192.0,0.2200000000000002
16910.0,8,225.0,6.617647058823529,6.762087104421398,8,8,196.0,0.28285464422626794,5.058792809649718,6.762087104421398,8,196.0,-0.040000000000000036
16915.0,10,273.0,8.029411764705882,7.603315375848036,10,10,273.0,0.3488723116148345,6.0879213938377825,7.603315375848036,10,273.0,-0.77
16920.0,7,239.0,7.242424242424242,7.9262890241621395,7,7,239.0,0.3768211864498242,6.707877261513209,7.9262890241621395,7,239.0,0.33999999999999986
16925.0,8,266.0,7.823529411764706,7.135838610935671,8,8,238.0,0.31715166903339914,5.620874596327481,7.135838610935671,8,238.0,0.010000000000000231
16930.0,8,306.0,9.5625,8.42057225636562,8,8,306.0,0.4198439545896114,7.411392434247842,8.42057225636562,8,306.0,-0.6800000000000002
16935.0,8,139.0,3.9714285714285715,7.102247013346685,7,8,138.0,0.30356625409869165,5.6130642665000074,7.102247013346685,7,138.0,1.6800000000000002
16940.0,5,30.0,0.8823529411764706,8.153698154218194,5,5,-43.0,0.36836417102610913,6.8138162090598575,8.153698154218194,5,-43.0,1.8099999999999998
16945.0,5,42.0,1.2352941176470589,8.11706477963617,5,5,42.0,0.3720039670324862,6.729832840134043,8.11706477963617,5,42.0,-0.85
16950.0,5,64.0,1.8823529411764706,8.498062150579983,5,5,64.0,0.41986122671051873,7.544246159170353,8.498062150579983,5,64.0,-0.22000000000000003
16955.0,8,95.0,2.7941176470588234,8.811183242869536,8,8,95.0,0.42544762367196826,7.859120872541482,8.811183242869536,8,95.0,-0.30999999999999994
16960.0,11,139.0,3.9714285714285715,6.9497435703812265,11,11,139.0,0.28150126610122383,5.1451917311023285,6.9497435703812265,11,139.0,-0.43999999999999995
16965.0,11,194.0,5.705882352941177,7.600457910276358,11,11,194.0,0.31561499030433027,6.0197658456694585,7.600457910276358,11,194.0,-0.55
16970.0,10,144.0,4.114285714285714,6.114646766435176,10,10,144.0,0.21847808855837061,4.180200801344621,6.114646766435176,10,144.0,0.5
16975.0,9,177.0,5.057142857142857,7.332072528296864,9,9,135.0,0.3200457307032861,5.961329550752153,7.332072528296864,9,135.0,0.08999999999999986
16980.0,9,222.0,6.7272727272727275,7.895821369874797,9,9,222.0,0.3784931439092295,6.894954833563126,7.895821369874797,9,222.0,-0.8700000000000001
16985.0,9,179.0,5.114285714285714,6.676938543014028,9,9,179.0,0.28642210334600476,5.446354453683669,6.676938543014028,9,179.0,0.43000000000000016
16990.0,6,165.0,4.714285714285714,8.145516760508812,6,6,137.0,0.3831467129347398,7.22900809420113,8.145516760508812,6,137.0,0.41999999999999993
16995.0,7,196.0,5.297297297297297,7.579358770285969,7,7,196.0,0.34305438164034174,6.171443319847868,7.579358770285969,7,196.0,-0.5899999999999999
17000.0,10,241.0,6.694444444444445,8.013079219627702,10,10,241.0,0.3492473436406233,6.72099890114972,8.013079219627702,10,241.0,-0.4500000000000002
17005.0,14,292.0,7.891891891891892,6.985609199975529,14,14,292.0,0.26288573896015427,5.074618773081795,6.985609199975529,14,292.0,-0.5099999999999998
17010.0,13,355.0,10.142857142857142,7.242924485526955,13,13,355.0,0.29974912631040235,5.7674082704123615,7.242924485526955,13,355.0,-0.6299999999999999
17015.0,10,217.0,6.575757575757576,7.233058675471968,10,10,217.0,0.3264747509370539,6.202112340084342,7.233058675471968,10,217.0,1.38
17020.0,8,140.0,3.888888888888889,6.4092625231342515,8,8,66.0,0.28148331131119325,5.047615689801603,6.4092625231342515,8,66.0,1.5099999999999998
17025.0,9,185.0,5.138888888888889,7.6410775778355395,9,9,185.0,0.374208680429468,6.660545338330116,7.6410775778355395,9,185.0,-1.19
17030.0,10,146.0,4.055555555555555,5.889849970076307,10,10,146.0,0.2549051523491497,4.643592186789971,5.889849970076307,10,146.0,0.3900000000000001
17035.0,11,185.0,5.285714285714286,6.4590758237105845,11,11,157.0,0.27414306275362493,5.15960597536392,6.4590758237105845,11,157.0,-0.1100000000000001
17040.0,10,234.0,6.882352941176471,6.891034590683671,10,10,234.0,0.3040545774781883,5.624056557698055,6.891034590683671,10,234.0,-0.7699999999999998
17045.0,12,248.0,6.702702702702703,6.0328720700410905,12,12,248.0,0.2497559236889909,4.681619577809107,6.0328720700410905,12,248.0,-0.14000000000000012
17050.0,10,281.0,7.805555555555555,7.029163938123501,10,10,268.0,0.33422547816243536,6.016138898375803,7.029163938123501,10,268.0,-0.20000000000000018
17055.0,12,335.0,9.305555555555555,6.526031114489997,12,12,335.0,0.3019647292302563,5.213552385477795,6.526031114489997,12,335.0,-0.6699999999999999
17060.0,10,344.0,9.555555555555555,7.087079173336916,10,10,344.0,0.3391481733127361,6.037709383135642,7.087079173336916,10,344.0,-0.08999999999999986
17065.0,15,387.0,9.923076923076923,6.85483796938363,14,15,371.0,0.31317789117925976,5.420984584144794,6.85483796938363,14,371.0,-0.27
17070.0,10,434.0,11.128205128205128,7.170991141674876,10,10,434.0,0.31452440388165803,5.57287217344751,7.170991141674876,10,434.0,-0.6299999999999999
17075.0,12,258.0,6.972972972972973,7.644419813301252,12,12,258.0,0.3438278735856775,6.151506360651038,7.644419813301252,12,258.0,1.7599999999999998
17080.0,10,121.0,3.27027027027027,6.0311239090369515,10,10,118.0,0.23817516086273247,4.367145379511944,6.0311239090369515,10,118.0,1.4000000000000001
17085.0,8,155.0,4.1891891891891895,7.589870064998702,8,8,154.0,0.3397223401953511,6.27833222121869,7.589870064998702,8,154.0,-0.3600000000000001
17090.0,8,150.0,3.75,6.48141706597377,8,8,150.0,0.26448983191231945,4.891930212743895,6.48141706597377,8,150.0,0.040000000000000036
17095.0,12,204.0,5.513513513513513,6.971602546125216,12,12,190.0,0.3040995682074235,5.580494204956285,6.971602546125216,12,190.0,-0.3999999999999999
17100.0,12,264.0,7.333333333333333,7.124726143931279,12,12,264.0,0.3139960291396326,5.536734133433178,7.124726143931279,12,264.0,-0.7400000000000002
17105.0,11,225.0,5.921052631578948,6.5067530175760435,11,11,225.0,0.26989264695984844,4.969147344201928,6.5067530175760435,11,225.0,0.3900000000000001
17110.0,9,250.0,6.756756756756757,7.683901573665795,9,9,207.0,0.3521458975626275,6.427320219194656,7.683901573665795,9,207.0,0.18000000000000016
17115.0,11,298.0,7.45,7.069204233214693,11,11,298.0,0.3037884313000451,5.3034496111770615,7.069204233214693,11,298.0,-0.9100000000000001
17120.0,11,350.0,9.210526315789474,7.447727647622048,11,11,350.0,0.33028238801964205,6.115949332448463,7.447727647622048,11,350.0,-0.52
17125.0,15,407.0,9.926829268292684,7.185862731514263,15,15,406.0,0.28982258109846515,5.463411555980883,7.185862731514263,15,406.0,-0.5599999999999996
17130.0,12,467.0,11.974358974358974,7.565968184882904,12,12,467.0,0.3197583800214132,6.19457494893215,7.565968184882904,12,467.0,-0.6100000000000003
17135.0,11,358.0,9.421052631578947,7.247458909257917,11,11,358.0,0.3066037772368935,5.806361887501131,7.247458909257917,11,358.0,1.0899999999999999
17140.0,14,422.0,10.55,6.415412512512022,14,14,310.0,0.24948367378877326,4.543201955995723,6.415412512512022,14,310.0,0.48
17145.0,14,492.0,12.947368421052632,6.837991054757859,14,14,492.0,0.29300097721754437,5.2857351947732285,6.837991054757859,14,492.0,-1.8199999999999998
17150.0,13,383.0,9.575,5.7944691347664055,13,13,383.0,0.20377790764965695,3.781904373044739,5.7944691347664055,13,383.0,1.0899999999999999
17155.0,9,166.0,4.486486486486487,6.851369537315132,9,9,109.0,0.29974770513099225,5.451455884172173,6.851369537315132,9,109.0,2.74
17160.0,6,136.0,3.7777777777777777,7.486821388197005,6,6,136.0,0.35038163400428,6.315443805470309,7.486821388197005,6,136.0,-0.27
17165.0,7,67.0,1.7179487179487178,6.9262921313201655,7,7,67.0,0.30640174656865055,5.745660360490546,6.9262921313201655,7,67.0,0.6900000000000001
17170.0,10,90.0,2.3684210526315788,7.366370844210633,10,10,47.0,0.31643717789470577,6.030611178465062,7.366370844210633,10,47.0,0.20000000000000007
17175.0,12,143.0,3.763157894736842,6.897668850521042,12,12,143.0,0.28833474103382434,5.376153003448537,6.897668850521042,12,143.0,-0.96
17180.0,10,155.0,4.1891891891891895,7.546698618751872,10,10,155.0,0.3252802642749773,6.523386320047636,7.546698618751872,10,155.0,-0.1200000000000001
17185.0,9,120.0,3.076923076923077,6.997241854368331,9,9,107.0,0.28800433809928516,5.464044278063416,6.997241854368331,9,107.0,0.48
17190.0,7,154.0,4.052631578947368,8.087747609250187,7,7,154.0,0.3909035125091838,7.277029200609591,8.087747609250187,7,154.0,-0.47
17195.0,7,65.0,1.8055555555555556,7.366448452544615,7,7,65.0,0.3360566672221321,6.456160467459093,7.366448452544615,7,65.0,0.89
17200.0,9,70.0,1.794871794871795,6.724810198090393,9,9,18.0,0.28095052373743534,5.235324415274175,6.724810198090393,9,18.0,0.47000000000000003
17205.0,9,115.0,2.948717948717949,8.032988265447099,9,9,115.0,0.3848833473312672,6.971888286471202,8.032988265447099,9,115.0,-0.97
17210.0,8,112.0,2.8,7.001345588931294,8,8,112.0,0.29027209210265076,5.331245876077943,7.001345588931294,8,112.0,0.029999999999999805
17215.0,7,117.0,3.0789473684210527,7.412795096245352,7,7,104.0,0.3203620789585044,6.132856240443412,7.412795096245352,7,104.0,0.08000000000000007
17220.0,7,152.0,4.108108108108108,7.893884594169722,7,7,152.0,0.3707878455242616,6.8644964401808295,7.893884594169722,7,152.0,-0.48
17225.0,9,85.0,2.125,6.5808502127896515,9,9,85.0,0.2789564307522084,5.165754489768238,6.5808502127896515,9,85.0,0.67
17230.0,7,103.0,2.575,7.940612754314043,7,7,60.0,0.3953273930088978,7.120989929585201,7.940612754314043,7,60.0,0.25
17235.0,9,141.0,3.2790697674418605,7.541011771768532,9,9,141.0,0.3427149548245996,5.959049562007169,7.541011771768532,9,141.0,-0.8099999999999999
17240.0,7,136.0,3.4,8.162602359939125,7,7,136.0,0.39639042627057774,7.175686622682965,8.162602359939125,7,136.0,0.04999999999999982
17245.0,8,160.0,4.324324324324325,8.040395223354363,8,8,146.0,0.3762222126676291,6.80944980168671,8.040395223354363,8,146.0,-0.09999999999999987
17250.0,8,195.0,5.416666666666667,8.095481175105444,8,8,195.0,0.38828297329929157,6.942183637016182,8.095481175105444,8,195.0,-0.49
17255.0,8,180.0,5.142857142857143,8.26869868557595,7,8,179.0,0.42444118812351533,7.780242075555535,8.26869868557595,7,179.0,0.15999999999999992
17260.0,9,219.0,5.7631578947368425,7.56956239703321,9,9,168.0,0.3016203633442257,5.725703489657737,7.56956239703321,9,168.0,0.1100000000000001
17265.0,10,268.0,7.052631578947368,8.091545034479024,10,10,268.0,0.3281927647608643,6.290051928069274,8.091545034479024,10,268.0,-1.0000000000000002
17270.0,9,254.0,6.684210526315789,6.881676551748808,9,9,254.0,0.25983133906811456,4.7238068966590765,6.881676551748808,9,254.0,0.14000000000000012
17275.0,9,297.0,8.735294117647058,7.643655239686069,9,9,269.0,0.33307423104793654,6.162160827720333,7.643655239686069,9,269.0,-0.1499999999999999
17280.0,9,342.0,10.058823529411764,8.227300979419399,9,9,342.0,0.3746088702519171,6.8694456498011505,8.227300979419399,9,342.0,-0.73
17285.0,11,393.0,11.228571428571428,7.051555155156704,11,11,393.0,0.28714040619140774,5.455167062111722,7.051555155156704,11,393.0,-0.5100000000000002
17290.0,11,448.0,12.8,7.459322468887108,11,11,448.0,0.3089062863793695,5.846261011685621,7.459322468887108,11,448.0,-0.5500000000000003
17295.0,13,509.0,14.13888888888889,6.346664207282916,13,13,509.0,0.2359451121095623,4.43777374017056,6.346664207282916,13,509.0,-0.6099999999999994
17300.0,14,579.0,17.545454545454547,6.845304215667506,14,14,579.0,0.2891839896080441,5.425504062899329,6.845304215667506,14,579.0,-0.7000000000000002
17305.0,14,377.0,11.088235294117647,5.926732018533354,14,14,377.0,0.24771015505649963,4.632681462135695,5.926732018533354,14,377.0,2.02
17310.0,9,181.0,5.323529411764706,6.639669600682527,9,9,88.0,0.3107409825457801,5.750853667856635,6.639669600682527,9,88.0,2.89
17315.0,7,190.0,5.757575757575758,7.679229318721932,7,7,190.0,0.38848336169712516,7.150515540387963,7.679229318721932,7,190.0,-1.02
17320.0,9,89.0,2.4722222222222223,6.221881424156312,9,9,89.0,0.269968739342222,5.201709414410418,6.221881424156312,9,89.0,1.0099999999999998
17325.0,10,92.0,2.6285714285714286,6.657884049962992,10,10,38.0,0.28150262387127806,5.491858676422056,6.657884049962992,10,38.0,0.51
17330.0,11,144.0,3.891891891891892,6.113150095041056,11,11,144.0,0.24727231867417723,4.647969710814467,6.113150095041056,11,144.0,-1.06
17335.0,12,128.0,3.764705882352941,6.202134247311977,12,12,128.0,0.2635454884646969,5.191544785680895,6.202134247311977,12,128.0,0.15999999999999992
17340.0,11,178.0,5.393939393939394,6.330527929640057,11,11,143.0,0.2741373947199856,5.2326268517442385,6.330527929640057,11,143.0,-0.1499999999999999
17345.0,13,241.0,6.513513513513513,6.569000357511922,13,13,241.0,0.2842130947654216,5.249388192652438,6.569000357511922,13,241.0,-0.9800000000000002
17350.0,10,252.0,6.8108108108108105,6.949640984542721,10,10,252.0,0.29950467138686754,5.606250445561613,6.949640984542721,10,252.0,-0.10999999999999988
17355.0,10,292.0,7.3,6.856323459906267,10,10,278.0,0.27529843820272937,4.950938999889283,6.856323459906267,10,278.0,-0.2599999999999998
17360.0,11,347.0,8.675,7.926045698379921,11,11,347.0,0.3631506780394378,6.454486146384176,7.926045698379921,11,347.0,-0.6900000000000004
17365.0,12,262.0,6.390243902439025,7.109519040814115,12,12,262.0,0.30526264616270915,5.602439900233346,7.109519040814115,12,262.0,0.8500000000000001
17370.0,6,94.0,2.41025641025641,7.7174518123552405,6,6,51.0,0.361551665733599,6.5772556592646705,7.7174518123552405,6,51.0,2.1100000000000003
17375.0,4,89.0,2.3421052631578947,8.902135909074449,4,4,89.0,0.4607884694908856,8.262676538965966,8.902135909074449,4,89.0,-0.38
17380.0,7,82.0,2.0,7.3435816986304765,7,7,82.0,0.2984561262220018,5.429339988498338,7.3435816986304765,7,82.0,0.07000000000000006
17385.0,10,129.0,3.225,7.988362645065962,10,10,109.0,0.3527090768556552,6.373462125524932,7.988362645065962,10,109.0,-0.27000000000000013
17390.0,12,180.0,4.7368421052631575,7.288488880064998,12,12,180.0,0.2723502755332363,4.903838957713187,7.288488880064998,12,180.0,-0.71
17395.0,9,188.0,4.947368421052632,7.44231496448802,9,9,188.0,0.2892487734151631,5.611951171169658,7.44231496448802,9,188.0,-0.07999999999999985
17400.0,5,165.0,4.583333333333333,8.112288832675528,5,5,152.0,0.3463114417033018,6.545047582808877,8.112288832675528,5,152.0,0.3599999999999999
17405.0,7,196.0,5.0256410256410255,7.77460117559056,7,7,196.0,0.34218928592868014,6.304972999049227,7.77460117559056,7,196.0,-0.43999999999999995
17410.0,7,143.0,3.864864864864865,7.883459486667941,7,7,143.0,0.3603008835619288,6.734069986524825,7.883459486667941,7,143.0,0.53
17415.0,9,168.0,4.421052631578948,6.7308007198985065,8,9,129.0,0.2646794497625723,4.93648247899097,6.7308007198985065,8,129.0,0.1399999999999999
17420.0,8,207.0,5.75,7.653193842443542,8,8,169.0,0.34209080006148196,6.423172274602323,7.653193842443542,8,169.0,-0.3999999999999999
17425.0,10,201.0,5.2894736842105265,7.913858915827068,10,10,201.0,0.3790972536146839,6.949604125300126,7.913858915827068,10,201.0,-0.31999999999999984
17430.0,8,223.0,6.371428571428571,7.905227409358386,8,8,210.0,0.384776215588302,6.986810975138244,7.905227409358386,8,210.0,-0.0900000000000003
17435.0,8,263.0,7.735294117647059,8.468087960647464,8,8,263.0,0.4185189731889255,7.5261904648009175,8.468087960647464,8,263.0,-0.5299999999999998
17440.0,11,309.0,8.35135135135135,6.943290636820101,11,11,309.0,0.28228778179584396,4.999793617756056,6.943290636820101,11,309.0,-0.45999999999999996
17445.0,8,274.0,7.828571428571428,7.832446334432932,8,8,274.0,0.35671559144333964,6.429455733176948,7.832446334432932,8,274.0,0.34999999999999964
17450.0,7,303.0,8.18918918918919,7.553452730342544,7,7,266.0,0.3382342089762012,6.019677434429284,7.553452730342544,7,266.0,0.08000000000000007
17455.0,9,347.0,9.914285714285715,7.895760610895952,9,9,347.0,0.3667676173716819,6.541525336383637,7.895760610895952,9,347.0,-0.81
17460.0,6,285.0,8.382352941176471,8.007725219582968,6,6,285.0,0.3789060774802225,7.03398972780015,8.007725219582968,6,285.0,0.6200000000000001
17465.0,6,280.0,7.5675675675675675,7.676427693846876,6,6,247.0,0.33833629954099487,6.181978299209895,7.676427693846876,6,247.0,0.3799999999999999
17470.0,6,310.0,8.61111111111111,8.909459011996478,6,6,310.0,0.4613654176082564,8.290077214170392,8.909459011996478,6,310.0,-0.6299999999999999
17475.0,6,56.0,1.5135135135135136,7.299184352130192,6,6,56.0,0.33384979483658217,5.939423809745381,7.299184352130192,6,56.0,2.54
17480.0,7,91.0,2.5277777777777777,8.205325806414873,7,7,-58.0,0.40268671582426174,7.322860425697089,8.205325806414873,7,-58.0,1.1400000000000001
17485.0,10,126.0,3.3157894736842106,7.635673811722438,10,10,126.0,0.34035838953077696,6.087519800291861,7.635673811722438,10,126.0,-1.8399999999999999
17490.0,7,89.0,2.4722222222222223,7.870230416588502,7,7,89.0,0.36881935200298943,6.653957549920264,7.870230416588502,7,89.0,0.37
17495.0,6,114.0,3.257142857142857,8.955686688815259,6,6,79.0,0.47953046951279954,8.585352483758472,8.955686688815259,6,79.0,0.09999999999999998
17500.0,9,148.0,4.111111111111111,7.586543700755541,9,9,148.0,0.3258201778200624,5.69974545993892,7.586543700755541,9,148.0,-0.69
17505.0,6,100.0,2.9411764705882355,8.147385290881537,6,6,100.0,0.3923758580460716,7.196182806825163,8.147385290881537,6,100.0,0.48
17510.0,5,119.0,3.3055555555555554,7.887777025123508,5,5,81.0,0.3430957743124823,6.266613353816362,7.887777025123508,5,81.0,0.18999999999999995
17515.0,7,152.0,4.470588235294118,8.47665049153821,7,7,152.0,0.4079470618472027,7.295837584191706,8.47665049153821,7,152.0,-0.71
17520.0,6,165.0,5.32258064516129,8.39160670994381,6,6,165.0,0.40430517371509095,7.49093158763373,8.39160670994381,6,165.0,-0.1299999999999999
17525.0,9,203.0,5.970588235294118,7.508376101025971,9,9,186.0,0.3010881225006938,5.67456488834936,7.508376101025971,9,186.0,-0.2100000000000002
17530.0,9,248.0,7.294117647058823,8.327376148800086,9,9,248.0,0.36106413604374266,6.8843902442300475,8.327376148800086,9,248.0,-0.6199999999999999
17535.0,11,296.0,8.222222222222221,7.097961526925408,11,11,296.0,0.25059073561742007,5.004411229806606,7.097961526925408,11,296.0,-0.48
17540.0,9,170.0,4.722222222222222,8.003284122657991,9,9,170.0,0.3298796930204637,6.594403812594203,8.003284122657991,9,170.0,1.26
17545.0,7,100.0,2.857142857142857,7.566474608738757,7,7,37.0,0.32293566393517076,6.127897289829355,7.566474608738757,7,37.0,1.33
17550.0,7,134.0,4.1875,8.204196623767416,7,7,134.0,0.40450323417330797,7.484441964314667,8.204196623767416,7,134.0,-0.9700000000000001
17555.0,7,77.0,2.40625,7.792427859871774,7,7,77.0,0.3728694964456811,6.950962678558487,7.792427859871774,7,77.0,0.5700000000000001
17560.0,9,104.0,3.1515151515151514,6.828457708884027,9,9,65.0,0.2947938727751708,5.49777288159407,6.828457708884027,9,65.0,0.12
17565.0,9,149.0,4.806451612903226,7.735657689047553,9,9,149.0,0.3748946821474936,6.791537873565501,7.735657689047553,9,149.0,-0.84
17570.0,9,90.0,2.727272727272727,6.284737424635197,9,9,90.0,0.26026148255770576,4.7946740708345805,6.284737424635197,9,90.0,0.59
17575.0,7,110.0,3.5483870967741935,7.529736811164111,7,7,68.0,0.35415220571729167,6.470622522374671,7.529736811164111,7,68.0,0.21999999999999997
17580.0,7,145.0,4.67741935483871,8.151879338841423,7,7,145.0,0.39842614064074394,7.017283297231759,8.151879338841423,7,145.0,-0.7699999999999999
17585.0,6,90.0,2.5714285714285716,7.834001281754393,6,6,90.0,0.3710596002965111,6.705699754366456,7.834001281754393,6,90.0,0.5499999999999999
17590.0,4,59.0,1.6857142857142857,8.882479488236003,4,4,31.0,0.43774035659195026,8.050251816477438,8.882479488236003,4,31.0,0.5900000000000001
17595.0,5,81.0,2.1315789473684212,8.426360466905706,5,5,81.0,0.39874899759732413,6.9683777675432035,8.426360466905706,5,81.0,-0.5
17600.0,8,75.0,2.027027027027027,8.573312807120754,7,8,74.0,0.412465774374096,7.602603676033496,8.573312807120754,7,74.0,0.07000000000000006
17605.0,9,109.0,2.945945945945946,8.5898357586805,9,9,73.0,0.3905776659524388,7.235903563948959,8.5898357586805,9,73.0,0.010000000000000009
17610.0,10,152.0,4.222222222222222,8.290386064578415,10,10,152.0,0.33731292041851624,6.53750155457072,8.290386064578415,10,152.0,-0.79
17615.0,10,202.0,6.121212121212121,8.29099237602747,10,10,202.0,0.35396985478945664,6.8229390635270635,8.29099237602747,10,202.0,-0.5
17620.0,10,186.0,5.470588235294118,6.471676943869837,10,10,186.0,0.24823700192402906,4.719828469033734,6.471676943869837,10,186.0,0.15999999999999992
17625.0,9,229.0,6.735294117647059,7.667998438298836,9,9,197.0,0.35084550143645693,6.4686668528721185,7.667998438298836,9,197.0,-0.10999999999999988
17630.0,10,275.0,8.333333333333334,6.310314983418958,10,10,275.0,0.288199022189517,5.169878566228873,6.310314983418958,10,275.0,-0.78
17635.0,9,230.0,7.1875,6.876505140410325,9,9,230.0,0.310017657415792,5.950719278347652,6.876505140410325,9,230.0,0.4500000000000002
17640.0,7,242.0,7.806451612903226,7.069854421996702,7,7,209.0,0.33435369090013234,5.9396427947519665,7.069854421996702,7,209.0,0.20999999999999996
17645.0,9,285.0,8.142857142857142,7.111065446546852,9,9,285.0,0.3311147152136119,5.755227815452041,7.111065446546852,9,285.0,-0.7600000000000002
17650.0,7,135.0,3.9705882352941178,7.5866248192767065,7,7,135.0,0.36279647957580935,6.522224520755991,7.5866248192767065,7,135.0,1.5
17655.0,4,44.0,1.2941176470588236,7.485946673474315,4,4,-30.0,0.3705903849786653,6.431648879806809,7.485946673474315,4,-30.0,1.6500000000000001
17660.0,5,66.0,1.9411764705882353,8.866058198755246,5,5,66.0,0.464037908278854,8.090434044595527,8.866058198755246,5,66.0,-0.96
17665.0,8,91.0,2.5277777777777777,8.508177777289436,8,8,91.0,0.419052353912259,7.5748648597199475,8.508177777289436,8,91.0,-0.25
17670.0,4,41.0,1.1388888888888888,8.952541593094118,4,4,41.0,0.46672640132062904,8.415139329244264,8.952541593094118,4,41.0,0.5
17675.0,4,54.0,1.588235294117647,8.955735281745872,4,4,22.0,0.4718567264096194,8.789329609250387,8.955735281745872,4,22.0,0.18999999999999997
17680.0,7,79.0,2.135135135135135,7.7754095626012845,7,7,79.0,0.36107640418221554,6.4804325333082575,7.7754095626012845,7,79.0,-0.5700000000000001
17685.0,4,37.0,1.0277777777777777,8.51358031771111,4,4,37.0,0.4450145684164572,8.294629120563592,8.51358031771111,4,37.0,0.42000000000000004
17690.0,4,45.0,1.2162162162162162,8.265446090951812,4,4,12.0,0.399606810377374,7.221087838676802,8.265446090951812,4,12.0,0.25
17695.0,5,69.0,1.9714285714285715,8.711067920210901,5,5,69.0,0.4556496686511813,7.9911599858863,8.711067920210901,5,69.0,-0.57
17700.0,5,74.0,2.176470588235294,8.656920983700072,4,5,73.0,0.46134687872863117,8.65548573789799,8.656920983700072,4,73.0,-0.040000000000000036
17705.0,7,101.0,2.8055555555555554,7.5173969320463705,7,7,85.0,0.30903153287042884,5.971551721802257,7.5173969320463705,7,85.0,-0.12
17710.0,7,136.0,3.8857142857142857,8.4044870856458,7,7,136.0,0.3815532306735014,7.5342846435467905,8.4044870856458,7,136.0,-0.5100000000000001
17715.0,6,65.0,1.7105263157894737,7.383419144765907,6,6,65.0,0.29860102502199587,5.999185026285943,7.383419144765907,6,65.0,0.7100000000000001
17720.0,5,74.0,1.9473684210526316,8.65088719787594,5,5,32.0,0.42491795862948895,8.256867551184751,8.65088719787594,5,32.0,0.33
17725.0,7,99.0,2.675675675675676,8.75235014484539,7,7,99.0,0.4383049225611785,8.246997023107378,8.75235014484539,7,99.0,-0.6699999999999999
17730.0,5,48.0,1.5,8.247999681957205,5,5,48.0,0.40887925797005203,7.887873177580835,8.247999681957205,5,48.0,0.51
17735.0,4,66.0,2.2,9.071036547127113,4,4,32.0,0.46867334168813574,8.885402040540294,9.071036547127113,4,32.0,0.15999999999999998
17740.0,7,92.0,2.875,7.637852043753602,7,7,92.0,0.3440841178544801,6.177888625187717,7.637852043753602,7,92.0,-0.6000000000000001
17745.0,4,39.0,1.2580645161290323,8.464719330803963,4,4,39.0,0.42655934306615245,7.95103248391889,8.464719330803963,4,39.0,0.53
17750.0,3,46.0,1.3529411764705883,8.583949891771782,3,3,10.0,0.3991752222380444,7.28566799432943,8.583949891771782,3,10.0,0.29000000000000004
17755.0,5,69.0,2.15625,9.44364877279751,5,5,69.0,0.4633906369559453,8.368057004344909,9.44364877279751,5,69.0,-0.59
17760.0,4,72.0,2.4827586206896552,9.5657650269089,4,4,72.0,0.4815677153807479,9.065373992117966,9.5657650269089,4,72.0,-0.030000000000000027
17765.0,7,99.0,3.0,8.176800467136733,7,7,82.0,0.3456822180353289,6.260930289205574,8.176800467136733,7,82.0,-0.09999999999999998
17770.0,7,134.0,4.1875,9.135612928213831,7,7,134.0,0.43019058804537086,7.738773051294095,9.135612928213831,7,134.0,-0.5200000000000001
17775.0,6,63.0,1.9090909090909092,7.636076334596953,6,6,63.0,0.3197158327793903,5.715844072222334,7.636076334596953,6,63.0,0.7100000000000001
17780.0,5,72.0,2.3225806451612905,8.854090434809,5,5,29.0,0.44476481873924334,7.826220608837142,8.854090434809,5,29.0,0.34
17785.0,7,97.0,3.129032258064516,8.68596939883836,7,7,97.0,0.4593101363827903,7.898103774720768,8.68596939883836,7,97.0,-0.6799999999999999
17790.0,8,129.0,4.448275862068965,8.120767225254326,8,8,129.0,0.4321057760924811,7.455856634812878,8.120767225254326,8,129.0,-0.32000000000000006
17795.0,7,164.0,5.655172413793103,9.030160611873843,7,7,164.0,0.47157754932910845,8.397050049167028,9.030160611873843,7,164.0,-0.34999999999999987
17800.0,9,203.0,6.34375,7.055390442076063,9,9,203.0,0.2883922069045449,5.091376743102146,7.055390442076063,9,203.0,-0.3899999999999999
17805.0,10,253.0,8.161290322580646,7.786012061677441,10,10,253.0,0.3406024031234612,6.082697850611352,7.786012061677441,10,253.0,-0.5
17810.0,8,163.0,5.258064516129032,6.573908139946676,8,8,163.0,0.2744002161609373,4.925404423538722,6.573908139946676,8,163.0,0.8999999999999999
17815.0,7,160.0,5.333333333333333,7.50359388931415,7,7,107.0,0.36453719073649177,6.384336121364922,7.50359388931415,7,107.0,0.5599999999999998
17820.0,7,195.0,6.724137931034483,8.480189148336384,7,7,195.0,0.4463485220520039,7.679947513856817,8.480189148336384,7,195.0,-0.8799999999999999
17825.0,7,87.0,2.6363636363636362,7.018270604917498,7,7,87.0,0.33196870175713394,5.745053198711634,7.018270604917498,7,87.0,1.08
17830.0,5,70.0,2.1875,8.272670040754829,5,5,14.0,0.4183194653226344,7.484142427947626,8.272670040754829,5,14.0,0.73
17835.0,6,97.0,2.8529411764705883,7.862594128529059,6,6,97.0,0.38177222581513687,6.727970205076482,7.862594128529059,6,97.0,-0.83
17840.0,6,51.0,1.7,7.824914746165496,6,6,51.0,0.41533417485730145,7.42198331148291,7.824914746165496,6,51.0,0.45999999999999996
17845.0,8,69.0,2.090909090909091,8.011949143289781,8,8,34.0,0.40234303249336295,7.196784899923996,8.011949143289781,8,34.0,0.16999999999999998
17850.0,7,99.0,3.09375,8.541691296182892,7,7,99.0,0.43531852970614027,7.700885278268274,8.541691296182892,7,99.0,-0.6499999999999999
17855.0,4,50.0,1.5625,8.690890085526103,4,4,50.0,0.44596827701170233,8.186715360952723,8.690890085526103,4,50.0,0.49
17860.0,5,61.0,1.7428571428571429,7.884926295504038,5,5,33.0,0.35985478447552915,6.421253932066273,7.884926295504038,5,33.0,0.16999999999999998
17865.0,6,90.0,2.5714285714285716,8.910662510267011,6,6,90.0,0.4498865170217417,7.98851806995394,8.910662510267011,6,90.0,-0.5700000000000001
17870.0,3,34.0,0.918918918918919,8.332352399582705,3,3,34.0,0.3816415969962086,7.195840216045398,8.332352399582705,3,34.0,0.56
17875.0,4,39.0,1.1142857142857143,8.727506379638056,4,4,11.0,0.4162772842066462,7.821230643966235,8.727506379638056,4,11.0,0.23000000000000004
17880.0,4,59.0,1.903225806451613,9.250792434415928,4,4,59.0,0.48229079450122475,8.770432343746698,9.250792434415928,4,59.0,-0.48
17885.0,4,41.0,1.1714285714285715,8.095513384279561,4,4,41.0,0.3668360335554551,6.986055792524064,8.095513384279561,4,41.0,0.18
17890.0,4,61.0,1.8484848484848484,9.029710579849757,4,4,39.0,0.48754615845744925,8.921125569388321,9.029710579849757,4,39.0,0.019999999999999962
17895.0,6,84.0,2.4,8.099750261664841,6,6,84.0,0.401589704273401,6.786817751599853,8.099750261664841,6,84.0,-0.44999999999999996
17900.0,6,114.0,3.3529411764705883,8.782245710377463,6,6,114.0,0.4545219633678395,8.072101765430126,8.782245710377463,6,114.0,-0.29999999999999993
17905.0,6,77.0,2.2,8.545542059107316,6,6,77.0,0.4268215521218653,7.710466231815172,8.545542059107316,6,77.0,0.3699999999999999
17910.0,4,93.0,2.8181818181818183,8.876752956741283,4,4,65.0,0.45112464242825684,8.132979123730552,8.876752956741283,4,65.0,0.12
17915.0,5,117.0,3.774193548387097,9.577694341348426,5,5,117.0,0.5220494048370822,9.317236189874713,9.577694341348426,5,117.0,-0.5199999999999999
17920.0,6,85.0,2.5,7.8154064944119375,6,6,85.0,0.33964619577209515,6.463808545000162,7.8154064944119375,6,85.0,0.31999999999999995
17925.0,7,119.0,3.966666666666667,8.620382364931269,7,7,65.0,0.4133936053188341,7.702431801231563,8.620382364931269,7,65.0,0.19999999999999996
17930.0,8,155.0,4.696969696969697,6.9723503097750665,8,8,155.0,0.2826875116344734,5.076750942915308,6.9723503097750665,8,155.0,-0.9
17935.0,7,158.0,4.9375,7.875321508477392,7,7,158.0,0.3393210787991106,6.518441165110548,7.875321508477392,7,158.0,-0.030000000000000027
17940.0,7,193.0,6.655172413793103,7.982381125839553,7,7,172.0,0.38360546132222484,6.848065377049763,7.982381125839553,7,172.0,-0.1399999999999999
17945.0,8,233.0,7.766666666666667,7.131487742610276,8,8,233.0,0.3436776123969833,6.1137431388773535,7.131487742610276,8,233.0,-0.6100000000000001
17950.0,7,117.0,4.0344827586206895,7.792060789024313,7,7,117.0,0.387467928111914,7.370797975281472,7.792060789024313,7,117.0,1.1600000000000001
17955.0,5,74.0,2.3125,6.920999376393445,5,5,12.0,0.30632100642025145,5.85343823850903,6.920999376393445,5,12.0,1.0499999999999998
17960.0,5,98.0,3.0625,8.751294106161627,5,5,98.0,0.4556466014440583,8.303055474028461,8.751294106161627,5,98.0,-0.86
17965.0,7,31.0,0.9393939393939394,7.244441307551001,7,7,31.0,0.35798273555369925,6.399597844345002,7.244441307551001,7,31.0,0.6699999999999999
17970.0,6,48.0,1.5483870967741935,7.733863491064698,6,6,7.0,0.38877987723658297,7.23147032075345,7.733863491064698,6,7.0,0.24
17975.0,6,78.0,2.5161290322580645,8.955754791949335,6,6,78.0,0.4768649726610139,8.760122552319498,8.955754791949335,6,78.0,-0.71
17980.0,6,59.0,1.7352941176470589,7.056104846789311,6,6,59.0,0.3072986691003737,5.787821782020925,7.056104846789311,6,59.0,0.19000000000000006
17985.0,5,68.0,2.125,8.27322902604833,5,5,54.0,0.402750679731596,7.678562302902417,8.27322902604833,5,54.0,0.04999999999999993
17990.0,5,93.0,2.657142857142857,7.6786831555199795,5,5,93.0,0.3452238963822927,6.413228595476369,7.6786831555199795,5,93.0,-0.39
17995.0,7,128.0,3.657142857142857,8.108653295648471,7,7,128.0,0.3751728070724687,7.12765442876618,8.108653295648471,7,128.0,-0.35
18000.0,4,61.0,1.8484848484848484,8.527310124811503,4,4,61.0,0.4085206858404835,7.8668467022567485,8.527310124811503,4,61.0,0.67
18005.0,4,69.0,1.9714285714285715,8.262790230932154,4,4,29.0,0.38272448448658186,7.14032661992836,8.262790230932154,4,29.0,0.32
18010.0,5,93.0,2.8181818181818183,9.129192830259022,5,5,93.0,0.47557713918499533,8.595685452189665,9.129192830259022,5,93.0,-0.6400000000000001
18015.0,3,46.0,1.2777777777777777,7.866833156209869,3,3,46.0,0.35798256735732753,6.519710542636372,7.866833156209869,3,46.0,0.47000000000000003
18020.0,4,64.0,1.8285714285714285,9.247255965046433,4,4,33.0,0.48615501302803377,8.779707011208853,9.247255965046433,4,33.0,0.13
18025.0,7,84.0,2.4,8.731062691511804,7,7,84.0,0.43798408437554437,7.660328283448616,8.731062691511804,7,84.0,-0.51
18030.0,6,112.0,3.2,8.873104958183632,6,6,112.0,0.43162264997652794,7.759415668650328,8.873104958183632,6,112.0,-0.28000000000000014
18035.0,5,87.0,2.71875,9.627229535371757,5,5,87.0,0.5360984469891424,9.801616155693123,9.627229535371757,5,87.0,0.2500000000000001
18040.0,7,115.0,3.484848484848485,8.080330740562111,7,7,65.0,0.354813001139411,6.2386649871282716,8.080330740562111,7,65.0,0.21999999999999997
18045.0,8,155.0,5.0,8.413180292504176,8,8,155.0,0.3844414849924194,6.957414466277229,8.413180292504176,8,155.0,-0.9
18050.0,7,93.0,2.90625,7.266947739548168,7,7,93.0,0.30113704847066547,5.540268712521959,7.266947739548168,7,93.0,0.62
18055.0,6,107.0,3.34375,8.318959346087386,6,6,68.0,0.3720343147029269,6.893644964256122,8.318959346087386,6,68.0,0.25
18060.0,6,137.0,4.724137931034483,8.75055442233045,6,6,137.0,0.4327664341837232,7.790404923055643,8.75055442233045,6,137.0,-0.6900000000000001
18065.0,6,60.0,1.875,7.59343862599487,6,6,60.0,0.33839980797044333,6.324899100959403,7.59343862599487,6,60.0,0.7700000000000001
18070.0,4,60.0,2.0,8.992651475414046,4,4,15.0,0.4385636941713344,8.377727515921535,8.992651475414046,4,15.0,0.44999999999999996
18075.0,5,82.0,2.6451612903225805,8.26634705095165,5,5,82.0,0.3896559276322017,7.229424254029759,8.26634705095165,5,82.0,-0.6699999999999999
18080.0,6,111.0,3.7,8.870305564542424,6,6,111.0,0.4286626014145705,8.178304865877854,8.870305564542424,6,111.0,-0.29000000000000015
18085.0,6,43.0,1.34375,8.277852728607119,6,6,43.0,0.38166152750315163,7.259726420700015,8.277852728607119,6,43.0,0.6800000000000002
18090.0,4,47.0,1.5161290322580645,9.152248203172947,4,4,7.0,0.452120221324692,8.429579377803318,9.152248203172947,4,7.0,0.36
18095.0,4,67.0,2.2333333333333334,9.984491371509108,4,4,67.0,0.547196221493262,9.79962844902903,9.984491371509108,4,67.0,-0.6000000000000001
18100.0,5,18.0,0.5454545454545454,7.958888677951853,5,5,18.0,0.35192676617163815,6.502062305504396,7.958888677951853,5,18.0,0.49000000000000005
18105.0,4,36.0,1.125,9.19429179573203,4,4,4.0,0.47879692736314206,8.801717852183907,9.19429179573203,4,4.0,0.13999999999999999
18110.0,5,57.0,1.7272727272727273,8.505662020092373,5,5,57.0,0.40538608988873054,7.056690298080373,8.505662020092373,5,57.0,-0.5299999999999999
18115.0,6,70.0,2.1875,8.42033346938307,5,6,69.0,0.43448510727189754,7.9275648654694395,8.42033346938307,5,69.0,-0.12
18120.0,5,94.0,3.1333333333333333,8.644621288610644,5,5,82.0,0.41684455865004677,7.669708732704221,8.644621288610644,5,82.0,-0.13
18125.0,8,127.0,3.8484848484848486,7.520532653657057,8,8,127.0,0.30388371938686337,5.670106884808942,7.520532653657057,8,127.0,-0.45000000000000007
18130.0,5,73.0,2.3548387096774195,8.394188496491811,5,5,73.0,0.41143379442620004,7.750145663499535,8.394188496491811,5,73.0,0.54
18135.0,5,85.0,2.65625,7.835262726911266,5,5,48.0,0.3716307404146811,6.879534588291901,7.835262726911266,5,48.0,0.25
18140.0,6,113.0,3.53125,8.982089847721014,6,6,113.0,0.4556415351711264,8.432242076359117,8.982089847721014,6,113.0,-0.6499999999999999
18145.0,6,40.0,1.1764705882352942,8.150289056576716,6,6,40.0,0.3790461430993315,7.378107435964544,8.150289056576716,6,40.0,0.7299999999999999
18150.0,4,46.0,1.3529411764705883,8.92552390440172,4,4,5.0,0.4324438485485962,8.32752433214471,8.92552390440172,4,5.0,0.35000000000000003
18155.0,4,66.0,2.0625,9.724059137185696,4,4,66.0,0.5151615011254836,9.590858790900871,9.724059137185696,4,66.0,-0.61
18160.0,4,18.0,0.6,7.949292063404142,4,4,18.0,0.3663441425380307,6.993972996897687,7.949292063404142,4,18.0,0.48000000000000004
18165.0,4,38.0,1.2666666666666666,9.241801359678258,4,4,7.0,0.4707618638281644,8.903004833778011,9.241801359678258,4,7.0,0.10999999999999999
18170.0,5,59.0,1.9666666666666666,8.054315122167138,5,5,59.0,0.3831078409354551,6.597103512119037,8.054315122167138,5,59.0,-0.52
18175.0,6,73.0,2.433333333333333,8.720273109045205,5,6,72.0,0.4447216992904106,8.315736188983257,8.720273109045205,5,72.0,-0.13
18180.0,5,97.0,3.2333333333333334,8.713256560515736,5,5,86.0,0.3980285157673028,7.390160041518044,8.713256560515736,5,86.0,-0.14
18185.0,8,132.0,3.8823529411764706,7.684383068316472,8,8,132.0,0.3107188933390821,5.7830243082302495,7.684383068316472,8,132.0,-0.4600000000000001
18190.0,5,78.0,2.3636363636363638,8.592183226783696,5,5,78.0,0.4184453117900873,7.9058439759888515,8.592183226783696,5,78.0,0.54
18195.0,4,89.0,2.696969696969697,8.037597788984499,4,4,51.0,0.3678547249062209,7.022423626050353,8.037597788984499,4,51.0,0.27
18200.0,6,118.0,3.806451612903226,8.867131555047859,6,6,118.0,0.44005006056637386,8.418933328904888,8.867131555047859,6,118.0,-0.6699999999999999
18205.0,5,42.0,1.3125,8.095905840890032,5,5,42.0,0.3846391979399462,7.546247221936765,8.095905840890032,5,42.0,0.76
18210.0,4,48.0,1.6,8.736254830687114,4,4,6.0,0.42898168175829,8.440337202147024,8.736254830687114,4,6.0,0.36
18215.0,4,68.0,2.2666666666666666,9.540062234151712,4,4,68.0,0.49960016148248815,9.4991194280845,9.540062234151712,4,68.0,-0.6200000000000001
18220.0,7,94.0,2.9375,7.881115219223141,7,7,94.0,0.3652868165076567,6.692480909467081,7.881115219223141,7,94.0,-0.2599999999999999
18225.0,7,129.0,4.161290322580645,9.001047116238686,7,7,129.0,0.41774459450640694,8.002794200925766,9.001047116238686,7,129.0,-0.3500000000000001
18230.0,9,166.0,5.03030303030303,7.251538205628001,9,9,166.0,0.25266672473817187,4.874601658529903,7.251538205628001,9,166.0,-0.3699999999999999
18235.0,7,97.0,3.2333333333333334,8.094272324359919,7,7,97.0,0.33476953969821593,6.498987095785734,8.094272324359919,7,97.0,0.69
18240.0,5,98.0,3.2666666666666666,8.761525410649263,5,5,50.0,0.39907895416389405,7.518687279159707,8.761525410649263,5,50.0,0.47
18245.0,7,128.0,3.764705882352941,8.16588777685978,7,7,128.0,0.3570926184042113,6.683091834059969,8.16588777685978,7,128.0,-0.78
18250.0,7,163.0,5.09375,8.603797923052909,7,7,163.0,0.39017770447245975,7.520922147244302,8.603797923052909,7,163.0,-0.34999999999999987
18255.0,5,88.0,2.75,7.602025980349459,5,5,88.0,0.32554182018950234,6.217894571013033,7.602025980349459,5,88.0,0.7499999999999999
18260.0,4,92.0,2.967741935483871,9.12170032934766,4,4,48.0,0.4499743541034033,8.570123164613374,9.12170032934766,4,48.0,0.4
18265.0,7,112.0,3.5,8.406986877869663,7,7,112.0,0.40637463439401145,7.494173436000567,8.406986877869663,7,112.0,-0.6400000000000001
18270.0,4,25.0,0.8333333333333334,8.291802839738859,4,4,25.0,0.41067438605832174,7.746731970639059,8.291802839738859,4,25.0,0.8700000000000001
18275.0,2,15.0,0.5172413793103449,9.53961184074096,2,2,-31.0,0.5089396601597134,9.462593604949916,9.53961184074096,2,-31.0,0.56
18280.0,4,29.0,0.90625,8.545023776850405,4,4,29.0,0.4152227985484933,7.469945750503943,8.545023776850405,4,29.0,-0.6
18285.0,4,35.0,1.09375,9.302978259852246,4,4,35.0,0.48122666040162276,8.890339820061017,9.302978259852246,4,35.0,-0.06
18290.0,5,56.0,1.6470588235294117,8.230224826150877,5,5,44.0,0.35854208183410197,6.355963337720659,8.230224826150877,5,44.0,-0.09000000000000002
18295.0,6,86.0,2.606060606060606,8.940101531853857,6,6,86.0,0.4298783805391291,7.678447640151681,8.940101531853857,6,86.0,-0.42
18300.0,4,87.0,2.71875,9.325641803809596,4,4,87.0,0.4633724284055148,8.508406108123243,9.325641803809596,4,87.0,-0.010000000000000009
18305.0,6,113.0,3.4242424242424243,8.25059569350117,6,6,100.0,0.3504024738956234,6.480892232513846,8.25059569350117,6,100.0,-0.13
18310.0,6,143.0,4.612903225806452,9.033057630405041,6,6,143.0,0.43956684507158594,8.05427368253526,9.033057630405041,6,143.0,-0.42999999999999994
18315.0,4,64.0,2.0,7.69455628113214,4,4,64.0,0.3353843479675797,6.3926333310643,7.69455628113214,4,64.0,0.7899999999999999
18320.0,4,69.0,2.225806451612903,9.189258286987103,4,4,26.0,0.4511156058088414,8.682853607718478,9.189258286987103,4,26.0,0.38
18325.0,6,89.0,2.870967741935484,8.504779956788223,6,6,89.0,0.42145042908035985,7.77933314756591,8.504779956788223,6,89.0,-0.63
18330.0,5,101.0,3.2580645161290325,8.390541809698124,5,5,101.0,0.4233322520491064,7.97728321411613,8.390541809698124,5,101.0,-0.12
18335.0,5,126.0,4.064516129032258,9.624225892677156,5,5,116.0,0.49496091117685737,9.182734463348522,9.624225892677156,5,116.0,-0.1499999999999999
18340.0,8,156.0,5.032258064516129,7.923447051930859,8,8,156.0,0.3527108849640749,6.249860750089551,7.923447051930859,8,156.0,-0.40000000000000013
18345.0,5,105.0,3.5,8.597213417886481,5,5,105.0,0.4094704291060048,7.65983617657594,8.597213417886481,5,105.0,0.51
18350.0,5,118.0,3.806451612903226,8.158264404102463,5,5,81.0,0.3672025967638728,6.702100423883057,8.158264404102463,5,81.0,0.24
18355.0,6,145.0,4.67741935483871,9.038477244790503,6,6,145.0,0.4280002417327061,7.7829967019393616,9.038477244790503,6,145.0,-0.6399999999999999
18360.0,5,168.0,5.793103448275862,8.93906991096169,5,5,168.0,0.43689629238600675,7.979010245515749,8.93906991096169,5,168.0,-0.22999999999999998
18365.0,6,197.0,6.354838709677419,8.051359589085877,6,6,195.0,0.3612865961871447,6.522024633668508,8.051359589085877,6,195.0,-0.27
18370.0,7,231.0,7.7,8.791031825734724,7,7,231.0,0.4232110012895406,7.678486727110711,8.791031825734724,7,231.0,-0.3600000000000001
18375.0,6,160.0,5.161290322580645,7.318402196811861,6,6,160.0,0.3281500752024339,5.935287318770118,7.318402196811861,6,160.0,0.71
18380.0,5,169.0,5.451612903225806,8.792049657363254,5,5,126.0,0.4498069344083162,8.003530734469146,8.792049657363254,5,126.0,0.3400000000000001
18385.0,7,194.0,6.0625,8.415654996113751,7,7,194.0,0.4335562364853269,7.4815938504499275,8.415654996113751,7,194.0,-0.6799999999999999
18390.0,6,210.0,6.774193548387097,7.787687313277395,6,6,210.0,0.38981792286171724,6.898522553723985,7.787687313277395,6,210.0,-0.16000000000000014
18395.0,6,240.0,8.0,9.103658429473297,6,6,229.0,0.48019997103129675,8.470042783494211,9.103658429473297,6,229.0,-0.18999999999999995
18400.0,7,271.0,8.212121212121213,8.23855789722019,7,7,271.0,0.39838187767061534,6.9621431141639585,8.23855789722019,7,271.0,-0.41999999999999993
18405.0,6,222.0,7.161290322580645,8.34964185781846,6,6,222.0,0.386815056868705,7.419006727693964,8.34964185781846,6,222.0,0.48999999999999977
18410.0,5,246.0,7.6875,7.386112211123968,5,5,212.0,0.3178020647424088,5.737049169651852,7.386112211123968,5,212.0,0.10000000000000009
18415.0,7,281.0,9.064516129032258,8.405397947354427,7,7,281.0,0.4222194148017229,7.290223699724008,8.405397947354427,7,281.0,-0.69
18420.0,4,252.0,8.129032258064516,8.885792966044074,4,4,252.0,0.4616937990747689,8.259595509888285,8.885792966044074,4,252.0,0.29000000000000004
18425.0,5,274.0,8.303030303030303,8.120408452852448,5,5,246.0,0.370738346698052,6.94194326711025,8.120408452852448,5,246.0,0.06000000000000005
18430.0,6,303.0,9.46875,8.958999938235173,6,6,303.0,0.44961337730208106,8.209244593142335,8.958999938235173,6,303.0,-0.5699999999999998
18435.0,5,49.0,1.4848484848484849,7.548130524361824,5,5,49.0,0.34073864175053287,6.372771040953533,7.548130524361824,5,49.0,2.54
18440.0,6,78.0,2.5161290322580645,8.70229149472266,6,6,-74.0,0.43650651098012044,8.056565429188646,8.70229149472266,6,-74.0,1.23
18445.0,9,108.0,3.272727272727273,8.031726498293326,9,9,108.0,0.3877294739918743,7.068981704373507,8.031726498293326,9,108.0,-1.82
18450.0,6,65.0,2.03125,8.221395991169917,6,6,65.0,0.3993308172553871,7.595061147383102,8.221395991169917,6,65.0,0.43000000000000005
18455.0,5,86.0,2.774193548387097,8.749517993448153,5,5,51.0,0.45029531324155,8.197366532009216,8.749517993448153,5,51.0,0.14
18460.0,8,117.0,3.4411764705882355,7.365948268313895,8,8,117.0,0.3386959144023579,5.776396592582293,7.365948268313895,8,117.0,-0.6599999999999999
18465.0,5,69.0,2.090909090909091,8.129290425734752,5,5,69.0,0.4018812634123705,7.3743863362224396,8.129290425734752,5,69.0,0.48
18470.0,4,82.0,2.411764705882353,8.4053560705844,4,4,48.0,0.40309299305215973,7.529466825846885,8.4053560705844,4,48.0,0.20999999999999996
18475.0,6,106.0,3.212121212121212,8.745366916831296,6,6,106.0,0.41163258035941713,7.966317501607236,8.745366916831296,6,106.0,-0.5800000000000001
18480.0,3,35.0,1.0606060606060606,8.609854448500181,3,3,35.0,0.3971033945396649,7.7041419206025115,8.609854448500181,3,35.0,0.7100000000000001
18485.0,4,45.0,1.3235294117647058,8.284678067278191,4,4,6.0,0.3656659020018708,7.061431936586352,8.284678067278191,4,6.0,0.29
18490.0,4,65.0,2.096774193548387,9.418425674832875,4,4,65.0,0.48207542349495597,8.911251462267938,9.418425674832875,4,65.0,-0.5900000000000001
18495.0,5,52.0,1.5757575757575757,8.280598835187122,5,5,52.0,0.381390676368841,7.324026229505106,8.280598835187122,5,52.0,0.13
18500.0,6,80.0,2.4242424242424243,9.231881779595673,6,6,49.0,0.4309755196476971,8.625835536102601,9.231881779595673,6,49.0,0.030000000000000027
18505.0,9,110.0,3.235294117647059,7.611552594976363,9,9,110.0,0.3061275579803238,5.923454537683995,7.611552594976363,9,110.0,-0.6100000000000001
18510.0,6,71.0,2.088235294117647,8.28906806709999,6,6,71.0,0.3707610843178472,7.290607795167593,8.28906806709999,6,71.0,0.3900000000000001
18515.0,5,92.0,2.967741935483871,9.030407086549339,5,5,59.0,0.4570084020573522,8.609051507766848,9.030407086549339,5,59.0,0.12
18520.0,7,120.0,3.75,8.063472643068831,7,7,120.0,0.3900860080487607,7.227576628198689,8.063472643068831,7,120.0,-0.61
18525.0,7,155.0,5.0,8.301965457418087,7,7,155.0,0.4107934939731081,7.760457356411509,8.301965457418087,7,155.0,-0.3500000000000001
18530.0,9,192.0,6.0,6.997525649175878,9,9,192.0,0.2924849528171728,5.375028041278487,6.997525649175878,9,192.0,-0.3699999999999999
18535.0,10,241.0,7.774193548387097,7.296664936518232,10,10,241.0,0.29798896213475956,5.794620584741083,7.296664936518232,10,241.0,-0.4900000000000002
18540.0,7,152.0,5.066666666666666,7.512893918387669,7,7,152.0,0.32092994626974924,6.357369324387481,7.512893918387669,7,152.0,0.8900000000000001
18545.0,7,150.0,4.6875,6.929908151533759,7,7,97.0,0.2989641804630946,5.880886560037228,6.929908151533759,7,97.0,0.55
18550.0,7,185.0,5.967741935483871,7.861959327133884,7,7,185.0,0.3844236410474228,7.289504506497771,7.861959327133884,7,185.0,-0.8800000000000001
18555.0,8,83.0,2.515151515151515,6.587697977501435,8,8,83.0,0.28903430773778604,5.520633376339971,6.587697977501435,8,83.0,1.02
18560.0,5,68.0,2.125,8.599033759316024,5,5,15.0,0.4162042614208124,7.9874174405395095,8.599033759316024,5,15.0,0.6799999999999999
18565.0,8,93.0,2.657142857142857,8.421112914704317,8,8,93.0,0.3999691501791238,7.491785471253234,8.421112914704317,8,93.0,-0.78
18570.0,6,45.0,1.2857142857142858,8.290636793721529,6,6,45.0,0.37896610610954373,7.2783063485801565,8.290636793721529,6,45.0,0.48000000000000004
18575.0,5,69.0,2.15625,9.1679101716757,5,5,35.0,0.45853840872838664,8.624436181320636,9.1679101716757,5,35.0,0.10000000000000003
18580.0,7,98.0,3.0625,7.92979557716162,7,7,98.0,0.36043964836507664,6.671665278400984,7.92979557716162,7,98.0,-0.63
18585.0,5,53.0,1.65625,8.434227206888718,5,5,53.0,0.3943885703565179,7.78081938261239,8.434227206888718,5,53.0,0.44999999999999996
18590.0,6,67.0,1.9705882352941178,7.75360735113948,6,6,39.0,0.32093734047845457,6.221177425328447,7.75360735113948,6,39.0,0.14
18595.0,6,96.0,2.909090909090909,8.787268481841357,6,6,96.0,0.4069883952488937,7.769986050016701,8.787268481841357,6,96.0,-0.57
18600.0,3,39.0,1.21875,8.901970891981023,3,3,39.0,0.4269366394128375,8.231833609636022,8.901970891981023,3,39.0,0.57
18605.0,4,45.0,1.2857142857142858,8.585000251140107,4,4,17.0,0.3806611439545897,7.448810492233965,8.585000251140107,4,17.0,0.22
18610.0,4,65.0,1.911764705882353,9.675193783404593,4,4,65.0,0.4869243458520953,9.14229770506276,9.675193783404593,4,65.0,-0.48
18615.0,6,55.0,1.4864864864864864,8.262364410696062,6,6,55.0,0.360441094140191,6.616912726649769,8.262364410696062,6,55.0,0.09999999999999998
18620.0,6,85.0,2.5,9.508810007179546,6,6,56.0,0.4544545342777351,8.280875322877066,9.508810007179546,6,56.0,-0.010000000000000009
18625.0,8,115.0,3.484848484848485,8.648749459366249,8,8,115.0,0.3814834924566764,6.981081634791534,8.648749459366249,8,115.0,-0.5899999999999999
18630.0,6,71.0,2.3666666666666667,8.490580481654531,6,6,71.0,0.3892862476073875,7.273006129256283,8.490580481654531,6,71.0,0.43999999999999995
18635.0,5,93.0,3.1,9.102064943773096,5,5,59.0,0.4620799384574068,8.382088856236162,9.102064943773096,5,59.0,0.12
18640.0,7,122.0,3.696969696969697,7.8926964486112565,7,7,122.0,0.3387900873275063,6.104451278828792,7.8926964486112565,7,122.0,-0.63
18645.0,5,69.0,2.3,8.305398111089755,5,5,69.0,0.4104486342594958,7.643125248797912,8.305398111089755,5,69.0,0.53
18650.0,4,83.0,2.59375,7.41744678756945,4,4,45.0,0.3110429357377814,5.534145684722548,7.41744678756945,4,45.0,0.23999999999999994
18655.0,6,113.0,3.7666666666666666,8.487068524027485,6,6,113.0,0.4221677872324262,7.385409463458162,8.487068524027485,6,113.0,-0.6799999999999999
18660.0,3,40.0,1.4285714285714286,9.261192974480272,3,3,40.0,0.5102320414616305,9.146564353014089,9.261192974480272,3,40.0,0.7299999999999999
18665.0,3,42.0,1.3548387096774193,8.903227964705692,3,3,1.0,0.4376761084586003,8.197030805433638,8.903227964705692,3,1.0,0.39
18670.0,3,57.0,1.9,9.754889424574037,3,3,57.0,0.5131982202282942,9.382123932906753,9.754889424574037,3,57.0,-0.5599999999999999
18675.0,5,44.0,1.375,8.1801131466467,5,5,44.0,0.3725457198929651,6.962898591476718,8.1801131466467,5,44.0,0.12999999999999995
18680.0,6,74.0,2.3125,9.50270086410778,6,6,44.0,0.45281125542412304,8.432112355615523,9.50270086410778,6,44.0,0.0
18685.0,8,104.0,3.1515151515151514,8.431576390853945,8,8,104.0,0.3615178587603501,6.629915591712371,8.431576390853945,8,104.0,-0.6000000000000001
18690.0,6,64.0,2.0,8.373350473262281,6,6,64.0,0.3720338273265045,7.016814422918136,8.373350473262281,6,64.0,0.4
18695.0,5,85.0,2.7419354838709675,9.443002868888467,5,5,50.0,0.47669343163591904,8.83328381653001,9.443002868888467,5,50.0,0.14
18700.0,8,114.0,3.6774193548387095,7.537974435044756,8,8,114.0,0.3251730622259893,5.9685531513976615,7.537974435044756,8,114.0,-0.6399999999999999
18705.0,7,147.0,4.9,8.266223471804755,7,7,147.0,0.38655234617916673,7.512796013260129,8.266223471804755,7,147.0,-0.33000000000000007
18710.0,8,183.0,5.71875,7.139367675221468,8,8,181.0,0.26834067501165826,5.177244028387401,7.139367675221468,8,181.0,-0.3400000000000001
18715.0,10,232.0,7.733333333333333,7.658679986827597,10,10,232.0,0.31311403900392754,6.157009359039928,7.658679986827597,10,232.0,-0.5099999999999998
18720.0,7,152.0,5.428571428571429,7.874840608568241,7,7,152.0,0.35798420434392736,6.879510398933253,7.874840608568241,7,152.0,0.7999999999999998
18725.0,7,153.0,4.935483870967742,7.154570720823119,7,7,108.0,0.3222111422600404,5.984767762716243,7.154570720823119,7,108.0,0.43999999999999995
18730.0,7,188.0,6.064516129032258,8.33838386095526,7,7,188.0,0.41455452630996253,7.507957053516838,8.33838386095526,7,188.0,-0.7999999999999998
18735.0,10,229.0,7.15625,6.848521101441111,10,10,229.0,0.30137451240650326,5.508277485167486,6.848521101441111,10,229.0,-0.41000000000000014
18740.0,11,283.0,8.84375,7.767322669056487,11,11,283.0,0.32556131767287905,6.406483521451288,7.767322669056487,11,283.0,-0.54
18745.0,15,339.0,9.970588235294118,6.560257265103155,15,15,339.0,0.24801183959900888,4.931787783817819,6.560257265103155,15,339.0,-0.56
18750.0,11,326.0,10.1875,6.87921123798924,11,11,326.0,0.29176793691598274,5.848789802021846,6.87921123798924,11,326.0,0.13000000000000034
18755.0,10,372.0,12.0,7.139201390977856,10,10,336.0,0.3211228177972849,6.248871923975398,7.139201390977856,10,336.0,-0.10000000000000009
18760.0,13,430.0,13.4375,6.015742069443555,13,13,430.0,0.269681716015918,5.0171034548582085,6.015742069443555,13,430.0,-0.94
18765.0,11,260.0,8.125,6.749801329972806,10,11,259.0,0.30894804028088285,6.041306103488589,6.749801329972806,10,259.0,1.71
18770.0,9,127.0,3.6285714285714286,6.011672086224863,9,9,41.0,0.2168576630996152,4.258052352307986,6.011672086224863,9,41.0,2.1799999999999997
18775.0,7,158.0,4.647058823529412,7.324304201174437,7,7,158.0,0.32101219250067836,6.125109095214643,7.324304201174437,7,158.0,-1.1700000000000002
18780.0,10,193.0,5.676470588235294,6.511891608681879,10,10,193.0,0.26800032958244163,5.109937705308727,6.511891608681879,10,193.0,-0.34999999999999987
18785.0,14,260.0,7.222222222222222,6.02900803075514,14,14,255.0,0.23873857536264148,4.474487874342277,6.02900803075514,14,255.0,-0.6199999999999999
18790.0,14,330.0,9.705882352941176,6.905647429636879,14,14,330.0,0.29493539437454114,5.601732246384605,6.905647429636879,14,330.0,-0.75
18795.0,16,402.0,10.864864864864865,5.966298364507931,16,16,402.0,0.21224256370379438,4.132373681449663,5.966298364507931,16,402.0,-0.7199999999999998
18800.0,13,413.0,11.472222222222221,6.846687448173083,13,13,413.0,0.28174397287849545,5.512756096415441,6.846687448173083,13,413.0,-0.11000000000000032
18805.0,13,371.0,9.512820512820513,6.309310224068673,13,13,352.0,0.245389491275789,4.701459956513041,6.309310224068673,13,352.0,0.6099999999999999
18810.0,10,419.0,10.743589743589743,7.662051848827573,10,10,419.0,0.3392881493808576,6.43340141869267,7.662051848827573,10,419.0,-0.6700000000000004
18815.0,10,242.0,6.722222222222222,7.081558031267072,10,10,242.0,0.29979353533109193,5.8134737433140415,7.081558031267072,10,242.0,1.7700000000000005
18820.0,8,109.0,2.8684210526315788,6.656180372521029,8,8,31.0,0.26195953345600065,5.075889501604791,6.656180372521029,8,31.0,2.11
18825.0,9,148.0,4.0,7.257426240320089,9,9,148.0,0.30704049552516544,5.804928523854894,7.257426240320089,9,148.0,-1.17
18830.0,11,154.0,3.948717948717949,5.953577089639838,11,11,154.0,0.22414044137363842,4.240030332081595,5.953577089639838,11,154.0,-0.06000000000000005
18835.0,11,177.0,4.916666666666667,6.653626564866412,11,11,164.0,0.289648431152452,5.412810709635462,6.653626564866412,11,164.0,-0.09999999999999987
18840.0,11,232.0,6.628571428571429,7.174810825083511,11,11,232.0,0.32341350209755376,5.8630936146167825,7.174810825083511,11,232.0,-0.6799999999999999
18845.0,13,246.0,6.3076923076923075,6.355669107210773,12,13,245.0,0.2511244710086228,4.686328228392953,6.355669107210773,12,245.0,-0.13000000000000034
18850.0,10,239.0,6.128205128205129,7.284802442936838,10,10,225.0,0.2850633494878836,5.371265635980252,7.284802442936838,10,225.0,0.20000000000000018
18855.0,9,278.0,6.619047619047619,6.955054658147814,9,9,278.0,0.2725133491197401,5.02401917266312,6.955054658147814,9,278.0,-0.5299999999999998
18860.0,12,198.0,4.95,7.158048911492253,12,12,198.0,0.30578022378639885,5.7281503927149116,7.158048911492253,12,198.0,0.7999999999999998
18865.0,16,263.0,6.575,6.085895048432353,16,16,166.0,0.23004450330988513,4.368632923754337,6.085895048432353,16,166.0,0.32000000000000006
18870.0,16,342.0,8.55,6.813326097842301,16,16,342.0,0.27300011148548414,5.1016804317421025,6.813326097842301,16,342.0,-1.76
18875.0,13,337.0,8.868421052631579,6.6531922059073825,13,13,337.0,0.28743692322472525,5.2001978872574846,6.6531922059073825,13,337.0,0.04999999999999982
18880.0,15,394.0,9.85,5.909447174505659,15,15,366.0,0.22324474666551666,4.142616103214951,5.909447174505659,15,366.0,-0.29000000000000004
18885.0,15,469.0,12.342105263157896,6.5562366112367725,15,15,469.0,0.28635085302894037,5.203006838638417,6.5562366112367725,15,469.0,-1.0300000000000002
18890.0,14,334.0,8.35,5.811762174139997,14,14,334.0,0.22949657849850397,4.268474143515491,5.811762174139997,14,334.0,1.3500000000000005
18895.0,10,259.0,6.815789473684211,6.844870509330097,10,10,180.0,0.2866911411528863,5.420344211744236,6.844870509330097,10,180.0,1.5399999999999998
18900.0,10,309.0,8.35135135135135,7.092841795853166,10,10,309.0,0.3043264052876543,5.507810317933704,7.092841795853166,10,309.0,-1.2899999999999998
18905.0,12,229.0,5.725,6.287687898038158,12,12,229.0,0.2437597951944556,4.563206316549531,6.287687898038158,12,229.0,0.7999999999999998
18910.0,8,92.0,2.358974358974359,7.4951389884685335,8,8,48.0,0.3108554544591979,5.979262976692339,7.4951389884685335,8,48.0,1.81
18915.0,7,117.0,2.8536585365853657,7.4877905943575485,7,7,117.0,0.30816914973390097,5.943822015871033,7.4877905943575485,7,117.0,-0.69
18920.0,9,118.0,2.95,7.730372701609719,9,9,118.0,0.3208351891168235,6.4055758997871,7.730372701609719,9,118.0,-0.010000000000000009
18925.0,16,174.0,4.142857142857143,6.818076491288508,16,16,152.0,0.24200578977912274,4.766280863464472,6.818076491288508,16,152.0,-0.3400000000000001
18930.0,13,239.0,5.829268292682927,7.6227696698080525,13,13,239.0,0.3116118677680725,6.016644163245197,7.6227696698080525,13,239.0,-0.8700000000000001
18935.0,10,253.0,6.325,7.485803578190344,10,10,253.0,0.29049032943725106,5.724299541288097,7.485803578190344,10,253.0,-0.13999999999999968
18940.0,10,255.0,6.219512195121951,7.111406255102904,10,10,242.0,0.2693985970742745,5.14481042919795,7.111406255102904,10,242.0,0.10999999999999988
18945.0,10,305.0,8.026315789473685,7.936483567051044,10,10,305.0,0.3615987542162755,6.747907240431629,7.936483567051044,10,305.0,-0.6299999999999999
18950.0,12,357.0,8.707317073170731,6.5948227299662285,12,12,357.0,0.2661158557360099,4.689042635500481,6.5948227299662285,12,357.0,-0.52
18955.0,11,326.0,8.578947368421053,6.994430593244464,10,11,325.0,0.30440231176976856,5.519545486919139,6.994430593244464,10,325.0,0.31999999999999984
18960.0,10,375.0,10.135135135135135,7.1573818961872435,10,10,304.0,0.29644525332648725,5.343487894863848,7.1573818961872435,10,304.0,0.20999999999999996
18965.0,12,431.0,11.051282051282051,6.596534932849745,12,12,431.0,0.2584083609798133,4.848696947472379,6.596534932849745,12,431.0,-1.2699999999999996
18970.0,13,495.0,13.026315789473685,6.959302475439303,13,13,495.0,0.27743525653497264,5.3015832539567205,6.959302475439303,13,495.0,-0.6400000000000006
18975.0,12,348.0,8.7,6.366897276195772,12,12,348.0,0.23199130365052043,4.525808354836444,6.366897276195772,12,348.0,1.4700000000000002
18980.0,8,142.0,3.55,7.633155759011186,8,8,74.0,0.32440822472378483,6.171789908765111,7.633155759011186,8,74.0,2.74
18985.0,9,144.0,3.6,7.296481292362651,9,9,144.0,0.31369323223692913,5.769290148903123,7.296481292362651,9,144.0,-0.7
18990.0,8,70.0,1.794871794871795,7.588468722153929,8,8,70.0,0.3333158013024688,6.358375563928315,7.588468722153929,8,70.0,0.74
18995.0,10,93.0,2.5833333333333335,7.3608840156144595,10,10,46.0,0.31698595029863924,6.1299128324972685,7.3608840156144595,10,46.0,0.23999999999999994
19000.0,11,142.0,3.736842105263158,6.671553593169892,11,11,142.0,0.27069589351257634,5.163909551654494,6.671553593169892,11,142.0,-0.96
19005.0,12,159.0,4.542857142857143,6.500025738035573,12,12,159.0,0.2690847272127329,5.354287351815649,6.500025738035573,12,159.0,-0.17000000000000015
19010.0,10,155.0,4.1891891891891895,5.756518869306824,10,10,142.0,0.2289021409956116,4.350010073867577,5.756518869306824,10,142.0,0.17000000000000015
19015.0,10,205.0,5.54054054054054,7.370239841218531,10,10,205.0,0.33203871322304673,6.23506932792203,7.370239841218531,10,205.0,-0.6299999999999999
19020.0,10,207.0,5.75,6.667076670196084,10,10,207.0,0.28416831985505775,5.3414440585270135,6.667076670196084,10,207.0,-0.020000000000000018
19025.0,13,252.0,6.461538461538462,6.409874350157876,12,13,236.0,0.25957315203223774,4.85202927931889,6.409874350157876,12,236.0,-0.29000000000000004
19030.0,11,304.0,7.794871794871795,7.1466875081100465,11,11,304.0,0.29819331444630237,5.6314484945063334,7.1466875081100465,11,304.0,-0.6800000000000002
19035.0,13,320.0,7.804878048780488,6.3984331304621005,13,13,320.0,0.2343711846162517,4.4702058835299425,6.3984331304621005,13,320.0,-0.16000000000000014
19040.0,11,361.0,8.804878048780488,7.553119111313876,11,11,347.0,0.33010444670002465,6.121437591871535,7.553119111313876,11,347.0,-0.27
19045.0,13,416.0,10.4,7.247972190269612,13,13,416.0,0.298009638855162,5.508885843824169,7.247972190269612,13,416.0,-0.69
19050.0,12,431.0,11.342105263157896,7.060748709337993,11,12,430.0,0.30128894015647967,5.832246417731038,7.060748709337993,11,430.0,-0.13999999999999968
19055.0,10,476.0,12.526315789473685,7.52702875222587,10,10,462.0,0.3075524347260218,5.938819766496864,7.52702875222587,10,462.0,-0.3200000000000003
19060.0,13,533.0,14.026315789473685,6.722660791795095,13,13,533.0,0.263475867646934,4.826945237312739,6.722660791795095,13,533.0,-0.71
19065.0,13,598.0,16.16216216216216,6.715315626933736,13,13,598.0,0.28777643324835983,5.193176906760219,6.715315626933736,13,598.0,-0.6500000000000004
19070.0,12,582.0,14.923076923076923,5.895365976912969,12,12,582.0,0.21560630874815268,4.002151716072466,5.895365976912969,12,582.0,0.16000000000000014
19075.0,14,651.0,16.692307692307693,6.695802805003344,14,14,584.0,0.2620308095550498,4.885996174748077,6.695802805003344,14,584.0,-0.019999999999999574
19080.0,14,721.0,19.486486486486488,6.72931201713578,14,14,721.0,0.2688077855922513,5.017664357189292,6.72931201713578,14,721.0,-1.37
19085.0,14,471.0,11.775,6.104742721328772,14,14,471.0,0.2122706216873181,4.244397047614061,6.104742721328772,14,471.0,2.5
19090.0,9,194.0,4.9743589743589745,7.418993737225485,9,9,80.0,0.3175899227668782,6.1362265242330825,7.418993737225485,9,80.0,3.91
19095.0,8,161.0,3.926829268292683,7.114302252651807,8,8,161.0,0.29859036531193395,5.738839110893904,7.114302252651807,8,161.0,-0.81
19100.0,8,155.0,4.078947368421052,7.4692595869647365,8,8,155.0,0.3325457696034882,6.597128210305903,7.4692595869647365,8,155.0,0.06000000000000005
19105.0,16,210.0,5.25,6.148982899903619,16,16,186.0,0.2359588290180952,4.607235646717754,6.148982899903619,16,186.0,-0.31000000000000005
19110.0,14,280.0,7.17948717948718,6.945654164673899,14,14,280.0,0.29709600244678924,5.736081932939999,6.945654164673899,14,280.0,-0.9399999999999997
19115.0,14,350.0,8.974358974358974,6.861918394939689,14,14,350.0,0.26411950168978476,5.33711892930396,6.861918394939689,14,350.0,-0.7000000000000002
19120.0,17,429.0,10.725,6.025322191689893,17,17,429.0,0.20293613268948202,4.123084870190441,6.025322191689893,17,429.0,-0.79
19125.0,17,514.0,14.277777777777779,5.885021438485696,17,17,514.0,0.22406697076711918,4.539453076446384,5.885021438485696,17,514.0,-0.8499999999999996
19130.0,17,509.0,13.051282051282051,5.024728371044149,17,17,509.0,0.166412910424128,3.348574113846149,5.024728371044149,17,509.0,0.04999999999999982
19135.0,12,430.0,11.025641025641026,6.269434428103485,12,12,402.0,0.25698914322585986,4.925794783856163,6.269434428103485,12,402.0,1.0700000000000003
19140.0,10,453.0,11.615384615384615,6.740315954554704,10,10,453.0,0.2980576351647172,5.3922978027560715,6.740315954554704,10,453.0,-0.5100000000000007
19145.0,12,257.0,5.976744186046512,6.2324133008595854,12,12,257.0,0.25314793810790087,4.7232123764118095,6.2324133008595854,12,257.0,1.9600000000000004
19150.0,10,102.0,2.4285714285714284,6.72619706434195,10,10,9.0,0.28373035629516635,5.094833427957568,6.72619706434195,10,9.0,2.48
19155.0,11,142.0,3.4634146341463414,6.6835036979441025,11,11,142.0,0.28600292472954386,5.065092975058559,6.6835036979441025,11,142.0,-1.3299999999999998
19160.0,11,152.0,4.0,6.869418142935561,11,11,152.0,0.31233046004593645,5.578753042253202,6.869418142935561,11,152.0,-0.10000000000000009
19165.0,12,146.0,3.65,6.947120510577113,12,12,133.0,0.30449560555837685,5.472373518788112,6.947120510577113,12,133.0,0.18999999999999995
19170.0,11,198.0,5.076923076923077,7.682412226413549,11,11,198.0,0.3471251622101857,6.348076053861298,7.682412226413549,11,198.0,-0.6499999999999999
19175.0,11,124.0,3.1794871794871793,7.2463711077749755,11,11,124.0,0.3026168957897803,5.706616369563136,7.2463711077749755,11,124.0,0.74
19180.0,12,150.0,3.658536585365854,6.454474675493775,12,12,99.0,0.2536894813251565,4.685857849359611,6.454474675493775,12,99.0,0.25
19185.0,12,210.0,5.25,7.363522373713385,12,12,210.0,0.3212674943323374,5.826692081726807,7.363522373713385,12,210.0,-1.11
19190.0,11,179.0,4.162790697674419,6.543456658891194,11,11,179.0,0.23677933109256574,4.4806418563195045,6.543456658891194,11,179.0,0.31000000000000005
19195.0,8,117.0,2.925,7.365665701223444,8,8,89.0,0.3028014056920709,5.823106467638627,7.365665701223444,8,89.0,0.9
19200.0,8,157.0,4.0256410256410255,7.71269035819419,8,8,157.0,0.3402679161515807,6.362741436056237,7.71269035819419,8,157.0,-0.68
19205.0,10,114.0,2.7142857142857144,6.736988195336126,10,10,114.0,0.26607557957254585,5.040864758230648,6.736988195336126,10,114.0,0.43000000000000016
19210.0,8,108.0,2.7,7.769440977715791,8,8,80.0,0.34340614812957854,6.412082087284949,7.769440977715791,8,80.0,0.33999999999999986
19215.0,10,151.0,3.5952380952380953,7.4248581615869895,10,10,151.0,0.3165260948321477,5.647980693090168,7.4248581615869895,10,151.0,-0.71
19220.0,9,126.0,3.0,7.868939091845663,9,9,126.0,0.35737074382448036,6.459851070050733,7.868939091845663,9,126.0,0.25
19225.0,11,159.0,3.697674418604651,7.593917977795754,11,11,131.0,0.3249292089541838,5.697876623705684,7.593917977795754,11,131.0,-0.050000000000000044
19230.0,10,207.0,5.175,8.196501045275928,10,10,207.0,0.3671017704875612,6.417219125357784,8.196501045275928,10,207.0,-0.7599999999999998
19235.0,7,161.0,4.351351351351352,8.41272124697452,7,7,161.0,0.3922859930024637,7.222763322376049,8.41272124697452,7,161.0,0.45999999999999974
19240.0,5,123.0,3.236842105263158,7.568133314249254,5,5,95.0,0.3086235647281483,5.744521567544833,7.568133314249254,5,95.0,0.6600000000000001
19245.0,7,157.0,4.243243243243243,8.557142440009642,7,7,157.0,0.40151296095149613,7.466295170949494,8.557142440009642,7,157.0,-0.6200000000000001
19250.0,6,109.0,2.8684210526315788,7.254876412758397,6,6,109.0,0.29085333447609024,5.674079619670153,7.254876412758397,6,109.0,0.48
19255.0,7,130.0,3.5135135135135136,8.16273582123121,7,7,102.0,0.35110872471164556,7.0628207595825945,8.16273582123121,7,102.0,0.07000000000000006
19260.0,7,165.0,4.852941176470588,8.152293086430584,7,7,165.0,0.35852421763940295,6.901768454506104,8.152293086430584,7,165.0,-0.6299999999999999
19265.0,7,167.0,4.394736842105263,7.540766387442493,7,7,167.0,0.3040651322976398,6.11515408850892,7.540766387442493,7,167.0,-0.020000000000000018
19270.0,7,202.0,5.315789473684211,8.601134932053817,7,7,183.0,0.3950651570451685,7.6378820185051906,8.601134932053817,7,183.0,-0.16000000000000014
19275.0,9,240.0,6.153846153846154,7.944947705646213,9,9,240.0,0.3322902062749543,6.119195599558705,7.944947705646213,9,240.0,-0.5699999999999998
19280.0,9,285.0,7.702702702702703,8.4466329686795,9,9,285.0,0.36844565685012715,7.083515667043783,8.4466329686795,9,285.0,-0.4500000000000002
19285.0,10,178.0,4.8108108108108105,7.4470411728867285,10,10,178.0,0.2941920009767956,5.6278195085804885,7.4470411728867285,10,178.0,1.07
19290.0,10,227.0,6.485714285714286,8.054227760039554,10,10,125.0,0.34848944769502954,6.457039086225773,8.054227760039554,10,125.0,0.53
19295.0,10,277.0,8.393939393939394,8.294706360821596,10,10,277.0,0.3872305379445185,7.144498659512075,8.294706360821596,10,277.0,-1.52
19300.0,10,179.0,5.114285714285714,6.5592309817194,10,10,179.0,0.2475797164184449,4.801213566258785,6.5592309817194,10,179.0,0.98
19305.0,6,126.0,3.8181818181818183,7.637447084661633,6,6,78.0,0.3520735207883132,6.64237108540561,7.637447084661633,6,78.0,1.01
19310.0,7,157.0,4.485714285714286,6.356707023068153,7,7,157.0,0.28202184025516774,5.2462661908590595,6.356707023068153,7,157.0,-0.79
19315.0,7,74.0,2.242424242424242,7.276375065888506,7,7,74.0,0.32201088028432073,6.421176776037187,7.276375065888506,7,74.0,0.8300000000000001
19320.0,7,87.0,2.71875,7.250572859584182,7,7,40.0,0.32214750703290673,6.012861024724125,7.250572859584182,7,40.0,0.33999999999999997
19325.0,9,130.0,3.611111111111111,7.4482946050084315,9,9,130.0,0.33303046631526695,6.090449893450865,7.4482946050084315,9,130.0,-0.9
19330.0,7,83.0,2.515151515151515,7.739376856408393,7,7,83.0,0.36955529378435703,6.677217402207478,7.739376856408393,7,83.0,0.4700000000000001
19335.0,7,107.0,3.057142857142857,7.38044382794484,7,7,68.0,0.3132956881619849,5.737466189295578,7.38044382794484,7,68.0,0.1499999999999999
19340.0,8,147.0,4.323529411764706,8.483933798620393,8,8,147.0,0.4036321845215213,7.324184906605384,8.483933798620393,8,147.0,-0.7899999999999999
19345.0,8,95.0,2.638888888888889,8.287676908079185,8,8,95.0,0.3804874440528827,7.167428340318172,8.287676908079185,8,95.0,0.52
19350.0,4,42.0,1.1666666666666667,8.893142473114695,4,4,15.0,0.4087196874402147,7.788360584818264,8.893142473114695,4,15.0,0.7999999999999999
19355.0,4,62.0,1.7714285714285714,9.669522874622137,4,4,62.0,0.49089738053456916,8.995843045403864,9.669522874622137,4,62.0,-0.47
19360.0,7,88.0,2.3783783783783785,8.191656530443165,7,7,88.0,0.3588683994031578,6.371687349894006,8.191656530443165,7,88.0,-0.26
19365.0,4,38.0,1.0555555555555556,8.984853013643564,4,4,38.0,0.43802146782719503,8.037542266227584,8.984853013643564,4,38.0,0.5
19370.0,4,46.0,1.3142857142857143,7.87386500009788,4,4,13.0,0.3473153789792648,6.120381845584291,7.87386500009788,4,13.0,0.25
19375.0,5,70.0,2.0588235294117645,8.71872316105362,5,5,70.0,0.44687405767394783,7.797327746584495,8.71872316105362,5,70.0,-0.57
19380.0,2,31.0,0.9117647058823529,9.762321354913174,2,2,31.0,0.5490530022318224,9.936418685492168,9.762321354913174,2,31.0,0.38999999999999996
19385.0,4,44.0,1.2941176470588236,8.636900100945999,4,4,17.0,0.3939949261250451,7.328898367906293,8.636900100945999,4,17.0,0.13999999999999999
19390.0,4,64.0,1.8823529411764706,9.879842086222492,4,4,64.0,0.509093030363881,9.308907708898728,9.879842086222492,4,64.0,-0.47
19395.0,6,50.0,1.4705882352941178,8.176055997390076,6,6,50.0,0.34678270443977627,6.475825152608059,8.176055997390076,6,50.0,0.14
19400.0,6,80.0,2.3529411764705883,9.34771469800589,6,6,48.0,0.42810201508380075,8.177815009967844,9.34771469800589,6,48.0,0.020000000000000018
19405.0,8,110.0,3.235294117647059,8.702655142547579,8,8,110.0,0.3850465719881088,7.338232510684809,8.702655142547579,8,110.0,-0.6200000000000001
19410.0,6,67.0,2.0303030303030303,8.509883290946656,6,6,67.0,0.3795823955975728,7.421890826914553,8.509883290946656,6,67.0,0.43000000000000005
19415.0,5,90.0,3.0,9.21296520483143,5,5,56.0,0.4729824301662078,8.783130695705182,9.21296520483143,5,56.0,0.10999999999999999
19420.0,8,121.0,3.903225806451613,7.528842139376404,8,8,121.0,0.3495159577956239,6.093497993161244,7.528842139376404,8,121.0,-0.6499999999999999
19425.0,7,154.0,4.967741935483871,8.237181658709362,7,7,154.0,0.4076267824953991,7.6062703369035605,8.237181658709362,7,154.0,-0.33000000000000007
19430.0,7,189.0,5.7272727272727275,6.992258406635265,7,7,187.0,0.263937960506356,4.978239034966774,6.992258406635265,7,187.0,-0.33000000000000007
19435.0,10,239.0,7.966666666666667,7.351053043673392,10,10,239.0,0.3109699447993295,5.887620039885107,7.351053043673392,10,239.0,-0.52
19440.0,9,279.0,9.620689655172415,7.68851118235482,9,9,279.0,0.3393634897874912,6.529159140745085,7.68851118235482,9,279.0,-0.3999999999999999
19445.0,11,330.0,11.379310344827585,6.313448833880271,11,11,325.0,0.28378071739179134,5.28476074049744,6.313448833880271,11,325.0,-0.45999999999999996
19450.0,11,385.0,13.275862068965518,7.194499487244747,11,11,385.0,0.3406099637588761,6.358356070068449,7.194499487244747,11,385.0,-0.6000000000000001
19455.0,11,296.0,9.25,5.871672029404721,11,11,296.0,0.25632714277728325,4.648465040994322,5.871672029404721,11,296.0,0.8900000000000001
19460.0,8,296.0,9.25,7.600338584775489,8,8,240.0,0.37563517992241285,6.700638954037786,7.600338584775489,8,240.0,0.56
19465.0,12,337.0,9.628571428571428,7.1655181895067175,12,12,337.0,0.34807544533790236,6.040040001686034,7.1655181895067175,12,337.0,-0.9700000000000002
19470.0,12,388.0,11.757575757575758,6.826973346820121,12,12,388.0,0.3122368670693865,5.597547851158964,6.826973346820121,12,388.0,-0.5099999999999998
19475.0,12,448.0,14.0,7.630008314105192,12,12,448.0,0.34502210516156817,6.3262755890832265,7.630008314105192,12,448.0,-0.6000000000000005
19480.0,15,512.0,16.0,6.031306198172515,15,15,512.0,0.24916115843026077,4.562440446091038,6.031306198172515,15,512.0,-0.6399999999999997
19485.0,12,545.0,17.03125,6.521244615482281,12,12,545.0,0.2876517380212383,5.315874396634052,6.521244615482281,12,545.0,-0.33000000000000007
19490.0,13,608.0,17.37142857142857,5.679687356348083,13,13,595.0,0.22640009958766447,4.065678371126877,5.679687356348083,13,595.0,-0.5
19495.0,14,678.0,19.941176470588236,6.40248369657855,14,14,678.0,0.2880598143359064,5.052049563904398,6.40248369657855,14,678.0,-0.8300000000000001
19500.0,11,433.0,13.121212121212121,6.390728784862869,11,11,433.0,0.2792754234237873,5.023282733225235,6.390728784862869,11,433.0,2.45
19505.0,9,182.0,4.918918918918919,6.621374500129057,9,9,71.0,0.2873003783917386,5.07065495526333,6.621374500129057,9,71.0,3.62
19510.0,6,161.0,4.6,7.927429282219858,6,6,161.0,0.40262526898139456,6.9992475034781645,7.927429282219858,6,161.0,-0.9000000000000001
19515.0,7,59.0,1.6388888888888888,6.458723319524776,7,7,59.0,0.31381398508496844,5.418885635522963,6.458723319524776,7,59.0,1.02
19520.0,9,57.0,1.5833333333333333,7.321882270205482,9,9,1.0,0.3515812314543612,6.248427712148442,7.321882270205482,9,1.0,0.58
19525.0,12,102.0,2.6842105263157894,7.456516692824399,12,12,102.0,0.36187869846906917,6.363523331094134,7.456516692824399,12,102.0,-1.01
19530.0,10,108.0,2.8421052631578947,7.372843460396885,10,10,108.0,0.34000537285993043,6.204932749754622,7.372843460396885,10,108.0,-0.06000000000000005
19535.0,5,74.0,2.0,7.951359943676887,5,5,61.0,0.384530898427516,6.89480708596297,7.951359943676887,5,61.0,0.4700000000000001
19540.0,8,105.0,2.625,7.416470434382194,8,8,105.0,0.34356207225506513,5.841323876019827,7.416470434382194,8,105.0,-0.44000000000000006
19545.0,8,61.0,1.605263157894737,7.39931453988513,8,8,61.0,0.349290465266691,6.147075806144367,7.39931453988513,8,61.0,0.44000000000000006
19550.0,9,94.0,2.41025641025641,7.0201140578859595,9,9,57.0,0.3099236564540216,5.397524567748809,7.0201140578859595,9,57.0,0.040000000000000036
19555.0,10,142.0,3.641025641025641,7.71836473917383,10,10,142.0,0.3523276562031242,6.126402112404165,7.71836473917383,10,142.0,-0.85
19560.0,7,106.0,2.789473684210526,7.923778989437193,7,7,106.0,0.36602413724176325,6.602858969681279,7.923778989437193,7,106.0,0.3599999999999999
19565.0,8,133.0,3.325,7.493042537794755,8,8,105.0,0.318763128917633,5.737133545263408,7.493042537794755,8,105.0,0.010000000000000009
19570.0,8,173.0,4.675675675675675,8.426112789136946,8,8,173.0,0.4230488218334628,7.3782317856743616,8.426112789136946,8,173.0,-0.6799999999999999
19575.0,7,120.0,3.0,7.4894632644180446,7,7,120.0,0.32712649641263947,5.9661091853992625,7.4894632644180446,7,120.0,0.53
19580.0,4,66.0,1.6923076923076923,8.710813466304252,4,4,38.0,0.4316757377306062,7.9310078732620655,8.710813466304252,4,38.0,0.82
19585.0,6,86.0,2.263157894736842,8.600074319755265,6,6,86.0,0.4216141552263836,7.549058355950928,8.600074319755265,6,86.0,-0.48
19590.0,6,76.0,2.111111111111111,8.09786313405323,6,6,76.0,0.37874620651695007,7.229997244820018,8.09786313405323,6,76.0,0.09999999999999998
19595.0,6,106.0,2.9444444444444446,8.634478293933102,6,6,85.0,0.4376623706818566,7.921705192635928,8.634478293933102,6,85.0,-0.08999999999999997
19600.0,8,142.0,3.9444444444444446,7.742374930639579,8,8,142.0,0.33197936200628736,5.943373719498359,7.742374930639579,8,142.0,-0.57
19605.0,6,136.0,3.8857142857142857,8.3075495623375,6,6,136.0,0.39474203108572214,7.326849893383046,8.3075495623375,6,136.0,0.05999999999999983
19610.0,6,154.0,4.277777777777778,7.373187409892528,6,6,141.0,0.3252671946447363,5.830115237895681,7.373187409892528,6,141.0,-0.04999999999999982
19615.0,7,189.0,5.4,8.121669202577834,7,7,189.0,0.41296723777179634,7.19788001245539,8.121669202577834,7,189.0,-0.48
19620.0,4,122.0,3.588235294117647,8.324171942128851,4,4,122.0,0.4419767836997058,7.964006824540169,8.324171942128851,4,122.0,0.6699999999999999
19625.0,5,130.0,3.5135135135135136,7.775951349394402,5,5,89.0,0.37380595646941084,6.5382944218962225,7.775951349394402,5,89.0,0.32999999999999996
19630.0,5,155.0,4.428571428571429,9.055204509548112,5,5,155.0,0.49525353187449933,8.582930514445572,9.055204509548112,5,155.0,-0.66
19635.0,7,181.0,5.027777777777778,8.194363659096366,7,7,181.0,0.3956979571329601,6.98498393464601,8.194363659096366,7,181.0,-0.26
19640.0,5,74.0,2.1142857142857143,8.846486552431665,5,5,74.0,0.4509361381818004,8.13252030357025,8.846486552431665,5,74.0,1.07
19645.0,8,99.0,2.8285714285714287,8.891213971102484,8,8,3.0,0.431029470345484,7.816865643006826,8.891213971102484,8,3.0,0.71
19650.0,8,131.0,3.8529411764705883,8.551493247768384,8,8,131.0,0.39784617516751763,7.32180000653219,8.551493247768384,8,131.0,-1.28
19655.0,5,74.0,2.242424242424242,8.834056412148783,5,5,74.0,0.41931065910786064,7.99704242148566,8.834056412148783,5,74.0,0.5700000000000001
19660.0,7,92.0,2.787878787878788,7.562719707923096,7,7,52.0,0.3295260960581786,5.962145258064583,7.562719707923096,7,52.0,0.21999999999999997
19665.0,7,127.0,3.8484848484848486,8.702702547888665,7,7,127.0,0.4356260859176254,7.693062841519972,8.702702547888665,7,127.0,-0.75
19670.0,5,60.0,1.875,7.673863835011277,5,5,60.0,0.3587568494938538,6.391276116793397,7.673863835011277,5,60.0,0.67
19675.0,5,67.0,2.161290322580645,7.934644085385317,5,5,26.0,0.3600284672752707,6.74584498489131,7.934644085385317,5,26.0,0.33999999999999997
19680.0,5,92.0,3.066666666666667,8.992915942038914,5,5,92.0,0.45516975937216403,8.31318186110832,8.992915942038914,5,92.0,-0.66
19685.0,7,111.0,3.46875,7.215886639072755,7,7,111.0,0.3135757262002697,5.962681520843523,7.215886639072755,7,111.0,-0.19000000000000006
19690.0,7,146.0,4.866666666666666,8.196274185006617,7,7,136.0,0.3898307785407294,7.319945798054276,8.196274185006617,7,136.0,-0.25
19695.0,10,184.0,5.75,6.998144301550122,10,10,184.0,0.3183549670636073,5.705171493501822,6.998144301550122,10,184.0,-0.48
19700.0,6,108.0,3.375,8.229824156287627,6,6,108.0,0.39439314255327,7.523059815568285,8.229824156287627,6,108.0,0.76
19705.0,7,103.0,3.0294117647058822,8.185885459705322,7,7,55.0,0.37850013302923413,7.071086913801415,8.185885459705322,7,55.0,0.53
19710.0,6,129.0,3.909090909090909,8.542834264247462,6,6,129.0,0.4272380893936913,7.769880749572889,8.542834264247462,6,129.0,-0.74
19715.0,4,75.0,2.34375,9.025485833042103,4,4,75.0,0.478429376064861,8.94787274217475,9.025485833042103,4,75.0,0.54
19720.0,6,86.0,2.4571428571428573,7.8160407689089375,6,6,57.0,0.3361751198637546,6.454686078579337,7.8160407689089375,6,57.0,0.18000000000000005
19725.0,6,116.0,3.515151515151515,9.033994390883809,6,6,116.0,0.4451885126433729,8.371802958269486,9.033994390883809,6,116.0,-0.59
19730.0,5,111.0,3.3636363636363638,7.517758995933693,5,5,111.0,0.32730689589200845,6.3599279182030095,7.517758995933693,5,111.0,0.04999999999999982
19735.0,6,141.0,4.2727272727272725,8.440306428160241,6,6,123.0,0.39681377332615214,7.528379098818016,8.440306428160241,6,123.0,-0.11999999999999988
19740.0,6,171.0,5.34375,8.90016265787251,6,6,171.0,0.42172002965715333,7.956906254769723,8.90016265787251,6,171.0,-0.48
19745.0,6,96.0,2.823529411764706,7.959578802424964,6,6,96.0,0.3218999512645983,6.471541158205639,7.959578802424964,6,96.0,0.75
19750.0,6,126.0,3.8181818181818183,9.006531510346784,6,6,45.0,0.4059690505420976,7.8207114807663025,9.006531510346784,6,45.0,0.51
19755.0,8,159.0,4.542857142857143,7.958122628893852,8,8,159.0,0.32738074831363106,6.231818074343577,7.958122628893852,8,159.0,-1.1400000000000001
19760.0,6,84.0,2.5454545454545454,8.762725123923378,6,6,84.0,0.3963634543830931,7.937799162332918,8.762725123923378,6,84.0,0.7500000000000001
19765.0,7,78.0,2.1666666666666665,7.993584935548187,7,7,35.0,0.3481620784577601,6.48281128658736,7.993584935548187,7,35.0,0.49
19770.0,6,107.0,3.34375,8.854462967116527,6,6,107.0,0.44171334345002455,8.010424054552095,8.854462967116527,6,107.0,-0.7200000000000001
19775.0,4,41.0,1.3666666666666667,8.757778068682109,4,4,41.0,0.443133427339232,8.212658746498484,8.757778068682109,4,41.0,0.6600000000000001
19780.0,5,51.0,1.6451612903225807,7.784275481587844,5,5,11.0,0.35759623576092936,6.595196438681735,7.784275481587844,5,11.0,0.3
19785.0,6,80.0,2.5806451612903225,8.830839023071315,6,6,80.0,0.4386155438082317,7.942466316861825,8.830839023071315,6,80.0,-0.6900000000000001
19790.0,4,40.0,1.2903225806451613,7.614991039910176,4,4,40.0,0.36217078490873994,6.453529228741249,7.614991039910176,4,40.0,0.4
19795.0,5,60.0,2.0,8.665752341879612,5,5,31.0,0.4189638778103205,7.6572929936117795,8.665752341879612,5,31.0,0.09000000000000002
19800.0,5,85.0,2.8333333333333335,9.36448708225962,5,5,85.0,0.4758002693132705,8.45654122686672,9.36448708225962,5,85.0,-0.54
19805.0,4,47.0,1.46875,7.980847257539267,4,4,47.0,0.37329149426056146,6.7632316381126145,7.980847257539267,4,47.0,0.38
19810.0,3,58.0,1.8125,9.653569579378432,3,3,30.0,0.521493813342731,9.263353169782434,9.653569579378432,3,30.0,0.16999999999999998
19815.0,4,74.0,2.1142857142857143,8.967558548061893,4,4,74.0,0.4531345769862359,7.6614059862273205,8.967558548061893,4,74.0,-0.44
19820.0,2,47.0,1.3823529411764706,9.403534220781204,2,2,47.0,0.493675224966811,8.881472839968252,9.403534220781204,2,47.0,0.27
19825.0,4,62.0,1.9375,9.448993979445596,4,4,37.0,0.496891404097665,8.806342111405376,9.448993979445596,4,37.0,0.09999999999999998
19830.0,5,84.0,2.625,9.08919706196966,5,5,84.0,0.47186948735413087,8.146738993311835,9.08919706196966,5,84.0,-0.47
19835.0,3,80.0,2.6666666666666665,9.651984332577802,3,3,80.0,0.5403239303552527,9.868539613274477,9.651984332577802,3,80.0,0.039999999999999925
19840.0,5,98.0,3.161290322580645,8.517528550987217,5,5,83.0,0.40948230637959665,7.427638878803005,8.517528550987217,5,83.0,-0.029999999999999916
19845.0,6,125.0,4.032258064516129,8.907934584929873,6,6,125.0,0.43353351429209086,8.201913547652655,8.907934584929873,6,125.0,-0.42000000000000004
19850.0,5,72.0,2.1818181818181817,7.513660706577995,5,5,72.0,0.3146672092295103,5.945429428184285,7.513660706577995,5,72.0,0.53
19855.0,7,106.0,3.6551724137931036,8.274923499416376,7,7,39.0,0.3806916120504519,7.189924293367129,8.274923499416376,7,39.0,0.32999999999999996
19860.0,7,141.0,5.035714285714286,8.261948506752109,7,7,141.0,0.4011067961271222,7.398440313103813,8.261948506752109,7,141.0,-1.02
19865.0,7,79.0,2.46875,7.178550518486331,7,7,79.0,0.3113269258221114,5.836393763898208,7.178550518486331,7,79.0,0.6199999999999999
19870.0,5,84.0,2.7096774193548385,8.615919255476076,5,5,44.0,0.4393423789924162,7.9228858666369915,8.615919255476076,5,44.0,0.35000000000000003
19875.0,6,111.0,3.3636363636363638,7.773629133615404,6,6,111.0,0.3840369438371577,6.722424949179805,7.773629133615404,6,111.0,-0.6700000000000002
19880.0,5,60.0,1.935483870967742,8.421566319355406,5,5,60.0,0.4256612763421807,7.891709473444037,8.421566319355406,5,60.0,0.5100000000000001
19885.0,6,73.0,2.3548387096774195,8.144846231512528,6,6,37.0,0.4124164620454446,7.53780417594343,8.144846231512528,6,37.0,0.22999999999999998
19890.0,6,99.0,3.193548387096774,8.551540744794508,6,6,99.0,0.43114016799347404,7.959347892643968,8.551540744794508,6,99.0,-0.62
19895.0,3,34.0,1.1724137931034482,8.76992726424391,3,3,34.0,0.475946546257134,9.006425382691843,8.76992726424391,3,34.0,0.6499999999999999
19900.0,3,36.0,1.125,7.974592887191966,3,3,-3.0,0.37245733520361896,7.0171566749405105,7.974592887191966,3,-3.0,0.37
19905.0,5,61.0,2.103448275862069,9.008294075933218,5,5,61.0,0.46995487743656894,8.763033726309311,9.008294075933218,5,61.0,-0.64
19910.0,5,77.0,2.40625,7.445092154651228,5,5,77.0,0.31923949820546305,6.227964339093992,7.445092154651228,5,77.0,-0.16000000000000003
19915.0,7,111.0,3.46875,8.306555554683229,7,7,106.0,0.36947571204049656,7.1851082279119804,8.306555554683229,7,106.0,-0.29000000000000004
19920.0,7,146.0,4.5625,8.493592254191151,7,7,146.0,0.37252676407355634,7.3394649076749525,8.493592254191151,7,146.0,-0.3999999999999999
19925.0,8,172.0,4.777777777777778,7.641355818615832,8,8,172.0,0.2922900827280178,6.065988414702303,7.641355818615832,8,172.0,-0.26
19930.0,8,212.0,6.057142857142857,8.223994209721539,8,8,202.0,0.3533971986657325,7.014125534585686,8.223994209721539,8,202.0,-0.30000000000000004
19935.0,10,257.0,7.3428571428571425,7.412007716281302,10,10,257.0,0.3161739102383986,6.021420410705841,7.412007716281302,10,257.0,-0.5499999999999998
19940.0,7,153.0,4.78125,7.8125515004365,7,7,153.0,0.3679308102766399,7.321732573987106,7.8125515004365,7,153.0,1.0399999999999998
19945.0,6,117.0,3.65625,7.456033011215903,6,6,59.0,0.334721480391568,6.330116020880849,7.456033011215903,6,59.0,0.9400000000000001
19950.0,6,146.0,4.5625,8.511936396429537,6,6,146.0,0.42419473348422254,7.836937373873809,8.511936396429537,6,146.0,-0.87
19955.0,5,46.0,1.5333333333333334,8.217407166331808,5,5,46.0,0.4163633786690797,7.712845959242534,8.217407166331808,5,46.0,1.0
19960.0,6,33.0,1.0,7.322026525158884,6,6,-19.0,0.31898829976668247,5.9525193941016,7.322026525158884,6,-19.0,0.65
19965.0,6,63.0,2.1,8.55852029434948,6,6,63.0,0.42780421747566616,7.8437743350281455,8.55852029434948,6,63.0,-0.8200000000000001
19970.0,6,60.0,1.875,7.711579251814788,6,6,60.0,0.36573745080522435,6.78246263969483,7.711579251814788,6,60.0,0.030000000000000027
19975.0,7,92.0,2.875,8.264475036070314,7,7,73.0,0.3682068358751698,7.054010702999176,8.264475036070314,7,73.0,-0.13
19980.0,7,127.0,4.096774193548387,8.947931197575587,7,7,127.0,0.4171385031349442,7.996960796889979,8.947931197575587,7,127.0,-0.54
19985.0,6,75.0,2.2058823529411766,7.80172023384077,6,6,75.0,0.3142173677307533,6.300029744003155,7.80172023384077,6,75.0,0.52
19990.0,4,82.0,2.484848484848485,8.919527215295336,4,4,54.0,0.41749237457014976,8.013795710415867,8.919527215295336,4,54.0,0.20999999999999996
19995.0,5,104.0,2.9714285714285715,8.453061883042716,5,5,104.0,0.38950843169713767,7.192215600896373,8.453061883042716,5,104.0,-0.5
20000.0,4,55.0,1.5714285714285714,8.933325313485412,4,4,55.0,0.4507131666420537,8.323639199543393,8.933325313485412,4,55.0,0.49
20005.0,5,63.0,1.75,8.74312372428331,5,5,35.0,0.41559846104086606,7.852653356449032,8.74312372428331,5,35.0,0.20000000000000007
20010.0,5,85.0,2.5,9.302483777301175,5,5,85.0,0.45378274246163386,8.54373110289334,9.302483777301175,5,85.0,-0.5
20015.0,5,55.0,1.7741935483870968,9.582169554196131,4,5,54.0,0.5112672347053382,9.819073970458424,9.582169554196131,4,54.0,0.30999999999999994
20020.0,7,79.0,2.46875,7.836391501165948,7,7,28.0,0.29817862730715444,5.7253539851626405,7.836391501165948,7,28.0,0.26
20025.0,7,114.0,3.8,8.794852895862793,7,7,114.0,0.38605271214593495,7.373956514391621,8.794852895862793,7,114.0,-0.8599999999999999
20030.0,7,138.0,4.181818181818182,7.745500264618147,7,7,138.0,0.3188550866508615,5.967246900672909,7.745500264618147,7,138.0,-0.24
20035.0,8,178.0,5.393939393939394,8.531446074349699,8,8,171.0,0.37048750780529754,6.7661565627582565,8.531446074349699,8,171.0,-0.33000000000000007
20040.0,8,218.0,7.266666666666667,8.188543594175568,8,8,218.0,0.35468020124264676,6.472309280726282,8.188543594175568,8,218.0,-0.4700000000000002
20045.0,7,153.0,4.636363636363637,7.401880358525773,7,7,153.0,0.3133998887569588,5.6159467580045295,7.401880358525773,7,153.0,0.6500000000000001
20050.0,5,159.0,5.129032258064516,8.761363739121284,5,5,115.0,0.45353207105323756,7.955137878292922,8.761363739121284,5,115.0,0.3800000000000001
20055.0,6,185.0,5.967741935483871,7.857933621232333,6,6,185.0,0.3984314378854463,6.743874670910652,7.857933621232333,6,185.0,-0.7000000000000002
20060.0,7,218.0,7.517241379310345,7.832220401869617,7,7,218.0,0.39880502716229627,7.133818161977851,7.832220401869617,7,218.0,-0.33000000000000007
20065.0,10,253.0,7.90625,7.812684228669037,10,10,253.0,0.36713916524701184,6.774711211837144,7.812684228669037,10,253.0,-0.34999999999999964
20070.0,9,294.0,9.483870967741936,7.778721466574796,9,9,294.0,0.3512946525923871,6.766660781715442,7.778721466574796,9,294.0,-0.41000000000000014
20075.0,6,135.0,4.5,8.295028817145816,6,6,135.0,0.411922534134821,7.875438154429533,8.295028817145816,6,135.0,1.5899999999999999
20080.0,5,39.0,1.21875,7.201208896509991,5,5,-34.0,0.3141097140593186,5.966048476344698,7.201208896509991,5,-34.0,1.6900000000000002
20085.0,5,64.0,2.064516129032258,8.687564554529558,5,5,64.0,0.4380884472885625,8.196734191654192,8.687564554529558,5,64.0,-0.98
20090.0,8,85.0,2.5,6.783920429686396,8,8,85.0,0.28508455156199747,5.360122429162426,6.783920429686396,8,85.0,-0.20999999999999996
20095.0,10,134.0,4.0606060606060606,7.707758063805292,10,10,128.0,0.3213397023462831,6.173507932243185,7.707758063805292,10,128.0,-0.43000000000000005
20100.0,10,184.0,5.75,7.622830415708295,10,10,184.0,0.3120838257524362,5.872726002352371,7.622830415708295,10,184.0,-0.56
20105.0,10,193.0,5.514285714285714,6.913238099234981,10,10,193.0,0.26216450738499764,5.074705966083429,6.913238099234981,10,193.0,-0.08999999999999986
20110.0,8,215.0,6.515151515151516,7.966087057673871,8,8,202.0,0.36318827168157447,6.798928270598167,7.966087057673871,8,202.0,-0.09000000000000008
20115.0,10,258.0,7.588235294117647,7.106608247114071,10,10,258.0,0.3225719191410621,5.804138118480428,7.106608247114071,10,258.0,-0.56
20120.0,9,155.0,4.5588235294117645,7.72334761591465,8,9,154.0,0.3632189900256365,6.905558553692737,7.72334761591465,8,154.0,1.04
20125.0,10,124.0,3.3513513513513513,6.937610217026952,10,10,66.0,0.2755316737032533,5.200088639473916,6.937610217026952,10,66.0,0.88
20130.0,7,155.0,4.696969696969697,7.826379613199571,7,7,155.0,0.36194217940326856,6.748627579994923,7.826379613199571,7,155.0,-0.89
20135.0,8,68.0,2.125,7.604360243795847,8,8,68.0,0.36405734220818997,6.835039256054855,7.604360243795847,8,68.0,0.87
20140.0,9,72.0,2.1818181818181817,6.29621300947116,9,9,21.0,0.2546934414719629,4.993593291670672,6.29621300947116,9,21.0,0.4700000000000001
20145.0,9,117.0,3.65625,7.26351119646086,9,9,117.0,0.33413108630558064,6.353934466553019,7.26351119646086,9,117.0,-0.96
20150.0,12,158.0,4.514285714285714,5.955039458079609,12,12,158.0,0.24713046745617018,4.623132840409165,5.955039458079609,12,158.0,-0.41000000000000014
20155.0,14,223.0,6.5588235294117645,6.480162540837746,14,14,217.0,0.2645840688745938,5.098049384486498,6.480162540837746,14,217.0,-0.5899999999999999
20160.0,13,287.0,8.441176470588236,6.312027159416253,13,13,287.0,0.2602060447021019,4.799085071471324,6.312027159416253,13,287.0,-0.7000000000000002
20165.0,13,249.0,6.552631578947368,6.1925210475731784,13,13,249.0,0.24173805507364127,4.636689478625108,6.1925210475731784,13,249.0,0.3799999999999999
20170.0,11,284.0,7.888888888888889,6.821299950133414,11,11,241.0,0.30679467570931096,5.551322467549408,6.821299950133414,11,241.0,0.08000000000000007
20175.0,13,343.0,9.27027027027027,6.203093587371613,13,13,343.0,0.2808955221467522,4.850683218761562,6.203093587371613,13,343.0,-1.02
20180.0,11,267.0,7.216216216216216,6.947959220172327,11,11,267.0,0.33109074333636035,5.8213257337108075,6.947959220172327,11,267.0,0.7600000000000002
20185.0,10,151.0,3.775,6.443375913527893,10,10,107.0,0.26850907738550284,4.7533729546518995,6.443375913527893,10,107.0,1.5999999999999999
20190.0,7,185.0,5.138888888888889,7.180293504616547,7,7,185.0,0.32870776632066784,6.0160881579429875,7.180293504616547,7,185.0,-0.78
20195.0,9,96.0,2.6666666666666665,7.188804364038997,9,9,96.0,0.3274699605749087,6.037050344896122,7.188804364038997,9,96.0,0.8900000000000001
20200.0,10,77.0,2.026315789473684,6.053667330304012,10,10,34.0,0.233978842201902,4.492056997433399,6.053667330304012,10,34.0,0.6199999999999999
20205.0,11,131.0,3.5405405405405403,7.020436926690493,11,11,131.0,0.29370373503867886,5.641361754265133,7.020436926690493,11,131.0,-0.97
20210.0,11,136.0,3.5789473684210527,5.968325060807862,11,11,136.0,0.22273679356920373,4.392179814305831,5.968325060807862,11,136.0,-0.050000000000000044
20215.0,9,121.0,3.1842105263157894,7.258385010324667,9,9,107.0,0.3044441297143116,5.935147569196274,7.258385010324667,9,107.0,0.29000000000000004
20220.0,9,166.0,4.368421052631579,7.4496023229184996,9,9,166.0,0.3037050743198017,5.718224496195179,7.4496023229184996,9,166.0,-0.5899999999999999
20225.0,11,119.0,3.1315789473684212,6.577007591421173,11,11,119.0,0.2536532074702025,4.976146598853003,6.577007591421173,11,119.0,0.47
20230.0,10,150.0,4.054054054054054,7.130155852579054,10,10,107.0,0.3079135821882455,5.771300749081144,7.130155852579054,10,107.0,0.11999999999999988
20235.0,12,203.0,5.075,7.015873259614833,12,12,203.0,0.29273324779303844,5.20665040987625,7.015873259614833,12,203.0,-0.9599999999999997
20240.0,10,215.0,5.657894736842105,7.620343340823463,10,10,215.0,0.3430465304752068,6.3231862832101875,7.620343340823463,10,215.0,-0.1200000000000001
20245.0,12,235.0,5.875,6.41868864284061,12,12,222.0,0.2446023726511273,4.421905896550219,6.41868864284061,12,222.0,-0.07000000000000028
20250.0,10,284.0,7.1,7.445592524556967,10,10,284.0,0.32495708597930234,5.822751113634573,7.445592524556967,10,284.0,-0.6199999999999997
20255.0,10,205.0,5.256410256410256,7.843556409817489,10,10,205.0,0.3731393166105721,6.727801358019453,7.843556409817489,10,205.0,0.79
20260.0,8,126.0,3.073170731707317,6.6597774504193055,8,8,84.0,0.27715283159010445,5.103379591777708,6.6597774504193055,8,84.0,1.21
20265.0,9,171.0,4.275,7.2746424194856445,9,9,171.0,0.32789702205330273,5.87202239850873,7.2746424194856445,9,171.0,-0.87
20270.0,9,166.0,4.15,6.016133236288281,9,9,166.0,0.24828744499306735,4.314226438759866,6.016133236288281,9,166.0,0.050000000000000044
20275.0,11,207.0,5.75,6.405691285476638,11,11,193.0,0.31503478450329164,5.441471816244399,6.405691285476638,11,193.0,-0.27
20280.0,11,262.0,7.277777777777778,7.20840201975496,11,11,262.0,0.36029948670634254,6.162160799339381,7.20840201975496,11,262.0,-0.6900000000000002
20285.0,10,209.0,5.225,6.333776272627217,10,10,209.0,0.27542620509863264,4.919822621663272,6.333776272627217,10,209.0,0.5300000000000002
20290.0,9,235.0,5.875,7.5415605155683405,9,9,192.0,0.35747485950477725,6.38289304972153,7.5415605155683405,9,192.0,0.16999999999999993
20295.0,10,282.0,6.714285714285714,7.260992041304465,10,10,282.0,0.3184344585539322,5.596870007980353,7.260992041304465,10,282.0,-0.8999999999999999
20300.0,9,247.0,6.333333333333333,7.7636786642186095,9,9,247.0,0.36902729092138603,6.488636589746597,7.7636786642186095,9,247.0,0.34999999999999964
20305.0,8,190.0,4.75,7.358719309937541,8,8,163.0,0.3159848233785039,5.611623041539712,7.358719309937541,8,163.0,0.8400000000000003
20310.0,7,223.0,5.717948717948718,8.388141147651174,7,7,223.0,0.39650331385726717,6.937999923982004,8.388141147651174,7,223.0,-0.6000000000000001
20315.0,9,93.0,2.4473684210526314,8.265195219467767,8,9,92.0,0.39251132493763835,7.062561875810845,8.265195219467767,8,92.0,1.31
20320.0,9,134.0,3.35,7.895318356089743,9,9,22.0,0.32083757192955276,5.891306277591409,7.895318356089743,9,22.0,0.7000000000000001
20325.0,11,183.0,4.6923076923076925,8.108252238367784,11,11,183.0,0.32529163363531394,6.186383917119801,8.108252238367784,11,183.0,-1.61
20330.0,10,189.0,4.725,6.602911223966383,10,10,189.0,0.23148981106620495,4.29870877279992,6.602911223966383,10,189.0,-0.05999999999999983
20335.0,9,222.0,6.0,7.739302350409498,9,9,209.0,0.32984338195661195,6.090404445766228,7.739302350409498,9,209.0,-0.19999999999999996
20340.0,9,267.0,7.852941176470588,7.936210823465126,9,9,267.0,0.35940907545882367,6.404143072433148,7.936210823465126,9,267.0,-0.5800000000000001
20345.0,9,171.0,4.5,7.171190586996363,9,9,171.0,0.2863282461335228,5.403545836164956,7.171190586996363,9,171.0,0.96
20350.0,6,160.0,4.571428571428571,7.923025629260605,6,6,105.0,0.3868804046438536,6.906652261534336,7.923025629260605,6,105.0,0.6599999999999999
20355.0,8,193.0,5.361111111111111,7.5631465846518084,8,8,193.0,0.370756305981827,6.23158849971952,7.5631465846518084,8,193.0,-0.8799999999999999
20360.0,7,84.0,2.4,7.989898253715982,7,7,84.0,0.40329760194011816,7.075447735467071,7.989898253715982,7,84.0,1.0899999999999999
20365.0,6,46.0,1.2432432432432432,7.784388922229486,6,6,-12.0,0.37145206162973987,6.573248609269733,7.784388922229486,6,-12.0,0.96
20370.0,6,74.0,2.0555555555555554,8.253269830292782,6,6,74.0,0.42223497061134,7.376862894009013,8.253269830292782,6,74.0,-0.86
20375.0,8,109.0,3.1142857142857143,8.321270053752121,8,8,109.0,0.42569176209862436,7.607853981000366,8.321270053752121,8,109.0,-0.3500000000000001
20380.0,10,152.0,4.0,7.0398888645044995,10,10,152.0,0.2891291474422265,5.236818209643485,7.0398888645044995,10,152.0,-0.42999999999999994
20385.0,11,206.0,5.722222222222222,7.397256519910751,11,11,206.0,0.3180434048774301,5.947490345220447,7.397256519910751,11,206.0,-0.54
20390.0,11,261.0,6.868421052631579,6.45786092174061,11,11,261.0,0.23312823389759854,4.571169908454655,6.45786092174061,11,261.0,-0.5499999999999998
20395.0,11,210.0,6.0,6.68475519793176,11,11,210.0,0.2751964320446836,5.477383765354614,6.68475519793176,11,210.0,0.5099999999999998
20400.0,9,233.0,6.852941176470588,7.043091378337804,9,9,187.0,0.3260079548289676,6.10958637930502,7.043091378337804,9,187.0,0.22999999999999998
20405.0,11,284.0,7.473684210526316,6.699452234401333,11,11,284.0,0.3034070785709158,5.553193800392808,6.699452234401333,11,284.0,-0.9699999999999998
20410.0,9,193.0,5.361111111111111,6.939808503263479,9,9,193.0,0.31582897551179157,6.010447902883248,6.939808503263479,9,193.0,0.9099999999999999
20415.0,7,166.0,4.368421052631579,6.883269721174696,7,7,118.0,0.29588324599652754,5.757118537612549,6.883269721174696,7,118.0,0.75
20420.0,8,205.0,5.694444444444445,8.105159005578065,8,8,205.0,0.39837247555307814,7.619156104442204,8.105159005578065,8,205.0,-0.8699999999999999
20425.0,13,250.0,6.410256410256411,6.507953464499715,13,13,250.0,0.2634729394912961,5.018193010393721,6.507953464499715,13,250.0,-0.4500000000000002
20430.0,13,315.0,8.513513513513514,7.244425103507072,13,13,315.0,0.2900091709547226,5.775926548347571,7.244425103507072,13,315.0,-0.6499999999999999
20435.0,13,380.0,11.515151515151516,7.032657073266111,13,13,380.0,0.2843174143881274,5.620825759467584,7.032657073266111,13,380.0,-0.6499999999999999
20440.0,13,258.0,7.166666666666667,5.932240897909455,13,13,258.0,0.22368295558046886,4.36185935436364,5.932240897909455,13,258.0,1.2199999999999998
20445.0,8,167.0,4.638888888888889,6.993415693687249,8,8,104.0,0.3082469012816624,5.823673963327764,6.993415693687249,8,104.0,1.54
20450.0,9,208.0,5.333333333333333,6.0597774114333065,9,9,208.0,0.25847163755527347,4.7246730016814675,6.0597774114333065,9,208.0,-1.04
20455.0,9,144.0,3.789473684210526,6.85264265951952,9,9,144.0,0.28668386857850864,5.606405872828732,6.85264265951952,9,144.0,0.6400000000000001
20460.0,10,168.0,4.8,6.537860419758323,10,10,125.0,0.281121350353472,5.067608199978205,6.537860419758323,10,125.0,0.18999999999999995
20465.0,12,227.0,6.305555555555555,6.501599241780231,12,12,227.0,0.29650354610972257,5.271879619007175,6.501599241780231,12,227.0,-1.02
20470.0,10,150.0,4.285714285714286,7.000698168939515,10,10,150.0,0.3228957121659632,6.047946340961311,7.000698168939515,10,150.0,0.77
20475.0,9,125.0,3.289473684210526,6.651162991132498,9,9,82.0,0.27204542762358586,5.253603127038199,6.651162991132498,9,82.0,0.68
20480.0,9,170.0,4.473684210526316,8.085847269512998,9,9,170.0,0.37346505445507683,7.132579204651226,8.085847269512998,9,170.0,-0.88
20485.0,12,128.0,3.282051282051282,6.797348425266517,12,12,128.0,0.2657526598680065,5.210552981409568,6.797348425266517,12,128.0,0.41999999999999993
20490.0,6,63.0,1.6153846153846154,8.186131374284054,6,6,36.0,0.35096713091960513,6.851991201479071,8.186131374284054,6,36.0,0.92
20495.0,6,93.0,2.4473684210526314,8.843556913164713,6,6,93.0,0.4091509904768854,7.748127908056087,8.843556913164713,6,93.0,-0.5700000000000001
20500.0,9,62.0,1.55,7.068882213747202,9,9,62.0,0.25588064031650265,5.035089947065073,7.068882213747202,9,62.0,0.31000000000000005
20505.0,9,104.0,2.6666666666666665,8.151762159416354,9,9,76.0,0.338327243152535,6.523155735385003,8.151762159416354,9,76.0,-0.14
20510.0,10,151.0,3.775,7.561090216020875,10,10,151.0,0.2943735367628603,5.464396541194653,7.561090216020875,10,151.0,-0.75
20515.0,11,206.0,5.282051282051282,8.038771849424569,11,11,206.0,0.31746503975802215,6.07248206252451,8.038771849424569,11,206.0,-0.55
20520.0,8,195.0,5.571428571428571,7.584441627755713,8,8,195.0,0.2940781021266325,5.314700970101569,7.584441627755713,8,195.0,0.1100000000000001
20525.0,8,200.0,5.555555555555555,7.296838664929875,8,8,182.0,0.31598250277388773,5.4633260077283134,7.296838664929875,8,182.0,0.1299999999999999
20530.0,8,240.0,6.857142857142857,8.457935493189543,8,8,240.0,0.4214139069313921,7.208604447818979,8.457935493189543,8,240.0,-0.5799999999999998
20535.0,8,131.0,3.4473684210526314,6.921329933628508,7,8,130.0,0.2789504896530304,5.015805061105118,6.921329933628508,7,130.0,1.0999999999999999
20540.0,7,82.0,2.2777777777777777,7.814029539660343,7,7,34.0,0.33520458098026373,6.225579037601432,7.814029539660343,7,34.0,0.96
20545.0,8,104.0,2.736842105263158,7.9282981811525985,8,8,104.0,0.3495589179528988,6.461470279836274,7.9282981811525985,8,104.0,-0.7
20550.0,7,95.0,2.638888888888889,7.993763711663369,7,7,95.0,0.3574212461393278,6.940354419751108,7.993763711663369,7,95.0,0.09000000000000008
20555.0,9,139.0,4.088235294117647,7.7851994977637995,9,9,116.0,0.3289649662772546,6.581551569814443,7.7851994977637995,9,116.0,-0.20999999999999996
20560.0,12,192.0,5.647058823529412,6.611478893859864,12,12,192.0,0.25709099985339373,4.974992279906164,6.611478893859864,12,192.0,-0.76
20565.0,9,198.0,5.823529411764706,7.5659773463659805,9,9,198.0,0.33471544747276255,6.441845778221193,7.5659773463659805,9,198.0,-0.06000000000000005
20570.0,7,190.0,5.277777777777778,6.775271369838738,7,7,176.0,0.27502921738677016,5.0222700273743355,6.775271369838738,7,176.0,0.21999999999999997
20575.0,8,230.0,6.571428571428571,8.13509565761531,8,8,230.0,0.38136612559681404,6.900021211925203,8.13509565761531,8,230.0,-0.5399999999999998
20580.0,7,153.0,4.371428571428571,7.823827329762598,7,7,153.0,0.3400513683943217,6.277758091569763,7.823827329762598,7,153.0,0.7699999999999998
20585.0,7,152.0,4.222222222222222,7.657364667922299,7,7,109.0,0.3306006139616125,6.07563897545274,7.657364667922299,7,109.0,0.43999999999999995
20590.0,7,187.0,5.3428571428571425,8.848686443388138,7,7,187.0,0.4382530108270239,7.848093342503016,8.848686443388138,7,187.0,-0.78
20595.0,7,187.0,5.194444444444445,7.033475958059914,7,7,187.0,0.3043591766299078,5.3756754608093065,7.033475958059914,7,187.0,0.0
20600.0,8,227.0,6.485714285714286,8.16408837321391,8,8,207.0,0.3894249756251472,7.0419670598333495,8.16408837321391,8,207.0,-0.19999999999999973
20605.0,11,267.0,7.216216216216216,7.805523982323741,11,11,267.0,0.35650159112226165,6.520706202007018,7.805523982323741,11,267.0,-0.6000000000000001
20610.0,7,221.0,6.138888888888889,7.801293128203501,7,7,221.0,0.35212442305750413,6.777692381552375,7.801293128203501,7,221.0,0.45999999999999996
20615.0,6,231.0,6.6,8.73279599593126,6,6,203.0,0.42843698843851125,7.93910464311097,8.73279599593126,6,203.0,0.18000000000000016
20620.0,9,267.0,7.216216216216216,7.539924651589491,9,9,267.0,0.3339892729735054,5.986232033833246,7.539924651589491,9,267.0,-0.6400000000000001
20625.0,7,234.0,6.685714285714286,8.006365556933561,7,7,234.0,0.37450797304967576,7.0559588336208225,8.006365556933561,7,234.0,0.33000000000000007
20630.0,6,256.0,6.918918918918919,7.433249196347329,6,6,228.0,0.3033237565857719,5.543551579836464,7.433249196347329,6,228.0,0.06000000000000005
20635.0,8,296.0,8.457142857142857,8.223200593792447,8,8,296.0,0.3795693611000862,6.889234364088786,8.223200593792447,8,296.0,-0.6800000000000002
20640.0,8,336.0,10.181818181818182,8.356189169316599,8,8,336.0,0.3795068536809665,7.232509756019752,8.356189169316599,8,336.0,-0.3999999999999999
20645.0,7,305.0,8.243243243243244,7.581766114972248,7,7,305.0,0.3176957764770597,5.990818471947607,7.581766114972248,7,305.0,0.31000000000000005
20650.0,6,332.0,9.485714285714286,8.720114040227985,6,6,302.0,0.4228644972655328,7.920205494086977,8.720114040227985,6,302.0,0.029999999999999805
20655.0,7,363.0,9.81081081081081,8.088595269828762,7,7,363.0,0.3535307145582455,6.571665483459292,8.088595269828762,7,363.0,-0.6099999999999999
20660.0,5,316.0,9.294117647058824,8.820366119654244,5,5,316.0,0.41638047090176245,8.311561900910148,8.820366119654244,5,316.0,0.46999999999999975
20665.0,7,330.0,9.166666666666666,8.172691253108317,7,7,297.0,0.3647709755726436,6.9429827130531665,8.172691253108317,7,297.0,0.18999999999999995
20670.0,6,359.0,10.878787878787879,8.644243300962557,6,6,359.0,0.44015164992262423,8.115555070678347,8.644243300962557,6,359.0,-0.6199999999999997
20675.0,3,38.0,1.1515151515151516,9.001002772909876,3,3,38.0,0.48187493292347666,9.276270817126235,9.001002772909876,3,38.0,3.21
20680.0,6,58.0,1.6571428571428573,7.80413272928497,6,6,-114.0,0.35020631336020996,6.635233447008523,7.80413272928497,6,-114.0,1.52
20685.0,6,88.0,2.588235294117647,8.839894551295535,6,6,88.0,0.44987970615046335,8.292364395796417,8.839894551295535,6,88.0,-2.02
20690.0,6,108.0,3.272727272727273,7.424225094224854,6,6,108.0,0.3303130976943943,5.984592473212304,7.424225094224854,6,108.0,-0.20000000000000007
20695.0,7,143.0,4.46875,8.120625012752765,7,7,137.0,0.37835226192260624,6.8074739685923875,8.120625012752765,7,137.0,-0.29000000000000004
20700.0,7,178.0,5.5625,8.537372659775222,7,7,178.0,0.3897742942496388,6.915032752129827,8.537372659775222,7,178.0,-0.4099999999999999
20705.0,6,102.0,2.8333333333333335,7.381201565328171,6,6,102.0,0.3081991138950784,5.817655704852762,7.381201565328171,6,102.0,0.76
20710.0,4,104.0,2.888888888888889,8.814302183244033,4,4,60.0,0.44653201907407475,8.167517345115634,8.814302183244033,4,60.0,0.42000000000000004
20715.0,5,126.0,3.5,8.542656862346497,5,5,126.0,0.4086122779452336,7.241908054928734,8.542656862346497,5,126.0,-0.66
20720.0,4,31.0,0.9393939393939394,9.119735316469615,4,4,31.0,0.4763191877707734,8.606535695115515,9.119735316469615,4,31.0,0.95
20725.0,5,17.0,0.5151515151515151,8.805316690402865,5,5,-32.0,0.43935145020161803,7.853176138310531,8.805316690402865,5,-32.0,0.63
20730.0,4,35.0,1.1290322580645162,9.258811019778038,4,4,35.0,0.49944586741141145,8.493693210889335,9.258811019778038,4,35.0,-0.6699999999999999
20735.0,4,55.0,1.8333333333333333,9.806500699841882,4,4,55.0,0.5600254357586834,9.53839641001176,9.806500699841882,4,55.0,-0.20000000000000007
20740.0,6,78.0,2.5161290322580645,8.054282574243146,6,6,78.0,0.3430816561771199,6.044989096193378,8.054282574243146,6,78.0,-0.22999999999999998
20745.0,7,113.0,3.6451612903225805,8.902022587373843,7,7,113.0,0.4295759982029382,7.446825692294161,8.902022587373843,7,113.0,-0.34999999999999987
20750.0,7,148.0,4.774193548387097,7.745105486678928,7,7,148.0,0.3361609734291238,6.076905578363282,7.745105486678928,7,148.0,-0.3500000000000001
20755.0,7,110.0,3.5483870967741935,7.860582301722047,7,7,110.0,0.33799481375192497,6.350564485110276,7.860582301722047,7,110.0,0.3799999999999999
20760.0,6,137.0,4.419354838709677,8.452105247166651,6,6,105.0,0.40407138099590134,7.334866959163954,8.452105247166651,6,105.0,0.050000000000000044
20765.0,8,172.0,5.212121212121212,7.610123161008997,8,8,172.0,0.3450018151588803,6.190670615027949,7.610123161008997,8,172.0,-0.6699999999999999
20770.0,6,83.0,2.6774193548387095,8.136354446298379,5,6,82.0,0.40100476425357945,7.673328064202484,8.136354446298379,5,82.0,0.9
20775.0,5,75.0,2.4193548387096775,7.126185585071586,5,5,25.0,0.31538908205538607,6.217125663481452,7.126185585071586,5,25.0,0.57
20780.0,5,97.0,3.2333333333333334,8.59203219583583,5,5,97.0,0.4329958111281731,8.285341185100778,8.59203219583583,5,97.0,-0.72
20785.0,7,30.0,0.9375,6.753481610930317,7,7,30.0,0.31151391083977564,5.844241169330919,6.753481610930317,7,30.0,0.6699999999999999
20790.0,6,48.0,1.6,7.422790952782469,6,6,8.0,0.3660798993107537,6.875218538301253,7.422790952782469,6,8.0,0.21999999999999997
20795.0,6,78.0,2.6,8.258268729387032,6,6,78.0,0.43647182886346164,7.901431745837383,8.258268729387032,6,78.0,-0.7000000000000001
20800.0,7,63.0,1.96875,6.683321991467373,7,7,63.0,0.31405604529810255,5.687639533096503,6.683321991467373,7,63.0,0.15000000000000002
20805.0,6,73.0,2.28125,7.9437784945522765,6,6,59.0,0.4020537313170638,7.189131100599107,7.9437784945522765,6,59.0,0.040000000000000036
20810.0,7,104.0,2.9714285714285715,7.339130034265609,7,7,104.0,0.35047623235184105,5.99817377621951,7.339130034265609,7,104.0,-0.45000000000000007
20815.0,6,61.0,1.7428571428571429,7.884111028378257,6,6,61.0,0.37340229226953947,6.798234724542109,7.884111028378257,6,61.0,0.43000000000000005
20820.0,5,80.0,2.3529411764705883,8.719588204210869,5,5,46.0,0.4545608531572218,8.109720753096411,8.719588204210869,5,46.0,0.14999999999999997
20825.0,7,108.0,3.085714285714286,7.968355004893114,7,7,108.0,0.3726812828418403,6.449877692911346,7.968355004893114,7,108.0,-0.6200000000000001
20830.0,4,61.0,1.8484848484848484,8.488020883018478,4,4,61.0,0.4421367268976452,8.009572290774472,8.488020883018478,4,61.0,0.4700000000000001
20835.0,3,68.0,1.9428571428571428,8.282439955696319,3,3,40.0,0.4104829412389978,7.350366762070171,8.282439955696319,3,40.0,0.20999999999999996
20840.0,5,90.0,2.6470588235294117,9.00633449908987,5,5,90.0,0.48207698580298836,8.59347877383768,9.00633449908987,5,90.0,-0.5
20845.0,8,115.0,3.108108108108108,8.218845003776613,8,8,115.0,0.39744641843230977,7.262024241063548,8.218845003776613,8,115.0,-0.2499999999999999
20850.0,4,72.0,2.057142857142857,8.671964135879088,4,4,72.0,0.4326089835898543,8.287644600284025,8.671964135879088,4,72.0,0.42999999999999994
20855.0,3,84.0,2.5454545454545454,9.60481012292774,3,3,51.0,0.5241765795881008,9.847154957045795,9.60481012292774,3,51.0,0.20999999999999996
20860.0,5,103.0,2.861111111111111,8.875656299162726,5,5,103.0,0.44496215410558027,7.996595370075318,8.875656299162726,5,103.0,-0.52
20865.0,4,58.0,1.6571428571428573,8.885446746352152,4,4,58.0,0.43649195131372354,8.55944117177523,8.885446746352152,4,58.0,0.45000000000000007
20870.0,4,78.0,2.2285714285714286,7.865344414820135,4,4,17.0,0.3304975602848295,6.3118748670982345,7.865344414820135,4,17.0,0.4099999999999999
20875.0,7,112.0,3.5,8.528653113227126,7,7,112.0,0.3868189235787056,7.667694407724131,8.528653113227126,7,112.0,-0.9500000000000001
20880.0,4,47.0,1.5666666666666667,8.007273764491774,4,4,47.0,0.3488336529570753,7.007991739137369,8.007273764491774,4,47.0,0.6500000000000001
20885.0,5,59.0,1.84375,7.728599532057138,5,5,20.0,0.3605676092377173,6.829059505021305,7.728599532057138,5,20.0,0.26999999999999996
20890.0,5,84.0,2.625,8.800063422707293,5,5,84.0,0.46424899178061974,8.523725967775599,8.800063422707293,5,84.0,-0.6399999999999999
20895.0,4,41.0,1.2058823529411764,7.557820596823488,4,4,41.0,0.3499009551905669,6.575693290125038,7.557820596823488,4,41.0,0.43
20900.0,4,59.0,1.903225806451613,9.054633257580914,4,4,31.0,0.4637066382021281,8.862507563856497,9.054633257580914,4,31.0,0.09999999999999998
20905.0,7,79.0,2.393939393939394,8.634297643762867,7,7,79.0,0.4229553635490027,7.901599816403165,8.634297643762867,7,79.0,-0.48000000000000004
20910.0,4,87.0,2.71875,8.95127920183005,4,4,87.0,0.4459517968357839,8.808852598124876,8.95127920183005,4,87.0,-0.07999999999999996
20915.0,4,107.0,3.34375,9.732674797214916,4,4,96.0,0.48152193161254864,9.241271365897951,9.732674797214916,4,96.0,-0.08999999999999997
20920.0,7,133.0,3.911764705882353,8.397945998678484,7,7,133.0,0.3762320251820456,6.842758098779984,8.397945998678484,7,133.0,-0.3700000000000001
20925.0,6,43.0,1.4333333333333333,8.800644221724813,6,6,43.0,0.40033642271356557,7.6713898224200605,8.800644221724813,6,43.0,0.9000000000000001
20930.0,4,25.0,0.78125,8.104638649975048,4,4,23.0,0.34609761164911174,6.502575418821648,8.104638649975048,4,23.0,0.19999999999999998
20935.0,4,41.0,1.28125,9.17765228376305,4,4,40.0,0.4408610714590242,8.248772998345302,9.17765228376305,4,40.0,-0.17
20940.0,5,42.0,1.4,8.588624363509076,5,5,42.0,0.4193067261898552,7.562156468906554,8.588624363509076,5,42.0,-0.019999999999999962
20945.0,8,76.0,2.4516129032258065,7.643709331279291,8,8,59.0,0.3370723529287606,6.094112786384279,7.643709331279291,8,59.0,-0.16999999999999998
20950.0,8,116.0,3.8666666666666667,8.522899342909502,8,8,116.0,0.3854837909799973,7.11524654961642,8.522899342909502,8,116.0,-0.57
20955.0,7,84.0,2.7096774193548385,7.160278719252638,7,7,84.0,0.2949098249888623,5.483687000522241,7.160278719252638,7,84.0,0.31999999999999995
20960.0,7,116.0,4.0,8.365785628043605,7,7,85.0,0.39489636235516434,7.308366350073828,8.365785628043605,7,85.0,-0.010000000000000009
20965.0,10,151.0,5.033333333333333,7.693032418027828,10,10,151.0,0.3641514287322588,6.69412515492865,7.693032418027828,10,151.0,-0.66
20970.0,9,194.0,6.466666666666667,8.06147347322363,9,9,194.0,0.373663788322075,7.010610738981908,8.06147347322363,9,194.0,-0.42999999999999994
20975.0,6,133.0,4.586206896551724,8.596675486704065,6,6,133.0,0.4083261299003945,7.70849285765512,8.596675486704065,6,133.0,0.6099999999999999
20980.0,7,126.0,4.064516129032258,7.401625285816133,7,7,94.0,0.31327279894496096,6.025337561034593,7.401625285816133,7,94.0,0.3900000000000001
20985.0,7,161.0,5.366666666666666,8.60466818328515,7,7,161.0,0.42049646217062187,7.860957967057499,8.60466818328515,7,161.0,-0.6700000000000002
20990.0,5,60.0,1.875,6.553180188843028,5,5,60.0,0.27858440326760137,5.124972444611598,6.553180188843028,5,60.0,1.0100000000000002
20995.0,5,51.0,1.7,8.162274613163582,5,5,-1.0,0.39821544525810504,7.172602165093928,8.162274613163582,5,-1.0,0.61
21000.0,5,76.0,2.533333333333333,9.00472647690006,5,5,76.0,0.45969410093524643,8.127351776368544,9.00472647690006,5,76.0,-0.77
21005.0,6,68.0,2.0,7.654354020806934,6,6,68.0,0.3399619277957561,6.138080572369345,7.654354020806934,6,68.0,0.07999999999999996
21010.0,6,98.0,2.8823529411764706,8.913959327528534,6,6,77.0,0.43031637411880097,8.074676913583263,8.913959327528534,6,77.0,-0.08999999999999997
21015.0,7,129.0,3.7941176470588234,8.163902941606176,7,7,129.0,0.37773220250367756,6.918347270897752,8.163902941606176,7,129.0,-0.52
21020.0,8,167.0,5.0606060606060606,8.44416300306728,8,8,167.0,0.3917008594805742,7.507164042774198,8.44416300306728,8,167.0,-0.3799999999999999
21025.0,8,111.0,3.0833333333333335,7.5249739557041,8,8,111.0,0.30624587186397845,5.948845093305367,7.5249739557041,8,111.0,0.5599999999999998
21030.0,6,131.0,3.9696969696969697,8.347829734941428,6,6,98.0,0.39140001388215334,7.403967571232772,8.347829734941428,6,98.0,0.13000000000000012
21035.0,6,161.0,5.03125,9.132233629299725,6,6,161.0,0.4745736759387648,8.731731143200742,9.132233629299725,6,161.0,-0.6300000000000001
21040.0,8,133.0,4.03030303030303,7.110943311684908,8,8,133.0,0.30725764512836107,5.847432162045165,7.110943311684908,8,133.0,0.28
21045.0,8,173.0,5.242424242424242,8.436799243894184,8,8,116.0,0.381554872893114,7.336240800774853,8.436799243894184,8,116.0,0.17000000000000015
21050.0,9,214.0,5.944444444444445,7.007245282870475,9,9,214.0,0.2679588637550776,4.98320426826493,7.007245282870475,9,214.0,-0.9800000000000002
21055.0,8,123.0,3.5142857142857142,7.811184163836364,8,8,123.0,0.32971744966580063,6.284469355676579,7.811184163836364,8,123.0,0.9100000000000001
21060.0,5,96.0,3.096774193548387,8.096308606584934,5,5,48.0,0.37664177459688597,6.784911383125684,8.096308606584934,5,48.0,0.75
21065.0,7,127.0,3.8484848484848486,7.702370938941563,7,7,127.0,0.36830347764979626,6.461434926945427,7.702370938941563,7,127.0,-0.79
21070.0,6,72.0,2.1818181818181817,8.22758764886205,6,6,72.0,0.41314142639204965,7.324479274044348,8.22758764886205,6,72.0,0.55
21075.0,7,92.0,2.7058823529411766,7.360521710361802,7,7,53.0,0.3148221179251055,5.620933191833874,7.360521710361802,7,53.0,0.18999999999999995
21080.0,7,127.0,3.96875,8.516737019687358,7,7,127.0,0.42105980314815417,7.475779851425597,8.516737019687358,7,127.0,-0.74
21085.0,7,58.0,1.7058823529411764,8.266987465817067,7,7,58.0,0.40702547090837543,7.40799980210843,8.266987465817067,7,58.0,0.6900000000000001
21090.0,4,63.0,1.8529411764705883,9.161049911907185,4,4,22.0,0.43580696574487937,8.363864974705237,9.161049911907185,4,22.0,0.36
21095.0,5,87.0,2.6363636363636362,9.654550652296217,5,5,87.0,0.48125120840881913,9.07125295314949,9.654550652296217,5,87.0,-0.65
21100.0,6,28.0,0.8484848484848485,7.763844709437405,6,6,28.0,0.31771679507300676,6.090288150433903,7.763844709437405,6,28.0,0.59
21105.0,4,34.0,1.0303030303030303,9.36069779239501,4,4,6.0,0.4502452522090187,8.488973579039651,9.36069779239501,4,6.0,0.22000000000000003
21110.0,4,54.0,1.588235294117647,8.80119146066977,4,4,54.0,0.4012364672751475,7.232817304980604,8.80119146066977,4,54.0,-0.48000000000000004
21115.0,4,40.0,1.2121212121212122,8.773997281723267,4,4,40.0,0.4129588513563478,7.694090498930059,8.773997281723267,4,40.0,0.14
21120.0,4,60.0,1.875,9.201654515514914,4,4,41.0,0.44994843120278905,8.306310037143048,9.201654515514914,4,41.0,-0.009999999999999953
21125.0,6,85.0,2.5,8.37822327282115,6,6,85.0,0.3842479748117699,6.822903729210732,8.37822327282115,6,85.0,-0.44
21130.0,3,57.0,1.78125,9.204885519090919,3,3,57.0,0.47705176565854907,8.877154040743624,9.204885519090919,3,57.0,0.28
21135.0,4,73.0,2.1470588235294117,8.174889950342884,4,4,47.0,0.38366291297043986,6.897648646241984,8.174889950342884,4,47.0,0.09999999999999998
21140.0,5,98.0,2.9696969696969697,9.242531824864948,5,5,98.0,0.49934840524672475,8.835221998801348,9.242531824864948,5,98.0,-0.51
21145.0,7,76.0,2.235294117647059,8.352726104223276,7,7,76.0,0.4290635505893113,7.672735652406279,8.352726104223276,7,76.0,0.21999999999999997
21150.0,6,103.0,3.3225806451612905,8.390118527326687,6,6,61.0,0.3996920006723473,7.327825700495353,8.390118527326687,6,61.0,0.15000000000000002
21155.0,7,137.0,4.566666666666666,8.927449937378189,7,7,137.0,0.4479833640259911,8.352128530361266,8.927449937378189,7,137.0,-0.7600000000000001
21160.0,5,62.0,1.9375,7.399152873570358,5,5,62.0,0.30981626770572007,6.23047809574848,7.399152873570358,5,62.0,0.7500000000000001
21165.0,6,77.0,2.4838709677419355,8.371099357923624,6,6,34.0,0.3980568465741358,7.708506865940423,8.371099357923624,6,34.0,0.27999999999999997
21170.0,8,109.0,3.2058823529411766,7.2552749296211125,8,8,109.0,0.3211675490729649,5.854381019299086,7.2552749296211125,8,109.0,-0.75
21175.0,6,72.0,2.25,7.87252594775257,6,6,72.0,0.3833810777325493,7.026000426553283,7.87252594775257,6,72.0,0.3700000000000001
21180.0,5,91.0,2.84375,8.393556380851642,5,5,56.0,0.40271574011482647,7.350856803444481,8.393556380851642,5,56.0,0.15999999999999992
21185.0,7,123.0,3.84375,7.857216609899238,7,7,123.0,0.36021473196060766,6.437847239134458,7.857216609899238,7,123.0,-0.6699999999999999
21190.0,4,65.0,2.2413793103448274,8.404573663513586,4,4,65.0,0.4200319996791994,7.924793166429642,8.404573663513586,4,65.0,0.58
21195.0,3,71.0,2.2903225806451615,8.21357210210752,3,3,34.0,0.3890968103682028,7.257609741741452,8.21357210210752,3,34.0,0.31
21200.0,5,94.0,3.1333333333333333,9.183086456594094,5,5,94.0,0.4687451001125152,8.67921555895363,9.183086456594094,5,94.0,-0.5999999999999999
21205.0,7,110.0,3.3333333333333335,8.479218741380402,7,7,110.0,0.3919417374640288,7.768644399680571,8.479218741380402,7,110.0,-0.16000000000000014
21210.0,6,137.0,4.151515151515151,9.012421927827049,6,6,133.0,0.41435799288704017,8.432808309477524,9.012421927827049,6,133.0,-0.22999999999999998
21215.0,6,167.0,5.0606060606060606,9.411819898273096,6,6,167.0,0.4432594878967596,8.756362416351871,9.411819898273096,6,167.0,-0.33999999999999986
21220.0,6,94.0,2.8484848484848486,7.631999153415028,6,6,94.0,0.31735787603990706,6.0840305748703605,7.631999153415028,6,94.0,0.73
21225.0,4,97.0,3.03125,8.751733252254098,4,4,54.0,0.41869080130861897,8.146217242790676,8.751733252254098,4,54.0,0.3999999999999999
21230.0,4,117.0,3.342857142857143,8.44194686254168,4,4,117.0,0.37920610477869304,7.304744259580557,8.44194686254168,4,117.0,-0.6299999999999999
21235.0,6,144.0,4.5,8.612387568149108,6,6,144.0,0.3945942991673606,7.87915704058492,8.612387568149108,6,144.0,-0.27
21240.0,6,174.0,5.8,8.725934639800819,6,6,174.0,0.3776552272003333,7.512231313087676,8.725934639800819,6,174.0,-0.30000000000000004
21245.0,8,212.0,6.424242424242424,7.894086315503416,8,8,212.0,0.31428002491639545,6.275830525170935,7.894086315503416,8,212.0,-0.3800000000000001
21250.0,8,252.0,7.875,8.578277661114912,8,8,252.0,0.3620080231631649,7.297642105981278,8.578277661114912,8,252.0,-0.3999999999999999
21255.0,10,296.0,8.969696969696969,7.4521544784971425,10,10,296.0,0.30502000303678406,5.8071116500756075,7.4521544784971425,10,296.0,-0.43999999999999995
21260.0,7,222.0,7.161290322580645,8.194466744043757,7,7,222.0,0.3843466784606318,7.424502219535621,8.194466744043757,7,222.0,0.7399999999999998
21265.0,7,220.0,6.666666666666667,7.885572454005738,7,7,173.0,0.3530242719687896,6.710282711434418,7.885572454005738,7,173.0,0.4900000000000002
21270.0,7,253.0,8.161290322580646,8.262724791827358,7,7,253.0,0.39943028684591086,7.437448489752098,8.262724791827358,7,253.0,-0.7999999999999998
21275.0,5,193.0,6.655172413793103,8.319498462152419,5,5,193.0,0.4271109095212097,8.07394896412708,8.319498462152419,5,193.0,0.5999999999999999
21280.0,7,209.0,6.53125,7.181136506978913,7,7,171.0,0.3197903147465909,5.904515657091943,7.181136506978913,7,171.0,0.21999999999999997
21285.0,7,244.0,7.625,8.501350602567701,7,7,244.0,0.42669450344917625,7.6772977470344195,8.501350602567701,7,244.0,-0.73
21290.0,5,250.0,7.8125,7.04265742807704,5,5,250.0,0.32059608281499186,5.621386804118357,7.04265742807704,5,250.0,-0.06000000000000005
21295.0,7,283.0,9.433333333333334,7.596079256784408,7,7,270.0,0.3473171190835114,6.331210943066321,7.596079256784408,7,270.0,-0.20000000000000018
21300.0,7,318.0,10.6,8.802549869463997,7,7,318.0,0.4303470307081657,7.748266801818744,8.802549869463997,7,318.0,-0.48
21305.0,6,97.0,2.9393939393939394,7.809508353412496,6,6,97.0,0.3583002262134468,6.630223029943593,7.809508353412496,6,97.0,2.21
21310.0,7,128.0,3.878787878787879,8.46574110357758,7,7,-12.0,0.4055852725657074,7.424492193977145,8.46574110357758,7,-12.0,1.0899999999999999
21315.0,9,166.0,4.611111111111111,7.496436425314605,9,9,166.0,0.30780318614108887,5.47863358621226,7.496436425314605,9,166.0,-1.7799999999999998
21320.0,7,91.0,2.6,8.36832689642292,7,7,91.0,0.37224059297017165,6.969362927808473,8.36832689642292,7,91.0,0.7499999999999999
21325.0,7,94.0,2.764705882352941,8.222313704624566,7,7,45.0,0.3761573450316287,6.949871713214828,8.222313704624566,7,45.0,0.46
21330.0,7,125.0,3.90625,8.456541193616422,7,7,125.0,0.4209824220617841,7.609753579587762,8.456541193616422,7,125.0,-0.8
21335.0,5,71.0,2.2903225806451615,8.500793755076792,5,5,71.0,0.4468892236575935,7.9588595315875486,8.500793755076792,5,71.0,0.54
21340.0,7,88.0,2.75,7.475444280707953,7,7,49.0,0.3617962206085741,6.141092365065822,7.475444280707953,7,49.0,0.21999999999999997
21345.0,7,121.0,3.78125,8.470240507063263,7,7,121.0,0.442809762499717,7.372691696078524,8.470240507063263,7,121.0,-0.72
21350.0,4,51.0,1.5,7.282997148902501,4,4,51.0,0.32888907221800895,5.75137510327721,7.282997148902501,4,51.0,0.7
21355.0,6,62.0,1.878787878787879,7.694369495775997,6,6,20.0,0.34410266577661236,6.2587126618210975,7.694369495775997,6,20.0,0.31
21360.0,5,86.0,2.6875,8.620640772386295,5,5,86.0,0.4414354221209942,7.846657628565064,8.620640772386295,5,86.0,-0.6599999999999999
21365.0,7,94.0,2.611111111111111,7.980383633520445,7,7,94.0,0.3815784304341366,6.860630649014643,7.980383633520445,7,94.0,-0.07999999999999996
21370.0,8,131.0,3.9696969696969697,8.34541513593603,8,8,113.0,0.3892615235245268,7.274126066379178,8.34541513593603,8,113.0,-0.18999999999999995
21375.0,10,172.0,5.0588235294117645,6.919464479553459,10,10,172.0,0.28686053788704446,5.363734906367781,6.919464479553459,10,172.0,-0.5900000000000001
21380.0,8,188.0,5.529411764705882,7.916418633547121,8,8,188.0,0.3577577621844113,6.876715028584767,7.916418633547121,8,188.0,-0.15999999999999992
21385.0,11,228.0,6.333333333333333,7.181300662179969,11,11,216.0,0.3328177105175976,5.869953501222471,7.181300662179969,11,216.0,-0.28000000000000025
21390.0,10,274.0,8.058823529411764,7.4928926295746265,10,10,274.0,0.35979080396544744,6.419668280396728,7.4928926295746265,10,274.0,-0.5800000000000001
21395.0,7,226.0,6.848484848484849,7.837434300787786,7,7,226.0,0.3848314880518153,7.121232566701124,7.837434300787786,7,226.0,0.4800000000000004
21400.0,8,251.0,7.171428571428572,6.960828079044782,8,8,212.0,0.3011914352680217,5.47021747201275,6.960828079044782,8,212.0,0.13999999999999968
21405.0,9,296.0,9.25,7.924976561465951,9,9,296.0,0.38480507769196753,6.929810060335629,7.924976561465951,9,296.0,-0.8399999999999999
21410.0,9,332.0,9.764705882352942,6.895086424367769,9,9,332.0,0.3095018884051667,5.710282251458376,6.895086424367769,9,332.0,-0.3599999999999999
21415.0,10,380.0,11.515151515151516,7.249385503769388,10,10,375.0,0.31887607413638086,5.93010916186376,7.249385503769388,10,375.0,-0.43000000000000016
21420.0,10,430.0,13.870967741935484,7.354129305318477,10,10,430.0,0.3275613303484489,6.0167687138655435,7.354129305318477,10,430.0,-0.5499999999999998
21425.0,10,234.0,6.685714285714286,6.606264528013964,9,10,233.0,0.2944891053150441,5.337293574357215,6.606264528013964,9,233.0,1.9699999999999998
21430.0,6,69.0,2.0294117647058822,7.256174161204133,6,6,-19.0,0.33057335470610877,5.933045486242258,7.256174161204133,6,-19.0,2.52
21435.0,4,74.0,2.0,7.133241827804477,4,4,74.0,0.3177753316446125,5.581251752938054,7.133241827804477,4,74.0,-0.9299999999999999
21440.0,8,101.0,2.8055555555555554,7.510012962656884,8,8,101.0,0.35227086255411444,6.521192718853204,7.510012962656884,8,101.0,-0.27
21445.0,14,153.0,4.25,7.12928861216604,14,14,153.0,0.3131463100050056,5.876465464094988,7.12928861216604,14,153.0,-0.52
21450.0,13,215.0,5.972222222222222,7.305516836687932,13,13,215.0,0.3100310496998373,5.942352333041575,7.305516836687932,13,215.0,-0.6199999999999999
21455.0,10,185.0,5.4411764705882355,7.119345124483455,10,10,185.0,0.2895576233992129,5.7682755318306045,7.119345124483455,10,185.0,0.2999999999999998
21460.0,12,232.0,6.628571428571429,6.27771000948586,12,12,194.0,0.25754731132686465,4.876128732999901,6.27771000948586,12,194.0,-0.08999999999999986
21465.0,12,292.0,8.588235294117647,7.020382942553862,12,12,292.0,0.32092874398414756,5.854943930182216,7.020382942553862,12,292.0,-0.98
21470.0,10,256.0,6.918918918918919,6.218204510141481,10,10,256.0,0.2629513362463031,4.767996744964235,6.218204510141481,10,256.0,0.3599999999999999
21475.0,7,146.0,4.171428571428572,7.304210266010466,7,7,117.0,0.3309193097095177,6.1229415364509165,7.304210266010466,7,117.0,1.3900000000000001
21480.0,5,143.0,4.205882352941177,8.02752238561023,5,5,143.0,0.3843012656275901,6.993882898449805,8.02752238561023,5,143.0,-0.26
21485.0,7,174.0,4.578947368421052,7.725580815214088,7,7,174.0,0.3571410827811848,6.616660602542313,7.725580815214088,7,174.0,-0.31000000000000005
21490.0,7,156.0,4.333333333333333,7.633867013528085,7,7,156.0,0.3736404457713724,6.943570673728796,7.633867013528085,7,156.0,0.17999999999999994
21495.0,9,194.0,5.243243243243243,6.687819912804193,9,9,167.0,0.303890028272102,5.343027031119724,6.687819912804193,9,167.0,-0.10999999999999988
21500.0,9,239.0,6.45945945945946,7.73747545370889,9,9,239.0,0.40094344206516547,7.073202282325508,7.73747545370889,9,239.0,-0.7200000000000002
21505.0,9,233.0,5.825,7.2546929294434035,9,9,233.0,0.3415966727615923,6.2302065467158885,7.2546929294434035,9,233.0,0.06000000000000005
21510.0,7,252.0,6.631578947368421,7.959162519913318,7,7,239.0,0.3851591920445588,7.085203891324314,7.959162519913318,7,239.0,-0.06000000000000005
21515.0,7,287.0,7.756756756756757,8.522245594732361,7,7,287.0,0.45592717469250105,8.137709217848222,8.522245594732361,7,287.0,-0.48
21520.0,8,217.0,5.564102564102564,6.79408017564572,8,8,217.0,0.2948076110799729,5.312260178020433,6.79408017564572,8,217.0,0.7000000000000002
21525.0,6,230.0,6.052631578947368,8.167290986798234,6,6,185.0,0.41170247180417985,7.418296136261609,8.167290986798234,6,185.0,0.31999999999999984
21530.0,6,260.0,6.5,7.820052268538603,6,6,260.0,0.36705144930024747,6.382659721341596,7.820052268538603,6,260.0,-0.75
21535.0,6,70.0,1.75,8.026873499538018,6,6,70.0,0.37960274078303324,6.781916311201962,8.026873499538018,6,70.0,1.9000000000000001
21540.0,6,100.0,2.5641025641025643,8.84031613162634,6,6,-31.0,0.43955467966107037,7.934242159693296,8.84031613162634,6,-31.0,1.01
21545.0,9,137.0,3.425,7.860467014326014,9,9,137.0,0.323119573829111,5.844945142993289,7.860467014326014,9,137.0,-1.6800000000000002
21550.0,7,158.0,4.27027027027027,8.646908444666455,7,7,158.0,0.38176026660578244,7.270317843868586,8.646908444666455,7,158.0,-0.20999999999999996
21555.0,9,196.0,5.444444444444445,7.7053065148896405,9,9,184.0,0.2991181425095715,5.5011669952856606,7.7053065148896405,9,184.0,-0.26
21560.0,9,241.0,7.303030303030303,8.330777230224697,9,9,241.0,0.37834381702202624,7.089346281568895,8.330777230224697,9,241.0,-0.5700000000000001
21565.0,9,150.0,4.285714285714286,7.685790267099108,9,9,150.0,0.3235971291995608,6.2164491741628,7.685790267099108,9,150.0,0.9100000000000001
21570.0,6,144.0,4.235294117647059,8.47204244295117,6,6,93.0,0.39427504383440815,7.569144024009323,8.47204244295117,6,93.0,0.57
21575.0,6,174.0,5.4375,8.647486034949475,6,6,174.0,0.4229320929392314,7.887157586299243,8.647486034949475,6,174.0,-0.8099999999999999
21580.0,7,67.0,2.09375,7.2280563632503565,7,7,67.0,0.3006704183544665,6.0714036943512575,7.2280563632503565,7,67.0,1.0699999999999998
21585.0,5,45.0,1.40625,7.764027629222481,5,5,-11.0,0.3409005837787415,6.883981398748979,7.764027629222481,5,-11.0,0.78
21590.0,6,71.0,2.088235294117647,6.900196925229029,6,6,71.0,0.29383663117464676,5.427216095444394,6.900196925229029,6,71.0,-0.82
21595.0,7,75.0,2.4193548387096775,7.01486641666252,7,7,75.0,0.3271748025629523,6.191900856331931,7.01486641666252,7,75.0,-0.040000000000000036
21600.0,7,110.0,3.5483870967741935,7.500283538234085,7,7,97.0,0.37527124100912357,6.616793054869775,7.500283538234085,7,97.0,-0.21999999999999997
21605.0,8,149.0,4.257142857142857,7.558235986397122,8,8,149.0,0.3683152749685002,6.49193551410103,7.558235986397122,8,149.0,-0.52
21610.0,6,138.0,3.942857142857143,8.084217205359343,6,6,138.0,0.39184119988968363,7.396315797755012,8.084217205359343,6,138.0,0.1100000000000001
21615.0,7,156.0,4.216216216216216,7.599217935482359,7,7,142.0,0.35664998335377374,6.577479712458763,7.599217935482359,7,142.0,-0.040000000000000036
21620.0,7,191.0,5.457142857142857,8.440676103217546,7,7,191.0,0.420555101302065,7.842354235406715,8.440676103217546,7,191.0,-0.49
21625.0,7,87.0,2.289473684210526,7.581705541778947,7,7,87.0,0.35272606952624275,6.81146494048551,7.581705541778947,7,87.0,1.04
21630.0,4,74.0,2.1142857142857143,8.450377082586858,4,4,20.0,0.4170942444495558,7.877050194604078,8.450377082586858,4,20.0,0.6699999999999999
21635.0,4,94.0,2.8484848484848486,9.591034665811414,4,4,94.0,0.5230840163862909,9.556231591169233,9.591034665811414,4,94.0,-0.74
21640.0,7,59.0,1.6857142857142857,7.74475022639406,7,7,59.0,0.34575357445721216,6.44724957815097,7.74475022639406,7,59.0,0.35
21645.0,7,94.0,2.764705882352941,8.769553859262471,7,7,37.0,0.41205907836236316,7.82510583585807,8.769553859262471,7,37.0,0.21999999999999997
21650.0,10,131.0,3.742857142857143,6.909151007771553,10,10,131.0,0.2780789232175385,4.840249538990782,6.909151007771553,10,131.0,-0.9400000000000001
21655.0,7,95.0,2.7142857142857144,7.745811601360178,7,7,95.0,0.3299834070527022,6.092204762190806,7.745811601360178,7,95.0,0.3600000000000001
21660.0,6,119.0,3.5,8.66746932252556,6,6,83.0,0.4220293146581059,7.787300484807225,8.66746932252556,6,83.0,0.12
21665.0,8,151.0,4.194444444444445,7.6385441919979336,8,8,151.0,0.3308540290099375,6.351771969225355,7.6385441919979336,8,151.0,-0.68
21670.0,5,106.0,3.1176470588235294,8.122803146753043,5,5,106.0,0.375127633319316,7.5680082061028635,8.122803146753043,5,106.0,0.44999999999999996
21675.0,5,121.0,3.5588235294117645,8.046542665342946,5,5,93.0,0.33714016708154826,6.633147294408029,8.046542665342946,5,93.0,0.13
21680.0,6,151.0,4.575757575757576,9.200422902062629,6,6,151.0,0.4507082726895356,8.580835617419744,9.200422902062629,6,151.0,-0.58
21685.0,5,42.0,1.2352941176470589,8.227886303626232,5,5,42.0,0.36842374479917916,7.297306648029623,8.227886303626232,5,42.0,1.09
21690.0,3,23.0,0.696969696969697,9.209175637473777,3,3,-30.0,0.45007760372466943,8.685031862946786,9.209175637473777,3,-30.0,0.72
21695.0,3,38.0,1.2258064516129032,9.699414050312152,3,3,38.0,0.5118779953136188,9.376676564707198,9.699414050312152,3,38.0,-0.6799999999999999
21700.0,7,62.0,1.9375,7.471033049271157,7,7,62.0,0.31753418684091617,5.814906757027755,7.471033049271157,7,62.0,-0.24
21705.0,8,100.0,3.225806451612903,8.166524114043305,8,8,100.0,0.3683929720723087,6.905898759618708,8.166524114043305,8,100.0,-0.38
21710.0,8,133.0,3.911764705882353,7.079428617834021,8,8,133.0,0.28790318057281794,5.101617925815186,7.079428617834021,8,133.0,-0.33000000000000007
21715.0,7,93.0,2.735294117647059,7.794365833257416,7,7,93.0,0.3403229658377338,6.338494540925831,7.794365833257416,7,93.0,0.4
21720.0,6,118.0,3.806451612903226,8.66292280391482,6,6,82.0,0.4262579788563283,7.7764642432656546,8.66292280391482,6,82.0,0.1100000000000001
21725.0,6,148.0,4.484848484848484,7.688219592998657,6,6,148.0,0.34964205329015074,6.424813160801513,7.688219592998657,6,148.0,-0.66
21730.0,5,95.0,3.064516129032258,8.098058331036896,5,5,95.0,0.39356859189085247,7.482306626575956,8.098058331036896,5,95.0,0.53
21735.0,5,112.0,3.2941176470588234,7.9665574456455,5,5,74.0,0.3515017170885065,6.62713610210439,7.9665574456455,5,74.0,0.20999999999999996
21740.0,6,141.0,4.2727272727272725,9.078223717990147,6,6,141.0,0.43828113681102215,8.202156903134172,9.078223717990147,6,141.0,-0.6699999999999999
21745.0,5,41.0,1.2424242424242424,8.735969239878335,5,5,41.0,0.40124718617804883,7.815890520748256,8.735969239878335,5,41.0,1.0
21750.0,3,20.0,0.625,9.456576323746345,3,3,-23.0,0.43596805260047206,8.841633735709205,9.456576323746345,3,-23.0,0.64
21755.0,3,35.0,1.1290322580645162,9.92539409799265,3,3,35.0,0.49308186305509855,9.526298075262815,9.92539409799265,3,35.0,-0.58
21760.0,5,22.0,0.6666666666666666,7.973628488443982,5,5,22.0,0.32734761836162735,6.496146328454095,7.973628488443982,5,22.0,0.12999999999999998
21765.0,5,47.0,1.46875,9.261153849618854,5,5,28.0,0.44450174560102634,8.461857280828827,9.261153849618854,5,28.0,-0.060000000000000026
21770.0,6,73.0,2.28125,7.75171364386748,6,6,73.0,0.3505247255853789,6.133989513599474,7.75171364386748,6,73.0,-0.44999999999999996
21775.0,6,91.0,2.935483870967742,8.35320238770044,6,6,91.0,0.3926913725830696,7.37776551043286,8.35320238770044,6,91.0,-0.18000000000000005
21780.0,6,121.0,4.033333333333333,8.96082346576088,6,6,109.0,0.4182384734931231,7.8686967627725775,8.96082346576088,6,109.0,-0.18000000000000005
21785.0,10,158.0,4.9375,7.304305912630278,10,10,158.0,0.28837692749407395,5.441956266791527,7.304305912630278,10,158.0,-0.49
21790.0,6,108.0,3.375,8.412093577999178,6,6,108.0,0.3844261987298788,7.405595495445523,8.412093577999178,6,108.0,0.5
21795.0,8,128.0,3.764705882352941,7.4781651813571175,8,8,90.0,0.3107304443968772,5.900727982782297,7.4781651813571175,8,90.0,0.18000000000000005
21800.0,7,163.0,4.9393939393939394,8.668845966334787,7,7,163.0,0.42287734962283546,7.834999271407311,8.668845966334787,7,163.0,-0.7299999999999999
21805.0,7,68.0,2.125,7.587529283329305,7,7,68.0,0.3528728824047292,6.495865532667125,7.587529283329305,7,68.0,0.9499999999999998
21810.0,4,50.0,1.6129032258064515,8.58276546011772,4,4,7.0,0.42178295363222457,7.8267736353005235,8.58276546011772,4,7.0,0.6100000000000001
21815.0,4,70.0,2.3333333333333335,9.636126832910596,4,4,70.0,0.5122827350943577,9.29167468740407,9.636126832910596,4,70.0,-0.6299999999999999
21820.0,6,94.0,2.8484848484848486,7.782262404295874,6,6,94.0,0.35994700520583045,6.548365260766491,7.782262404295874,6,94.0,-0.24
21825.0,4,38.0,1.2666666666666666,8.448117671954078,4,4,38.0,0.4247903490632486,7.713132802852435,8.448117671954078,4,38.0,0.5599999999999999
21830.0,3,48.0,1.5483870967741935,8.166793520990478,3,3,11.0,0.3906075754637911,6.957349217539882,8.166793520990478,3,11.0,0.27
21835.0,5,70.0,2.2580645161290325,8.98386045566226,5,5,70.0,0.4538736910148797,7.945267785425806,8.98386045566226,5,70.0,-0.59
21840.0,4,73.0,2.3548387096774195,9.643005237869597,4,4,73.0,0.5137923651648978,9.39134832427636,9.643005237869597,4,73.0,-0.030000000000000027
21845.0,6,97.0,2.8529411764705883,8.494740605098102,6,6,80.0,0.35294303114203185,6.7352604817504735,8.494740605098102,6,80.0,-0.07000000000000006
21850.0,7,132.0,4.258064516129032,8.819193540508559,7,7,132.0,0.3933469798199877,7.577042630150787,8.819193540508559,7,132.0,-0.52
21855.0,6,59.0,1.7352941176470589,7.6216572929037545,6,6,59.0,0.2979134121591656,5.862236838504255,7.6216572929037545,6,59.0,0.7300000000000001
21860.0,5,72.0,2.1818181818181817,8.948735603922229,5,5,28.0,0.4191959976423836,8.100562533833559,8.948735603922229,5,28.0,0.30999999999999994
21865.0,8,97.0,2.9393939393939394,8.284289172861305,8,8,97.0,0.3892389369457182,7.2925021491087945,8.284289172861305,8,97.0,-0.69
21870.0,5,86.0,2.6875,8.542296933122591,5,5,86.0,0.4144115626940468,7.999867587821012,8.542296933122591,5,86.0,0.10999999999999999
21875.0,5,111.0,3.5806451612903225,8.764763777021049,5,5,90.0,0.4118611577676011,7.9595253936619255,8.764763777021049,5,90.0,-0.040000000000000036
21880.0,8,142.0,4.4375,7.520373848448502,8,8,142.0,0.313490526622544,5.854027708183496,7.520373848448502,8,142.0,-0.5199999999999999
21885.0,8,180.0,6.0,8.006736383619044,8,8,180.0,0.3763520765704276,6.9875843404631945,8.006736383619044,8,180.0,-0.3800000000000001
21890.0,9,222.0,6.9375,6.554717240503834,9,9,221.0,0.26859909490162215,4.795882588459959,6.554717240503834,9,221.0,-0.4099999999999999
21895.0,11,276.0,9.517241379310345,6.941406794050066,11,11,276.0,0.2994063886255395,5.476815567362933,6.941406794050066,11,276.0,-0.5499999999999998
21900.0,8,161.0,5.551724137931035,7.58851122250941,8,8,161.0,0.33241735308478687,6.300556576383442,7.58851122250941,8,161.0,1.1499999999999997
21905.0,7,122.0,3.696969696969697,7.155713150031785,7,7,60.0,0.3009527637191863,5.808831629681946,7.155713150031785,7,60.0,1.0100000000000002
21910.0,7,157.0,5.064516129032258,8.15459033882143,7,7,157.0,0.4007202759536836,7.564080439925283,8.15459033882143,7,157.0,-0.9700000000000001
21915.0,9,131.0,3.9696969696969697,6.482405538782939,9,9,131.0,0.2847461854754456,5.480343725349367,6.482405538782939,9,131.0,0.26
21920.0,8,170.0,5.151515151515151,8.130432855318535,8,8,141.0,0.3850995110954666,7.424606630023844,8.130432855318535,8,141.0,-0.09999999999999987
21925.0,11,210.0,6.176470588235294,7.063522484555353,11,11,210.0,0.30826292069613914,5.57434397986474,7.063522484555353,11,210.0,-0.6900000000000002
21930.0,7,106.0,3.1176470588235294,7.879221208220499,7,7,106.0,0.37401191525576427,6.938450706237829,7.879221208220499,7,106.0,1.04
21935.0,4,76.0,2.375,8.701245615985755,4,4,19.0,0.4337708588874166,8.036138254783907,8.701245615985755,4,19.0,0.8700000000000001
21940.0,7,100.0,2.9411764705882355,7.691939958026467,7,7,100.0,0.3531873236043229,6.365812356079217,7.691939958026467,7,100.0,-0.81
21945.0,6,44.0,1.3333333333333333,8.154589619404689,6,6,44.0,0.3894443631492256,7.137185665443485,8.154589619404689,6,44.0,0.56
21950.0,4,38.0,1.0555555555555556,8.020832946705598,4,4,10.0,0.36425064685567765,6.621645482304876,8.020832946705598,4,10.0,0.33999999999999997
21955.0,6,65.0,1.8055555555555556,8.833119194239965,6,6,65.0,0.43790280323650804,7.8796280491330775,8.833119194239965,6,65.0,-0.55
21960.0,6,95.0,2.7941176470588234,8.365198843293827,6,6,95.0,0.36918275223699576,6.538494617098584,8.365198843293827,6,95.0,-0.29999999999999993
21965.0,8,132.0,3.6666666666666665,7.370536162228564,8,8,132.0,0.3032077481292557,5.437206498508887,7.370536162228564,8,132.0,-0.3700000000000001
21970.0,5,99.0,2.911764705882353,8.427523840829599,5,5,99.0,0.41337805063225647,7.672971109405732,8.427523840829599,5,99.0,0.33000000000000007
21975.0,4,110.0,3.0555555555555554,8.535076941053113,4,4,87.0,0.40144381085119607,7.536779985916939,8.535076941053113,4,87.0,0.12
21980.0,6,137.0,3.8055555555555554,9.09228148549591,6,6,137.0,0.450646095243126,8.582041138319997,9.09228148549591,6,137.0,-0.5000000000000001
21985.0,8,65.0,1.7567567567567568,7.7466098008318,7,8,64.0,0.3432769868626953,6.693729897520243,7.7466098008318,7,64.0,0.7300000000000001
21990.0,5,75.0,2.0833333333333335,8.439845246790703,5,5,33.0,0.3727043806466768,7.383789171791726,8.439845246790703,5,33.0,0.31
21995.0,4,93.0,2.90625,9.281080171833587,4,4,93.0,0.465452366921942,8.858129721074418,9.281080171833587,4,93.0,-0.6000000000000001
22000.0,8,65.0,1.9696969696969697,7.099389213387778,8,8,65.0,0.2968252316621186,5.82732800780999,7.099389213387778,8,65.0,0.28
22005.0,8,105.0,3.1818181818181817,8.292330593124895,8,8,49.0,0.3785297295518478,7.330670113073148,8.292330593124895,8,49.0,0.16000000000000003
22010.0,10,146.0,4.294117647058823,6.809131578129588,10,10,146.0,0.26104522357192433,4.937762974341016,6.809131578129588,10,146.0,-0.97
22015.0,8,148.0,4.625,7.681335903620926,8,8,148.0,0.31726797040875765,6.3957324833310825,7.681335903620926,8,148.0,-0.020000000000000018
22020.0,7,177.0,5.9,7.646348403292963,7,7,163.0,0.33599919218003577,6.278620281548101,7.646348403292963,7,163.0,-0.1499999999999999
22025.0,9,219.0,6.4411764705882355,7.4462184208897995,9,9,219.0,0.3303691605263053,6.0353943477109855,7.4462184208897995,9,219.0,-0.56
22030.0,6,167.0,5.21875,7.843564636896386,6,6,167.0,0.3663556173763695,7.015415648927536,7.843564636896386,6,167.0,0.52
22035.0,6,186.0,5.314285714285714,7.549908842494991,6,6,147.0,0.3274772064418248,6.2098578552615304,7.549908842494991,6,147.0,0.19999999999999996
22040.0,7,220.0,6.875,8.363601014757228,7,7,220.0,0.41953338835639176,7.845253871379358,8.363601014757228,7,220.0,-0.7300000000000002
22045.0,10,247.0,7.264705882352941,7.739642015666088,10,10,247.0,0.3744390345486598,7.107167731129012,7.739642015666088,10,247.0,-0.27
22050.0,8,284.0,8.875,7.967523627986244,8,8,280.0,0.3669591394644236,7.217083679033441,7.967523627986244,8,280.0,-0.3299999999999996
22055.0,8,324.0,10.125,8.35286751226305,8,8,324.0,0.38471570782330566,7.434240020495314,8.35286751226305,8,324.0,-0.4400000000000004
22060.0,8,151.0,4.575757575757576,6.772296778378134,8,8,151.0,0.2818516139925836,5.3182803091130735,6.772296778378134,8,151.0,1.7300000000000002
22065.0,5,33.0,1.0,7.971336585982552,5,5,-46.0,0.37929387468976894,7.158714889669956,7.971336585982552,5,-46.0,1.97
22070.0,5,48.0,1.3333333333333333,6.911990963331151,5,5,48.0,0.27982356131722547,5.318206127858935,6.911990963331151,5,48.0,-0.94
22075.0,5,27.0,0.75,8.04559827628028,5,5,27.0,0.359655381233443,6.938223918770338,8.04559827628028,5,27.0,0.20999999999999996
22080.0,8,64.0,1.7777777777777777,7.822016710538656,8,8,42.0,0.3439388164377892,6.360924014699414,7.822016710538656,8,42.0,-0.14999999999999997
22085.0,10,111.0,3.1714285714285713,7.394694796746931,10,10,111.0,0.31705385592686225,5.804604189445921,7.394694796746931,10,111.0,-0.6900000000000002
22090.0,7,110.0,3.4375,7.778172915056409,7,7,110.0,0.35230992353913143,6.687591158450793,7.778172915056409,7,110.0,0.010000000000000009
22095.0,3,73.0,2.212121212121212,7.5945857077666235,3,3,60.0,0.33069851581639376,6.275186758111231,7.5945857077666235,3,60.0,0.5000000000000001
22100.0,5,97.0,2.9393939393939394,9.001743499068242,5,5,97.0,0.4377495706278601,8.285184187122892,9.001743499068242,5,97.0,-0.37
22105.0,8,122.0,3.388888888888889,8.405210835138222,8,8,122.0,0.3937842118026421,7.456390615414919,8.405210835138222,8,122.0,-0.25
22110.0,5,74.0,2.1142857142857143,8.59286801074325,5,5,74.0,0.3919846893904208,7.792823721563623,8.59286801074325,5,74.0,0.48
22115.0,4,90.0,2.727272727272727,9.149356924073201,4,4,55.0,0.4343749599792528,8.281375976424622,9.149356924073201,4,55.0,0.18999999999999995
22120.0,7,117.0,3.342857142857143,8.141292400969919,7,7,117.0,0.3612208604552369,6.613544498093486,8.141292400969919,7,117.0,-0.6199999999999999
22125.0,5,80.0,2.4242424242424243,9.083492558247578,5,5,80.0,0.43510600407170313,8.418373832994492,9.083492558247578,5,80.0,0.3699999999999999
22130.0,7,107.0,2.9722222222222223,8.280733495493237,7,7,46.0,0.3213298813853863,5.936545688066622,8.280733495493237,7,46.0,0.34
22135.0,8,146.0,4.424242424242424,8.642837724486474,8,8,146.0,0.38064903353848056,6.963695676032063,8.642837724486474,8,146.0,-1.0
22140.0,5,86.0,2.6875,8.524817749446573,5,5,86.0,0.3662063369093902,6.896073581421323,8.524817749446573,5,86.0,0.6
22145.0,6,101.0,2.8857142857142857,8.141701708731228,6,6,61.0,0.35691349614834844,6.406235024307992,8.141701708731228,6,61.0,0.25
22150.0,6,131.0,3.9696969696969697,8.933398769810223,6,6,131.0,0.4525509161904242,7.87871406619607,8.933398769810223,6,131.0,-0.7000000000000001
22155.0,4,52.0,1.5757575757575757,7.5997089214414295,4,4,52.0,0.355167373258183,6.3671133158242865,7.5997089214414295,4,52.0,0.79
22160.0,4,56.0,1.75,8.852736514045723,4,4,14.0,0.44843923612615794,8.327614029710153,8.852736514045723,4,14.0,0.38
22165.0,7,76.0,2.235294117647059,8.641316246189541,7,7,76.0,0.4332230647535854,7.90451455644552,8.641316246189541,7,76.0,-0.62
22170.0,3,22.0,0.6875,8.656199287810182,3,3,22.0,0.436421429449765,8.203454444102281,8.656199287810182,3,22.0,0.54
22175.0,3,33.0,1.03125,9.879071059202943,3,3,-1.0,0.5286793444502802,10.017367099482104,9.879071059202943,3,-1.0,0.23
22180.0,6,52.0,1.625,8.446209496508512,6,6,52.0,0.38316520428386774,7.068468756669231,8.446209496508512,6,52.0,-0.53
22185.0,5,76.0,2.533333333333333,9.230818619386673,5,5,76.0,0.46689637185309635,8.996541327596434,9.230818619386673,5,76.0,-0.24
22190.0,6,102.0,3.090909090909091,7.873359362739748,6,6,101.0,0.3131666262107641,5.764818567554075,7.873359362739748,6,101.0,-0.25
22195.0,8,141.0,4.2727272727272725,8.27043616782547,8,8,141.0,0.35634457277648124,6.5969605600271475,8.27043616782547,8,141.0,-0.3999999999999999
22200.0,5,84.0,2.625,8.548729103603845,5,5,84.0,0.3970252496851642,7.424105924771447,8.548729103603845,5,84.0,0.57
22205.0,6,98.0,2.8,7.942537494832132,6,6,58.0,0.3514627928487671,6.395659149495581,7.942537494832132,6,58.0,0.26
22210.0,6,128.0,4.266666666666667,8.754593141598843,6,6,128.0,0.4602304846691321,8.137771637701036,8.754593141598843,6,128.0,-0.7000000000000001
22215.0,8,161.0,5.03125,7.510722685937463,8,8,161.0,0.3619213651478394,6.37353485687951,7.510722685937463,8,161.0,-0.33000000000000007
22220.0,5,76.0,2.533333333333333,8.371315168240976,5,5,76.0,0.4356107860020333,8.049997229555254,8.371315168240976,5,76.0,0.8500000000000001
22225.0,6,66.0,2.0,8.069360222781828,6,6,18.0,0.40094266250656807,7.283776898899511,8.069360222781828,6,18.0,0.5800000000000001
22230.0,5,87.0,2.806451612903226,8.614680450176206,5,5,87.0,0.4575330768336137,8.209053577045875,8.614680450176206,5,87.0,-0.69
22235.0,3,19.0,0.6129032258064516,9.116264592416355,3,3,19.0,0.5146896096055427,9.585998906969454,9.116264592416355,3,19.0,0.6799999999999999
22240.0,5,24.0,0.8,7.766806720371217,5,5,-15.0,0.36302568608951746,6.745659895108713,7.766806720371217,5,-15.0,0.33999999999999997
22245.0,5,49.0,1.6333333333333333,9.044551085055925,5,5,49.0,0.47870780476652625,8.70115732645625,9.044551085055925,5,49.0,-0.64
22250.0,6,75.0,2.272727272727273,7.816807178212648,6,6,75.0,0.3567222724632571,6.511888432589586,7.816807178212648,6,75.0,-0.26
22255.0,4,66.0,2.0625,8.427866323489532,4,4,66.0,0.4045132899076417,7.735366234996116,8.427866323489532,4,66.0,0.08999999999999997
22260.0,4,86.0,2.6875,9.220516198724184,4,4,68.0,0.4762123472855182,8.920149390904959,9.220516198724184,4,68.0,-0.020000000000000018
22265.0,6,111.0,3.0833333333333335,8.357523541019253,6,6,111.0,0.39577729311495646,7.158754834615823,8.357523541019253,6,111.0,-0.43000000000000005
22270.0,3,47.0,1.3428571428571427,9.237252037092198,3,3,47.0,0.482294733490874,9.126187045189438,9.237252037092198,3,47.0,0.6400000000000001
22275.0,4,52.0,1.5294117647058822,8.34962947407152,4,4,15.0,0.3869229059507327,6.952334470370113,8.34962947407152,4,15.0,0.31999999999999995
22280.0,4,72.0,2.25,9.558445523107924,4,4,72.0,0.5221537571619144,9.212824733333093,9.558445523107924,4,72.0,-0.57
22285.0,6,45.0,1.40625,8.543870696631469,6,6,45.0,0.44131733920328936,7.987352200398387,8.543870696631469,6,45.0,0.26999999999999996
22290.0,6,70.0,2.1875,8.759243016726717,6,6,28.0,0.4162724355169555,7.83453501564692,8.759243016726717,6,28.0,0.16999999999999998
22295.0,6,100.0,3.225806451612903,9.40865650556377,6,6,100.0,0.4699754352158659,8.931107059863564,9.40865650556377,6,100.0,-0.72
22300.0,9,134.0,4.1875,7.573788143932026,9,9,134.0,0.28713235156637973,5.687426344766296,7.573788143932026,9,134.0,-0.3400000000000001
22305.0,7,155.0,5.344827586206897,8.357192386802673,7,7,155.0,0.38237641913672427,7.5030741706728845,8.357192386802673,7,155.0,-0.20999999999999996
22310.0,7,190.0,6.129032258064516,7.116270263148123,7,7,177.0,0.30371392764748883,5.600825617235199,7.116270263148123,7,177.0,-0.21999999999999997
22315.0,9,234.0,7.8,7.783883326780588,9,9,234.0,0.3631420961832893,6.694845041636327,7.783883326780588,9,234.0,-0.5699999999999998
22320.0,6,178.0,6.137931034482759,7.572829236250515,6,6,178.0,0.34619938082778495,6.495257275534492,7.572829236250515,6,178.0,0.5599999999999998
22325.0,7,199.0,6.21875,7.270985681509448,7,7,158.0,0.3219577477635161,5.889347616830387,7.270985681509448,7,158.0,0.19999999999999996
22330.0,7,234.0,7.548387096774194,8.476806093028372,7,7,234.0,0.42373938903655234,7.612920047383274,8.476806093028372,7,234.0,-0.7599999999999998
22335.0,6,88.0,2.838709677419355,7.137722107273668,6,6,88.0,0.3176510392345248,6.099842036009629,7.137722107273668,6,88.0,1.46
22340.0,3,27.0,0.9310344827586207,8.874837660589607,3,3,-41.0,0.4355415198866095,8.466424968985264,8.874837660589607,3,-41.0,1.29
22345.0,5,42.0,1.3548387096774193,8.654763705348039,5,5,42.0,0.43117741370280604,7.836635673890167,8.654763705348039,5,42.0,-0.83
22350.0,5,26.0,0.8387096774193549,8.263080248218204,5,5,26.0,0.38868019860771336,7.420433309854157,8.263080248218204,5,26.0,0.15999999999999998
22355.0,5,51.0,1.6451612903225807,9.588610926698678,5,5,29.0,0.4839973721139272,9.11179617525765,9.588610926698678,5,29.0,-0.02999999999999997
22360.0,8,81.0,2.4545454545454546,8.191701078941602,8,8,81.0,0.3684477698837399,6.676887915324215,8.191701078941602,8,81.0,-0.52
22365.0,5,70.0,2.121212121212121,8.906838255317638,5,5,70.0,0.41733142722531325,8.066016040426883,8.906838255317638,5,70.0,0.1100000000000001
22370.0,4,83.0,2.4411764705882355,7.841713833825031,4,4,70.0,0.32921227636825723,6.0161268471579765,7.841713833825031,4,70.0,0.0
22375.0,6,112.0,3.393939393939394,8.674685984449804,6,6,112.0,0.416273138740624,7.414191588460763,8.674685984449804,6,112.0,-0.42000000000000015
22380.0,4,42.0,1.3125,9.29759688302605,3,4,41.0,0.4826410400987007,9.175263953065551,9.29759688302605,3,41.0,0.7100000000000002
22385.0,5,46.0,1.393939393939394,7.990146487634421,5,5,6.0,0.30743637299853255,6.2163672661064515,7.990146487634421,5,6.0,0.35
22390.0,4,65.0,2.096774193548387,8.892042346745509,4,4,65.0,0.4208042236548938,8.268773510574567,8.892042346745509,4,65.0,-0.5900000000000001
22395.0,6,88.0,2.6666666666666665,7.622179012163415,6,6,88.0,0.3374497966642447,6.475257559878122,7.622179012163415,6,88.0,-0.22999999999999998
22400.0,3,63.0,1.96875,8.808037094394935,3,3,63.0,0.43859538478241106,8.673581053315846,8.808037094394935,3,63.0,0.25
22405.0,6,78.0,2.2941176470588234,8.287937760368637,6,6,53.0,0.3974159792695973,7.512398038009383,8.287937760368637,6,53.0,0.09999999999999998
22410.0,5,101.0,3.0606060606060606,9.179892646211885,5,5,101.0,0.46361382531890794,8.70425719431991,9.179892646211885,5,101.0,-0.48
22415.0,4,118.0,3.933333333333333,9.654887002069705,4,4,118.0,0.5171308986163211,9.944878887551953,9.654887002069705,4,118.0,-0.16999999999999993
22420.0,6,143.0,4.46875,8.629251512432702,6,6,140.0,0.40728035628116666,7.357298850881282,8.629251512432702,6,140.0,-0.21999999999999997
22425.0,7,176.0,5.67741935483871,8.645670932550278,7,7,176.0,0.41229069719927314,7.5714434173800775,8.645670932550278,7,176.0,-0.3600000000000001
22430.0,5,106.0,3.1176470588235294,7.490653989068514,5,5,106.0,0.3077084596477479,5.813843094130469,7.490653989068514,5,106.0,0.7
22435.0,5,116.0,3.515151515151515,8.59887118633519,5,5,76.0,0.4099379372747835,7.470065249137374,8.59887118633519,5,76.0,0.30000000000000004
22440.0,5,141.0,4.548387096774194,9.178588764514291,5,5,141.0,0.4788229293812004,8.40819767534889,9.178588764514291,5,141.0,-0.6499999999999999
22445.0,6,155.0,4.696969696969697,7.707844924177473,6,6,155.0,0.34513301900846083,6.327309362447975,7.707844924177473,6,155.0,-0.14000000000000012
22450.0,6,185.0,5.967741935483871,8.61516316566373,6,6,176.0,0.42384773839122414,7.713095134986922,8.61516316566373,6,176.0,-0.20999999999999996
22455.0,7,217.0,6.575757575757576,7.839079646595454,7,7,217.0,0.36759485156733446,6.344924929970451,7.839079646595454,7,217.0,-0.4099999999999999
22460.0,5,171.0,6.107142857142857,8.18858514237359,5,5,171.0,0.41485177159407244,7.57199926189608,8.18858514237359,5,171.0,0.45999999999999996
22465.0,7,184.0,5.935483870967742,8.47956022593069,7,7,151.0,0.41703442621415787,7.777377242970847,8.47956022593069,7,151.0,0.19999999999999996
22470.0,6,209.0,6.741935483870968,8.959190892701223,6,6,209.0,0.43597206693008456,8.175847231817764,8.959190892701223,6,209.0,-0.5799999999999998
22475.0,4,65.0,2.1666666666666665,9.361148573894797,4,4,65.0,0.4842582496332334,9.417265679946436,9.361148573894797,4,65.0,1.44
22480.0,6,90.0,2.8125,7.918160922338325,6,6,-22.0,0.34082796033691903,6.438921030476915,7.918160922338325,6,-22.0,0.87
22485.0,7,125.0,3.90625,8.782030031500545,7,7,125.0,0.41034418043416904,7.631852401209917,8.782030031500545,7,125.0,-1.47
22490.0,5,59.0,1.7878787878787878,7.481600843651621,5,5,59.0,0.30763605774750985,5.78510050134454,7.481600843651621,5,59.0,0.66
22495.0,5,70.0,2.3333333333333335,8.623533588031334,5,5,29.0,0.4065424873738898,7.56466544821002,8.623533588031334,5,29.0,0.3
22500.0,5,95.0,3.1666666666666665,9.002422141898185,5,5,95.0,0.44907493138902266,8.056567315529657,9.002422141898185,5,95.0,-0.6599999999999999
22505.0,7,127.0,3.8484848484848486,7.961905142773353,7,7,127.0,0.3436593532431389,6.415082043255584,7.961905142773353,7,127.0,-0.32000000000000006
22510.0,4,66.0,2.0625,8.762371157229488,4,4,66.0,0.42409705247458535,7.963957016718695,8.762371157229488,4,66.0,0.61
22515.0,3,72.0,2.1818181818181817,8.017080834026311,3,3,34.0,0.3571678651389553,6.6045057627866175,8.017080834026311,3,34.0,0.32
22520.0,5,97.0,3.03125,9.263665488291252,5,5,97.0,0.4754733525865972,8.694439323043687,9.263665488291252,5,97.0,-0.6299999999999999
22525.0,7,122.0,3.8125,8.481821438633757,7,7,122.0,0.402298197089884,7.45698750018106,8.481821438633757,7,122.0,-0.25
22530.0,7,155.0,5.0,8.389244168296992,7,7,155.0,0.3702011097745853,7.283633382735903,8.389244168296992,7,155.0,-0.33000000000000007
22535.0,8,195.0,6.5,8.898748646702204,8,8,195.0,0.4094056541795989,8.132399325420177,8.898748646702204,8,195.0,-0.3999999999999999
22540.0,9,94.0,2.9375,7.0281249087902395,8,9,93.0,0.2841516166634467,5.61741331324985,7.0281249087902395,8,93.0,1.02
22545.0,6,78.0,2.4375,7.9751400046382654,6,6,23.0,0.3449124452885206,6.844971624060774,7.9751400046382654,6,23.0,0.7000000000000001
22550.0,6,103.0,3.0294117647058822,7.31801467114854,6,6,103.0,0.3170267030504094,5.936765906173852,7.31801467114854,6,103.0,-0.8
22555.0,7,61.0,1.8484848484848484,7.694407799801495,7,7,61.0,0.35338923868717653,6.7844526474757245,7.694407799801495,7,61.0,0.42000000000000004
22560.0,7,86.0,2.8666666666666667,7.63873314525624,7,7,51.0,0.3431796925971158,6.380949758503325,7.63873314525624,7,51.0,0.09999999999999998
22565.0,8,120.0,3.6363636363636362,6.97623049984177,8,8,120.0,0.31724709348192787,5.611336538627967,6.97623049984177,8,120.0,-0.69
22570.0,6,111.0,3.5806451612903225,7.9682103004747225,6,6,111.0,0.40166408750915866,7.2641480324619465,7.9682103004747225,6,111.0,0.08999999999999986
22575.0,6,129.0,4.161290322580645,7.1011342878744195,6,6,116.0,0.3456385705461968,6.135136353223529,7.1011342878744195,6,116.0,-0.04999999999999982
22580.0,7,163.0,5.258064516129032,8.452201155720047,7,7,163.0,0.4364213676984785,7.706926431327266,8.452201155720047,7,163.0,-0.47
22585.0,9,173.0,5.242424242424242,7.297474042881533,8,9,172.0,0.34891201361458857,6.452942474524519,7.297474042881533,8,172.0,-0.09000000000000008
22590.0,7,205.0,6.212121212121212,7.853151428203546,7,7,193.0,0.3542528366542884,6.598955683410885,7.853151428203546,7,193.0,-0.20999999999999996
22595.0,7,240.0,7.2727272727272725,8.852668846775435,7,7,240.0,0.43594816490183225,7.952062390916615,8.852668846775435,7,240.0,-0.47
22600.0,7,96.0,2.742857142857143,7.155596819536926,7,7,96.0,0.29594271083177404,5.658150261984192,7.155596819536926,7,96.0,1.44
22605.0,4,35.0,1.0606060606060606,8.172246650720133,4,4,-34.0,0.3792880064158852,7.470534837645657,8.172246650720133,4,-34.0,1.3
22610.0,4,55.0,1.5277777777777777,7.419830108189548,4,4,55.0,0.3066652978368622,5.85750325267249,7.419830108189548,4,55.0,-0.8900000000000001
22615.0,6,42.0,1.2352941176470589,7.702885027897544,6,6,42.0,0.3452446510941013,6.653967154518716,7.702885027897544,6,42.0,0.13000000000000006
22620.0,7,77.0,2.264705882352941,8.194803415268234,7,7,54.0,0.3637195825370831,6.887831712490028,8.194803415268234,7,54.0,-0.12000000000000005
22625.0,9,118.0,3.1052631578947367,7.890489243420922,9,9,118.0,0.326429004520276,6.251784974017431,7.890489243420922,9,118.0,-0.6399999999999999
22630.0,6,112.0,3.111111111111111,8.479739852744213,6,6,112.0,0.3705042547702334,7.408797428469256,8.479739852744213,6,112.0,0.05999999999999983
22635.0,6,112.0,3.2941176470588234,7.880358767943644,6,6,99.0,0.3268866363497187,6.154040356925462,7.880358767943644,6,99.0,0.13000000000000012
22640.0,6,142.0,4.4375,9.095603408302846,6,6,142.0,0.4565320674303924,8.332219827739541,9.095603408302846,6,142.0,-0.42999999999999994
22645.0,7,73.0,2.085714285714286,7.8164042583248605,7,7,73.0,0.3495453372677706,6.583311847348566,7.8164042583248605,7,73.0,0.69
22650.0,5,84.0,2.4705882352941178,8.90321297540158,5,5,44.0,0.43070708261356105,8.058459090765396,8.90321297540158,5,44.0,0.29
22655.0,5,109.0,3.40625,9.335296523240693,5,5,109.0,0.4876274966610859,8.754723538298402,9.335296523240693,5,109.0,-0.6500000000000001
22660.0,7,80.0,2.2857142857142856,7.602102130371359,7,7,80.0,0.320150128866741,5.8413732250036015,7.602102130371359,7,80.0,0.29000000000000004
22665.0,7,115.0,3.484848484848485,8.588580129951755,7,7,59.0,0.4127187125861073,7.412893454773824,8.588580129951755,7,59.0,0.21000000000000008
22670.0,8,150.0,4.285714285714286,7.539532791505469,8,8,150.0,0.3246002102625918,5.789453083853055,7.539532791505469,8,150.0,-0.91
22675.0,7,108.0,3.375,7.761821000271535,7,7,108.0,0.33036665957681344,6.429199944760281,7.761821000271535,7,108.0,0.41999999999999993
22680.0,6,135.0,4.354838709677419,8.250692952693566,6,6,98.0,0.37541569927790686,7.2112895438354565,8.250692952693566,6,98.0,0.10000000000000009
22685.0,8,171.0,4.885714285714286,7.7332232320988314,8,8,171.0,0.33952296591684306,6.354978515201948,7.7332232320988314,8,171.0,-0.73
22690.0,5,87.0,2.71875,8.153619325638813,5,5,87.0,0.4030720319741825,7.740506019128937,8.153619325638813,5,87.0,0.84
22695.0,5,77.0,2.2,7.88189506173742,5,5,34.0,0.34805173718136445,6.527544706228269,7.88189506173742,5,34.0,0.53
22700.0,5,102.0,3.0,9.370681518365375,5,5,102.0,0.4716243535905969,8.73825758550347,9.370681518365375,5,102.0,-0.6799999999999999
22705.0,6,26.0,0.7222222222222222,8.349090107892028,6,6,26.0,0.3760568976770184,7.166424387496254,8.349090107892028,6,26.0,0.76
22710.0,4,31.0,0.9393939393939394,9.214125701697416,4,4,-10.0,0.42828097134710524,8.346688553246715,9.214125701697416,4,-10.0,0.36
22715.0,4,51.0,1.6451612903225807,10.066547464462413,4,4,51.0,0.5115493516429146,9.77260740831069,10.066547464462413,4,51.0,-0.61
22720.0,7,75.0,2.34375,8.299963115587383,7,7,75.0,0.346637629260742,6.8263455783021785,8.299963115587383,7,75.0,-0.24
22725.0,7,110.0,3.5483870967741935,9.059219362207124,7,7,110.0,0.4063377369029627,8.035655577983839,9.059219362207124,7,110.0,-0.3500000000000001
22730.0,9,147.0,4.59375,6.9175027878812525,9,9,147.0,0.24827527619067655,4.735709394140818,6.9175027878812525,9,147.0,-0.3699999999999999
22735.0,8,176.0,5.5,7.929004148894845,8,8,176.0,0.33404133779758327,6.414196927791609,7.929004148894845,8,176.0,-0.29000000000000004
22740.0,8,216.0,6.75,8.357902397120826,8,8,205.0,0.3739091250833749,6.93107230663704,8.357902397120826,8,205.0,-0.2899999999999998
22745.0,10,262.0,7.485714285714286,7.454731687314961,10,10,262.0,0.30240748126743083,5.699212636502529,7.454731687314961,10,262.0,-0.5700000000000003
22750.0,7,181.0,5.65625,8.086102367879093,7,7,181.0,0.3587455280615684,7.049643063899083,8.086102367879093,7,181.0,0.81
22755.0,7,181.0,5.484848484848484,7.29587790592744,7,7,130.0,0.30607964550606287,5.833887408659228,7.29587790592744,7,130.0,0.51
22760.0,7,216.0,6.75,8.668955203436806,7,7,216.0,0.4143866778610124,7.851201768205674,8.668955203436806,7,216.0,-0.8600000000000001
22765.0,11,254.0,7.696969696969697,7.231583054129792,11,11,254.0,0.310215211493284,5.881617481672386,7.231583054129792,11,254.0,-0.3799999999999999
22770.0,11,306.0,10.551724137931034,7.346766466907579,11,11,306.0,0.3140981188120978,6.259236693434188,7.346766466907579,11,306.0,-0.52
22775.0,11,361.0,12.448275862068966,7.6196318786784385,11,11,361.0,0.322954557841537,6.451443104906789,7.6196318786784385,11,361.0,-0.5499999999999998
22780.0,11,211.0,6.59375,6.228306867093168,11,11,211.0,0.23696781425840985,4.786121311372118,6.228306867093168,11,211.0,1.5
22785.0,6,105.0,3.28125,7.502836530358381,6,6,32.0,0.3349620450858051,6.5222620380404885,7.502836530358381,6,32.0,1.7899999999999998
22790.0,7,136.0,3.8857142857142857,7.3268608086556615,7,7,136.0,0.3187196976112689,6.047847028344479,7.3268608086556615,7,136.0,-1.04
22795.0,8,175.0,5.46875,7.93933857493858,8,8,175.0,0.36349525220157547,7.056089128393839,7.93933857493858,8,175.0,-0.3899999999999999
22800.0,6,117.0,3.65625,7.735564441735036,6,6,117.0,0.3327840047103435,6.404870507122078,7.735564441735036,6,117.0,0.5800000000000001
22805.0,7,138.0,3.942857142857143,7.645257971893488,7,7,97.0,0.30769024923100297,6.131147432906852,7.645257971893488,7,97.0,0.19999999999999996
22810.0,7,173.0,5.088235294117647,8.57562457764021,7,7,173.0,0.39076110131395186,7.6129568452817775,8.57562457764021,7,173.0,-0.76
22815.0,6,73.0,2.085714285714286,7.47779716881773,6,6,73.0,0.2924724510121909,5.972077073691019,7.47779716881773,6,73.0,1.0
22820.0,4,53.0,1.5142857142857142,9.261045655323874,4,4,5.0,0.42548614712121874,8.49522075010415,9.261045655323874,4,5.0,0.6799999999999999
22825.0,6,73.0,2.0277777777777777,8.762547394019519,6,6,73.0,0.39097916587467735,7.31608623716181,8.762547394019519,6,73.0,-0.6799999999999999
22830.0,5,29.0,0.8055555555555556,8.719273438700364,5,5,29.0,0.3988248888139613,7.534854030683164,8.719273438700364,5,29.0,0.44
22835.0,4,44.0,1.2222222222222223,9.860826180600135,4,4,16.0,0.48434761390090614,9.305367413646211,9.860826180600135,4,16.0,0.12999999999999998
22840.0,7,70.0,2.0,8.733933914244544,7,7,70.0,0.362571700935339,6.8763335702558805,8.733933914244544,7,70.0,-0.5399999999999999
22845.0,4,63.0,1.8529411764705883,8.998519488912331,4,4,63.0,0.40535308286257554,8.009373793205505,8.998519488912331,4,63.0,0.06999999999999995
22850.0,5,84.0,2.4705882352941178,8.362840950387575,5,5,71.0,0.3373984191493453,6.38834116381145,8.362840950387575,5,71.0,-0.07999999999999996
22855.0,6,113.0,3.4242424242424243,8.923984061874778,6,6,113.0,0.39730684122256715,7.370381831785902,8.923984061874778,6,113.0,-0.41999999999999993
22860.0,3,42.0,1.3548387096774193,9.489777687779446,3,3,42.0,0.4628134840652624,8.749366295222147,9.489777687779446,3,42.0,0.71
22865.0,4,44.0,1.3333333333333333,8.618790857411772,4,4,4.0,0.35698688841723447,6.77588835203114,8.618790857411772,4,4.0,0.38
22870.0,4,64.0,2.0,9.963783251935283,4,4,64.0,0.49326248012748575,9.202775893307859,9.963783251935283,4,64.0,-0.6
22875.0,4,73.0,2.212121212121212,8.90139919502543,4,4,73.0,0.41044176733231685,7.9182642414844295,8.90139919502543,4,73.0,-0.08999999999999997
22880.0,5,98.0,3.161290322580645,9.896915104314365,5,5,91.0,0.49754155915783116,9.090859134990737,9.896915104314365,5,91.0,-0.18000000000000005
22885.0,7,123.0,3.967741935483871,9.072556206773632,7,7,123.0,0.42258490081609973,7.721460454688995,9.072556206773632,7,123.0,-0.31999999999999995
22890.0,6,139.0,4.633333333333334,8.70169680115907,6,6,139.0,0.40647644481099315,7.478553106956863,8.70169680115907,6,139.0,-0.15999999999999992
22895.0,6,169.0,5.633333333333334,9.594196001777611,6,6,159.0,0.476538683001903,8.518580561918782,9.594196001777611,6,159.0,-0.20000000000000018
22900.0,9,202.0,6.733333333333333,7.214005408568441,9,9,202.0,0.3211256642237029,5.511545217002118,7.214005408568441,9,202.0,-0.42999999999999994
22905.0,6,121.0,4.033333333333333,8.01423405829606,6,6,121.0,0.3794517178290124,6.831729382674221,8.01423405829606,6,121.0,0.81
22910.0,4,115.0,3.7096774193548385,7.936755264543927,4,4,66.0,0.3738021692211812,6.666266838927325,7.936755264543927,4,66.0,0.5499999999999999
22915.0,6,140.0,4.666666666666667,8.61717629266332,6,6,140.0,0.4250208631718011,7.566890260669908,8.61717629266332,6,140.0,-0.7399999999999999
22920.0,6,170.0,6.296296296296297,9.004399020463199,6,6,170.0,0.4709563148817975,8.590295446668433,9.004399020463199,6,170.0,-0.30000000000000004
22925.0,5,128.0,4.266666666666667,7.335623915020528,5,5,128.0,0.3401070355374413,6.106548857078356,7.335623915020528,5,128.0,0.41999999999999993
22930.0,4,147.0,4.9,9.031292821367648,4,4,116.0,0.4818273773360537,8.553403452737827,9.031292821367648,4,116.0,0.1200000000000001
22935.0,4,167.0,5.387096774193548,8.584401933261324,4,4,167.0,0.435140082036834,7.6030709828462015,8.584401933261324,4,167.0,-0.51
22940.0,3,50.0,1.6129032258064515,9.042541754061947,3,3,50.0,0.48454716918163515,8.790657428588904,9.042541754061947,3,50.0,1.17
22945.0,7,70.0,2.0588235294117645,8.894634867347024,7,7,-27.0,0.4358867619910129,7.7615347092843585,8.894634867347024,7,-27.0,0.77
22950.0,7,99.0,3.09375,8.541346172602196,7,7,99.0,0.4171838068067311,7.448150102575148,8.541346172602196,7,99.0,-1.26
22955.0,4,39.0,1.2580645161290323,9.390328301015883,4,4,39.0,0.5025586036930648,9.34121784279793,9.390328301015883,4,39.0,0.6
22960.0,6,48.0,1.4545454545454546,7.6875488429388135,6,6,9.0,0.3387638143525259,6.156499246380006,7.6875488429388135,6,9.0,0.30000000000000004
22965.0,6,78.0,2.3636363636363638,8.844260123238294,6,6,78.0,0.44832186962005555,8.024971426734483,8.844260123238294,6,78.0,-0.6900000000000001
22970.0,5,74.0,2.242424242424242,7.628347665579565,5,5,74.0,0.33937122727234725,6.353408825784673,7.628347665579565,5,74.0,0.040000000000000036
22975.0,6,100.0,3.125,8.532578528636614,6,6,82.0,0.3958407196526539,7.552317752678914,8.532578528636614,6,82.0,-0.07999999999999996
22980.0,6,130.0,4.642857142857143,8.432995837571655,6,6,130.0,0.4048714302678777,7.529997215426677,8.432995837571655,6,130.0,-0.4800000000000001
22985.0,6,60.0,1.875,7.494560843554222,6,6,60.0,0.31491058134345845,6.229337501048684,7.494560843554222,6,60.0,0.7000000000000001
22990.0,4,61.0,1.90625,8.885371542414152,4,4,21.0,0.4390138534574799,8.240510715234027,8.885371542414152,4,21.0,0.39
22995.0,5,82.0,2.411764705882353,8.240448913409836,5,5,82.0,0.40192572164425056,7.279452258883957,8.240448913409836,5,82.0,-0.61
23000.0,5,94.0,3.1333333333333333,8.826443893375082,5,5,94.0,0.4473250756289507,8.56040944333128,8.826443893375082,5,94.0,-0.12
23005.0,8,119.0,3.606060606060606,8.128201530622174,8,8,108.0,0.3802591062684869,7.040195766427037,8.128201530622174,8,108.0,-0.14000000000000012
23010.0,7,153.0,4.636363636363637,8.643300540372893,7,7,153.0,0.41288314704091106,7.635530753296396,8.643300540372893,7,153.0,-0.44999999999999996
23015.0,5,161.0,5.03125,9.03741167166707,5,5,161.0,0.4511647651970474,8.714151887562677,9.03741167166707,5,161.0,-0.08000000000000007
23020.0,7,191.0,5.96875,7.609604217238771,7,7,178.0,0.32746260255210696,6.1687434381237,7.609604217238771,7,178.0,-0.16999999999999993
23025.0,8,231.0,7.451612903225806,8.25711328363053,8,8,231.0,0.3973364803156473,7.299661640929446,8.25711328363053,8,231.0,-0.53
23030.0,7,133.0,4.290322580645161,6.98763032215958,7,7,133.0,0.31138386903936394,5.60797257425524,6.98763032215958,7,133.0,0.98
23035.0,5,118.0,3.806451612903226,8.073343932543546,5,5,67.0,0.39257110029240355,7.049786906109429,8.073343932543546,5,67.0,0.66
23040.0,5,143.0,4.612903225806452,8.955902827037335,5,5,143.0,0.473581618282516,8.367508827231829,8.955902827037335,5,143.0,-0.7599999999999999
23045.0,7,172.0,4.914285714285715,7.676205610049604,7,7,172.0,0.3497118633213072,6.254435888608616,7.676205610049604,7,172.0,-0.29000000000000004
23050.0,4,147.0,4.59375,8.767545417028218,4,4,147.0,0.4517784459801067,8.243727685443744,8.767545417028218,4,147.0,0.25
23055.0,4,167.0,5.0606060606060606,7.958407248836799,4,4,140.0,0.3647054106694673,6.8261203501899805,7.958407248836799,4,140.0,0.07000000000000006
23060.0,6,196.0,6.32258064516129,8.793286305993744,6,6,196.0,0.4548348729694515,8.358920839307148,8.793286305993744,6,196.0,-0.56
23065.0,7,75.0,2.272727272727273,8.224174855288034,7,7,75.0,0.41987078802813665,7.7998401997576625,8.224174855288034,7,75.0,1.21
23070.0,7,104.0,3.25,8.418048012861162,7,7,3.0,0.4130143948705818,7.477837715395265,8.418048012861162,7,3.0,0.72
23075.0,7,139.0,4.483870967741935,8.691758187217644,7,7,139.0,0.4584412522190205,8.089309422474736,8.691758187217644,7,139.0,-1.3599999999999999
23080.0,8,70.0,2.121212121212121,6.853267596130761,8,8,70.0,0.290506560298708,5.268610889597459,6.853267596130761,8,70.0,0.69
23085.0,6,84.0,2.5454545454545454,8.204132674849308,6,6,40.0,0.4128239964869936,7.362784326333092,8.204132674849308,6,40.0,0.29999999999999993
23090.0,6,114.0,3.1666666666666665,7.387001997008138,6,6,114.0,0.3387515592777255,5.923483369734792,7.387001997008138,6,114.0,-0.7399999999999999
23095.0,6,72.0,2.0,7.769707367105454,6,6,72.0,0.3521310519521507,6.588172035744247,7.769707367105454,6,72.0,0.41999999999999993
23100.0,5,93.0,2.8181818181818183,8.884274196592182,5,5,59.0,0.4369855661941977,8.195664215074414,8.884274196592182,5,59.0,0.13
23105.0,6,121.0,3.78125,8.09734334057798,6,6,121.0,0.35849359787387347,6.87763242224684,8.09734334057798,6,121.0,-0.62
23110.0,4,62.0,2.0,8.583660437514885,4,4,62.0,0.3959545689261152,8.087830916520957,8.583660437514885,4,62.0,0.59
23115.0,5,76.0,2.375,7.929033856020846,5,5,38.0,0.3403942078557643,6.578419289937325,7.929033856020846,5,38.0,0.24
23120.0,5,101.0,3.2580645161290325,9.141186423006708,5,5,101.0,0.4601114297285079,8.68795012818787,9.141186423006708,5,101.0,-0.63
23125.0,7,80.0,2.3529411764705883,8.155412903201679,7,7,80.0,0.37077187812729107,7.253522904744146,8.155412903201679,7,80.0,0.20999999999999996
23130.0,7,112.0,3.393939393939394,8.832613400433623,7,7,71.0,0.38853888830236977,7.995328862144212,8.832613400433623,7,71.0,0.09000000000000008
23135.0,7,147.0,4.454545454545454,9.216286778034432,7,7,147.0,0.41686789110817896,8.510270621079023,9.216286778034432,7,147.0,-0.76
23140.0,7,75.0,2.142857142857143,7.609077288303521,7,7,75.0,0.29726287012024005,5.888549590393439,7.609077288303521,7,75.0,0.72
23145.0,5,84.0,2.625,8.708067064175602,5,5,41.0,0.4224917607341602,8.005213267529262,8.708067064175602,5,41.0,0.34
23150.0,7,111.0,3.264705882352941,7.699961046679851,7,7,111.0,0.3528184684204102,6.221794653693896,7.699961046679851,7,111.0,-0.7000000000000002
23155.0,5,60.0,1.875,8.099533069153422,5,5,60.0,0.3907029446290719,7.149317045514457,8.099533069153422,5,60.0,0.5100000000000001
23160.0,4,74.0,2.466666666666667,8.961959763241458,4,4,37.0,0.4635822163315852,8.453343008729895,8.961959763241458,4,37.0,0.22999999999999998
23165.0,6,99.0,3.0,8.190420249022045,6,6,99.0,0.3882229627354645,6.875147097774806,8.190420249022045,6,99.0,-0.62
23170.0,6,129.0,4.161290322580645,8.99562777926661,6,6,129.0,0.4523623693626782,8.31256169732896,8.99562777926661,6,129.0,-0.30000000000000004
23175.0,7,160.0,4.848484848484849,7.648081796739427,7,7,160.0,0.304220898385681,5.62598912810103,7.648081796739427,7,160.0,-0.31000000000000005
23180.0,9,205.0,6.212121212121212,8.418699635156376,9,9,205.0,0.3743690099544665,6.96980934274827,8.418699635156376,9,205.0,-0.44999999999999973
23185.0,12,250.0,7.8125,7.434798597260437,12,12,250.0,0.3231868062980196,5.973032369165577,7.434798597260437,12,250.0,-0.4500000000000002
23190.0,9,226.0,7.0625,7.477422415817864,9,9,226.0,0.3277659333230466,6.212829490844719,7.477422415817864,9,226.0,0.2400000000000002
23195.0,8,264.0,8.25,8.169705124394707,8,8,232.0,0.3952874053694977,7.15406997323661,8.169705124394707,8,232.0,-0.06000000000000005
23200.0,10,310.0,9.6875,7.1037357874606775,10,10,310.0,0.3258103738619204,5.658183170709063,7.1037357874606775,10,310.0,-0.7800000000000002
23205.0,8,308.0,10.620689655172415,6.7889386381586485,8,8,308.0,0.34789390672134274,6.263813215660533,6.7889386381586485,8,308.0,0.020000000000000018
23210.0,9,350.0,10.9375,6.036658886526356,9,9,325.0,0.2646356321523743,4.8194539677117945,6.036658886526356,9,325.0,-0.16999999999999993
23215.0,10,399.0,12.870967741935484,6.965529995443359,10,10,399.0,0.3217982440165421,5.863693250501703,6.965529995443359,10,399.0,-0.7400000000000002
23220.0,7,202.0,7.214285714285714,7.011573747431202,7,7,202.0,0.3191762833505467,6.132772395446938,7.011573747431202,7,202.0,1.9700000000000002
23225.0,5,48.0,1.5,7.13682493182608,5,5,-41.0,0.3173010326053266,6.018603177424652,7.13682493182608,5,-41.0,2.43
23230.0,4,63.0,1.96875,9.077958764136376,4,4,63.0,0.4642441601139293,8.611685149915449,9.077958764136376,4,63.0,-1.04
23235.0,8,56.0,1.6,7.502238015965853,8,8,56.0,0.34987927958210796,6.418194254037749,7.502238015965853,8,56.0,0.06999999999999995
23240.0,9,101.0,2.8857142857142857,8.32963336825589,9,9,71.0,0.3798243476782104,7.0348232697678,8.32963336825589,9,71.0,-0.1499999999999999
23245.0,13,151.0,3.973684210526316,7.091112799487611,13,13,151.0,0.2813577342646844,5.04719876863016,7.091112799487611,13,151.0,-0.8
23250.0,10,132.0,3.5675675675675675,7.5500784903508515,10,10,132.0,0.3169258740088495,5.864359513225589,7.5500784903508515,10,132.0,0.18999999999999995
23255.0,9,172.0,4.914285714285715,8.169865511038415,9,9,138.0,0.38569475833609845,6.999815182294219,8.169865511038415,9,138.0,-0.05999999999999983
23260.0,12,223.0,5.868421052631579,6.94381202848972,12,12,223.0,0.2788122536990893,5.002733741375747,6.94381202848972,12,223.0,-0.8500000000000001
23265.0,9,192.0,5.818181818181818,7.312513044237914,9,9,192.0,0.3252584156839175,6.185821221769216,7.312513044237914,9,192.0,0.31000000000000005
23270.0,8,224.0,6.4,7.067358849159654,8,8,187.0,0.2834531877778905,5.396788613605715,7.067358849159654,8,187.0,0.04999999999999982
23275.0,10,273.0,8.272727272727273,7.738861890277753,10,10,273.0,0.3452146397400591,6.451368786238985,7.738861890277753,10,273.0,-0.8599999999999999
23280.0,8,183.0,5.71875,7.309101729316472,8,8,183.0,0.3140726312254435,5.944292554310695,7.309101729316472,8,183.0,0.8999999999999999
23285.0,5,52.0,1.4857142857142858,7.4109130947039485,5,5,9.0,0.3262778466478737,5.965290641359032,7.4109130947039485,5,9.0,1.74
23290.0,4,66.0,1.9411764705882353,8.926062932900152,4,4,66.0,0.4508772970626551,8.124184897640145,8.926062932900152,4,66.0,-0.5700000000000001
23295.0,7,57.0,1.5833333333333333,7.564080720878057,7,7,57.0,0.33279981025134087,6.17918450020608,7.564080720878057,7,57.0,0.09000000000000008
23300.0,10,105.0,2.9166666666666665,8.251759394412236,10,10,74.0,0.3585533633893395,6.846759294442956,8.251759394412236,10,74.0,-0.17000000000000004
23305.0,13,155.0,4.078947368421052,6.996322074938758,13,13,155.0,0.264145748670942,4.999164425205348,6.996322074938758,13,155.0,-0.81
23310.0,10,168.0,4.666666666666667,7.493479488944301,10,10,168.0,0.31483325346758056,6.04589298289419,7.493479488944301,10,168.0,-0.1299999999999999
23315.0,7,169.0,4.970588235294118,8.070840603467282,7,7,156.0,0.3894387431435136,7.084527331480933,8.070840603467282,7,156.0,0.11999999999999988
23320.0,10,211.0,5.702702702702703,7.210138545312062,10,10,211.0,0.3303936163073918,5.757904181197742,7.210138545312062,10,211.0,-0.5499999999999998
23325.0,10,175.0,5.0,7.280978348468139,9,10,174.0,0.34637085101826787,6.370095066230526,7.280978348468139,9,174.0,0.3699999999999999
23330.0,10,208.0,5.942857142857143,5.584585801206784,10,10,170.0,0.21850860153934296,3.9234152391223227,5.584585801206784,10,170.0,0.040000000000000036
23335.0,10,257.0,7.3428571428571425,7.062395374605029,10,10,257.0,0.3200269885029222,5.711276742550846,7.062395374605029,10,257.0,-0.8699999999999999
23340.0,9,141.0,4.0285714285714285,7.0807184379697965,9,9,141.0,0.33492887856928055,5.930544213113137,7.0807184379697965,9,141.0,1.16
23345.0,7,107.0,2.9722222222222223,6.517436232105933,7,7,43.0,0.27680622772168084,5.200110385062019,6.517436232105933,7,43.0,0.98
23350.0,8,147.0,4.323529411764706,7.3035272890883824,8,8,147.0,0.3401873455677604,6.338993353536219,7.3035272890883824,8,147.0,-1.04
23355.0,9,105.0,2.9166666666666665,6.26013592017688,9,9,105.0,0.2758059402450023,5.127722395241649,6.26013592017688,9,105.0,0.41999999999999993
23360.0,9,133.0,3.6944444444444446,7.597619234659269,9,9,105.0,0.359335230879603,6.6636824079464345,7.597619234659269,9,105.0,0.0
23365.0,11,178.0,4.684210526315789,7.475890221782983,11,11,178.0,0.3378087498933309,6.171617532017186,7.475890221782983,11,178.0,-0.73
23370.0,10,144.0,3.789473684210526,7.447723072894154,9,10,143.0,0.33026182186519526,6.389035603655494,7.447723072894154,9,143.0,0.3500000000000001
23375.0,8,161.0,4.351351351351352,7.602387946491246,8,8,132.0,0.3221878877695156,6.1453625996947485,7.602387946491246,8,132.0,0.10999999999999988
23380.0,11,202.0,5.45945945945946,6.762660444124887,11,11,202.0,0.27474093903120134,4.932548302275621,6.762660444124887,11,202.0,-0.7
23385.0,10,165.0,4.583333333333333,7.087890811409376,10,10,165.0,0.30598388317659325,5.769211784300693,7.087890811409376,10,165.0,0.3700000000000001
23390.0,7,142.0,3.641025641025641,6.3999002308860105,7,7,114.0,0.23301586036081742,4.570472813094452,6.3999002308860105,7,114.0,0.51
23395.0,9,186.0,5.027027027027027,7.2704428278505375,9,9,186.0,0.3022263051644047,5.823817338355043,7.2704428278505375,9,186.0,-0.7200000000000002
23400.0,9,183.0,5.083333333333333,7.288989593018757,9,9,183.0,0.3066943092223038,5.965827802356356,7.288989593018757,9,183.0,0.030000000000000027
23405.0,10,217.0,5.7105263157894735,7.050020399121101,10,10,203.0,0.28814657602803795,5.610430136337413,7.050020399121101,10,203.0,-0.19999999999999973
23410.0,10,267.0,7.416666666666667,7.776465719117742,10,10,267.0,0.354518933896074,6.742240753796472,7.776465719117742,10,267.0,-0.6400000000000001
23415.0,9,210.0,5.384615384615385,7.012458533279867,9,9,210.0,0.28067385458190935,5.4685625815591745,7.012458533279867,9,210.0,0.5699999999999998
23420.0,8,235.0,6.184210526315789,8.166264073376123,8,8,192.0,0.37723858406900457,7.2246202765341785,8.166264073376123,8,192.0,0.18000000000000016
23425.0,12,276.0,7.45945945945946,7.179037049663676,12,12,276.0,0.3260505962539514,5.892452953371272,7.179037049663676,12,276.0,-0.8399999999999999
23430.0,9,308.0,8.324324324324325,7.669636905067324,9,9,308.0,0.35462234545063986,6.633825237192201,7.669636905067324,9,308.0,-0.3200000000000003
23435.0,9,353.0,9.805555555555555,7.899480987454672,9,9,342.0,0.36069401240248516,6.840960290993037,7.899480987454672,9,342.0,-0.33999999999999986
23440.0,12,405.0,10.384615384615385,6.9767616636373875,12,12,405.0,0.28233239903053803,5.116862075249735,6.9767616636373875,12,405.0,-0.6299999999999999
23445.0,10,325.0,8.783783783783784,7.359700961750914,10,10,325.0,0.3280743439560943,6.046478675780734,7.359700961750914,10,325.0,0.7999999999999998
23450.0,6,250.0,6.410256410256411,6.878168736172498,6,6,207.0,0.2726244158575313,5.260176377612447,6.878168736172498,6,207.0,1.1800000000000002
23455.0,7,282.0,7.230769230769231,8.035349124454692,7,7,282.0,0.3649475350405198,6.872144545571145,8.035349124454692,7,282.0,-0.75
23460.0,8,264.0,7.135135135135135,7.5117729466045775,8,8,264.0,0.32496168829066246,6.113966006633445,7.5117729466045775,8,264.0,0.17999999999999972
23465.0,10,310.0,7.948717948717949,7.155109504323416,10,10,282.0,0.2797595361447675,5.408398898974541,7.155109504323416,10,282.0,-0.17999999999999972
23470.0,10,360.0,10.0,8.125887156868146,10,10,360.0,0.3581751884077229,6.764483309832042,8.125887156868146,10,360.0,-0.7800000000000002
23475.0,10,360.0,10.0,6.666204011572802,10,10,360.0,0.2575660936244089,5.074907999649521,6.666204011572802,10,360.0,0.0
23480.0,7,364.0,10.4,8.19590793395537,7,7,350.0,0.37380969124330543,7.192049633704224,8.19590793395537,7,350.0,0.10000000000000009
23485.0,10,399.0,11.083333333333334,7.4051048631703855,10,10,399.0,0.33386822724639736,6.08900211490004,7.4051048631703855,10,399.0,-0.4900000000000002
23490.0,9,443.0,12.305555555555555,7.963966293140771,9,9,443.0,0.37658889185316274,6.804176997122869,7.963966293140771,9,443.0,-0.4399999999999995
23495.0,6,390.0,10.833333333333334,8.686407086091506,6,6,390.0,0.42696106923047344,7.8026261632004035,8.686407086091506,6,390.0,0.5299999999999998
23500.0,7,409.0,11.054054054054054,7.555712775645525,7,7,370.0,0.31482521081340376,5.595450222104479,7.555712775645525,7,370.0,0.19999999999999973
23505.0,8,448.0,12.444444444444445,8.660255112834413,8,8,448.0,0.4028710394543925,7.157162726478825,8.660255112834413,8,448.0,-0.7800000000000002
23510.0,5,415.0,11.527777777777779,8.290969772291923,5,5,415.0,0.3560544029168187,6.7504716271041225,8.290969772291923,5,415.0,0.33000000000000007
23515.0,7,445.0,12.714285714285714,8.468856961271362,7,7,414.0,0.3574417876929714,6.85831849114011,8.468856961271362,7,414.0,0.010000000000000675
23520.0,7,480.0,14.117647058823529,9.051796465336917,7,7,480.0,0.4071479663755454,7.6035976453938625,9.051796465336917,7,480.0,-0.6600000000000001
23525.0,6,80.0,2.2222222222222223,7.861999526844148,6,6,80.0,0.31510920675376786,6.116912871620915,7.861999526844148,6,80.0,4.0
23530.0,5,81.0,2.3823529411764706,9.175688774692325,5,5,-120.0,0.4177421454710527,7.979502866775816,9.175688774692325,5,-120.0,2.0
23535.0,7,109.0,3.1142857142857143,7.935265761589349,7,7,109.0,0.3300287118746645,6.033600560501554,7.935265761589349,7,109.0,-2.29
23540.0,5,63.0,1.9090909090909092,8.719193771846799,5,5,63.0,0.4038106017372963,7.788537483531597,8.719193771846799,5,63.0,0.4600000000000001
23545.0,7,76.0,2.111111111111111,8.836345756632817,7,7,40.0,0.39601773853023176,7.549646423448945,8.836345756632817,7,40.0,0.22999999999999998
23550.0,6,101.0,2.8857142857142857,9.24780077437069,6,6,101.0,0.4369150803528828,8.15984293218716,9.24780077437069,6,101.0,-0.61
23555.0,6,131.0,3.9696969696969697,9.512363908530821,6,6,131.0,0.44631551702077804,8.781284570251229,9.512363908530821,6,131.0,-0.30000000000000004
23560.0,6,129.0,3.7941176470588234,7.767878670769084,6,6,129.0,0.3145077214213144,6.024391736210595,7.767878670769084,6,129.0,0.020000000000000018
23565.0,7,163.0,5.258064516129032,8.540227263838394,7,7,142.0,0.3927043011420022,7.390582142108291,8.540227263838394,7,142.0,-0.1299999999999999
23570.0,8,200.0,6.0606060606060606,7.654822606107368,8,8,200.0,0.32311142954172417,5.963652667702168,7.654822606107368,8,200.0,-0.5800000000000001
23575.0,9,245.0,7.903225806451613,7.964365814167234,9,9,245.0,0.3310046042287069,6.473437702847739,7.964365814167234,9,245.0,-0.4500000000000002
23580.0,6,120.0,3.870967741935484,8.16659262617603,6,6,120.0,0.34894893143939576,6.615265498722715,8.16659262617603,6,120.0,1.2500000000000002
23585.0,5,70.0,2.2580645161290325,7.81709917469907,5,5,7.0,0.35516412556094906,6.5960844624267025,7.81709917469907,5,7.0,1.13
23590.0,5,95.0,3.064516129032258,8.60949197253853,5,5,95.0,0.4346727691627293,7.848802715690882,8.60949197253853,5,95.0,-0.8799999999999999
23595.0,8,115.0,3.3823529411764706,7.085943389441698,8,8,115.0,0.30450008259366296,5.560573746145063,7.085943389441698,8,115.0,-0.19999999999999996
23600.0,8,155.0,4.696969696969697,8.1537414282531,8,8,147.0,0.38325118098843275,6.970503886703708,8.1537414282531,8,147.0,-0.32000000000000006
23605.0,10,195.0,5.909090909090909,7.952976691888554,10,10,195.0,0.36510201147222926,6.604838545308544,7.952976691888554,10,195.0,-0.48
23610.0,8,194.0,6.0625,7.773661195135729,8,8,194.0,0.3495503866125256,6.63735428005905,7.773661195135729,8,194.0,0.010000000000000009
23615.0,7,225.0,7.258064516129032,8.377750014023107,7,7,212.0,0.41549154496503027,7.485952814366003,8.377750014023107,7,212.0,-0.18000000000000016
23620.0,9,266.0,8.3125,7.192066364848947,9,9,266.0,0.3528958684618075,6.0367704027215146,7.192066364848947,9,266.0,-0.54
23625.0,7,156.0,4.875,7.519015817362913,7,7,156.0,0.3840627389092387,6.502202885035386,7.519015817362913,7,156.0,1.1
23630.0,7,121.0,3.5588235294117645,6.875264131957083,7,7,62.0,0.3138484271875463,5.188142491319328,6.875264131957083,7,62.0,0.9400000000000001
23635.0,5,143.0,4.205882352941177,7.480310077231667,5,5,143.0,0.3407879898179137,5.8907193838220735,7.480310077231667,5,143.0,-0.8099999999999999
23640.0,6,116.0,3.515151515151515,8.526100194766972,6,6,116.0,0.4223507279697331,7.385943864402845,8.526100194766972,6,116.0,0.27
23645.0,8,152.0,4.470588235294118,7.625831535950293,8,8,125.0,0.342355214757265,6.1351116236700705,7.625831535950293,8,125.0,-0.09000000000000008
23650.0,9,197.0,6.15625,8.385059679809647,9,9,197.0,0.40377571584859395,7.160102269461811,8.385059679809647,9,197.0,-0.72
23655.0,8,193.0,5.514285714285714,7.075759177119324,8,8,193.0,0.2798421570491386,5.302602519472561,7.075759177119324,8,193.0,0.040000000000000036
23660.0,6,196.0,5.764705882352941,8.57456526804645,6,6,183.0,0.3854164662063624,7.419443508645318,8.57456526804645,6,183.0,0.09999999999999987
23665.0,9,226.0,6.647058823529412,7.734641298417616,9,9,226.0,0.3561642336327534,6.686758064592625,7.734641298417616,9,226.0,-0.4299999999999997
23670.0,8,264.0,7.764705882352941,8.21780807420013,8,8,264.0,0.38659221599693117,7.377841637831822,8.21780807420013,8,264.0,-0.38000000000000034
23675.0,5,213.0,6.65625,8.48271515053681,5,5,213.0,0.40942529882375744,8.042327202665646,8.48271515053681,5,213.0,0.5100000000000002
23680.0,6,229.0,6.735294117647059,7.514080059163135,6,6,194.0,0.33853147651326815,6.2476747790277845,7.514080059163135,6,194.0,0.18999999999999995
23685.0,7,263.0,7.735294117647059,8.53844403596242,7,7,263.0,0.43626337525446096,7.802676466531783,8.53844403596242,7,263.0,-0.69
23690.0,5,85.0,2.361111111111111,7.163960526732577,5,5,85.0,0.30430223798886286,5.547887232204095,7.163960526732577,5,85.0,1.7799999999999998
23695.0,7,119.0,3.3055555555555554,8.102614915634438,7,7,-8.0,0.3816094927492543,7.041951450548776,8.102614915634438,7,-8.0,0.9299999999999999
23700.0,7,154.0,4.4,8.429119751690596,7,7,154.0,0.4055740677259871,7.397353251821173,8.429119751690596,7,154.0,-1.62
23705.0,10,197.0,5.472222222222222,7.086917068219426,10,10,197.0,0.2758766672863591,5.276700172918615,7.086917068219426,10,197.0,-0.42999999999999994
23710.0,7,115.0,3.2857142857142856,7.930616259504492,7,7,115.0,0.35125073059663187,6.7779787771977675,7.930616259504492,7,115.0,0.8200000000000001
23715.0,6,113.0,3.138888888888889,7.584653463815966,6,6,63.0,0.33737788450633804,6.414679171690795,7.584653463815966,6,63.0,0.5199999999999999
23720.0,7,146.0,4.294117647058823,8.446543746733479,7,7,146.0,0.4093257959222972,7.920421684701513,8.446543746733479,7,146.0,-0.83
23725.0,8,79.0,2.135135135135135,7.312212992068914,8,8,79.0,0.325599230837571,6.21971609271005,7.312212992068914,8,79.0,0.6699999999999999
23730.0,6,97.0,2.7714285714285714,8.467429194903113,6,6,55.0,0.39451112291946167,7.66676700689464,8.467429194903113,6,55.0,0.24
23735.0,6,127.0,3.735294117647059,9.158308097671044,6,6,127.0,0.451218206044364,8.551068478986911,9.158308097671044,6,127.0,-0.72
23740.0,7,130.0,3.5135135135135136,7.561385680391305,7,7,130.0,0.3093422200710632,5.956403036634709,7.561385680391305,7,130.0,-0.030000000000000027
23745.0,7,165.0,5.0,8.556309946701948,7,7,152.0,0.3789800552482243,7.57016786453171,8.556309946701948,7,152.0,-0.21999999999999997
23750.0,8,202.0,6.3125,7.460392065042079,8,8,202.0,0.3107442631723895,5.898082173070936,7.460392065042079,8,202.0,-0.5
23755.0,8,231.0,7.21875,8.327439161770261,8,8,231.0,0.36312030671047174,7.341728656794978,8.327439161770261,8,231.0,-0.29000000000000004
23760.0,8,271.0,8.46875,8.133695161595199,8,8,260.0,0.3030751155557827,6.041321266569676,8.133695161595199,8,260.0,-0.29000000000000004
23765.0,11,323.0,9.228571428571428,7.381466655034793,11,11,323.0,0.2733188567097052,5.360577886942061,7.381466655034793,11,323.0,-0.6299999999999999
23770.0,10,370.0,11.5625,7.68811101152795,10,10,370.0,0.32582322667191355,6.346155675636268,7.68811101152795,10,370.0,-0.4700000000000002
23775.0,12,425.0,12.142857142857142,6.967019605691351,12,12,422.0,0.28561230878019067,5.229807015780334,6.967019605691351,12,422.0,-0.5199999999999996
23780.0,12,485.0,14.264705882352942,7.457913559663399,12,12,485.0,0.3291019308540703,6.111925383366707,7.457913559663399,12,485.0,-0.6299999999999999
23785.0,14,545.0,15.571428571428571,6.715697009166908,14,14,545.0,0.27950033242861383,5.060662341748733,6.715697009166908,14,545.0,-0.6000000000000005
23790.0,12,356.0,10.787878787878787,7.010909056726081,12,12,356.0,0.3190954274296555,5.847918107774851,7.010909056726081,12,356.0,1.8900000000000001
23795.0,7,177.0,5.9,7.026298520817965,7,7,82.0,0.3298981651416685,6.0005641764432065,7.026298520817965,7,82.0,2.74
23800.0,7,195.0,6.09375,6.395217159339595,7,7,195.0,0.30061134182426663,5.38430981381125,6.395217159339595,7,195.0,-1.13
23805.0,9,80.0,2.5806451612903225,6.60208580434354,9,9,80.0,0.32594703582992907,5.914276673255787,6.60208580434354,9,80.0,1.15
23810.0,10,61.0,1.8484848484848484,5.6745871311985985,10,10,0.0,0.24336031706070038,4.578339593074589,5.6745871311985985,10,0.0,0.8
23815.0,10,107.0,3.242424242424242,6.875957904782518,10,10,107.0,0.2939565676333075,5.719703720811107,6.875957904782518,10,107.0,-1.07
23820.0,10,109.0,3.303030303030303,6.798781634251349,10,10,109.0,0.2856402758797801,5.669867982986029,6.798781634251349,10,109.0,-0.020000000000000018
23825.0,8,87.0,2.4166666666666665,6.714335060193745,8,8,73.0,0.2837921279955657,5.576376977689365,6.714335060193745,8,73.0,0.3600000000000001
23830.0,8,127.0,3.6285714285714286,7.694498590052709,8,8,127.0,0.34088362489201557,6.5901029672207905,7.694498590052709,8,127.0,-0.54
23835.0,11,128.0,3.4594594594594597,6.452958513428628,10,11,127.0,0.2538848559803953,4.885685355449967,6.452958513428628,10,127.0,0.0
23840.0,10,158.0,4.27027027027027,7.756764443905371,10,10,145.0,0.3102487045017151,5.984796716461845,7.756764443905371,10,145.0,-0.17999999999999994
23845.0,12,201.0,5.153846153846154,7.173791664672549,12,12,201.0,0.2859982666509825,5.393665160834449,7.173791664672549,12,201.0,-0.5599999999999998
23850.0,11,211.0,5.410256410256411,7.212712695407852,11,11,211.0,0.29227545429538954,5.706812186478994,7.212712695407852,11,211.0,-0.10000000000000009
23855.0,9,238.0,6.2631578947368425,7.933849356788611,9,9,225.0,0.3328611868014323,6.530547887057143,7.933849356788611,9,225.0,-0.14000000000000012
23860.0,11,287.0,7.0,7.374156033899772,11,11,287.0,0.2706417128419449,5.362564265899712,7.374156033899772,11,287.0,-0.6200000000000001
23865.0,10,193.0,5.361111111111111,7.446880514479904,10,10,193.0,0.29039445908355344,6.019253417103598,7.446880514479904,10,193.0,0.9400000000000002
23870.0,8,171.0,4.384615384615385,7.2073395363795765,8,8,111.0,0.26050150368762737,5.061652344723191,7.2073395363795765,8,111.0,0.8199999999999998
23875.0,9,215.0,5.972222222222222,8.221667749262055,9,9,215.0,0.3602505725285615,6.849921963408709,8.221667749262055,9,215.0,-1.0399999999999998
23880.0,8,166.0,4.882352941176471,7.220966897149555,8,8,166.0,0.2923376273700433,5.634971250185368,7.220966897149555,8,166.0,0.49
23885.0,8,173.0,4.552631578947368,7.33088112237628,8,8,144.0,0.30280527983219874,5.744019912100422,7.33088112237628,8,144.0,0.21999999999999997
23890.0,8,213.0,5.756756756756757,8.458054120074154,8,8,213.0,0.40067945364188895,7.399970456508338,8.458054120074154,8,213.0,-0.69
23895.0,9,211.0,5.410256410256411,7.057336279076567,9,9,211.0,0.2874081220743476,5.399327948441449,7.057336279076567,9,211.0,0.020000000000000018
23900.0,8,249.0,6.916666666666667,8.048787693081183,8,8,236.0,0.3839087813148896,7.242295120317139,8.048787693081183,8,236.0,-0.25
23905.0,11,289.0,7.410256410256411,7.612704467760509,11,11,289.0,0.34222997411109607,6.290407245060924,7.612704467760509,11,289.0,-0.5300000000000002
23910.0,8,222.0,6.0,7.774346392684153,7,8,221.0,0.36928043096142976,7.061525292061546,7.774346392684153,7,221.0,0.6800000000000002
23915.0,6,228.0,6.514285714285714,8.024687594055736,6,6,185.0,0.37001470557656635,7.078528813888435,8.024687594055736,6,185.0,0.3599999999999999
23920.0,8,257.0,6.7631578947368425,7.218827153042493,8,8,257.0,0.29741042267611334,5.505935961848892,7.218827153042493,8,257.0,-0.7199999999999998
23925.0,8,223.0,6.027027027027027,7.600128598116025,8,8,223.0,0.34076839812997006,6.483604558033798,7.600128598116025,8,223.0,0.33999999999999986
23930.0,7,252.0,6.3,7.219291769065842,7,7,224.0,0.28603622967711,5.5577433293300995,7.219291769065842,7,224.0,-0.010000000000000231
23935.0,9,294.0,7.538461538461538,7.969553288160786,9,9,294.0,0.33090063588421276,6.480244347315048,7.969553288160786,9,294.0,-0.6999999999999997
23940.0,7,288.0,8.470588235294118,7.580539152401919,7,7,288.0,0.3197995444969534,6.025544889370638,7.580539152401919,7,288.0,0.06000000000000005
23945.0,8,315.0,8.513513513513514,7.43400143851575,8,8,301.0,0.32131517473093385,5.847302760689521,7.43400143851575,8,301.0,-0.1299999999999999
23950.0,8,355.0,9.86111111111111,8.625430897156718,8,8,355.0,0.4139077430323266,7.495019245772434,8.625430897156718,8,355.0,-0.54
23955.0,7,106.0,2.9444444444444446,7.285970039737247,7,7,106.0,0.29314556039817613,5.555161095623644,7.285970039737247,7,106.0,2.4899999999999998
23960.0,8,146.0,4.424242424242424,8.486732530669904,8,8,-5.0,0.3930461112071949,7.418200840468435,8.486732530669904,8,-5.0,1.11
23965.0,12,187.0,5.194444444444445,7.682710921677382,12,12,187.0,0.3192953441106308,5.94033153539406,7.682710921677382,12,187.0,-1.9200000000000002
23970.0,8,121.0,3.4571428571428573,7.989360625051126,8,8,121.0,0.33512187076448935,6.567661842354724,7.989360625051126,8,121.0,0.6600000000000001
23975.0,6,129.0,3.909090909090909,8.7418747992517,6,6,82.0,0.40411882305827274,7.64684914924496,8.7418747992517,6,82.0,0.39
23980.0,8,163.0,4.527777777777778,7.79553344153292,8,8,163.0,0.3337466821741613,6.145570597376983,7.79553344153292,8,163.0,-0.8099999999999999
23985.0,9,206.0,6.0588235294117645,8.091431569461198,9,9,206.0,0.36498943382585414,6.984129059415542,8.091431569461198,9,206.0,-0.43000000000000016
23990.0,11,253.0,7.027777777777778,6.669631823960552,11,11,253.0,0.24217041683626758,4.437323716619105,6.669631823960552,11,253.0,-0.46999999999999975
23995.0,12,313.0,8.942857142857143,7.329799215694948,12,12,313.0,0.2975726626820127,5.526258506478912,7.329799215694948,12,313.0,-0.6000000000000001
24000.0,9,207.0,6.2727272727272725,7.040657023196628,9,9,207.0,0.27626756013458803,5.269513847817896,7.040657023196628,9,207.0,1.06
24005.0,8,177.0,5.205882352941177,6.663836649966721,8,8,119.0,0.292545431978071,5.408918135003592,6.663836649966721,8,119.0,0.8799999999999999
24010.0,8,217.0,6.382352941176471,7.81339796841046,8,8,217.0,0.3853579764909922,6.890086848383466,7.81339796841046,8,217.0,-0.98
24015.0,9,120.0,3.5294117647058822,6.710645685257546,9,9,120.0,0.32447378592789716,5.8455537271455285,6.710645685257546,9,120.0,0.97
24020.0,7,110.0,3.235294117647059,8.036746252868069,7,7,54.0,0.3884856308291002,7.31390087266891,8.036746252868069,7,54.0,0.6599999999999999
24025.0,10,145.0,4.027777777777778,7.044692028468231,10,10,145.0,0.32605093553062947,5.782248137524881,7.044692028468231,10,145.0,-0.9099999999999999
24030.0,8,78.0,2.1666666666666665,7.430872673690345,8,8,78.0,0.3389986577161874,6.238428816918093,7.430872673690345,8,78.0,0.6699999999999999
24035.0,6,91.0,2.6,8.813739043559037,6,6,48.0,0.4486954147550943,8.11968095405766,8.813739043559037,6,48.0,0.30000000000000004
24040.0,8,124.0,3.5428571428571427,7.640249673879059,8,8,124.0,0.3472508598889037,6.152224072976802,7.640249673879059,8,124.0,-0.76
24045.0,7,76.0,2.235294117647059,8.020452462668077,7,7,76.0,0.3771109242126685,6.866357722640961,8.020452462668077,7,76.0,0.48
24050.0,5,75.0,2.027027027027027,7.546628606573799,5,5,47.0,0.31555655089191326,5.647765399976875,7.546628606573799,5,47.0,0.29000000000000004
24055.0,7,109.0,2.945945945945946,8.533529626097474,7,7,109.0,0.39820534448739753,7.043318242524165,8.533529626097474,7,109.0,-0.6200000000000001
24060.0,5,60.0,1.7142857142857142,8.459660932513145,5,5,60.0,0.40692597333565234,7.507151188768563,8.459660932513145,5,60.0,0.4900000000000001
24065.0,7,75.0,2.0833333333333335,7.738839009270113,7,7,47.0,0.3447058733153058,6.285951981459993,7.738839009270113,7,47.0,0.13
24070.0,6,105.0,3.0,8.946721924142759,6,6,105.0,0.45667816133201183,8.159280032681155,8.946721924142759,6,105.0,-0.5800000000000001
24075.0,7,108.0,2.918918918918919,7.59316149858331,6,7,107.0,0.3311258226135349,6.04447204099917,7.59316149858331,6,107.0,-0.020000000000000018
24080.0,6,137.0,3.914285714285714,8.60046287229396,6,6,124.0,0.38416532268064957,7.194658768168146,8.60046287229396,6,124.0,-0.16999999999999993
24085.0,8,167.0,4.771428571428571,8.340399156532289,8,8,167.0,0.3857952807585738,7.081296304274241,8.340399156532289,8,167.0,-0.42999999999999994
24090.0,6,93.0,2.735294117647059,7.895469315848379,6,6,93.0,0.3797653872960971,7.094065769481231,7.895469315848379,6,93.0,0.7399999999999999
24095.0,4,92.0,2.7058823529411766,9.477469804375568,4,4,49.0,0.5217663765146745,9.508484095227264,9.477469804375568,4,49.0,0.44000000000000006
24100.0,7,115.0,3.108108108108108,8.18860575034332,7,7,115.0,0.38146368182618484,6.648080491139463,8.18860575034332,7,115.0,-0.6599999999999999
24105.0,6,82.0,2.342857142857143,8.606617051941123,6,6,82.0,0.4339490984804242,7.6213078739402915,8.606617051941123,6,82.0,0.32999999999999996
24110.0,7,112.0,3.2941176470588234,7.245016289686558,7,7,52.0,0.3060388607495653,5.203559203407155,7.245016289686558,7,52.0,0.29999999999999993
24115.0,9,156.0,4.7272727272727275,7.827638820977977,9,9,156.0,0.35757837975175855,6.132723475621956,7.827638820977977,9,156.0,-1.04
24120.0,7,173.0,5.766666666666667,8.522669890740248,7,7,173.0,0.4269166893468509,7.712649555968917,8.522669890740248,7,173.0,-0.16999999999999993
24125.0,8,210.0,6.363636363636363,7.314832785837418,8,8,197.0,0.3207416898804265,5.843393553945344,7.314832785837418,8,197.0,-0.24
24130.0,9,255.0,8.225806451612904,7.825086504869802,9,9,255.0,0.380515630476265,6.969676476082609,7.825086504869802,9,255.0,-0.5799999999999998
24135.0,11,304.0,9.212121212121213,6.418951335843905,11,11,304.0,0.2848169731017469,5.06804399397211,6.418951335843905,11,304.0,-0.4900000000000002
24140.0,8,199.0,6.03030303030303,7.714761801967276,8,8,199.0,0.35485077448736646,6.684826546718876,7.714761801967276,8,199.0,1.05
24145.0,8,173.0,4.942857142857143,7.5796652405695255,8,8,112.0,0.35187649723654324,6.499338201953685,7.5796652405695255,8,112.0,0.8699999999999999
24150.0,7,204.0,5.828571428571428,8.288335117862866,7,7,204.0,0.41349887615925884,7.5023722437547775,8.288335117862866,7,204.0,-0.9199999999999999
24155.0,6,75.0,2.272727272727273,8.062827706894922,6,6,75.0,0.3963992025020704,7.41138728767024,8.062827706894922,6,75.0,1.29
24160.0,6,30.0,0.9090909090909091,6.934111624273274,6,6,-33.0,0.28599302117911796,5.487251930886768,6.934111624273274,6,-33.0,1.08
24165.0,6,60.0,1.875,8.180318731280476,6,6,60.0,0.3896482844565303,7.316215142440386,8.180318731280476,6,60.0,-0.9299999999999999
24170.0,8,66.0,2.0,6.2565741836998034,8,8,66.0,0.26085441902918655,4.953835789535348,6.2565741836998034,8,66.0,-0.06000000000000005
24175.0,9,111.0,3.3636363636363638,7.215303524544026,9,9,94.0,0.3186408084900023,6.01762173436215,7.215303524544026,9,94.0,-0.2799999999999999
24180.0,9,156.0,4.875,7.677340476841541,9,9,156.0,0.34105516973625344,6.496784596207226,7.677340476841541,9,156.0,-0.6200000000000001
24185.0,10,181.0,5.027777777777778,7.217023274496644,10,10,181.0,0.2737763409092202,5.627264328949177,7.217023274496644,10,181.0,-0.25
24190.0,10,231.0,6.6,8.054166762789972,10,10,209.0,0.33187180983070635,6.6308921652356165,8.054166762789972,10,209.0,-0.2799999999999998
24195.0,12,285.0,7.916666666666667,6.76592062175207,12,12,285.0,0.25545082322779417,4.9756498004423255,6.76592062175207,12,285.0,-0.7600000000000002
24200.0,10,215.0,5.972222222222222,7.71109252782171,10,10,215.0,0.3287581875708696,6.419651978920954,7.71109252782171,10,215.0,0.7000000000000002
24205.0,10,193.0,5.216216216216216,6.963910606683088,10,10,150.0,0.29725458182050507,5.454558909924882,6.963910606683088,10,150.0,0.6499999999999999
24210.0,9,237.0,6.583333333333333,7.916650419849546,9,9,237.0,0.3787142276994058,6.784155671724019,7.916650419849546,9,237.0,-0.8700000000000001
24215.0,8,143.0,4.085714285714285,7.986053847329245,8,8,143.0,0.3774340050926856,7.06032638902056,7.986053847329245,8,143.0,0.9400000000000002
24220.0,7,60.0,1.7142857142857142,6.636799996074181,7,7,16.0,0.26578099829849583,5.055281024493083,6.636799996074181,7,16.0,1.27
24225.0,7,95.0,2.878787878787879,7.709394129362309,7,7,95.0,0.36115881177808173,6.710661775525046,7.709394129362309,7,95.0,-0.7899999999999999
24230.0,9,68.0,1.9428571428571428,5.92364711743684,9,9,68.0,0.23938846841781558,4.396190454202323,5.92364711743684,9,68.0,0.2699999999999999
24235.0,10,117.0,3.5454545454545454,6.819508081919506,10,10,86.0,0.30572384754034876,5.623745705138266,6.819508081919506,10,86.0,-0.17999999999999994
24240.0,10,167.0,5.21875,7.315289682039895,10,10,167.0,0.34295920902987936,6.227006934124577,7.315289682039895,10,167.0,-0.8099999999999999
24245.0,9,132.0,3.6666666666666665,6.743137129510703,9,9,132.0,0.2777362678403675,5.2777137083206425,6.743137129510703,9,132.0,0.34999999999999987
24250.0,8,150.0,4.166666666666667,7.843157512484875,8,8,122.0,0.34107869486016196,6.563714498963373,7.843157512484875,8,122.0,0.10000000000000009
24255.0,8,185.0,4.743589743589744,7.242592291452916,8,8,184.0,0.29399416871669387,5.580428520177028,7.242592291452916,8,184.0,-0.6200000000000001
24260.0,11,142.0,3.736842105263158,7.835868666315669,11,11,142.0,0.32914647845281725,6.3257649770082995,7.835868666315669,11,142.0,0.42000000000000015
24265.0,10,82.0,2.1025641025641026,7.1197700588780295,10,10,80.0,0.2797641504136475,5.328290663646262,7.1197700588780295,10,80.0,0.6199999999999999
24270.0,7,113.0,3.054054054054054,8.21018367781705,7,7,112.0,0.3704271072270671,6.914253552155656,8.21018367781705,7,112.0,-0.32000000000000006
24275.0,6,97.0,2.6944444444444446,7.88325247463592,6,6,97.0,0.3648978252539821,6.782675734589103,7.88325247463592,6,97.0,0.15000000000000013
24280.0,10,127.0,3.3421052631578947,7.017457754791138,10,10,113.0,0.28906686503942475,5.197178340450913,7.017457754791138,10,113.0,-0.15999999999999992
24285.0,10,177.0,5.057142857142857,7.972247042163905,10,10,177.0,0.3653996898529639,6.586538106931997,7.972247042163905,10,177.0,-0.6400000000000001
24290.0,9,180.0,5.0,6.904614676785172,9,9,180.0,0.28090540605425135,5.167343858801835,6.904614676785172,9,180.0,-0.030000000000000027
24295.0,7,188.0,5.371428571428571,7.655395051321115,7,7,176.0,0.31399019416333723,6.009248839143185,7.655395051321115,7,176.0,0.040000000000000036
24300.0,7,223.0,6.5588235294117645,8.362374654725311,7,7,223.0,0.37377214769354,7.004542498330608,8.362374654725311,7,223.0,-0.47
24305.0,9,157.0,4.361111111111111,6.846017847448682,9,9,157.0,0.2752502228741947,5.3304581896902,6.846017847448682,9,157.0,0.6599999999999999
24310.0,7,173.0,4.942857142857143,8.075356099715007,7,7,129.0,0.3663654183557593,6.90825968301809,8.075356099715007,7,129.0,0.28
24315.0,9,211.0,5.552631578947368,7.672502177271372,9,9,211.0,0.32316440001001406,5.921666344865441,7.672502177271372,9,211.0,-0.8199999999999998
24320.0,7,206.0,5.5675675675675675,8.395698326876973,7,7,206.0,0.393341164291127,7.251681213800045,8.395698326876973,7,206.0,0.04999999999999982
24325.0,9,229.0,6.026315789473684,8.008653198633127,9,9,215.0,0.35882825099627635,6.492268022497263,8.008653198633127,9,215.0,-0.08999999999999986
24330.0,8,266.0,7.1891891891891895,8.571677287439062,8,8,266.0,0.40963205666110547,7.179383617433049,8.571677287439062,8,266.0,-0.5100000000000002
24335.0,5,208.0,6.117647058823529,8.847552509546043,5,5,208.0,0.44202446778888144,8.278487411325111,8.847552509546043,5,208.0,0.5800000000000001
24340.0,6,222.0,6.3428571428571425,7.571615821220166,6,6,182.0,0.3295103034666131,6.103596050249741,7.571615821220166,6,182.0,0.26
24345.0,7,257.0,7.5588235294117645,8.683003996702102,7,7,257.0,0.42437574215883195,7.683295283123993,8.683003996702102,7,257.0,-0.7499999999999998
24350.0,4,78.0,2.108108108108108,7.726335085747867,4,4,78.0,0.3340274284883918,6.279009037241943,7.726335085747867,4,78.0,1.7899999999999998
24355.0,7,111.0,3.0833333333333335,8.466879644403333,7,7,-15.0,0.3897349993955579,7.297039718015299,8.466879644403333,7,-15.0,0.93
24360.0,7,146.0,4.424242424242424,8.235136436645426,7,7,146.0,0.37535478955961893,6.764027872247595,8.235136436645426,7,146.0,-1.6099999999999999
24365.0,7,79.0,2.1944444444444446,7.413362495734962,7,7,79.0,0.3044572342858911,5.668567385310136,7.413362495734962,7,79.0,0.6699999999999999
24370.0,5,85.0,2.5,8.7823433105085,5,5,42.0,0.4320362216606175,7.9666399515544475,8.7823433105085,5,42.0,0.37000000000000005
24375.0,6,111.0,3.1714285714285713,7.845399125811202,6,6,111.0,0.36009304343979937,6.609193188009088,7.845399125811202,6,111.0,-0.6900000000000002
24380.0,5,62.0,1.7714285714285714,8.57676269690851,5,5,62.0,0.4152956989583964,7.969801555211512,8.57676269690851,5,62.0,0.4900000000000001
24385.0,7,77.0,2.026315789473684,8.479760832135508,7,7,42.0,0.39336898312112056,7.368915125660415,8.479760832135508,7,42.0,0.2
24390.0,6,103.0,2.861111111111111,9.169902165309155,6,6,103.0,0.450822644270456,8.380636783714415,9.169902165309155,6,103.0,-0.6100000000000001
24395.0,3,34.0,1.0625,9.405073972741267,3,3,34.0,0.4621085645278813,8.896079965178465,9.405073972741267,3,34.0,0.69
24400.0,5,42.0,1.3125,7.998567977758485,5,5,2.0,0.35889645176815593,6.643020286246906,7.998567977758485,5,2.0,0.32
24405.0,5,67.0,2.161290322580645,9.294751550827108,5,5,67.0,0.48314511814879196,8.64234387825782,9.294751550827108,5,67.0,-0.65
24410.0,5,81.0,2.4545454545454546,8.002352393770785,5,5,81.0,0.3676084066487259,6.63629833731725,8.002352393770785,5,81.0,-0.14
24415.0,7,114.0,3.5625,8.651984236214597,7,7,107.0,0.39723038196164767,7.310351079206922,8.651984236214597,7,107.0,-0.26
24420.0,7,149.0,4.806451612903226,8.169717024527541,7,7,149.0,0.3578153629483696,6.393886795768656,8.169717024527541,7,149.0,-0.41999999999999993
24425.0,7,81.0,2.4545454545454546,7.230611005808174,7,7,81.0,0.30777848358918064,5.471563983030202,7.230611005808174,7,81.0,0.6799999999999999
24430.0,5,86.0,2.774193548387097,8.577113809086127,5,5,43.0,0.44143947129564826,7.780113416732016,8.577113809086127,5,43.0,0.38000000000000006
24435.0,6,112.0,3.2941176470588234,8.253767599946531,6,6,112.0,0.41697420873988056,7.236178773301612,8.253767599946531,6,112.0,-0.6900000000000002
24440.0,5,57.0,1.7272727272727273,8.512862487560248,5,5,57.0,0.4233573409312184,7.922029261551649,8.512862487560248,5,57.0,0.5500000000000002
24445.0,6,76.0,2.235294117647059,8.484597420643896,6,6,39.0,0.4096655172656128,7.5803648314374374,8.484597420643896,6,39.0,0.17999999999999994
24450.0,6,104.0,3.3548387096774195,8.673536753183912,6,6,104.0,0.43545382788062953,7.8660489856544435,8.673536753183912,6,104.0,-0.65
24455.0,3,36.0,1.2413793103448276,9.377896903030546,3,3,36.0,0.5056231554105384,9.595354791003103,9.377896903030546,3,36.0,0.68
24460.0,5,40.0,1.25,8.168409945570701,5,5,1.0,0.35166720869215184,6.840948475786352,8.168409945570701,5,1.0,0.35
24465.0,5,65.0,2.096774193548387,9.233138664844374,5,5,65.0,0.46731946982690525,8.903900079798898,9.233138664844374,5,65.0,-0.64
24470.0,5,80.0,2.5,7.409219674222311,5,5,80.0,0.30730821814580156,5.922779529050266,7.409219674222311,5,80.0,-0.15000000000000002
24475.0,7,115.0,3.59375,8.54399425791498,7,7,109.0,0.38254545922697225,7.309316825834365,8.54399425791498,7,109.0,-0.29000000000000004
24480.0,7,150.0,4.6875,8.620311570830276,7,7,150.0,0.3824019187174855,7.224396073489759,8.620311570830276,7,150.0,-0.4099999999999999
24485.0,7,79.0,2.257142857142857,7.595379641325592,7,7,79.0,0.3048589893420387,5.833489764782073,7.595379641325592,7,79.0,0.71
24490.0,5,87.0,2.9,8.390503760387329,5,5,44.0,0.4242533784945785,7.743663571477073,8.390503760387329,5,44.0,0.35000000000000003
24495.0,6,113.0,3.4242424242424243,7.879979681557377,6,6,113.0,0.3853807661609462,6.89381389771035,7.879979681557377,6,113.0,-0.69
24500.0,5,98.0,3.161290322580645,8.319297665355434,5,5,98.0,0.42689141236357553,7.966011008850897,8.319297665355434,5,98.0,0.1499999999999999
24505.0,8,123.0,3.6176470588235294,7.533056120429831,8,8,98.0,0.34008027183864775,6.510648697537752,7.533056120429831,8,98.0,0.0
24510.0,7,156.0,4.588235294117647,8.228916040521286,7,7,156.0,0.3943719809416416,7.353650432450413,8.228916040521286,7,156.0,-0.5800000000000001
24515.0,5,61.0,1.90625,8.430828144783368,5,5,61.0,0.4284412026465013,8.07681805727723,8.430828144783368,5,61.0,0.9500000000000001
24520.0,6,51.0,1.59375,6.774152940854234,6,6,0.0,0.29797031930366397,5.517260336104392,6.774152940854234,6,0.0,0.61
24525.0,6,81.0,2.793103448275862,8.014148485619353,6,6,81.0,0.40299713578505725,7.392417390984237,8.014148485619353,6,81.0,-0.81
24530.0,6,84.0,2.625,6.638333732815269,6,6,84.0,0.2963526493181445,5.344616684203375,6.638333732815269,6,84.0,-0.029999999999999916
24535.0,8,123.0,3.84375,7.604181364033086,8,8,109.0,0.36470568136819637,6.5400346279742365,7.604181364033086,8,109.0,-0.2500000000000001
24540.0,8,163.0,5.09375,8.302375031997325,8,8,163.0,0.3803660652132205,6.985430833152142,8.302375031997325,8,163.0,-0.5399999999999998
24545.0,7,95.0,2.638888888888889,7.50498078510137,7,7,95.0,0.2948247947848071,5.829920931179811,7.50498078510137,7,95.0,0.6799999999999999
24550.0,6,107.0,3.242424242424242,8.587181128976862,6,6,64.0,0.38034931484546536,7.38125114307549,8.587181128976862,6,64.0,0.30999999999999994
24555.0,8,140.0,4.242424242424242,7.66867058774127,8,8,140.0,0.3319600069404889,6.198991894696943,7.66867058774127,8,140.0,-0.7599999999999999
24560.0,7,162.0,5.0625,8.451472567165382,7,7,162.0,0.39751456843361954,7.6543062326931945,8.451472567165382,7,162.0,-0.2200000000000002
24565.0,10,197.0,5.628571428571429,7.744550199110186,10,10,187.0,0.31649298713568896,6.204621550782894,7.744550199110186,10,187.0,-0.25
24570.0,9,239.0,6.828571428571428,8.406157583555746,9,9,239.0,0.35823881961259396,7.024382100748168,8.406157583555746,9,239.0,-0.52
24575.0,6,147.0,4.59375,8.157243071017367,6,6,147.0,0.37007322753217553,7.116460879489809,8.157243071017367,6,147.0,0.9200000000000002
24580.0,6,105.0,3.088235294117647,6.818059251118045,6,6,63.0,0.28110496597804324,5.221361583837383,6.818059251118045,6,63.0,0.84
24585.0,6,135.0,4.21875,7.9918579585126235,6,6,135.0,0.387598494353402,7.010598366836836,7.9918579585126235,6,135.0,-0.7200000000000001
24590.0,6,165.0,5.0,7.185096785080513,6,6,165.0,0.3350965469409987,5.924564668106558,7.185096785080513,6,165.0,-0.2999999999999998
24595.0,7,126.0,3.8181818181818183,7.3926712606101095,7,7,126.0,0.3615122234144017,6.54818808923974,7.3926712606101095,7,126.0,0.3899999999999999
24600.0,6,152.0,4.75,8.03217979883825,6,6,119.0,0.4082533590841827,7.172327355088035,8.03217979883825,6,119.0,0.07000000000000006
24605.0,8,187.0,5.194444444444445,7.508759411539718,8,8,187.0,0.3590566845728427,6.063518960121179,7.508759411539718,8,187.0,-0.6800000000000002
24610.0,6,102.0,3.090909090909091,8.288443658566752,6,6,102.0,0.43117187761439335,7.677769347962794,8.288443658566752,6,102.0,0.8500000000000001
24615.0,7,133.0,3.8,7.877007619724666,7,7,46.0,0.36750611332767125,6.557242909520271,7.877007619724666,7,46.0,0.56
24620.0,9,175.0,5.0,8.403508415501136,9,9,175.0,0.39682626853784564,7.141678588655026,8.403508415501136,9,175.0,-1.29
24625.0,9,116.0,3.0526315789473686,7.465321770231128,9,9,116.0,0.31543076963900624,5.710223992841659,7.465321770231128,9,116.0,0.5900000000000001
24630.0,7,140.0,4.0,8.19225398577369,7,7,98.0,0.38260092174016996,6.791814944424562,8.19225398577369,7,98.0,0.17999999999999994
24635.0,7,175.0,5.147058823529412,8.99123806103599,7,7,175.0,0.4702911680557307,8.187671625446473,8.99123806103599,7,175.0,-0.77
24640.0,6,81.0,2.25,7.3046531412044295,6,6,81.0,0.3065081558030215,5.59852310209606,7.3046531412044295,6,81.0,0.94
24645.0,5,63.0,1.8529411764705883,8.412985520694898,5,5,20.0,0.38303045759351184,7.223019488129375,8.412985520694898,5,20.0,0.6100000000000001
24650.0,6,89.0,2.6176470588235294,7.67265413936848,6,6,89.0,0.3473883081619947,6.235122871755782,7.67265413936848,6,89.0,-0.69
24655.0,7,49.0,1.4411764705882353,7.659627785582584,7,7,49.0,0.34045657694690157,6.316922167067017,7.659627785582584,7,49.0,0.4
24660.0,6,76.0,2.375,8.08425784154933,6,6,43.0,0.3782849597871641,6.870525652437257,8.08425784154933,6,43.0,0.06
24665.0,8,112.0,3.5,7.3109983246978905,8,8,112.0,0.34280678541297227,6.054234669346544,7.3109983246978905,8,112.0,-0.6900000000000002
24670.0,5,98.0,3.0625,8.196460427963853,5,5,98.0,0.39981536316873734,7.385987235604944,8.196460427963853,5,98.0,0.14000000000000012
24675.0,4,110.0,3.142857142857143,7.913569783600688,4,4,96.0,0.35163044348884853,6.476524307122498,7.913569783600688,4,96.0,0.020000000000000018
24680.0,6,140.0,4.242424242424242,8.779133884014215,6,6,140.0,0.4519232733127649,8.17287624987244,8.779133884014215,6,140.0,-0.43999999999999995
24685.0,6,66.0,1.8333333333333333,7.866284803810952,6,6,66.0,0.36602211926152456,6.924189592030506,7.866284803810952,6,66.0,0.7399999999999999
24690.0,4,73.0,2.085714285714286,8.716985834226906,4,4,33.0,0.4420020592003727,8.224953650719275,8.716985834226906,4,33.0,0.33
24695.0,4,93.0,2.657142857142857,9.794042128824934,4,4,93.0,0.5461771959779179,9.880106301576957,9.794042128824934,4,93.0,-0.6000000000000001
24700.0,4,55.0,1.5714285714285714,8.474389387188191,4,4,55.0,0.424247215827649,7.631397908271665,8.474389387188191,4,55.0,0.38
24705.0,6,81.0,2.3823529411764706,9.083549887013952,6,6,25.0,0.46089763757095176,8.203155197738983,9.083549887013952,6,25.0,0.30000000000000004
24710.0,7,112.0,3.2,7.326399441817505,7,7,112.0,0.3209705196539912,5.26733551263769,7.326399441817505,7,112.0,-0.8700000000000001
24715.0,6,71.0,2.088235294117647,8.069177428288976,6,6,71.0,0.3902057583932795,6.607220983841649,8.069177428288976,6,71.0,0.41000000000000014
24720.0,5,91.0,2.757575757575758,8.83297076491739,5,5,56.0,0.4894993702211052,8.089133294442874,8.83297076491739,5,56.0,0.1499999999999999
24725.0,7,120.0,3.4285714285714284,7.702240487076889,7,7,120.0,0.37770278217373754,6.098696272130715,7.702240487076889,7,120.0,-0.6399999999999999
24730.0,7,155.0,4.696969696969697,8.346366938202863,7,7,155.0,0.4249437179104605,7.30276942656857,8.346366938202863,7,155.0,-0.3500000000000001
24735.0,4,80.0,2.5,8.144584271813653,4,4,80.0,0.3869621307223703,6.930382442427249,8.144584271813653,4,80.0,0.75
24740.0,5,91.0,2.84375,8.551485196424247,5,5,47.0,0.41916909391045865,7.679416878690387,8.551485196424247,5,47.0,0.33000000000000007
24745.0,8,116.0,3.515151515151515,8.240630826471898,8,8,116.0,0.40247322696595494,7.326034292117772,8.240630826471898,8,116.0,-0.69
24750.0,4,35.0,1.09375,8.49027096885977,4,4,35.0,0.4292218382194428,7.993903960165035,8.49027096885977,4,35.0,0.8099999999999999
24755.0,3,30.0,1.0,9.548395522249116,3,3,-11.0,0.48353416165304636,9.343868839600638,9.548395522249116,3,-11.0,0.45999999999999996
24760.0,6,50.0,1.6129032258064515,8.18840483717911,6,6,50.0,0.3798814323567404,7.081496576217856,8.18840483717911,6,50.0,-0.61
24765.0,6,76.0,2.4516129032258065,8.82495841196838,6,6,76.0,0.42909262020214456,8.431927422339072,8.82495841196838,6,76.0,-0.26
24770.0,7,107.0,3.1470588235294117,7.616128090258587,7,7,105.0,0.3076039956996095,5.8259418276094745,7.616128090258587,7,105.0,-0.29000000000000004
24775.0,9,150.0,4.6875,7.856378550118059,9,9,150.0,0.33748577896019283,6.354836712021194,7.856378550118059,9,150.0,-0.44999999999999996
24780.0,6,97.0,3.2333333333333334,7.878691013580695,6,6,97.0,0.354511130372668,6.716081997763553,7.878691013580695,6,97.0,0.53
24785.0,7,121.0,3.6666666666666665,7.372013744330978,7,7,83.0,0.33273662569272194,6.00657702175625,7.372013744330978,7,83.0,0.14
24790.0,7,156.0,5.032258064516129,8.379436457280278,7,7,156.0,0.4403258088520194,7.81791765388661,8.379436457280278,7,156.0,-0.7300000000000001
24795.0,7,123.0,3.727272727272727,6.824910510545141,7,7,123.0,0.32053157157657913,5.740208776639837,6.824910510545141,7,123.0,0.33000000000000007
24800.0,6,152.0,4.606060606060606,7.936364229064865,6,6,124.0,0.3910904574881646,7.259723602384215,7.936364229064865,6,124.0,-0.010000000000000009
24805.0,9,182.0,5.2,7.422411344949905,9,9,182.0,0.3460797886560678,6.302627023406128,7.422411344949905,9,182.0,-0.5800000000000001
24810.0,7,76.0,2.1714285714285713,7.632858144474034,7,7,76.0,0.3611997207871967,6.742656236606152,7.632858144474034,7,76.0,1.06
24815.0,4,46.0,1.4375,8.54581363933057,4,4,-8.0,0.44479138668048124,8.26021674614019,8.54581363933057,4,-8.0,0.84
24820.0,7,70.0,2.2580645161290325,6.79769630480276,7,7,70.0,0.3014600812377843,5.680829415121178,6.79769630480276,7,70.0,-0.7799999999999999
24825.0,8,101.0,3.2580645161290325,7.657449520469784,8,8,101.0,0.36363962480959977,6.842055190676324,7.657449520469784,8,101.0,-0.31000000000000005
24830.0,10,147.0,4.323529411764706,6.1709861725707364,10,10,145.0,0.23942488393156006,4.526659634375539,6.1709861725707364,10,145.0,-0.43999999999999995
24835.0,12,206.0,6.0588235294117645,7.067974749291774,12,12,204.0,0.28387735073057196,5.459155350186883,7.067974749291774,12,204.0,-0.5900000000000001
24840.0,9,218.0,6.411764705882353,7.119882868369446,9,9,218.0,0.2980841534436138,5.678953247795011,7.119882868369446,9,218.0,-0.14000000000000012
24845.0,10,254.0,7.257142857142857,6.871190702837032,10,10,242.0,0.29166342512096827,5.507569934467348,6.871190702837032,10,242.0,-0.23999999999999977
24850.0,10,304.0,9.212121212121213,7.463175306745344,10,10,304.0,0.3538424644958688,6.53459296061432,7.463175306745344,10,304.0,-0.6200000000000001
24855.0,10,213.0,6.264705882352941,6.022561530038882,10,10,213.0,0.2592802564375842,4.923709244630109,6.022561530038882,10,213.0,0.9100000000000001
24860.0,7,208.0,6.303030303030303,7.541853901101982,7,7,152.0,0.3718095856132729,7.017893360603639,7.541853901101982,7,152.0,0.6099999999999999
24865.0,11,244.0,6.777777777777778,7.599670037407035,11,11,244.0,0.3664596186024842,6.709730779167109,7.599670037407035,11,244.0,-0.9199999999999999
24870.0,9,286.0,7.944444444444445,7.949014173709069,9,9,286.0,0.386751437584544,7.142400015093074,7.949014173709069,9,286.0,-0.41999999999999993
24875.0,7,195.0,5.416666666666667,7.962420674218622,7,7,195.0,0.3648183131971462,6.922523390889461,7.962420674218622,7,195.0,0.9099999999999999
24880.0,6,48.0,1.2307692307692308,7.305440172498201,6,6,-16.0,0.30032523357163143,5.494102096006348,7.305440172498201,6,-16.0,2.11
24885.0,5,69.0,1.9714285714285715,8.5502508815052,5,5,69.0,0.4314124049435527,7.652477211282867,8.5502508815052,5,69.0,-0.85
24890.0,6,85.0,2.2972972972972974,6.9031159604922125,6,6,85.0,0.28740585664778545,5.387488468441858,6.9031159604922125,6,85.0,-0.16000000000000003
24895.0,11,134.0,3.6216216216216215,7.263519093666266,11,11,127.0,0.30099273056557985,5.5406474768118965,7.263519093666266,11,127.0,-0.42000000000000004
24900.0,10,182.0,5.055555555555555,7.325067019311427,10,10,182.0,0.3003403463525253,5.459407520419429,7.325067019311427,10,182.0,-0.55
24905.0,10,126.0,3.4054054054054053,6.758560858712994,10,10,126.0,0.2632703198077118,4.932084477708196,6.758560858712994,10,126.0,0.56
24910.0,8,147.0,4.2,7.818645708021597,8,8,101.0,0.3591621645208054,6.518076415162924,7.818645708021597,8,101.0,0.25
24915.0,9,189.0,5.108108108108108,7.063838281269825,9,9,189.0,0.3154117924136092,5.524010256179692,7.063838281269825,9,189.0,-0.8799999999999999
24920.0,10,239.0,6.638888888888889,7.712448174373481,10,10,239.0,0.35888734499022273,6.452021365834062,7.712448174373481,10,239.0,-0.5000000000000002
24925.0,10,188.0,5.222222222222222,7.431848902794668,10,10,188.0,0.32772529942612016,6.031836664366245,7.431848902794668,10,188.0,0.5100000000000002
24930.0,8,212.0,6.057142857142857,7.968700325921622,8,8,171.0,0.362309040351415,6.7231504117879775,7.968700325921622,8,171.0,0.16999999999999993
24935.0,8,252.0,7.411764705882353,8.555853226653944,8,8,252.0,0.40970299553048695,7.464654787662444,8.555853226653944,8,252.0,-0.81
24940.0,8,147.0,3.972972972972973,7.547619262016568,8,8,147.0,0.3211428010845397,6.009149731790841,7.547619262016568,8,147.0,1.05
24945.0,5,33.0,0.9705882352941176,7.871436364099664,5,5,-14.0,0.34148045375549607,6.697636048363893,7.871436364099664,5,-14.0,1.6099999999999999
24950.0,5,53.0,1.5142857142857142,6.948797609115628,5,5,53.0,0.2794076860057088,5.425190650415648,6.948797609115628,5,53.0,-0.67
24955.0,8,76.0,2.1714285714285713,7.522997835352867,8,8,76.0,0.32551592725413064,6.363149568322122,7.522997835352867,8,76.0,-0.22999999999999998
24960.0,10,125.0,3.676470588235294,7.1724234379609175,10,10,118.0,0.3070422290284468,5.664150962017654,7.1724234379609175,10,118.0,-0.41999999999999993
24965.0,12,183.0,4.815789473684211,6.854289239366023,12,12,183.0,0.28722449789757815,5.102146240829688,6.854289239366023,12,183.0,-0.6500000000000001
24970.0,9,189.0,5.4,7.62760539292976,9,9,189.0,0.3379300145869973,6.2735209536701335,7.62760539292976,9,189.0,-0.05999999999999983
24975.0,6,161.0,4.472222222222222,6.964588564882636,6,6,147.0,0.298343254640722,5.434001258027472,6.964588564882636,6,147.0,0.41999999999999993
24980.0,7,196.0,5.444444444444445,8.315585591119902,7,7,196.0,0.4164032836105185,7.360794420374352,8.315585591119902,7,196.0,-0.49
24985.0,11,99.0,2.6052631578947367,7.0469464294409345,11,11,99.0,0.325043357125729,5.736272088612341,7.0469464294409345,11,99.0,0.97
24990.0,8,94.0,2.611111111111111,7.473639878681652,8,8,43.0,0.33330384864318324,6.1800731444044334,7.473639878681652,8,43.0,0.56
24995.0,7,128.0,3.764705882352941,8.13873529442356,7,7,127.0,0.37935000950289194,7.06447556942875,8.13873529442356,7,127.0,-0.8400000000000001
25000.0,10,127.0,3.6285714285714286,6.439900744628803,10,10,127.0,0.25907119811407325,4.904714329674267,6.439900744628803,10,127.0,0.0
25005.0,9,155.0,4.5588235294117645,7.468485432203265,9,9,142.0,0.3484344776531923,6.437192908602312,7.468485432203265,9,142.0,-0.1499999999999999
25010.0,10,201.0,5.4324324324324325,6.812100552975768,10,10,201.0,0.29486792659193733,5.162611529045746,6.812100552975768,10,201.0,-0.5899999999999999
25015.0,9,176.0,4.888888888888889,7.2052858023378645,9,9,176.0,0.3178943407512026,5.905912514116951,7.2052858023378645,9,176.0,0.24999999999999978
25020.0,8,210.0,6.176470588235294,7.673352241908866,8,8,175.0,0.358405565002848,6.447844333881251,7.673352241908866,8,175.0,0.010000000000000009
25025.0,10,257.0,6.945945945945946,7.014030405070853,10,10,257.0,0.31587726980518466,5.573964716480111,7.014030405070853,10,257.0,-0.8199999999999998
25030.0,7,208.0,5.777777777777778,7.687770050914614,7,7,208.0,0.3622443529558357,6.919431268856734,7.687770050914614,7,208.0,0.48999999999999977
25035.0,4,167.0,4.282051282051282,7.510674928923615,4,4,138.0,0.32577534856389556,6.204604797532337,7.510674928923615,4,138.0,0.7000000000000002
25040.0,6,197.0,5.324324324324325,8.631647907054873,6,6,197.0,0.4387489737874441,8.175527771913787,8.631647907054873,6,197.0,-0.5900000000000001
25045.0,9,227.0,5.82051282051282,7.720659042847617,9,9,227.0,0.36734509011550376,6.761609180565751,7.720659042847617,9,227.0,-0.30000000000000004
25050.0,5,185.0,4.743589743589744,8.255893392740305,5,5,185.0,0.40359726810617763,7.5616227974194015,8.255893392740305,5,185.0,0.41999999999999993
25055.0,4,201.0,5.583333333333333,9.012674347459033,4,4,168.0,0.4665223674057963,8.484088758138643,9.012674347459033,4,168.0,0.17000000000000015
25060.0,7,225.0,5.769230769230769,7.952579051912189,7,7,225.0,0.3744086062019227,6.463188942763711,7.952579051912189,7,225.0,-0.5700000000000001
25065.0,4,62.0,1.6756756756756757,8.812198001864541,4,4,62.0,0.4516811737693874,8.223587870160767,8.812198001864541,4,62.0,1.63
25070.0,4,82.0,2.2777777777777777,8.346020081059358,4,4,-40.0,0.3838764558160356,6.700186624430116,8.346020081059358,4,-40.0,1.02
25075.0,7,115.0,3.1944444444444446,8.54978422020052,7,7,115.0,0.39335926074031197,6.910705295042684,8.54978422020052,7,115.0,-1.5499999999999998
25080.0,4,49.0,1.3611111111111112,8.931763313638964,4,4,49.0,0.418222794873855,7.710549741593156,8.931763313638964,4,49.0,0.6599999999999999
25085.0,5,57.0,1.6285714285714286,8.47201532460579,5,5,17.0,0.3859300353307255,7.006573761880976,8.47201532460579,5,17.0,0.31999999999999995
25090.0,5,80.0,2.4242424242424243,9.04626161279516,5,5,80.0,0.45202858108734983,8.251282763852414,9.04626161279516,5,80.0,-0.63
25095.0,6,107.0,2.9722222222222223,7.816628133742944,6,6,107.0,0.3216592566797366,6.070074868951542,7.816628133742944,6,107.0,-0.27
25100.0,8,147.0,4.454545454545454,8.602791381136466,8,8,147.0,0.36603780752105186,7.31427123624102,8.602791381136466,8,147.0,-0.3999999999999999
25105.0,11,187.0,5.5,7.71187229089032,11,11,187.0,0.3044661691384274,6.041631863769858,7.71187229089032,11,187.0,-0.40000000000000013
25110.0,8,159.0,4.96875,7.935908579165508,8,8,159.0,0.3339060469476237,6.775443185295413,7.935908579165508,8,159.0,0.28
25115.0,7,189.0,6.3,8.90577537511558,7,7,154.0,0.42569394842533237,8.288995825509476,8.90577537511558,7,154.0,0.050000000000000044
25120.0,9,226.0,7.290322580645161,7.052548006017405,9,9,226.0,0.323725455633304,5.85495551617086,7.052548006017405,9,226.0,-0.7199999999999998
25125.0,8,115.0,3.7096774193548385,7.590318569362002,7,8,114.0,0.35466755357126895,6.816759527959632,7.590318569362002,7,114.0,1.1199999999999999
25130.0,7,85.0,2.65625,6.662852661904087,7,7,24.0,0.2696626109884131,5.051306649491844,6.662852661904087,7,24.0,0.8999999999999999
25135.0,6,110.0,3.4375,7.757975768734759,6,6,110.0,0.3668089322583566,6.757705181484562,7.757975768734759,6,110.0,-0.8600000000000001
25140.0,7,50.0,1.7241379310344827,6.836411635245298,7,7,50.0,0.33217785137782985,6.1642910371999236,6.836411635245298,7,50.0,0.6000000000000001
25145.0,8,75.0,2.4193548387096775,6.495027346060331,8,8,35.0,0.30692707634655975,5.647203604239895,6.495027346060331,8,35.0,0.15000000000000002
25150.0,8,115.0,3.7096774193548385,7.730721346599397,8,8,115.0,0.3906786733674721,7.04444549467088,7.730721346599397,8,115.0,-0.7999999999999999
25155.0,7,121.0,3.5588235294117645,6.831541048041732,7,7,121.0,0.3158262217143268,5.832706880167716,6.831541048041732,7,121.0,-0.06000000000000005
25160.0,8,161.0,4.735294117647059,7.738491980005129,8,8,143.0,0.36270348234141203,6.856174133616729,7.738491980005129,8,143.0,-0.21999999999999997
25165.0,12,202.0,5.611111111111111,7.077645066355824,12,12,202.0,0.325309170997409,5.785254145936395,7.077645066355824,12,202.0,-0.5900000000000001
25170.0,8,153.0,4.25,7.421788497948733,8,8,153.0,0.34436683530535395,6.377506704118237,7.421788497948733,8,153.0,0.49
25175.0,4,91.0,2.5277777777777777,8.37781094131172,4,4,62.0,0.42516899704872524,7.980142914003712,8.37781094131172,4,62.0,0.91
25180.0,6,113.0,2.8974358974358974,7.1917358788678625,6,6,113.0,0.3029215507021814,5.634893268132066,7.1917358788678625,6,113.0,-0.5099999999999999
25185.0,6,100.0,2.7777777777777777,7.946470184770789,6,6,100.0,0.3725496302082972,6.890745000804709,7.946470184770789,6,100.0,0.1299999999999999
25190.0,9,140.0,3.7837837837837838,6.8951560446594184,9,9,115.0,0.2956507906794337,5.237059273071811,6.8951560446594184,9,115.0,-0.1499999999999999
25195.0,10,189.0,5.4,7.709153599371231,10,10,189.0,0.35425790017310593,6.232629598785748,7.709153599371231,10,189.0,-0.74
25200.0,7,191.0,5.96875,7.681362994668659,7,7,191.0,0.34584082644421305,6.573035693154546,7.681362994668659,7,191.0,-0.020000000000000018
25205.0,7,198.0,5.823529411764706,7.133848534854729,7,7,186.0,0.30825363169010755,5.864070193495789,7.133848534854729,7,186.0,0.04999999999999982
25210.0,7,233.0,6.852941176470588,8.260421488644123,7,7,233.0,0.4006712024416692,7.479383165917292,8.260421488644123,7,233.0,-0.47
25215.0,7,163.0,4.405405405405405,7.135920726823607,7,7,163.0,0.3010706456682576,5.840463352096179,7.135920726823607,7,163.0,0.7000000000000002
25220.0,6,180.0,5.142857142857143,8.399765214425122,6,6,136.0,0.4062933526539238,7.785941295786581,8.399765214425122,6,136.0,0.2699999999999998
25225.0,9,210.0,5.675675675675675,7.6938677170006695,9,9,210.0,0.3609059733318178,6.476504357348293,7.6938677170006695,9,210.0,-0.74
25230.0,7,89.0,2.4722222222222223,8.034687854649432,7,7,89.0,0.3773892978277448,7.1704251757481545,8.034687854649432,7,89.0,1.21
25235.0,7,124.0,3.4444444444444446,8.970072892316988,7,7,18.0,0.4403493146634657,8.209797814886391,8.970072892316988,7,18.0,0.71
25240.0,9,163.0,4.405405405405405,7.616446705745071,9,9,163.0,0.31544309045448765,5.857713998403762,7.616446705745071,9,163.0,-1.45
25245.0,7,120.0,3.4285714285714284,8.241450352380834,7,7,120.0,0.3600486640268284,7.063333029039581,8.241450352380834,7,120.0,0.42999999999999994
25250.0,7,143.0,3.763157894736842,7.338072082677549,7,7,106.0,0.2766914669843966,5.292163030955804,7.338072082677549,7,106.0,0.1399999999999999
25255.0,8,183.0,5.228571428571429,8.352651184217486,8,8,183.0,0.37083491844579053,6.991159781780253,8.352651184217486,8,183.0,-0.77
25260.0,8,223.0,6.757575757575758,8.214632846184722,8,8,223.0,0.36052346804524754,6.743421772689315,8.214632846184722,8,223.0,-0.3999999999999999
25265.0,11,272.0,7.771428571428571,7.304251377371638,11,11,272.0,0.26720112218357844,5.266712632984404,7.304251377371638,11,272.0,-0.4900000000000002
25270.0,11,327.0,9.909090909090908,7.732502998755195,11,11,327.0,0.31121165386385885,6.0860618651780705,7.732502998755195,11,327.0,-0.5499999999999998
25275.0,11,278.0,7.722222222222222,6.663494599561943,11,11,278.0,0.2462557993144089,4.735733693682081,6.663494599561943,11,278.0,0.4900000000000002
25280.0,9,309.0,9.363636363636363,7.686513439803314,9,9,266.0,0.3561787202545375,6.576686980189224,7.686513439803314,9,266.0,0.11999999999999966
25285.0,13,355.0,10.142857142857142,7.135395485410401,13,13,355.0,0.33838579619182324,5.931649840007493,7.135395485410401,13,355.0,-0.8899999999999997
25290.0,9,192.0,5.818181818181818,7.2403024196797725,9,9,192.0,0.33619562591014873,6.246620835874908,7.2403024196797725,9,192.0,1.63
25295.0,4,68.0,2.125,7.909446015718567,4,4,-5.0,0.37070836553750103,6.940589829725529,7.909446015718567,4,-5.0,1.97
25300.0,5,90.0,2.5714285714285716,7.326297912400505,5,5,90.0,0.3178395101240936,5.906420197507897,7.326297912400505,5,90.0,-0.9500000000000001
25305.0,8,44.0,1.4193548387096775,7.091584335132003,8,8,44.0,0.3274637878432203,6.259835219256446,7.091584335132003,8,44.0,0.46
25310.0,9,80.0,2.4242424242424243,6.27297389227488,9,9,43.0,0.26816332356963235,5.096352639841261,6.27297389227488,9,43.0,0.010000000000000009
25315.0,10,129.0,3.909090909090909,7.55410193040023,10,10,129.0,0.34204188793960494,6.452241760288462,7.55410193040023,10,129.0,-0.8600000000000001
25320.0,7,125.0,3.787878787878788,7.508336655071013,7,7,125.0,0.3243723582309637,6.137551266879926,7.508336655071013,7,125.0,0.040000000000000036
25325.0,6,109.0,2.945945945945946,7.672142937678969,6,6,95.0,0.3114455467760341,6.085307919561287,7.672142937678969,6,95.0,0.30000000000000004
25330.0,6,139.0,3.861111111111111,8.807403539205747,6,6,139.0,0.40843159847488814,7.861630267164808,8.807403539205747,6,139.0,-0.43999999999999995
25335.0,8,172.0,4.526315789473684,7.817228207338428,8,8,172.0,0.3257488320551076,6.186986943464559,7.817228207338428,8,172.0,-0.33000000000000007
25340.0,5,88.0,2.3783783783783785,8.780298104953495,5,5,88.0,0.4078362652435661,7.940192779014528,8.780298104953495,5,88.0,0.84
25345.0,6,78.0,2.0526315789473686,8.111127564965173,6,6,30.0,0.34577684202715936,6.526560567352075,8.111127564965173,6,30.0,0.5800000000000001
25350.0,5,102.0,2.7567567567567566,9.29593465151871,5,5,102.0,0.45583710152253554,8.454731707950447,9.29593465151871,5,102.0,-0.72
25355.0,5,76.0,2.1714285714285713,9.615096944927407,5,5,76.0,0.48780825794219385,9.19736758627289,9.615096944927407,5,76.0,0.26
25360.0,8,107.0,2.891891891891892,8.433676114293156,8,8,58.0,0.3471033170888313,6.242064619205303,8.433676114293156,8,58.0,0.18000000000000005
25365.0,8,147.0,4.2,8.892176474841024,8,8,147.0,0.38686759909690105,7.190367894274571,8.892176474841024,8,147.0,-0.89
25370.0,7,80.0,2.2222222222222223,7.977857410784803,7,7,80.0,0.291749579315036,5.620391228225092,7.977857410784803,7,80.0,0.6699999999999999
25375.0,6,95.0,2.878787878787879,8.43833045754144,6,6,52.0,0.3608392230591751,6.911364088816673,8.43833045754144,6,52.0,0.28
25380.0,6,125.0,4.032258064516129,8.85029346678287,6,6,125.0,0.4185969477151923,7.836509408763501,8.85029346678287,6,125.0,-0.73
25385.0,6,82.0,2.484848484848485,7.52431495809575,6,6,82.0,0.3241130649460592,6.310213882548114,7.52431495809575,6,82.0,0.43000000000000005
25390.0,5,103.0,3.121212121212121,8.82924583374081,5,5,69.0,0.4035233744478261,7.831609259170916,8.82924583374081,5,69.0,0.13
25395.0,8,132.0,4.0,7.869506364098859,8,8,132.0,0.34608370076302225,6.255584202701227,7.869506364098859,8,132.0,-0.6300000000000001
25400.0,4,48.0,1.5,8.8256097500983,4,4,48.0,0.43789561453007175,8.318380255921497,8.8256097500983,4,48.0,0.8400000000000001
25405.0,5,34.0,1.0303030303030303,8.898230360292647,5,5,-9.0,0.4219793109949912,7.840564687318457,8.898230360292647,5,-9.0,0.57
25410.0,4,51.0,1.59375,9.500129804908976,4,4,51.0,0.4822473387425923,8.683796709698155,9.500129804908976,4,51.0,-0.6
25415.0,5,74.0,2.3125,9.875506900268721,5,5,74.0,0.5134050483901476,9.540351500584759,9.875506900268721,5,74.0,-0.22999999999999998
25420.0,7,102.0,3.1875,8.075466599268482,7,7,102.0,0.32429500380268583,6.214022521848094,8.075466599268482,7,102.0,-0.28
25425.0,8,141.0,4.40625,8.76869328483781,8,8,141.0,0.3718428714127661,7.195091240897498,8.76869328483781,8,141.0,-0.3899999999999999
25430.0,9,182.0,5.515151515151516,7.557061494327689,9,9,182.0,0.2896451732235659,5.566006371380016,7.557061494327689,9,182.0,-0.41000000000000014
25435.0,8,109.0,3.5161290322580645,7.594153730418253,8,8,109.0,0.3102253892966302,6.16852708035001,7.594153730418253,8,109.0,0.73
25440.0,6,121.0,4.033333333333333,7.787635206541267,6,6,74.0,0.34817547539223315,6.648664060475116,7.787635206541267,6,74.0,0.3500000000000001
25445.0,8,159.0,4.818181818181818,7.553942339858212,8,8,159.0,0.3453748487828703,6.439985043987329,7.553942339858212,8,159.0,-0.8500000000000001
25450.0,6,111.0,3.7,7.901260330834145,6,6,111.0,0.3938534149662708,7.369528680942134,7.901260330834145,6,111.0,0.48
25455.0,7,131.0,3.9696969696969697,7.001908770349304,7,7,98.0,0.30220027864071514,5.667495727332619,7.001908770349304,7,98.0,0.13000000000000012
25460.0,7,166.0,5.354838709677419,8.150616990073509,7,7,166.0,0.3943450285108811,7.353614271924931,8.150616990073509,7,166.0,-0.6799999999999999
25465.0,8,73.0,2.28125,7.135509205759542,8,8,73.0,0.32539987048152014,6.062913166357381,7.135509205759542,8,73.0,0.9299999999999999
25470.0,6,64.0,2.1333333333333333,7.221271333741126,6,6,12.0,0.34840040405006534,6.57243409224265,7.221271333741126,6,12.0,0.61
25475.0,6,94.0,3.1333333333333333,8.075859470279141,6,6,94.0,0.40769062317992855,7.407010122953215,8.075859470279141,6,94.0,-0.82
25480.0,8,129.0,3.909090909090909,7.138304544399159,8,8,129.0,0.322401619388517,5.84082444646138,7.138304544399159,8,129.0,-0.3500000000000001
25485.0,7,89.0,2.696969696969697,7.722592043488789,7,7,89.0,0.3748059959827484,6.944488257423691,7.722592043488789,7,89.0,0.4
25490.0,7,113.0,3.138888888888889,7.295633628799806,7,7,80.0,0.3344334913681377,5.880546353167711,7.295633628799806,7,80.0,0.08999999999999997
25495.0,8,150.0,4.545454545454546,7.908651240561035,8,8,150.0,0.3951975354583494,6.904200709154205,7.908651240561035,8,150.0,-0.7
25500.0,5,79.0,2.5483870967741935,8.240306883546621,5,5,79.0,0.4231702836047307,7.549564900887197,8.240306883546621,5,79.0,0.71
25505.0,6,66.0,1.8857142857142857,7.15893791080308,6,6,32.0,0.3062704391369777,5.644840781700514,7.15893791080308,6,32.0,0.47000000000000003
25510.0,5,90.0,2.5714285714285716,8.659117683374872,5,5,90.0,0.4377051467943008,8.00509555968475,8.659117683374872,5,90.0,-0.5800000000000001
25515.0,6,83.0,2.2432432432432434,7.442245845115335,6,6,83.0,0.32554254376050484,6.070535507748298,7.442245845115335,6,83.0,0.07000000000000006
25520.0,9,128.0,3.764705882352941,8.044035960581391,9,9,98.0,0.36651792875121,6.934451741853903,8.044035960581391,9,98.0,-0.15000000000000002
25525.0,12,173.0,4.675675675675675,7.297030754338845,12,12,173.0,0.2928220147960648,5.662785148224151,7.297030754338845,12,173.0,-0.75
25530.0,9,182.0,4.918918918918919,7.919243315760619,9,9,182.0,0.3311362023817955,6.604842083147139,7.919243315760619,9,182.0,-0.09000000000000008
25535.0,8,218.0,6.055555555555555,8.039442362322822,8,8,206.0,0.36044978442853753,6.792966944470952,8.039442362322822,8,206.0,-0.24
25540.0,11,267.0,7.216216216216216,7.052625823082624,11,11,267.0,0.29571539288448034,5.227088657207779,7.052625823082624,11,267.0,-0.6099999999999999
25545.0,8,231.0,6.794117647058823,7.654109746427687,8,8,231.0,0.34454741643628817,6.502983748995727,7.654109746427687,8,231.0,0.3599999999999999
25550.0,8,259.0,7.848484848484849,7.244349325125271,8,8,221.0,0.30696243538668555,5.823839935639519,7.244349325125271,8,221.0,0.10000000000000009
25555.0,9,302.0,9.4375,7.74617748280959,9,9,302.0,0.3574310199457248,6.591773788493059,7.74617748280959,9,302.0,-0.81
25560.0,6,145.0,4.53125,7.637292207273738,6,6,145.0,0.34321819351219157,6.307275724471594,7.637292207273738,6,145.0,1.57
25565.0,5,46.0,1.393939393939394,7.479015635426487,5,5,-27.0,0.3373772428529596,6.149699947167916,7.479015635426487,5,-27.0,1.72
25570.0,4,66.0,2.0,8.75387778796655,4,4,66.0,0.4456944995724773,7.883906591321702,8.75387778796655,4,66.0,-0.93
25575.0,5,88.0,2.4444444444444446,8.33521474792558,5,5,88.0,0.40618851225052477,7.202849881908412,8.33521474792558,5,88.0,-0.21999999999999997
25580.0,4,65.0,1.8571428571428572,8.570651254769727,4,4,65.0,0.4075484833397568,7.626626270715928,8.570651254769727,4,65.0,0.22999999999999998
25585.0,7,85.0,2.2972972972972974,8.452741704885405,7,7,62.0,0.4072871777174582,7.460364639468721,8.452741704885405,7,62.0,0.030000000000000027
25590.0,5,110.0,2.972972972972973,9.203883368019781,5,5,110.0,0.46327318792912703,8.534569540944824,9.203883368019781,5,110.0,-0.4800000000000001
25595.0,5,83.0,2.4411764705882355,9.576125783654357,5,5,83.0,0.486787051073988,9.365760679720845,9.576125783654357,5,83.0,0.27000000000000013
25600.0,8,114.0,3.257142857142857,8.196678020093385,8,8,62.0,0.3115356938188522,5.899336361680666,8.196678020093385,8,62.0,0.20999999999999996
25605.0,8,154.0,4.529411764705882,8.51235748408827,8,8,154.0,0.38396714071298005,7.2932923426448415,8.51235748408827,8,154.0,-0.92
25610.0,9,194.0,5.705882352941177,6.90052949315369,9,9,194.0,0.2404905540291204,4.844112009901306,6.90052949315369,9,194.0,-0.3999999999999999
25615.0,8,129.0,3.909090909090909,7.64134005471489,8,8,129.0,0.3075653451088982,6.251743060161836,7.64134005471489,8,129.0,0.6499999999999999
25620.0,6,136.0,4.121212121212121,8.028457797801098,6,6,88.0,0.35404683090919997,6.82199070245252,8.028457797801098,6,88.0,0.41000000000000003
25625.0,8,171.0,4.75,7.77371025650472,8,8,171.0,0.3456289604458781,6.527856083667761,7.77371025650472,8,171.0,-0.83
25630.0,6,90.0,2.727272727272727,8.003059013086707,6,6,90.0,0.3729974798212575,7.077758465580748,8.003059013086707,6,90.0,0.8099999999999999
25635.0,6,85.0,2.5757575757575757,7.371263225274727,6,6,37.0,0.33543693476996106,6.139024826745858,7.371263225274727,6,37.0,0.53
25640.0,6,115.0,3.7096774193548385,8.868724924080755,6,6,115.0,0.4645227866719105,8.358158260946611,8.868724924080755,6,115.0,-0.7799999999999999
25645.0,7,44.0,1.3333333333333333,7.577526946758452,7,7,44.0,0.37327604593952396,6.648040530496404,7.577526946758452,7,44.0,0.71
25650.0,5,55.0,1.7741935483870968,8.207836119890063,5,5,13.0,0.4160329198558386,7.547154368920911,8.207836119890063,5,13.0,0.31
25655.0,5,80.0,2.6666666666666665,9.284684801938996,5,5,80.0,0.5036483876596347,9.005563116455278,9.284684801938996,5,80.0,-0.67
25660.0,4,35.0,1.0606060606060606,7.866230523901634,4,4,35.0,0.3698261477037628,6.896812981915755,7.866230523901634,4,35.0,0.45000000000000007
25665.0,5,56.0,1.696969696969697,9.016553092225061,5,5,28.0,0.4456462677729838,8.371637299778813,9.016553092225061,5,28.0,0.06999999999999995
25670.0,5,81.0,2.3142857142857145,7.916401684144323,5,5,81.0,0.34119582528577913,6.08793426932072,7.916401684144323,5,81.0,-0.53
25675.0,4,38.0,1.0857142857142856,8.509741937117418,4,4,38.0,0.4131089133828281,7.6241114175833165,8.509741937117418,4,38.0,0.43000000000000005
25680.0,3,48.0,1.411764705882353,9.496200538342762,3,3,20.0,0.48921776341852335,8.936372692577091,9.496200538342762,3,20.0,0.18
25685.0,4,66.0,1.9411764705882353,8.778149331133761,4,4,66.0,0.40394456530245076,7.241124605638273,8.778149331133761,4,66.0,-0.46
25690.0,5,91.0,2.676470588235294,9.532501010019663,5,5,91.0,0.4683288614478807,8.767993996376154,9.532501010019663,5,91.0,-0.25
25695.0,4,45.0,1.3636363636363635,8.23748032759867,4,4,45.0,0.3377743510270147,6.463635658719017,8.23748032759867,4,45.0,0.46
25700.0,4,65.0,2.03125,9.680810944931274,4,4,36.0,0.474123263164548,8.713656425857495,9.680810944931274,4,36.0,0.09000000000000002
25705.0,7,85.0,2.5,9.165046939181169,7,7,85.0,0.420150952660343,7.458037125741496,9.165046939181169,7,85.0,-0.49
25710.0,3,67.0,2.161290322580645,9.134317009994716,3,3,67.0,0.44836659857382544,8.503400978203475,9.134317009994716,3,67.0,0.17999999999999994
25715.0,3,82.0,2.9285714285714284,10.329632403473848,3,3,62.0,0.5633577730006605,10.619641969831594,10.329632403473848,3,62.0,0.050000000000000044
25720.0,5,100.0,3.225806451612903,8.563023529856766,5,5,100.0,0.4063710505127556,7.329235764938454,8.563023529856766,5,100.0,-0.38
25725.0,4,59.0,2.0344827586206895,9.074969404164028,4,4,59.0,0.45201232558326254,8.829627447883711,9.074969404164028,4,59.0,0.41000000000000003
25730.0,5,80.0,2.5806451612903225,8.181544618907129,5,5,21.0,0.3700598265481265,7.007991670318725,8.181544618907129,5,21.0,0.38
25735.0,7,112.0,3.8620689655172415,8.283676857642513,7,7,112.0,0.39514325040981085,7.462904689531224,8.283676857642513,7,112.0,-0.9100000000000001
25740.0,4,49.0,1.8148148148148149,7.954952543635381,4,4,49.0,0.37535060155992717,7.350280369991127,7.954952543635381,4,49.0,0.6300000000000001
25745.0,5,59.0,1.903225806451613,7.656999869598549,5,5,19.0,0.3672472173555262,6.813767481889984,7.656999869598549,5,19.0,0.3
25750.0,5,84.0,2.7096774193548385,8.949459164844496,5,5,84.0,0.48638932358338255,8.826169850462655,8.949459164844496,5,84.0,-0.6499999999999999
25755.0,4,38.0,1.1176470588235294,7.466857266060598,4,4,38.0,0.3525109530576522,6.437936251140984,7.466857266060598,4,38.0,0.45999999999999996
25760.0,4,56.0,1.696969696969697,9.01358884436234,4,4,25.0,0.47725230646911365,8.787226562564868,9.01358884436234,4,25.0,0.13
25765.0,7,76.0,2.303030303030303,8.741173219749847,7,7,76.0,0.43787994714372475,7.955482559528055,8.741173219749847,7,76.0,-0.51
25770.0,3,22.0,0.6875,8.789873700570212,3,3,22.0,0.4475451073961639,8.588596286972413,8.789873700570212,3,22.0,0.54
25775.0,2,28.0,0.9655172413793104,10.210660056538913,2,2,-4.0,0.5584438523305046,10.475550142445048,10.210660056538913,2,-4.0,0.26
25780.0,4,40.0,1.2903225806451613,8.768803643657781,4,4,40.0,0.40529348494268663,7.5239363932905885,8.768803643657781,4,40.0,-0.44
25785.0,4,60.0,1.935483870967742,9.55594241620777,4,4,60.0,0.49574998262085507,9.619542628482762,9.55594241620777,4,60.0,-0.19999999999999996
25790.0,5,81.0,2.53125,8.107812823280398,5,5,81.0,0.3264403920867447,6.075486231696333,8.107812823280398,5,81.0,-0.21000000000000008
25795.0,7,115.0,3.7096774193548385,8.669242515974574,7,7,115.0,0.37598237143854124,7.059080500712958,8.669242515974574,7,115.0,-0.33999999999999986
25800.0,5,120.0,4.0,9.071537061977166,5,5,120.0,0.4114670821376636,7.927471909157155,9.071537061977166,5,120.0,-0.050000000000000044
25805.0,7,151.0,4.870967741935484,7.950039306663551,7,7,135.0,0.347036412663925,6.428855915064447,7.950039306663551,7,135.0,-0.15000000000000013
25810.0,7,186.0,6.2,8.804351047763712,7,7,186.0,0.42412556658756384,7.831670090942852,8.804351047763712,7,186.0,-0.51
25815.0,6,80.0,2.6666666666666665,7.050492064878158,6,6,80.0,0.2992531402891882,5.743326957465633,7.050492064878158,6,80.0,1.06
25820.0,4,59.0,1.9666666666666666,8.926518930401022,4,4,4.0,0.44243953088966015,8.262977222363308,8.926518930401022,4,4.0,0.76
25825.0,6,79.0,2.5483870967741935,8.549411614661173,6,6,79.0,0.4269708087265108,7.73497285537299,8.549411614661173,6,79.0,-0.75
25830.0,7,92.0,3.1724137931034484,8.035189788310737,7,7,92.0,0.40000970780374034,7.465323245367061,8.035189788310737,7,92.0,-0.13
25835.0,6,122.0,4.518518518518518,8.704167917655763,6,6,112.0,0.43071936893063456,8.076407933515085,8.704167917655763,6,112.0,-0.20000000000000007
25840.0,9,159.0,5.3,7.236388583228466,9,9,159.0,0.3306261542849669,5.880410216705176,7.236388583228466,9,159.0,-0.47
25845.0,6,75.0,2.586206896551724,7.946725007720556,6,6,75.0,0.37602777425443284,7.028952095823353,7.946725007720556,6,75.0,0.8400000000000001
25850.0,5,70.0,2.1875,7.577429967750637,5,5,20.0,0.33158046076667846,6.096575590141058,7.577429967750637,5,20.0,0.55
25855.0,6,99.0,3.09375,8.641552425780812,6,6,99.0,0.42278450415256386,7.653257418497226,8.641552425780812,6,99.0,-0.79
25860.0,4,45.0,1.5,8.806806593142785,4,4,45.0,0.45024215729375555,8.247711215066758,8.806806593142785,4,45.0,0.54
25865.0,5,54.0,1.6363636363636365,8.279784482630358,5,5,26.0,0.37981870867026135,6.993549785037028,8.279784482630358,5,26.0,0.19
25870.0,5,79.0,2.46875,9.445253900534748,5,5,79.0,0.4818891182576521,8.735089586586717,9.445253900534748,5,79.0,-0.53
25875.0,3,67.0,1.9705882352941178,8.108013520247551,3,3,67.0,0.3531204006984216,6.893294556194223,8.108013520247551,3,67.0,0.12
25880.0,5,92.0,2.875,9.348454754873641,5,5,73.0,0.469687428647494,8.94401188437923,9.348454754873641,5,73.0,-0.05999999999999994
25885.0,8,117.0,3.5454545454545454,8.39888329845174,8,8,117.0,0.3890189664991744,6.993835386835157,8.39888329845174,8,117.0,-0.43999999999999995
25890.0,4,76.0,2.375,8.671041799166458,4,4,76.0,0.4230412022495055,7.860618529928355,8.671041799166458,4,76.0,0.4099999999999999
25895.0,3,87.0,2.806451612903226,9.899461306523225,3,3,59.0,0.5496282644462054,10.122293932734932,9.899461306523225,3,59.0,0.17000000000000004
25900.0,6,106.0,3.212121212121212,8.490522164578348,6,6,106.0,0.3914658395457862,7.020663649159666,8.490522164578348,6,106.0,-0.4700000000000001
25905.0,4,63.0,2.1,9.080715101772459,4,4,63.0,0.4758377598239261,8.986086064824459,9.080715101772459,4,63.0,0.43000000000000005
25910.0,5,84.0,2.5454545454545454,7.7311529189064485,5,5,22.0,0.3407039798460697,6.115334091335872,7.7311529189064485,5,22.0,0.41000000000000003
25915.0,7,118.0,3.6875,8.536098441413273,7,7,118.0,0.4135699775066842,7.304813288536792,8.536098441413273,7,118.0,-0.96
25920.0,7,153.0,4.935483870967742,8.362856351632887,7,7,153.0,0.3898425720383245,6.941416802229603,8.362856351632887,7,153.0,-0.3500000000000001
25925.0,10,197.0,5.96969696969697,7.137459719505154,10,10,197.0,0.28871121716746906,5.1062047474372685,7.137459719505154,10,197.0,-0.43999999999999995
25930.0,7,116.0,3.7419354838709675,7.9706682743345265,7,7,116.0,0.38617717946982044,6.915672288187641,7.9706682743345265,7,116.0,0.81
25935.0,5,111.0,3.46875,7.389108460121051,5,5,61.0,0.3554929174871537,6.371442190376427,7.389108460121051,5,61.0,0.5499999999999999
25940.0,7,144.0,4.8,8.250738217230978,7,7,144.0,0.4318737562688717,7.706833324821497,8.250738217230978,7,144.0,-0.83
25945.0,8,78.0,2.3636363636363638,7.354523880568351,8,8,78.0,0.3613719874808592,6.546777808337485,7.354523880568351,8,78.0,0.6599999999999999
25950.0,6,97.0,2.9393939393939394,8.192674192623452,6,6,55.0,0.4097896338216242,7.362403450613561,8.192674192623452,6,55.0,0.22999999999999998
25955.0,6,127.0,4.096774193548387,9.270838231769403,6,6,127.0,0.5048368431905502,8.799927962621219,9.270838231769403,6,127.0,-0.72
25960.0,9,162.0,5.4,6.949528632434767,9,9,162.0,0.3247191024822501,5.538160474914111,6.949528632434767,9,162.0,-0.3500000000000001
25965.0,6,81.0,2.793103448275862,8.121049815850352,6,6,81.0,0.4077957630661981,7.236251713610861,8.121049815850352,6,81.0,0.81
25970.0,4,75.0,2.34375,7.5574938436822,4,4,26.0,0.3504018104283041,6.09925056278499,7.5574938436822,4,26.0,0.55
25975.0,6,104.0,3.25,8.458538606642557,6,6,104.0,0.4278894941163418,7.354266458073163,8.458538606642557,6,104.0,-0.78
25980.0,4,43.0,1.34375,8.805797598811075,4,4,43.0,0.46784968287743706,8.216657466519546,8.805797598811075,4,43.0,0.6100000000000001
25985.0,4,51.0,1.4166666666666667,8.18333236062713,4,4,18.0,0.37264823682303927,6.791636787280986,8.18333236062713,4,18.0,0.25
25990.0,5,76.0,2.235294117647059,9.286003367834393,5,5,76.0,0.4870894118146387,8.760292071685292,9.286003367834393,5,76.0,-0.5800000000000001
25995.0,5,65.0,1.911764705882353,7.830371239471221,5,5,65.0,0.36603204555506946,6.630013669965516,7.830371239471221,5,65.0,0.10999999999999999
26000.0,5,90.0,2.8125,8.88582051429084,5,5,71.0,0.4633406881626163,8.60058104880119,8.88582051429084,5,71.0,-0.05999999999999994
26005.0,8,115.0,3.2857142857142856,8.537648284513564,8,8,115.0,0.42696757027285237,7.520882136113582,8.537648284513564,8,115.0,-0.43999999999999995
26010.0,6,128.0,3.764705882352941,8.380678373216282,6,6,128.0,0.4167323819688901,7.687726569065719,8.380678373216282,6,128.0,-0.13000000000000012
26015.0,5,152.0,4.470588235294118,9.393479025773278,5,5,142.0,0.49513853806574953,9.279990562675238,9.393479025773278,5,142.0,-0.1399999999999999
26020.0,8,182.0,5.352941176470588,7.99950240785361,8,8,182.0,0.3390222284422075,6.1745471793091555,7.99950240785361,8,182.0,-0.40000000000000013
26025.0,8,222.0,6.9375,8.438692112774422,8,8,222.0,0.3785429188126035,7.242200590981241,8.438692112774422,8,222.0,-0.40000000000000013
26030.0,5,128.0,3.878787878787879,7.960320694014539,5,5,128.0,0.3379913650320878,6.452757786983357,7.960320694014539,5,128.0,0.9400000000000002
26035.0,5,116.0,3.625,8.407500846712225,5,5,68.0,0.3871269032827176,7.151745792204064,8.407500846712225,5,68.0,0.6
26040.0,5,141.0,4.862068965517241,8.766301243576711,5,5,141.0,0.4414347509507579,7.889900456381771,8.766301243576711,5,141.0,-0.7299999999999999
26045.0,7,64.0,2.0,7.414695252564811,7,7,64.0,0.3319537057843862,6.183339741030032,7.414695252564811,7,64.0,0.7699999999999999
26050.0,7,99.0,3.3,8.417921389525251,7,7,18.0,0.39790222020142124,7.626977466075068,8.417921389525251,7,18.0,0.46
26055.0,10,138.0,4.3125,6.98650442762988,10,10,138.0,0.30249530807880753,5.671818181818181,6.98650442762988,10,138.0,-1.2
26060.0,7,102.0,3.4,8.032339356375509,7,7,102.0,0.387946407665387,7.533355926487434,8.032339356375509,7,102.0,0.3599999999999999
26065.0,9,125.0,3.787878787878788,7.440786176318613,9,9,89.0,0.3573319766336939,6.45497298509142,7.440786176318613,9,89.0,0.13
26070.0,8,162.0,5.0625,7.889704060277985,8,8,162.0,0.40961262919291386,7.084312249936046,7.889704060277985,8,162.0,-0.7300000000000001
26075.0,5,116.0,3.8666666666666667,8.497429655635043,5,5,116.0,0.4630078517506353,8.483970593853819,8.497429655635043,5,116.0,0.4600000000000002
26080.0,6,129.0,3.909090909090909,7.176444104034531,6,6,101.0,0.3285271580104435,5.983946907396488,7.176444104034531,6,101.0,0.1499999999999999
26085.0,7,164.0,4.96969696969697,8.397584620677389,7,7,164.0,0.42909066871391827,7.703689786536547,8.397584620677389,7,164.0,-0.6299999999999999
26090.0,4,55.0,1.5277777777777777,7.196013130870666,4,4,55.0,0.30927247905995336,5.820415937112326,7.196013130870666,4,55.0,1.0899999999999999
26095.0,4,40.0,1.1428571428571428,8.38275945717447,4,4,-15.0,0.4128158634510123,7.592056957865883,8.38275945717447,4,-15.0,0.7000000000000001
26100.0,4,60.0,1.875,9.293931392238004,4,4,60.0,0.4987091198594987,8.830344265171096,9.293931392238004,4,60.0,-0.75
26105.0,5,46.0,1.393939393939394,7.712637407773339,5,5,46.0,0.3736463906685839,6.542689702486662,7.712637407773339,5,46.0,0.13999999999999996
26110.0,5,71.0,2.1515151515151514,9.082165944897085,5,5,50.0,0.47406475654391983,8.322832961578248,9.082165944897085,5,50.0,-0.03999999999999998
26115.0,6,97.0,2.6944444444444446,8.001442875509964,6,6,97.0,0.3580778756383878,6.037905271837692,8.001442875509964,6,97.0,-0.47
26120.0,6,92.0,2.6285714285714286,8.570665946680746,6,6,92.0,0.4249333830789046,7.453929808490508,8.570665946680746,6,92.0,0.04999999999999993
26125.0,9,122.0,3.210526315789474,8.919067840332138,9,9,87.0,0.43425294302380557,7.73713837072853,8.919067840332138,9,87.0,0.050000000000000044
26130.0,9,157.0,4.617647058823529,8.508096530516696,9,9,157.0,0.3595918395800649,6.7989175679342555,8.508096530516696,9,157.0,-0.7000000000000001
26135.0,6,105.0,3.3870967741935485,8.799185030180514,6,6,105.0,0.40242187716005917,7.637458040174579,8.799185030180514,6,105.0,0.52
26140.0,6,127.0,3.8484848484848486,7.7072757725213075,6,6,88.0,0.336911742947881,6.110658548767721,7.7072757725213075,6,88.0,0.17000000000000004
26145.0,8,166.0,5.533333333333333,8.338981438113409,8,8,166.0,0.42064498292949504,7.385187330073099,8.338981438113409,8,166.0,-0.7799999999999999
26150.0,8,197.0,6.354838709677419,6.512972307844502,8,8,197.0,0.29530090062166725,5.201369748914104,6.512972307844502,8,197.0,-0.31000000000000005
26155.0,10,246.0,7.935483870967742,7.523982850854865,10,10,241.0,0.3362068872192846,6.09787877095083,7.523982850854865,10,241.0,-0.44000000000000017
26160.0,10,296.0,10.206896551724139,7.042342345337157,10,10,296.0,0.3166359823968052,5.541960060573682,7.042342345337157,10,296.0,-0.5499999999999998
26165.0,12,355.0,11.09375,6.210842327096406,12,12,355.0,0.2529063815491153,4.622319402072063,6.210842327096406,12,355.0,-0.5899999999999999
26170.0,10,230.0,7.666666666666667,6.759877888161329,10,10,230.0,0.3161983744314502,5.87716612530952,6.759877888161329,10,230.0,1.25
26175.0,7,156.0,4.7272727272727275,6.480456580394891,7,7,93.0,0.30210192556915977,5.5365491447462425,6.480456580394891,7,93.0,1.3699999999999997
26180.0,8,194.0,6.0625,7.717568693924881,8,8,194.0,0.39300515625759874,7.124485219113798,7.717568693924881,8,194.0,-1.0099999999999998
26185.0,11,234.0,6.685714285714286,7.315814954848063,11,11,234.0,0.34949230903193085,6.421869170389573,7.315814954848063,11,234.0,-0.3999999999999999
26190.0,8,206.0,5.885714285714286,7.650224611624136,8,8,206.0,0.367984318028392,6.849175693712406,7.650224611624136,8,206.0,0.2799999999999998
26195.0,7,238.0,7.212121212121212,7.834236471209644,7,7,204.0,0.38708471758064195,7.1800886872214384,7.834236471209644,7,204.0,0.020000000000000018
26200.0,10,279.0,7.9714285714285715,6.882933586793513,10,10,279.0,0.32361325969020577,5.626755280418725,6.882933586793513,10,279.0,-0.75
26205.0,8,134.0,4.0606060606060606,7.518126180269446,7,8,133.0,0.3731627898796124,6.957279556525191,7.518126180269446,7,133.0,1.46
26210.0,5,48.0,1.3714285714285714,6.549620724513788,5,5,-24.0,0.26878350078665664,5.024460149989134,6.549620724513788,5,-24.0,1.57
26215.0,5,69.0,1.9714285714285715,7.800714853467212,5,5,69.0,0.3721664043439863,6.837215498401887,7.800714853467212,5,69.0,-0.9299999999999999
26220.0,8,94.0,2.6857142857142855,7.417329060934078,8,8,94.0,0.34768340469000575,6.388264138202768,7.417329060934078,8,94.0,-0.25
26225.0,11,146.0,3.7435897435897436,6.793714006969763,11,11,141.0,0.2787673521790646,5.096207983677647,6.793714006969763,11,141.0,-0.47
26230.0,11,201.0,5.2894736842105265,7.567909859548455,11,11,201.0,0.33741192616497284,6.311274336460445,7.567909859548455,11,201.0,-0.5999999999999999
26235.0,10,205.0,5.256410256410256,6.40746411094052,10,10,205.0,0.248466729026888,4.811304950972246,6.40746411094052,10,205.0,-0.040000000000000036
26240.0,7,193.0,4.948717948717949,7.850262404598164,7,7,179.0,0.3666909457249466,6.908385717387148,7.850262404598164,7,179.0,0.2599999999999998
26245.0,10,228.0,5.846153846153846,7.333632239472724,10,10,228.0,0.34487527984387434,6.253746045217443,7.333632239472724,10,228.0,-0.48999999999999977
26250.0,9,126.0,3.4054054054054053,7.424101739523973,9,9,126.0,0.33130360307322654,6.373965502391453,7.424101739523973,9,126.0,1.0199999999999998
26255.0,6,107.0,2.9722222222222223,7.9826775068721725,6,6,50.0,0.36136008700802064,6.962388685905131,7.9826775068721725,6,50.0,0.76
26260.0,9,143.0,4.085714285714285,7.229933701454969,9,9,143.0,0.29928882261730744,5.656241363048233,7.229933701454969,9,143.0,-0.9299999999999999
26265.0,9,146.0,4.171428571428572,7.311914033383237,9,9,146.0,0.30911290574100864,5.9940506235205255,7.311914033383237,9,146.0,-0.030000000000000027
26270.0,8,179.0,4.837837837837838,6.620584265253403,8,8,166.0,0.24802685639872932,4.773164021683655,6.620584265253403,8,166.0,-0.19999999999999996
26275.0,10,229.0,6.735294117647059,7.747998850270731,10,10,229.0,0.3404560095387454,6.427857973094106,7.747998850270731,10,229.0,-0.6300000000000001
26280.0,7,176.0,5.333333333333333,7.483385329798678,7,7,176.0,0.3089018075563489,5.922397735768357,7.483385329798678,7,176.0,0.53
26285.0,8,204.0,5.513513513513513,7.699561569458606,8,8,164.0,0.3205860457138694,5.924801783227711,7.699561569458606,8,164.0,0.1200000000000001
26290.0,8,244.0,6.777777777777778,8.632412031142803,8,8,244.0,0.4204753538367752,7.494090371908152,8.632412031142803,8,244.0,-0.8
26295.0,6,186.0,4.894736842105263,7.603941245674183,6,6,186.0,0.35670377675778453,6.085941112631293,7.603941245674183,6,186.0,0.5799999999999998
26300.0,5,171.0,4.885714285714286,8.66490012177874,5,5,142.0,0.44897673360270823,7.707890517145266,8.66490012177874,5,142.0,0.44000000000000017
26305.0,8,196.0,5.297297297297297,8.292600316706393,8,8,196.0,0.4251701699899282,7.064837452377103,8.292600316706393,8,196.0,-0.54
26310.0,7,213.0,5.916666666666667,7.949175638233249,7,7,213.0,0.3917968428991747,6.6956690174675915,7.949175638233249,7,213.0,-0.16999999999999993
26315.0,7,248.0,6.888888888888889,8.990710234949765,7,7,237.0,0.4642308378414435,8.088748214970902,8.990710234949765,7,237.0,-0.2400000000000002
26320.0,8,284.0,7.888888888888889,7.664043512573762,8,8,284.0,0.3093901485382179,5.642878430441661,7.664043512573762,8,284.0,-0.46999999999999975
26325.0,8,244.0,6.777777777777778,8.27577117294839,8,8,244.0,0.3891016140990873,7.077317858258305,8.27577117294839,8,244.0,0.3999999999999999
26330.0,7,269.0,7.078947368421052,7.566174268984071,7,7,231.0,0.28679660450719985,5.498031042593698,7.566174268984071,7,231.0,0.1299999999999999
26335.0,8,308.0,8.8,8.343515001057602,8,8,308.0,0.373276606082398,6.876706776621458,8.343515001057602,8,308.0,-0.77
26340.0,6,266.0,8.3125,7.99063604812288,6,6,266.0,0.37454322499438564,6.911772456834307,7.99063604812288,6,266.0,0.41999999999999993
26345.0,7,286.0,8.17142857142857,7.273435680000985,7,7,258.0,0.28610390044276945,5.706492109950908,7.273435680000985,7,258.0,0.08000000000000007
26350.0,7,321.0,9.441176470588236,8.485474100058658,7,7,321.0,0.3818656655747995,7.267015552472396,8.485474100058658,7,321.0,-0.6299999999999999
26355.0,7,328.0,9.647058823529411,7.239163766363806,7,7,328.0,0.31237114570653407,5.929836735518341,7.239163766363806,7,328.0,-0.06999999999999984
26360.0,8,367.0,11.46875,8.178857921835856,8,8,353.0,0.38364811247526137,7.377155159460413,8.178857921835856,8,353.0,-0.25
26365.0,10,407.0,12.333333333333334,7.824404690258222,10,10,407.0,0.3180353405964912,6.17512453297567,7.824404690258222,10,407.0,-0.5400000000000005
26370.0,7,373.0,11.303030303030303,7.848792156642937,7,7,373.0,0.3513524879068975,7.022267044101549,7.848792156642937,7,373.0,0.3400000000000003
26375.0,6,399.0,12.090909090909092,8.493554025920048,6,6,365.0,0.39112073144303333,7.722385794737389,8.493554025920048,6,365.0,0.08000000000000007
26380.0,9,437.0,12.852941176470589,7.54598195078835,9,9,437.0,0.31100159234097874,5.925742700610946,7.54598195078835,9,437.0,-0.7200000000000002
26385.0,6,400.0,11.764705882352942,8.133488076009357,6,6,400.0,0.356845930994033,7.245996721709607,8.133488076009357,6,400.0,0.3700000000000001
26390.0,5,417.0,11.583333333333334,7.656507804441164,5,5,389.0,0.30277416249655636,5.924811319097904,7.656507804441164,5,389.0,0.10999999999999988
26395.0,7,451.0,12.885714285714286,8.665587477693064,7,7,451.0,0.4013636525712774,7.602499942205122,8.665587477693064,7,451.0,-0.6199999999999997
26400.0,5,454.0,13.757575757575758,8.361184078565632,5,5,454.0,0.3816582049275592,7.539055173560689,8.361184078565632,5,454.0,-0.03000000000000025
26405.0,7,485.0,13.472222222222221,7.802443882131957,7,7,468.0,0.3406668756789511,6.393335221310128,7.802443882131957,7,468.0,-0.13999999999999968
26410.0,7,520.0,15.294117647058824,8.750650401116326,7,7,520.0,0.4186901250318929,7.7275644926122355,8.750650401116326,7,520.0,-0.5200000000000005
26415.0,6,91.0,2.4594594594594597,7.976087181176771,6,6,91.0,0.3447151981493834,6.369066531033617,7.976087181176771,6,91.0,4.29
26420.0,6,80.0,2.3529411764705883,8.859212312073204,6,6,-131.0,0.42807746883127745,7.78179237968636,8.859212312073204,6,-131.0,2.22
26425.0,8,110.0,3.142857142857143,8.33447011124061,8,8,110.0,0.3921603008396021,6.963002100545961,8.33447011124061,8,110.0,-2.41
26430.0,6,66.0,2.0,8.12939439621053,6,6,66.0,0.3752220286058538,7.109303475895048,8.12939439621053,6,66.0,0.44000000000000006
26435.0,5,88.0,2.838709677419355,9.031364374350149,5,5,54.0,0.45213754766612546,8.411719437492202,9.031364374350149,5,54.0,0.12
26440.0,7,118.0,3.4705882352941178,8.366423408803026,7,7,118.0,0.402541080649877,7.29420412642815,8.366423408803026,7,118.0,-0.6399999999999999
26445.0,5,67.0,2.0303030303030303,8.381891808227753,5,5,67.0,0.3921350338041527,7.707689917348889,8.381891808227753,5,67.0,0.5099999999999999
26450.0,5,85.0,2.5757575757575757,8.151352369613953,5,5,48.0,0.342563078236784,6.575316894867025,8.151352369613953,5,48.0,0.19000000000000006
26455.0,6,114.0,3.6774193548387095,8.668761893856525,6,6,114.0,0.4131854337799227,7.635798772649135,8.668761893856525,6,114.0,-0.6599999999999999
26460.0,3,42.0,1.4482758620689655,8.717385346474439,3,3,42.0,0.4327118441189423,8.224978715650344,8.717385346474439,3,42.0,0.72
26465.0,4,45.0,1.3636363636363635,8.384214993636231,4,4,4.0,0.37247448568028996,7.369658173660974,8.384214993636231,4,4.0,0.38
26470.0,4,65.0,1.9696969696969697,9.416714323838793,4,4,65.0,0.47414904806588004,8.963323421760446,9.416714323838793,4,65.0,-0.61
26475.0,7,52.0,1.5294117647058822,7.77385764361166,7,7,52.0,0.34471025503097746,6.420296218762533,7.77385764361166,7,52.0,0.13
26480.0,6,82.0,2.411764705882353,9.109241931470299,6,6,50.0,0.44574787766266477,8.241402026288116,9.109241931470299,6,50.0,0.020000000000000018
26485.0,8,112.0,3.393939393939394,8.812390044962758,8,8,112.0,0.4178079717714166,7.6704769578231415,8.812390044962758,8,112.0,-0.6200000000000001
26490.0,6,66.0,2.0625,8.160894117455243,6,6,66.0,0.37566632531725885,6.950229377904498,8.160894117455243,6,66.0,0.4600000000000001
26495.0,5,90.0,2.8125,9.071813048398937,5,5,56.0,0.46042409097846143,8.280575791424921,9.071813048398937,5,56.0,0.09999999999999998
26500.0,7,119.0,3.71875,7.612383450670627,7,7,119.0,0.34804795984342285,6.122330061334654,7.612383450670627,7,119.0,-0.6299999999999999
26505.0,5,68.0,2.125,8.266854287256775,5,5,68.0,0.3956009702329311,7.440737071025385,8.266854287256775,5,68.0,0.5099999999999999
26510.0,4,80.0,2.4242424242424243,8.422312483399809,4,4,43.0,0.3882512030460166,7.255266766787821,8.422312483399809,4,43.0,0.25000000000000006
26515.0,6,104.0,3.25,8.897795513591099,6,6,104.0,0.4222540765463198,7.928904070289373,8.897795513591099,6,104.0,-0.6100000000000001
26520.0,5,113.0,3.7666666666666666,8.726177812326325,5,5,113.0,0.4273446046509906,8.017134808573925,8.726177812326325,5,113.0,-0.08999999999999986
26525.0,7,145.0,4.833333333333333,7.521325254242839,7,7,129.0,0.30698809921906056,5.805068769075432,7.521325254242839,7,129.0,-0.16000000000000014
26530.0,8,185.0,6.379310344827586,8.143744359841586,8,8,185.0,0.3604643351927575,6.898556259902116,8.143744359841586,8,185.0,-0.56
26535.0,6,84.0,2.625,7.712661757388068,6,6,84.0,0.33684970787221197,6.458406321051433,7.712661757388068,6,84.0,1.0100000000000002
26540.0,5,68.0,2.125,8.766714201143827,5,5,12.0,0.4163302328128789,7.9430111604444065,8.766714201143827,5,12.0,0.72
26545.0,7,93.0,2.735294117647059,8.225256025554373,7,7,93.0,0.3928764996601818,7.049528089838912,8.225256025554373,7,93.0,-0.81
26550.0,6,51.0,1.59375,8.038401306992387,6,6,51.0,0.4013901021021493,7.267501038667573,8.038401306992387,6,51.0,0.42000000000000004
26555.0,5,71.0,2.3666666666666667,8.89416841157981,5,5,38.0,0.46722825611179913,8.319619805563399,8.89416841157981,5,38.0,0.13
26560.0,8,100.0,3.225806451612903,7.561473682775874,8,8,100.0,0.3680474618296542,6.289714316397376,7.561473682775874,8,100.0,-0.62
26565.0,5,52.0,1.6774193548387097,8.078655735951573,5,5,52.0,0.4077354873412902,7.3208231198469145,8.078655735951573,5,52.0,0.48
26570.0,4,65.0,2.03125,8.169632976319887,4,4,30.0,0.40712908659896224,7.17527528600612,8.169632976319887,4,30.0,0.22000000000000003
26575.0,6,91.0,2.935483870967742,8.35563264447492,6,6,91.0,0.4179126217155875,7.2844542737827584,8.35563264447492,6,91.0,-0.6100000000000001
26580.0,3,34.0,1.096774193548387,9.047983806349981,3,3,34.0,0.4738883240907049,8.553381166242339,9.047983806349981,3,34.0,0.5700000000000001
26585.0,4,41.0,1.2424242424242424,8.082873668079962,4,4,13.0,0.38832554036046246,6.976994458991262,8.082873668079962,4,13.0,0.21000000000000002
26590.0,4,61.0,1.90625,9.328557596859591,4,4,61.0,0.5286360324462597,9.220908526341455,9.328557596859591,4,61.0,-0.48
26595.0,4,49.0,1.4,7.943248174767692,4,4,49.0,0.3900412332290706,6.838722658966918,7.943248174767692,4,49.0,0.12
26600.0,6,78.0,2.2285714285714286,8.84962818141255,6,6,50.0,0.4462448649811042,7.952219411912512,8.84962818141255,6,50.0,-0.010000000000000009
26605.0,9,108.0,3.0,8.836854456121232,9,9,108.0,0.4388486442688361,7.927364109511788,8.836854456121232,9,108.0,-0.5800000000000001
26610.0,5,61.0,1.7941176470588236,8.414842540763534,5,5,61.0,0.38885074312464946,7.471254462890061,8.414842540763534,5,61.0,0.4700000000000001
26615.0,5,86.0,2.774193548387097,9.03743876073468,5,5,52.0,0.46996782886595895,8.62625937178223,9.03743876073468,5,52.0,0.08999999999999997
26620.0,7,116.0,3.625,7.452119961578349,7,7,116.0,0.34684442027052914,6.1613520544525375,7.452119961578349,7,116.0,-0.6399999999999999
26625.0,5,67.0,2.09375,8.237506969016195,5,5,67.0,0.4098948302527022,7.742405145561215,8.237506969016195,5,67.0,0.4899999999999999
26630.0,5,80.0,2.2857142857142856,7.80497007467993,5,5,43.0,0.335185798032466,6.293771123236453,7.80497007467993,5,43.0,0.24000000000000005
26635.0,6,109.0,3.5161290322580645,8.627742793491743,6,6,109.0,0.4217226666795553,7.762072376288653,8.627742793491743,6,109.0,-0.6600000000000001
26640.0,3,40.0,1.4285714285714286,8.487699197781893,3,3,40.0,0.43166752054860213,8.142696629388658,8.487699197781893,3,40.0,0.6900000000000001
26645.0,4,45.0,1.40625,8.110635484788636,4,4,4.0,0.39215355689145187,7.069407031363057,8.110635484788636,4,4.0,0.36000000000000004
26650.0,4,65.0,2.03125,9.530640103152326,4,4,65.0,0.5278581494372263,9.336783915560918,9.530640103152326,4,65.0,-0.61
26655.0,4,50.0,1.5625,7.934800754642134,4,4,50.0,0.36255264741584653,6.755193934598682,7.934800754642134,4,50.0,0.15000000000000002
26660.0,6,80.0,2.5,8.990228672193847,6,6,50.0,0.43378709654212777,8.089866344942271,8.990228672193847,6,50.0,0.0
26665.0,9,110.0,3.142857142857143,8.240128693264818,9,9,110.0,0.3568880709992862,6.767265692516899,8.240128693264818,9,110.0,-0.6000000000000001
26670.0,6,69.0,2.090909090909091,8.394003072153728,6,6,69.0,0.37608280231265256,7.359027803772918,8.394003072153728,6,69.0,0.41000000000000014
26675.0,5,90.0,2.903225806451613,8.96591977456628,5,5,56.0,0.4561280415596841,8.505272695911383,8.96591977456628,5,56.0,0.1299999999999999
26680.0,8,120.0,3.75,7.43956659878576,8,8,120.0,0.35117410424018336,6.2437567753901035,7.43956659878576,8,120.0,-0.6399999999999999
26685.0,5,69.0,2.225806451612903,8.166385591786058,5,5,69.0,0.41817151244217043,7.773974629513201,8.166385591786058,5,69.0,0.51
26690.0,4,83.0,2.4411764705882355,7.850120173004586,4,4,45.0,0.3625392527034929,6.51880571533002,7.850120173004586,4,45.0,0.23999999999999994
26695.0,6,110.0,3.6666666666666665,8.295626467262677,6,6,110.0,0.42037200911826145,7.4237765164063525,8.295626467262677,6,110.0,-0.6500000000000001
26700.0,3,39.0,1.3,8.990105489209064,3,3,39.0,0.4833445214247194,8.842412411747988,8.990105489209064,3,39.0,0.7100000000000001
26705.0,4,46.0,1.393939393939394,8.301166877574602,4,4,6.0,0.38385390391356894,7.1589200259921535,8.301166877574602,4,6.0,0.33
26710.0,4,66.0,2.2,9.754597308249284,4,4,66.0,0.5156029803787586,9.431562380462312,9.754597308249284,4,66.0,-0.6000000000000001
26715.0,4,50.0,1.5625,8.173167348081709,4,4,50.0,0.36460221722997904,6.908214756182085,8.173167348081709,4,50.0,0.16000000000000003
26720.0,6,80.0,2.5,9.347944332996718,6,6,48.0,0.4349628507832452,8.422713436517514,9.347944332996718,6,48.0,0.020000000000000018
26725.0,8,110.0,3.235294117647059,8.332009712496015,8,8,110.0,0.34076693622822757,6.5830854885154295,8.332009712496015,8,110.0,-0.6200000000000001
26730.0,10,152.0,4.75,8.09584840069656,10,10,152.0,0.330011593975232,6.516456489649178,8.09584840069656,10,152.0,-0.41999999999999993
26735.0,6,100.0,3.3333333333333335,8.36997004213431,6,6,100.0,0.3725396865058357,7.375844281318692,8.36997004213431,6,100.0,0.52
26740.0,7,121.0,3.78125,7.285121397869525,7,7,81.0,0.30062919810328,5.879519369565193,7.285121397869525,7,81.0,0.18999999999999995
26745.0,8,161.0,5.193548387096774,8.249934546156375,8,8,161.0,0.3845270051104571,7.307971560017781,8.249934546156375,8,161.0,-0.8
26750.0,7,96.0,3.0,6.719031614739049,7,7,96.0,0.2894407556640076,5.359202248811452,6.719031614739049,7,96.0,0.6500000000000001
26755.0,6,111.0,3.5806451612903225,8.207937252396304,6,6,69.0,0.3772218742616848,7.11540717365964,8.207937252396304,6,69.0,0.27
26760.0,6,141.0,5.035714285714286,8.412704255588833,6,6,141.0,0.41758141538320415,7.429314026675431,8.412704255588833,6,141.0,-0.72
26765.0,6,162.0,5.0625,8.010495639771285,6,6,162.0,0.37921935631821124,7.035842833972391,8.010495639771285,6,162.0,-0.2100000000000002
26770.0,6,192.0,6.4,8.878046665299234,6,6,183.0,0.42305156759736673,8.015628528039583,8.878046665299234,6,183.0,-0.20999999999999996
26775.0,9,228.0,7.125,7.347309737447668,9,9,228.0,0.3013761612486401,5.685945960682228,7.347309737447668,9,228.0,-0.44999999999999973
26780.0,6,111.0,3.46875,8.623650107601817,6,6,111.0,0.3806185735200312,7.567004565284664,8.623650107601817,6,111.0,1.1699999999999997
26785.0,5,70.0,2.0588235294117645,8.9285525992166,5,5,9.0,0.3862871232560987,7.730897651628895,8.9285525992166,5,9.0,1.02
26790.0,5,91.0,2.676470588235294,9.465799480177456,5,5,91.0,0.44283980400151,8.69065179479723,9.465799480177456,5,91.0,-0.8200000000000001
26795.0,6,66.0,2.0625,8.597446609077938,6,6,66.0,0.3876092715249565,7.731701627033444,8.597446609077938,6,66.0,0.25
26800.0,9,105.0,3.1818181818181817,7.462831853365523,9,9,55.0,0.2965825824679692,5.4781923994592265,7.462831853365523,9,55.0,0.10999999999999999
26805.0,9,150.0,4.6875,8.30054367786195,9,9,150.0,0.35517129831256716,6.729607646229602,8.30054367786195,9,150.0,-0.95
26810.0,7,98.0,3.0625,7.279463044358088,7,7,98.0,0.2664574189739133,5.270197176725589,7.279463044358088,7,98.0,0.52
26815.0,7,118.0,3.806451612903226,8.09398647284338,7,7,84.0,0.34967134801327493,6.692450791729409,8.09398647284338,7,84.0,0.14
26820.0,7,153.0,4.935483870967742,8.465294338208292,7,7,153.0,0.38897079202504997,7.300883197295441,8.465294338208292,7,153.0,-0.6900000000000001
26825.0,6,102.0,3.1875,7.3113297784893305,6,6,102.0,0.3143048270577906,6.2202534954790405,7.3113297784893305,6,102.0,0.51
26830.0,5,108.0,3.375,8.40049947267409,5,5,80.0,0.3926277280994069,7.636238763707916,8.40049947267409,5,80.0,0.21999999999999997
26835.0,7,136.0,4.121212121212121,7.700429626029276,7,7,136.0,0.3601178684630904,6.657775785848331,7.700429626029276,7,136.0,-0.56
26840.0,5,49.0,1.53125,8.524859846262402,5,5,49.0,0.4178007173359754,8.206590551399268,8.524859846262402,5,49.0,0.8700000000000001
26845.0,6,39.0,1.1818181818181819,7.963781177501106,6,6,-9.0,0.3797590795134106,7.31515894568515,7.963781177501106,6,-9.0,0.58
26850.0,5,62.0,1.878787878787879,8.850815631898307,5,5,62.0,0.4549121785815451,8.474765398996183,8.850815631898307,5,62.0,-0.71
26855.0,6,90.0,2.727272727272727,9.007502648453105,6,6,90.0,0.4609501307249409,8.58472188670799,9.007502648453105,6,90.0,-0.28
26860.0,9,127.0,3.735294117647059,7.443179284299537,9,9,127.0,0.3015112648703146,5.609333971587106,7.443179284299537,9,127.0,-0.37
26865.0,9,172.0,5.0588235294117645,8.279394432622784,9,9,172.0,0.3740642117088567,6.935149537573942,8.279394432622784,9,172.0,-0.44999999999999996
26870.0,6,112.0,3.027027027027027,6.9508740734711285,6,6,112.0,0.2513370243628787,4.677970371912113,6.9508740734711285,6,112.0,0.5999999999999999
26875.0,7,134.0,3.7222222222222223,8.057280040763626,7,7,94.0,0.36223052511137854,6.592880108496902,8.057280040763626,7,94.0,0.18000000000000016
26880.0,7,169.0,5.121212121212121,8.580757778333393,7,7,169.0,0.4143660002553592,7.440594025009316,8.580757778333393,7,169.0,-0.75
26885.0,7,98.0,2.8,7.381065574734748,7,7,98.0,0.3234720886397534,5.946308721623319,7.381065574734748,7,98.0,0.71
26890.0,5,104.0,3.25,8.7702492931871,5,5,61.0,0.42543061695470397,7.909537108523317,8.7702492931871,5,61.0,0.37
26895.0,6,131.0,4.09375,7.853433829812962,6,6,131.0,0.36890957691816634,6.666895309472362,7.853433829812962,6,131.0,-0.7000000000000001
26900.0,5,49.0,1.53125,8.547318663246475,5,5,49.0,0.42152401805119877,7.950857025331969,8.547318663246475,5,49.0,0.8200000000000001
26905.0,5,41.0,1.28125,8.59989911197519,5,5,-2.0,0.40761212523348134,7.545895529388737,8.59989911197519,5,-2.0,0.51
26910.0,5,63.0,2.032258064516129,9.087123088389209,5,5,63.0,0.4486107817827292,8.221534217205173,9.087123088389209,5,63.0,-0.65
26915.0,6,91.0,2.935483870967742,9.507082184801774,6,6,91.0,0.47190752391783597,8.775750045677666,9.507082184801774,6,91.0,-0.28
26920.0,8,125.0,3.676470588235294,8.039074947807315,8,8,125.0,0.2971279332571417,5.9269716266560675,8.039074947807315,8,125.0,-0.33999999999999997
26925.0,9,170.0,5.0,8.803845133382456,9,9,170.0,0.35534890108643347,7.107777015761004,8.803845133382456,9,170.0,-0.44999999999999996
26930.0,7,150.0,4.545454545454546,7.299677442480706,7,7,150.0,0.25448867603970404,4.969742089887005,7.299677442480706,7,150.0,0.19999999999999996
26935.0,8,189.0,5.7272727272727275,8.141830789567372,8,8,161.0,0.3502026474849754,6.571596046287837,8.141830789567372,8,161.0,-0.1100000000000001
26940.0,8,229.0,7.633333333333334,8.337256015990995,8,8,229.0,0.3963470883806976,7.178304262968257,8.337256015990995,8,229.0,-0.6799999999999999
26945.0,8,124.0,3.757575757575758,7.074894082812205,7,8,123.0,0.30143703522554616,5.796640280042566,7.074894082812205,7,123.0,1.06
26950.0,6,102.0,3.2903225806451615,8.045749441792754,6,6,46.0,0.3519378686631159,6.838552754440892,8.045749441792754,6,46.0,0.77
26955.0,5,121.0,3.6666666666666665,7.435894521465829,5,5,121.0,0.31552131574173586,6.096079956540991,7.435894521465829,5,121.0,-0.75
26960.0,7,41.0,1.3225806451612903,7.741756821475578,7,7,41.0,0.36982579236970625,7.262585572707103,7.741756821475578,7,41.0,0.8
26965.0,9,41.0,1.28125,7.340595876453569,9,9,-2.0,0.3496596498747681,6.613816564541486,7.340595876453569,9,-2.0,0.43
26970.0,7,74.0,2.3125,8.297985644684566,7,7,74.0,0.4086840808382949,7.630889468978684,8.297985644684566,7,74.0,-0.76
26975.0,5,58.0,1.8709677419354838,8.333301165969655,5,5,58.0,0.4234683496428656,7.902797546699685,8.333301165969655,5,58.0,0.16000000000000003
26980.0,5,51.0,1.5,7.564896471206322,5,5,37.0,0.3322209381725108,6.179045307134773,7.564896471206322,5,37.0,0.20999999999999996
26985.0,6,81.0,2.3823529411764706,8.958191091948375,6,6,81.0,0.44419759121670105,8.12094386257482,8.958191091948375,6,81.0,-0.44000000000000006
26990.0,4,44.0,1.2222222222222223,7.470168333328701,4,4,44.0,0.31057828958098227,5.870886091280447,7.470168333328701,4,44.0,0.37000000000000005
26995.0,6,73.0,2.085714285714286,8.407132309050885,6,6,43.0,0.3864922005185466,7.233021498853099,8.407132309050885,6,43.0,0.010000000000000009
27000.0,6,103.0,3.21875,9.18680262408835,6,6,103.0,0.44499130253084423,8.138179394882844,9.18680262408835,6,103.0,-0.6000000000000001
27005.0,7,113.0,3.138888888888889,8.185905609953405,7,7,113.0,0.33430838253010364,6.56394641672786,8.185905609953405,7,113.0,-0.09999999999999987
27010.0,7,148.0,4.352941176470588,9.055865769766374,7,7,128.0,0.39628136460054614,7.76516718972532,9.055865769766374,7,128.0,-0.15000000000000013
27015.0,10,188.0,5.529411764705882,7.731110735201505,10,10,188.0,0.29573264578065483,5.720549330557881,7.731110735201505,10,188.0,-0.5999999999999999
27020.0,8,117.0,3.65625,8.211651420385326,8,8,117.0,0.3616236217347774,7.14525957195318,8.211651420385326,8,117.0,0.71
27025.0,8,118.0,3.4705882352941178,7.3286395610402035,8,8,75.0,0.3166597258731946,5.92521026563914,7.3286395610402035,8,75.0,0.41999999999999993
27030.0,7,152.0,4.470588235294118,8.329933591518358,7,7,152.0,0.39805023435657916,7.320134004016968,8.329933591518358,7,152.0,-0.77
27035.0,5,65.0,2.03125,8.392438331993691,5,5,65.0,0.42567674114404114,7.787544026858895,8.392438331993691,5,65.0,0.87
27040.0,6,53.0,1.5588235294117647,7.51934729921672,6,6,10.0,0.3180514216069293,5.867560625340458,7.51934729921672,6,10.0,0.55
27045.0,6,83.0,2.6774193548387095,8.768964293674935,6,6,83.0,0.4326920741437564,7.914288571066599,8.768964293674935,6,83.0,-0.73
27050.0,4,43.0,1.303030303030303,7.870189041336729,4,4,43.0,0.35219088411192323,6.717295227956559,7.870189041336729,4,43.0,0.39999999999999997
27055.0,5,68.0,2.193548387096774,9.17239025619924,5,5,37.0,0.44673682264459874,8.540429428580119,9.17239025619924,5,37.0,0.06
27060.0,6,95.0,3.1666666666666665,8.792563060588204,6,6,95.0,0.42008338640175746,7.570543712757267,8.792563060588204,6,95.0,-0.58
27065.0,7,107.0,3.242424242424242,8.042474624786786,7,7,107.0,0.3553387636002146,6.5694347322966875,8.042474624786786,7,107.0,-0.1200000000000001
27070.0,7,142.0,4.303030303030303,9.049167523691809,7,7,121.0,0.4133594746927742,7.651808896201863,9.049167523691809,7,121.0,-0.1399999999999999
27075.0,10,181.0,5.323529411764706,7.608663311498749,10,10,181.0,0.2920847464917177,5.24930543882716,7.608663311498749,10,181.0,-0.6000000000000001
27080.0,7,112.0,3.393939393939394,8.168204102047914,7,7,112.0,0.36089757644512926,6.705584672449643,8.168204102047914,7,112.0,0.69
27085.0,7,111.0,3.264705882352941,8.266800088663201,7,7,68.0,0.3765215239093117,6.941628212159979,8.266800088663201,7,68.0,0.44000000000000006
27090.0,6,140.0,4.117647058823529,8.74111428174458,6,6,140.0,0.4151797631087261,7.6820839562870855,8.74111428174458,6,140.0,-0.7199999999999999
27095.0,5,59.0,1.903225806451613,8.431199548684718,5,5,59.0,0.4082895060820011,7.597265044746278,8.431199548684718,5,59.0,0.8099999999999999
27100.0,5,48.0,1.5,7.477630625968284,5,5,5.0,0.3307804133239909,5.976935941740598,7.477630625968284,5,5.0,0.5399999999999999
27105.0,6,78.0,2.5161290322580645,8.837373698335066,6,6,78.0,0.4449325130001379,7.9196393238949625,8.837373698335066,6,78.0,-0.73
27110.0,4,42.0,1.3125,7.556811568625377,4,4,42.0,0.35417001335842035,6.363246133488798,7.556811568625377,4,42.0,0.36000000000000004
27115.0,5,67.0,2.161290322580645,8.633438810753503,5,5,36.0,0.4278128076681074,7.735891754190495,8.633438810753503,5,36.0,0.06
27120.0,6,96.0,3.2,9.117644359018833,6,6,96.0,0.47334872991805377,8.1810565664291,9.117644359018833,6,96.0,-0.6
27125.0,7,106.0,3.212121212121212,7.764722967910544,7,7,106.0,0.34438082909994905,6.257076126270055,7.764722967910544,7,106.0,-0.10000000000000009
27130.0,7,141.0,4.2727272727272725,8.780788585559941,7,7,120.0,0.4149438470849268,7.677154510868149,8.780788585559941,7,120.0,-0.1399999999999999
27135.0,9,178.0,5.085714285714285,7.239363324387965,9,9,178.0,0.2837952598383782,5.310764897855631,7.239363324387965,9,178.0,-0.5800000000000001
27140.0,7,109.0,3.303030303030303,8.020057220273143,7,7,109.0,0.3558525200758151,6.911052381096281,8.020057220273143,7,109.0,0.69
27145.0,8,110.0,3.235294117647059,7.7602972634820295,8,8,67.0,0.3589550713518838,6.804222541238324,7.7602972634820295,8,67.0,0.42000000000000004
27150.0,7,141.0,4.147058823529412,8.543831240710377,7,7,141.0,0.4170236186648425,7.904246444027338,8.543831240710377,7,141.0,-0.7399999999999999
27155.0,5,59.0,1.7878787878787878,8.485994440545339,5,5,59.0,0.41512699985781176,8.079404750111191,8.485994440545339,5,59.0,0.82
27160.0,6,48.0,1.4545454545454546,7.358133671024939,6,6,5.0,0.32372631854503353,6.16170244181986,7.358133671024939,6,5.0,0.5399999999999999
27165.0,6,78.0,2.5161290322580645,8.57183845819757,6,6,78.0,0.4357664805476087,8.142634149284088,8.57183845819757,6,78.0,-0.73
27170.0,7,100.0,2.9411764705882355,6.810383629142061,7,7,100.0,0.283708002412059,5.3324912422448865,6.810383629142061,7,100.0,-0.21999999999999997
27175.0,9,145.0,4.264705882352941,7.732686284689822,9,9,138.0,0.3134257033310575,6.168396274157663,7.732686284689822,9,138.0,-0.3799999999999999
27180.0,9,190.0,5.9375,7.738594874127366,9,9,190.0,0.31472257721651764,6.207727284485596,7.738594874127366,9,190.0,-0.52
27185.0,9,210.0,6.363636363636363,6.995803875605349,9,9,210.0,0.27833106322754925,5.539794406356309,6.995803875605349,9,210.0,-0.20000000000000018
27190.0,9,255.0,7.7272727272727275,7.97752491544284,9,9,242.0,0.3604769787857871,6.805951618241751,7.97752491544284,9,242.0,-0.31999999999999984
27195.0,10,303.0,8.416666666666666,7.115191420430646,10,10,303.0,0.31067180979040576,5.513241808032217,7.115191420430646,10,303.0,-0.6099999999999999
27200.0,8,238.0,6.8,7.712799864099352,8,8,238.0,0.36555897480912164,6.672160830010764,7.712799864099352,8,238.0,0.6499999999999999
27205.0,7,244.0,7.393939393939394,7.791915292625104,7,7,201.0,0.35872087541683906,6.61244859256395,7.791915292625104,7,201.0,0.3700000000000001
27210.0,8,282.0,8.545454545454545,8.04412417678173,8,8,282.0,0.38053448503584875,6.948901283748305,8.04412417678173,8,282.0,-0.81
27215.0,6,124.0,3.757575757575758,8.375841992155781,6,6,124.0,0.40015331406911187,7.548890061818429,8.375841992155781,6,124.0,1.5799999999999998
27220.0,4,25.0,0.7575757575757576,7.062526513549214,4,4,-49.0,0.2738277263024427,5.527260906277188,7.062526513549214,4,-49.0,1.73
27225.0,5,49.0,1.53125,8.262551091983768,5,5,49.0,0.3650714477497025,7.166757418853879,8.262551091983768,5,49.0,-0.98
27230.0,8,49.0,1.4411764705882353,6.42814882379329,8,8,49.0,0.2506824139428221,4.744259062699335,6.42814882379329,8,49.0,0.0
27235.0,10,98.0,2.8823529411764706,7.22499722234293,10,10,79.0,0.2980332372647679,5.844099737251692,7.22499722234293,10,79.0,-0.30000000000000004
27240.0,10,148.0,4.484848484848484,7.48673303031629,10,10,148.0,0.31786482334769317,6.138547636847849,7.48673303031629,10,148.0,-0.69
27245.0,10,153.0,4.25,6.474166262284369,10,10,153.0,0.2581756145421748,4.978907876417318,6.474166262284369,10,153.0,-0.050000000000000044
27250.0,6,133.0,3.6944444444444446,7.973832278413515,6,6,119.0,0.3737817503531067,7.103246315769183,7.973832278413515,6,119.0,0.3400000000000001
27255.0,8,165.0,4.45945945945946,7.465537838829815,8,8,165.0,0.33573289960296326,6.185665247339719,7.465537838829815,8,165.0,-0.45999999999999996
27260.0,8,92.0,2.6285714285714286,7.909032777188296,8,8,92.0,0.36685095501598025,7.036775371464835,7.909032777188296,8,92.0,0.7299999999999999
27265.0,9,99.0,2.8285714285714287,6.952551912215642,9,9,56.0,0.3164327300777638,5.654891550445535,6.952551912215642,9,56.0,0.36
27270.0,8,139.0,3.9714285714285715,8.32279121703597,8,8,139.0,0.4028609888571069,7.17885097434025,8.32279121703597,8,139.0,-0.8299999999999998
27275.0,6,131.0,3.742857142857143,8.605791700078722,6,6,131.0,0.42151908772994373,7.64333031727581,8.605791700078722,6,131.0,0.07999999999999985
27280.0,8,150.0,4.054054054054054,7.282112970074184,8,8,137.0,0.279910339363856,5.258745412704609,7.282112970074184,8,137.0,-0.06000000000000005
27285.0,8,188.0,5.081081081081081,8.279956883795757,8,8,188.0,0.3596520936543059,6.745817213365952,8.279956883795757,8,188.0,-0.5099999999999998
27290.0,8,208.0,5.942857142857143,7.010326389332805,8,8,208.0,0.2733174891616184,5.290286802729901,7.010326389332805,8,208.0,-0.20000000000000018
27295.0,10,258.0,7.371428571428571,7.548008738398145,10,10,245.0,0.3271585348485466,6.181891327641125,7.548008738398145,10,245.0,-0.3700000000000001
27300.0,10,308.0,9.058823529411764,7.685117592819493,10,10,308.0,0.3324861802462296,6.040789854091566,7.685117592819493,10,308.0,-0.6299999999999999
27305.0,9,213.0,5.916666666666667,6.889127051078855,9,9,213.0,0.2892353504207344,5.2978056857926,6.889127051078855,9,213.0,0.9500000000000002
27310.0,6,198.0,5.5,8.19584659965686,6,6,141.0,0.39265870433150657,7.124913056820281,8.19584659965686,6,141.0,0.72
27315.0,7,230.0,6.216216216216216,7.492205970449159,7,7,230.0,0.34901288928683977,6.042702075768786,7.492205970449159,7,230.0,-0.8899999999999999
27320.0,8,270.0,7.5,8.191735297405375,8,8,270.0,0.40710676811041735,7.103511954845899,8.191735297405375,8,270.0,-0.40000000000000036
27325.0,9,159.0,4.542857142857143,7.87835506401643,9,9,159.0,0.3822609107784764,6.775321534723935,7.87835506401643,9,159.0,1.11
27330.0,8,196.0,5.6,7.939259111983402,8,8,96.0,0.35025796368269113,6.471098802635959,7.939259111983402,8,96.0,0.6300000000000001
27335.0,9,241.0,7.088235294117647,8.22282377880973,9,9,241.0,0.38320532073088615,7.279157203446636,8.22282377880973,9,241.0,-1.4500000000000002
27340.0,9,135.0,3.75,6.965259726903099,9,9,135.0,0.27474353962026704,5.279625838387533,6.965259726903099,9,135.0,1.06
27345.0,6,81.0,2.3823529411764706,7.932230426347935,6,6,31.0,0.3596141438760212,6.7903701693572565,7.932230426347935,6,31.0,1.04
27350.0,6,111.0,3.0,7.36394747573465,6,6,111.0,0.31463803612379887,5.719589465629895,7.36394747573465,6,111.0,-0.8
27355.0,8,74.0,2.1142857142857143,7.646509526588057,8,8,74.0,0.33399187205975556,6.273993839409094,7.646509526588057,8,74.0,0.3700000000000001
27360.0,7,104.0,3.1515151515151514,8.03277838382274,7,7,69.0,0.3777946079518803,6.812972612186724,8.03277838382274,7,69.0,0.050000000000000044
27365.0,9,145.0,4.142857142857143,7.456977513928625,9,9,145.0,0.3399241192250018,5.89331920757246,7.456977513928625,9,145.0,-0.76
27370.0,7,140.0,4.0,8.275047236844067,6,7,139.0,0.40424407190226286,7.422509221325733,8.275047236844067,6,139.0,0.06000000000000005
27375.0,8,157.0,4.485714285714286,7.005535363743538,8,8,144.0,0.27817032882645737,5.112450170320752,7.005535363743538,8,144.0,-0.050000000000000044
27380.0,7,191.0,5.617647058823529,8.37897941138843,7,7,191.0,0.40575012517011655,7.278593424280183,8.37897941138843,7,191.0,-0.47
27385.0,9,94.0,2.5405405405405403,7.319598260948718,9,9,94.0,0.33844752948463014,5.947241735994979,7.319598260948718,9,94.0,0.97
27390.0,6,90.0,2.4324324324324325,7.954976172531151,6,6,37.0,0.3705311921610007,6.638601422577164,7.954976172531151,6,37.0,0.57
27395.0,6,120.0,3.6363636363636362,8.47912855510491,6,6,120.0,0.4424676370734758,7.703668578445011,8.47912855510491,6,120.0,-0.83
27400.0,9,119.0,3.3055555555555554,6.724398304133906,9,9,119.0,0.2920478474595847,5.1061563879023915,6.724398304133906,9,119.0,0.010000000000000009
27405.0,9,164.0,4.823529411764706,7.629903676400581,9,9,143.0,0.3586858796571521,6.454990253857788,7.629903676400581,9,143.0,-0.24
27410.0,9,209.0,5.805555555555555,7.520955058273712,9,9,209.0,0.33460344509062445,6.23027012465299,7.520955058273712,9,209.0,-0.6599999999999999
27415.0,9,167.0,4.771428571428571,7.423916205162324,9,9,167.0,0.29830930728431165,5.948860598916186,7.423916205162324,9,167.0,0.41999999999999993
27420.0,7,180.0,5.454545454545454,7.904817235061115,7,7,151.0,0.3346698128961604,6.432024068612058,7.904817235061115,7,151.0,0.15999999999999992
27425.0,9,222.0,6.3428571428571425,7.502612768291311,9,9,222.0,0.32228117054149963,6.039767668465531,7.502612768291311,9,222.0,-0.7100000000000002
27430.0,8,150.0,4.411764705882353,7.922324873188948,8,8,150.0,0.3496342501681974,6.861049055967615,7.922324873188948,8,150.0,0.7200000000000002
27435.0,11,194.0,5.243243243243243,7.113067961317946,11,11,110.0,0.28027122948115957,5.171843407283482,7.113067961317946,11,110.0,0.3999999999999999
27440.0,11,249.0,7.114285714285714,8.019545163589811,11,11,249.0,0.3592527448364867,6.614338695470823,8.019545163589811,11,249.0,-1.3900000000000001
27445.0,11,163.0,4.405405405405405,6.7202451017602565,11,11,163.0,0.2554966810239826,4.801816893693122,6.7202451017602565,11,163.0,0.8600000000000003
27450.0,7,128.0,3.657142857142857,7.752327816114089,7,7,85.0,0.3618737904878449,6.491873148318809,7.752327816114089,7,85.0,0.7799999999999999
27455.0,7,163.0,5.09375,8.523826866795225,7,7,163.0,0.45761456718136007,8.008013963024682,8.523826866795225,7,163.0,-0.7799999999999999
27460.0,8,97.0,2.7714285714285714,6.868114230806136,8,8,97.0,0.31225281347385103,5.688449434383507,6.868114230806136,8,97.0,0.6599999999999999
27465.0,8,117.0,3.4411764705882355,7.804407944509,8,8,76.0,0.3644447298275269,6.77206943733645,7.804407944509,8,76.0,0.20999999999999996
27470.0,9,158.0,4.388888888888889,6.879166546424471,9,9,158.0,0.3076447601635325,5.440934570752048,6.879166546424471,9,158.0,-0.8200000000000001
27475.0,8,92.0,2.6285714285714286,7.2736422364928695,8,8,92.0,0.33820225459931114,6.1733900889404625,7.2736422364928695,8,92.0,0.66
27480.0,7,104.0,3.1515151515151514,7.462995259401731,7,7,61.0,0.34054190797306344,6.335550226550818,7.462995259401731,7,61.0,0.31000000000000005
27485.0,8,139.0,3.7567567567567566,7.111933088804346,8,8,139.0,0.30574697406017654,5.637660590900402,7.111933088804346,8,139.0,-0.7799999999999999
27490.0,8,95.0,2.638888888888889,7.643854858751226,8,8,95.0,0.3490919184875742,6.632546414915585,7.643854858751226,8,95.0,0.43999999999999995
27495.0,7,98.0,2.6486486486486487,6.660049748025998,7,7,70.0,0.26990562721105443,5.237786611569718,6.660049748025998,7,70.0,0.25
27500.0,8,138.0,3.72972972972973,7.948958362141112,8,8,138.0,0.36261025988824663,6.938650955537207,7.948958362141112,8,138.0,-0.6799999999999999
27505.0,9,127.0,3.2564102564102564,7.406329002980114,9,9,127.0,0.3100214907781119,5.988811748623946,7.406329002980114,9,127.0,0.10999999999999988
27510.0,8,153.0,4.135135135135135,7.891655618641317,8,8,139.0,0.3628168795538674,6.837137159149903,7.891655618641317,8,139.0,-0.11999999999999988
27515.0,8,193.0,5.361111111111111,8.486899393528374,8,8,193.0,0.39882671193989766,7.273992921206141,8.486899393528374,8,193.0,-0.54
27520.0,9,130.0,3.611111111111111,6.9356289573995875,9,9,130.0,0.2748532791251085,5.223581438706623,6.9356289573995875,9,130.0,0.6299999999999999
27525.0,7,149.0,4.515151515151516,7.805607995619407,7,7,106.0,0.3631863461603273,6.762368375020344,7.805607995619407,7,106.0,0.24
27530.0,8,185.0,5.138888888888889,7.413036424760839,8,8,185.0,0.3246627286784507,5.786987758417671,7.413036424760839,8,185.0,-0.79
27535.0,7,140.0,4.0,7.826631477471743,7,7,140.0,0.35655281153066076,6.503512632990447,7.826631477471743,7,140.0,0.4500000000000002
27540.0,5,142.0,4.303030303030303,8.553509901082904,5,5,115.0,0.4117668800855634,7.6193960243474885,8.553509901082904,5,115.0,0.25
27545.0,6,170.0,4.594594594594595,8.164505579370102,6,6,170.0,0.37778327637680775,6.8233433175963265,8.164505579370102,6,170.0,-0.55
27550.0,5,148.0,4.111111111111111,8.5822885990523,5,5,148.0,0.42052101966958955,8.018241308276023,8.5822885990523,5,148.0,0.21999999999999997
27555.0,6,174.0,4.578947368421052,7.954711825361169,6,6,147.0,0.3548603081127486,6.627914188437002,7.954711825361169,6,147.0,0.010000000000000009
27560.0,7,209.0,5.805555555555555,8.881673020908044,7,7,209.0,0.4422880084581674,8.00967958217063,8.881673020908044,7,209.0,-0.6199999999999999
27565.0,7,181.0,4.641025641025641,7.8140008484018475,7,7,181.0,0.3413567509893587,6.193079550717033,7.8140008484018475,7,181.0,0.2799999999999998
27570.0,6,210.0,5.675675675675675,8.668480918534863,6,6,182.0,0.41325988315762957,7.47363392999142,8.668480918534863,6,182.0,-0.010000000000000009
27575.0,6,240.0,7.2727272727272725,9.20273379572055,6,6,240.0,0.47511063999032477,8.387454642483062,9.20273379572055,6,240.0,-0.5799999999999998
27580.0,6,92.0,2.6285714285714286,7.568166636179524,6,6,92.0,0.32208408534952815,5.889579516978347,7.568166636179524,6,92.0,1.48
27585.0,7,127.0,3.8484848484848486,8.588407759398343,7,7,11.0,0.41009408695733485,7.440523467980565,8.588407759398343,7,11.0,0.81
27590.0,7,162.0,4.628571428571429,7.689493409580213,7,7,162.0,0.32676920238208546,5.862448323605862,7.689493409580213,7,162.0,-1.51
27595.0,7,158.0,4.647058823529412,8.110583393709891,7,7,158.0,0.3445884419487981,6.581715211453535,8.110583393709891,7,158.0,0.040000000000000036
27600.0,7,193.0,6.433333333333334,8.199183155496165,7,7,169.0,0.3782359083766642,6.754693465897578,8.199183155496165,7,169.0,-0.10999999999999988
27605.0,9,236.0,7.151515151515151,7.5831622779645675,9,9,236.0,0.3176080561825166,5.780285934380237,7.5831622779645675,9,236.0,-0.6699999999999999
27610.0,6,118.0,3.5757575757575757,8.44389368770996,6,6,118.0,0.3987632756422769,7.577628248180078,8.44389368770996,6,118.0,1.18
27615.0,5,73.0,2.212121212121212,7.458577369216122,5,5,15.0,0.31417003760514806,5.89513757868447,7.458577369216122,5,15.0,1.03
27620.0,5,98.0,3.0625,8.880340572706816,5,5,98.0,0.4453397899928296,8.140907925474831,8.880340572706816,5,98.0,-0.83
27625.0,6,26.0,0.8125,7.7979695535629485,6,6,26.0,0.3799745713230454,6.914258472369537,7.7979695535629485,6,26.0,0.72
27630.0,5,36.0,1.125,8.460085033787701,5,5,-4.0,0.4269570624421076,7.652210973421196,8.460085033787701,5,-4.0,0.3
27635.0,5,61.0,1.967741935483871,9.31963242032662,5,5,61.0,0.4924982129535808,8.717982172886764,9.31963242032662,5,61.0,-0.65
27640.0,7,92.0,2.787878787878788,7.841544995538873,7,7,92.0,0.365319992719028,6.281700231752271,7.841544995538873,7,92.0,-0.31000000000000005
27645.0,8,132.0,4.0,8.570642787495276,8,8,132.0,0.4064736740618124,7.241418096452376,8.570642787495276,8,132.0,-0.4
27650.0,8,172.0,5.212121212121212,7.242017000977292,8,8,172.0,0.2982802283227038,5.384831220473208,7.242017000977292,8,172.0,-0.3999999999999999
27655.0,11,224.0,7.0,7.364683042716371,11,11,224.0,0.3066150462531777,5.561401005062117,7.364683042716371,11,224.0,-0.5200000000000002
27660.0,8,172.0,5.375,7.773556493146886,8,8,172.0,0.35321280214503376,6.440245627797393,7.773556493146886,8,172.0,0.5200000000000002
27665.0,8,175.0,4.861111111111111,7.097959877358851,8,8,142.0,0.3049180048183457,5.5728064843409335,7.097959877358851,8,142.0,0.30000000000000004
27670.0,8,215.0,6.71875,7.990594146015797,8,8,215.0,0.4077999153069516,7.260954361073906,7.990594146015797,8,215.0,-0.73
27675.0,8,113.0,3.323529411764706,6.704375578539793,8,8,113.0,0.30719256856930927,5.674435750955518,6.704375578539793,8,113.0,1.02
27680.0,6,104.0,3.0588235294117645,8.169628488267398,6,6,49.0,0.4047116382871586,7.509128680151989,8.169628488267398,6,49.0,0.6399999999999999
27685.0,8,134.0,3.8285714285714287,8.012343747725984,8,8,134.0,0.3871253423170996,6.889190855659384,8.012343747725984,8,134.0,-0.8500000000000001
27690.0,7,61.0,1.90625,7.839758230353656,7,7,61.0,0.36906782088199364,6.848919880819201,7.839758230353656,7,61.0,0.7300000000000001
27695.0,5,67.0,2.2333333333333334,8.683563062030307,5,5,22.0,0.4392971697083849,7.962453075664275,8.683563062030307,5,22.0,0.39
27700.0,7,96.0,2.909090909090909,7.562479642870713,7,7,96.0,0.344372089764372,6.063418930752995,7.562479642870713,7,96.0,-0.74
27705.0,6,57.0,1.7272727272727273,8.167299194870033,6,6,57.0,0.38103816121410655,7.065313569211003,8.167299194870033,6,57.0,0.39
27710.0,5,77.0,2.2,7.830779284673034,5,5,49.0,0.3552178934523055,6.5694940750634405,7.830779284673034,5,49.0,0.07999999999999996
27715.0,7,109.0,3.1142857142857143,8.564223418132036,7,7,109.0,0.4115834744307339,7.515523088473143,8.564223418132036,7,109.0,-0.6000000000000001
27720.0,4,56.0,1.6,8.409413582462332,4,4,56.0,0.3970354644187345,7.490108472924397,8.409413582462332,4,56.0,0.53
27725.0,5,69.0,1.9166666666666667,8.157224979906609,5,5,41.0,0.3840279344201658,6.957630876855763,8.157224979906609,5,41.0,0.15000000000000008
27730.0,5,94.0,2.764705882352941,9.002237084953467,5,5,94.0,0.4860753955879786,8.48920212519922,9.002237084953467,5,94.0,-0.53
27735.0,3,50.0,1.4285714285714286,7.553459173519859,3,3,50.0,0.3588682654668169,6.326944725695681,7.553459173519859,3,50.0,0.43999999999999995
27740.0,4,70.0,2.0,8.905091246890809,4,4,42.0,0.4779221220968941,8.536891273738286,8.905091246890809,4,42.0,0.08000000000000002
27745.0,7,90.0,2.5,8.617002336377045,7,7,90.0,0.4499167572196076,7.8253416933351,8.617002336377045,7,90.0,-0.48000000000000004
27750.0,5,65.0,1.8055555555555556,8.587522508792073,5,5,65.0,0.43990499524780147,8.0751432063433,8.587522508792073,5,65.0,0.25
27755.0,5,90.0,2.727272727272727,9.395772809593698,5,5,44.0,0.4958171143145669,9.293161367534728,9.395772809593698,5,44.0,0.21000000000000002
27760.0,7,118.0,3.3714285714285714,8.440775153260406,7,7,118.0,0.3869390604768072,7.223456320221776,8.440775153260406,7,118.0,-0.74
27765.0,4,61.0,1.7941176470588236,9.089503691389135,4,4,61.0,0.4507963224376371,8.760683868001172,9.089503691389135,4,61.0,0.57
27770.0,5,73.0,2.1470588235294117,7.519941589341845,5,5,35.0,0.3056863430774504,5.963562392437346,7.519941589341845,5,35.0,0.26
27775.0,6,103.0,3.121212121212121,8.726738406106255,6,6,103.0,0.4107537910883561,7.8643058257610425,8.726738406106255,6,103.0,-0.68
27780.0,3,34.0,1.1333333333333333,8.57077076837547,3,3,34.0,0.41821604310920607,7.976464253397263,8.57077076837547,3,34.0,0.69
27785.0,4,39.0,1.1818181818181819,8.371356020436659,4,4,-1.0,0.374937283154933,7.2719078622960645,8.371356020436659,4,-1.0,0.35000000000000003
27790.0,4,59.0,1.84375,9.435448251557906,4,4,59.0,0.4765293154446965,9.003715288641107,9.435448251557906,4,59.0,-0.6
27795.0,3,15.0,0.4838709677419355,8.425399486214813,3,3,15.0,0.3834616201999414,7.4853486612760385,8.425399486214813,3,15.0,0.43999999999999995
27800.0,3,28.0,0.9032258064516129,9.628593854350706,3,3,5.0,0.4930683125341421,9.383202803663904,9.628593854350706,3,5.0,0.09999999999999999
27805.0,5,43.0,1.34375,9.32154335709711,5,5,43.0,0.42769691956539835,7.968291617760514,9.32154335709711,5,43.0,-0.38
27810.0,5,66.0,2.129032258064516,9.184915029190618,5,5,66.0,0.43087343299884445,8.423013671534559,9.184915029190618,5,66.0,-0.23000000000000004
27815.0,5,91.0,3.033333333333333,9.797375801572674,5,5,91.0,0.48586646515904747,9.458947290827155,9.797375801572674,5,91.0,-0.25
27820.0,8,121.0,3.903225806451613,7.647294317285991,8,8,121.0,0.31111066081114336,5.898043448713472,7.647294317285991,8,121.0,-0.29999999999999993
27825.0,5,69.0,2.225806451612903,8.69481797265276,5,5,69.0,0.42416057931933,7.982161220057101,8.69481797265276,5,69.0,0.52
27830.0,6,84.0,2.7096774193548385,7.237006027036377,6,6,47.0,0.33360874605099583,5.887611022748576,7.237006027036377,6,47.0,0.21999999999999997
27835.0,6,114.0,3.8,8.128108588116676,6,6,114.0,0.42230900716161685,7.2145428449241,8.128108588116676,6,114.0,-0.6699999999999999
27840.0,3,42.0,1.4482758620689655,8.515843737423536,3,3,42.0,0.4697924590189083,8.336010532465629,8.515843737423536,3,42.0,0.72
27845.0,4,44.0,1.4666666666666666,8.284643807432607,4,4,4.0,0.4184052117141371,7.516573252594079,8.284643807432607,4,4.0,0.38
27850.0,4,62.0,2.066666666666667,9.235676189439618,4,4,62.0,0.4931008653362333,9.014955443175232,9.235676189439618,4,62.0,-0.58
27855.0,1,8.0,0.24242424242424243,8.218996360263747,1,1,8.0,0.3864975787300836,7.513916127024492,8.218996360263747,1,8.0,0.54
27860.0,3,21.0,0.65625,9.450733950190516,3,3,-10.0,0.48860492359253155,9.38012694125329,9.450733950190516,3,-10.0,0.18
27865.0,5,36.0,1.1612903225806452,9.234499820457907,5,5,36.0,0.4577042383786147,8.408014141908138,9.234499820457907,5,36.0,-0.45999999999999996
27870.0,5,60.0,2.0,9.244049073894802,5,5,60.0,0.46974650303850457,8.703087442658852,9.244049073894802,5,60.0,-0.24
27875.0,3,57.0,1.9,9.875685274080517,3,3,57.0,0.5290586921622498,9.921047694618334,9.875685274080517,3,57.0,0.030000000000000027
27880.0,5,77.0,2.3333333333333335,8.61532620391884,5,5,63.0,0.40995216537365614,7.193057257557099,8.61532620391884,5,63.0,-0.06000000000000005
27885.0,6,104.0,3.466666666666667,8.873969348096477,6,6,104.0,0.4455431321848625,7.868427910761165,8.873969348096477,6,104.0,-0.41000000000000003
27890.0,3,32.0,0.9696969696969697,8.021103270374145,3,3,32.0,0.3511432181438921,6.61613290412959,8.021103270374145,3,32.0,0.72
27895.0,4,36.0,1.1612903225806452,8.766458640479234,4,4,-2.0,0.4248207112595623,7.723695871584103,8.766458640479234,4,-2.0,0.34
27900.0,4,56.0,1.9310344827586208,9.360140334767303,4,4,56.0,0.4946793206279935,8.799179579529664,9.360140334767303,4,56.0,-0.5800000000000001
27905.0,4,66.0,2.129032258064516,8.50180750537486,4,4,66.0,0.4263516532921809,7.918435293308196,8.50180750537486,4,66.0,-0.09999999999999998
27910.0,5,88.0,2.933333333333333,8.955571801976266,5,5,80.0,0.4422750541310353,8.418100867928212,8.955571801976266,5,80.0,-0.14
27915.0,7,116.0,4.0,7.623998310563969,7,7,116.0,0.35460775735112604,6.431681346191619,7.623998310563969,7,116.0,-0.3599999999999999
27920.0,4,62.0,2.1379310344827585,8.399479214793034,4,4,62.0,0.4232028978108179,8.136891514465573,8.399479214793034,4,62.0,0.5399999999999999
27925.0,6,71.0,2.2903225806451615,8.258937129544655,6,6,34.0,0.41175289188062153,7.724486200708362,8.258937129544655,6,34.0,0.27999999999999997
27930.0,4,90.0,2.903225806451613,8.891820698040267,4,4,90.0,0.4617347533388884,8.679971840386292,8.891820698040267,4,90.0,-0.56
27935.0,4,63.0,2.1724137931034484,9.2314817968256,4,4,63.0,0.49940926506189787,9.869368007569777,9.2314817968256,4,63.0,0.27
27940.0,7,89.0,2.870967741935484,7.85621374065752,7,7,42.0,0.3549939744269898,6.733191016622758,7.85621374065752,7,42.0,0.21000000000000002
27945.0,7,124.0,4.0,8.528066560243131,7,7,124.0,0.3952827784738022,7.666462794375099,8.528066560243131,7,124.0,-0.8200000000000001
27950.0,5,57.0,1.6764705882352942,7.744520629790539,5,5,57.0,0.3239050614972143,6.432896556928922,7.744520629790539,5,57.0,0.67
27955.0,5,68.0,2.0,8.607643010121548,5,5,31.0,0.4102590049551534,7.763017125995944,8.607643010121548,5,31.0,0.25999999999999995
27960.0,5,93.0,3.0,8.719338886915223,5,5,93.0,0.42903992285635595,7.749058527819498,8.719338886915223,5,93.0,-0.6200000000000001
27965.0,8,128.0,4.0,7.463207789998421,8,8,128.0,0.32428039532818775,5.956686721345068,7.463207789998421,8,128.0,-0.35
27970.0,8,168.0,5.6,8.068582571306715,8,8,168.0,0.37055242573209096,7.137865551130089,8.068582571306715,8,168.0,-0.3999999999999999
27975.0,10,211.0,6.59375,6.802485274552193,10,10,211.0,0.26470171404275683,5.19505897921321,6.802485274552193,10,211.0,-0.42999999999999994
27980.0,8,173.0,5.40625,7.613759755238011,8,8,173.0,0.34136792783196734,6.77472394552734,7.613759755238011,8,173.0,0.3799999999999999
27985.0,9,202.0,6.516129032258065,7.109880592499978,9,9,165.0,0.3346060008428547,6.439502062098303,7.109880592499978,9,165.0,0.08000000000000007
27990.0,9,244.0,7.870967741935484,7.593527353373678,9,9,244.0,0.3719648911878966,7.1115092167352065,7.593527353373678,9,244.0,-0.79
27995.0,6,124.0,4.275862068965517,7.328348197081854,6,6,124.0,0.37617871520002544,7.121969782038258,7.328348197081854,6,124.0,1.2
28000.0,6,79.0,2.46875,6.773871790598997,6,6,19.0,0.30700717477171535,5.756630493860223,6.773871790598997,6,19.0,1.05
28005.0,6,106.0,3.3125,7.733504189045361,6,6,106.0,0.3683683243822248,6.82088736138729,7.733504189045361,6,106.0,-0.8700000000000001
28010.0,7,138.0,3.942857142857143,7.438725926301642,7,7,138.0,0.3478874397977625,6.238514744964917,7.438725926301642,7,138.0,-0.31999999999999984
28015.0,7,62.0,1.7714285714285714,7.5136650487186945,7,7,62.0,0.3557346249773342,6.5609625491408865,7.5136650487186945,7,62.0,0.7599999999999999
28020.0,6,63.0,1.9090909090909092,7.983348847674561,6,6,16.0,0.37721566435249515,7.025447288910011,7.983348847674561,6,16.0,0.45999999999999996
28025.0,7,93.0,2.735294117647059,7.107301354755602,7,7,92.0,0.3093156695546054,5.548743558748434,7.107301354755602,7,92.0,-0.76
28030.0,7,95.0,2.7941176470588234,8.130057074194116,7,7,95.0,0.38277260097308363,7.0682353893487235,8.130057074194116,7,95.0,-0.029999999999999916
28035.0,7,130.0,3.823529411764706,7.39497554650739,7,7,117.0,0.32049280307073563,6.1161495400269486,7.39497554650739,7,117.0,-0.21999999999999997
28040.0,9,175.0,5.147058823529412,8.111989941035871,9,9,175.0,0.388112011239972,7.242970475556873,8.111989941035871,9,175.0,-0.5800000000000001
28045.0,9,121.0,3.4571428571428573,6.620181071531898,9,9,121.0,0.28315569496594173,5.3373282119048095,6.620181071531898,9,121.0,0.54
28050.0,7,145.0,4.142857142857143,7.98695851447925,7,7,107.0,0.37106442331217593,6.906460636104842,7.98695851447925,7,107.0,0.1399999999999999
28055.0,7,180.0,5.142857142857143,8.773694072880108,7,7,180.0,0.44513918454779305,8.062244309208976,8.773694072880108,7,180.0,-0.73
28060.0,7,121.0,3.1842105263157894,7.434122515999318,7,7,121.0,0.3043361472291591,5.921573629786384,7.434122515999318,7,121.0,0.5900000000000001
28065.0,5,103.0,2.7837837837837838,8.645168349192224,5,5,74.0,0.39373643352200394,7.854149160945798,8.645168349192224,5,74.0,0.47
28070.0,7,130.0,3.611111111111111,8.04988698976499,7,7,130.0,0.35540962927443287,6.668393246603971,8.04988698976499,7,130.0,-0.56
28075.0,5,118.0,3.4705882352941178,8.211764505548233,5,5,118.0,0.37502157938564895,7.207117769710803,8.211764505548233,5,118.0,0.1200000000000001
28080.0,6,148.0,4.352941176470588,8.518173138088898,6,6,124.0,0.3726340655229239,7.132679042831424,8.518173138088898,6,124.0,-0.06000000000000005
28085.0,8,184.0,5.257142857142857,7.901552355967463,8,8,184.0,0.3419568944418127,6.332665428763004,7.901552355967463,8,184.0,-0.6000000000000001
28090.0,5,164.0,4.823529411764706,8.581240209876816,5,5,164.0,0.3920702284480361,7.657726723980362,8.581240209876816,5,164.0,0.20000000000000018
28095.0,6,190.0,5.428571428571429,7.859480522129026,6,6,164.0,0.33436397183318356,6.3836628023976365,7.859480522129026,6,164.0,0.0
28100.0,7,225.0,6.428571428571429,8.939944519634928,7,7,225.0,0.4230632167131235,7.96697877547431,8.939944519634928,7,225.0,-0.6100000000000001
28105.0,7,174.0,4.702702702702703,7.989362193398314,7,7,174.0,0.34942324097567135,6.626810211501292,7.989362193398314,7,174.0,0.51
28110.0,5,186.0,5.166666666666667,8.960615226237913,5,5,158.0,0.42692726458652475,7.904900789257708,8.960615226237913,5,158.0,0.15999999999999992
28115.0,5,211.0,6.806451612903226,9.580260052478144,5,5,211.0,0.5096677593841406,9.062222192218824,9.580260052478144,5,211.0,-0.5299999999999998
28120.0,5,201.0,6.090909090909091,7.780584845708138,5,5,201.0,0.3444478966569825,6.353824655077143,7.780584845708138,5,201.0,0.10000000000000009
28125.0,6,230.0,6.96969696969697,8.898182183915312,6,6,209.0,0.4236178705712311,7.938974417862663,8.898182183915312,6,209.0,-0.08000000000000007
28130.0,6,260.0,7.878787878787879,8.126956902086675,6,6,260.0,0.3674235627243574,6.62312003099849,8.126956902086675,6,260.0,-0.5100000000000002
28135.0,5,251.0,7.606060606060606,8.637823042967058,5,5,251.0,0.39354082244932637,7.5987759112323605,8.637823042967058,5,251.0,0.0900000000000003
28140.0,5,276.0,8.625,9.105471303175293,5,5,252.0,0.42100277136585146,7.98578046058784,9.105471303175293,5,252.0,-0.010000000000000231
28145.0,7,308.0,9.625,8.050238814347743,7,7,308.0,0.36517332236912814,6.644137225406564,8.050238814347743,7,308.0,-0.56
28150.0,7,343.0,11.433333333333334,8.694176932147224,7,7,343.0,0.4012599369850136,7.8437669238261645,8.694176932147224,7,343.0,-0.3500000000000001
28155.0,6,306.0,9.272727272727273,7.56554246311232,6,6,306.0,0.2874324193041852,5.864942098442069,7.56554246311232,6,306.0,0.3700000000000001
28160.0,6,334.0,10.121212121212121,8.82731175756852,6,6,302.0,0.4013514300989831,7.980581403308345,8.82731175756852,6,302.0,0.040000000000000036
28165.0,8,364.0,10.705882352941176,8.44399522438382,8,8,364.0,0.3847360575852063,7.379129706555282,8.44399522438382,8,364.0,-0.6200000000000001
28170.0,5,67.0,2.0303030303030303,8.619829883648942,5,5,67.0,0.3998902076759107,8.146203501877855,8.619829883648942,5,67.0,2.97
28175.0,6,93.0,3.0,8.635114654743107,6,6,-74.0,0.40356554809975254,7.956986480058142,8.635114654743107,6,-74.0,1.4100000000000001
28180.0,8,124.0,3.875,7.37672442356549,8,8,123.0,0.30663596090867495,5.737460734026208,7.37672442356549,8,123.0,-1.97
28185.0,6,74.0,2.466666666666667,8.212118030325156,6,6,74.0,0.38900198796050917,7.309769380802079,8.212118030325156,6,74.0,0.49
28190.0,5,91.0,2.84375,7.298229702253505,5,5,53.0,0.3097973541874798,5.813936445938364,7.298229702253505,5,53.0,0.20999999999999996
28195.0,7,125.0,3.90625,8.418344042195459,7,7,125.0,0.38778755015875277,7.226978735199435,8.418344042195459,7,125.0,-0.72
28200.0,7,160.0,5.333333333333333,8.523850826672044,7,7,160.0,0.38001751393863936,7.357311025553427,8.523850826672044,7,160.0,-0.3500000000000001
28205.0,9,201.0,6.28125,7.682607655495364,9,9,201.0,0.318890727312544,6.030156510334649,7.682607655495364,9,201.0,-0.4099999999999997
28210.0,6,115.0,3.59375,8.674525163389289,6,6,115.0,0.3904930254399119,7.527872060120446,8.674525163389289,6,115.0,0.8599999999999999
28215.0,5,109.0,3.2058823529411766,7.9630809571158565,5,5,59.0,0.33072157688749676,6.444044683980254,7.9630809571158565,5,59.0,0.5599999999999999
28220.0,6,139.0,4.34375,9.315477117784571,6,6,139.0,0.4506032987471382,8.556854376855657,9.315477117784571,6,139.0,-0.7999999999999999
28225.0,7,70.0,2.121212121212121,7.897286194631119,7,7,70.0,0.3497850074814309,6.553634984754638,7.897286194631119,7,70.0,0.69
28230.0,5,80.0,2.4242424242424243,8.811920235651197,5,5,39.0,0.4099388997058634,7.770394726888705,8.811920235651197,5,39.0,0.30999999999999994
28235.0,5,105.0,3.28125,9.742033155200145,5,5,105.0,0.4957717034942578,9.110330453137072,9.742033155200145,5,105.0,-0.66
28240.0,7,76.0,2.375,7.636964563744422,7,7,76.0,0.3245410958834172,6.121503526800911,7.636964563744422,7,76.0,0.29000000000000004
28245.0,7,111.0,3.8275862068965516,8.408150215642477,7,7,57.0,0.38759190184555403,7.470237561407342,8.408150215642477,7,57.0,0.19000000000000006
28250.0,8,147.0,4.59375,7.0371500968907315,8,8,147.0,0.2642567132804242,5.005233020453067,7.0371500968907315,8,147.0,-0.9
28255.0,7,112.0,3.5,7.921624479715206,7,7,112.0,0.3360109363593618,6.424319738108019,7.921624479715206,7,112.0,0.34999999999999987
28260.0,6,136.0,4.25,8.858486142775204,6,6,101.0,0.40720417925694813,7.754940375948532,8.858486142775204,6,101.0,0.1100000000000001
28265.0,8,172.0,4.914285714285715,8.11705365827526,8,8,172.0,0.34204071869590175,6.430201961256126,8.11705365827526,8,172.0,-0.71
28270.0,5,87.0,2.71875,8.426468871493594,5,5,87.0,0.38837431517038795,7.556001816500518,8.426468871493594,5,87.0,0.85
28275.0,4,76.0,2.375,7.805962295491323,4,4,33.0,0.3462666467203765,6.487024512962913,7.805962295491323,4,33.0,0.54
28280.0,5,101.0,3.15625,9.233215586824059,5,5,101.0,0.46746961991745917,8.608085024271443,9.233215586824059,5,101.0,-0.6799999999999999
28285.0,5,25.0,0.7575757575757576,8.41612474580194,5,5,25.0,0.4081035323378622,7.533558979124992,8.41612474580194,5,25.0,0.76
28290.0,4,30.0,0.967741935483871,8.920966194225503,4,4,-11.0,0.43539478823624944,8.225749991373092,8.920966194225503,4,-11.0,0.36
28295.0,4,50.0,1.6129032258064515,9.670620217419765,4,4,50.0,0.5053721633726435,9.255008522301877,9.670620217419765,4,50.0,-0.61
28300.0,7,76.0,2.303030303030303,7.5908762149074684,7,7,76.0,0.3332752488206381,5.929106042371572,7.5908762149074684,7,76.0,-0.26
28305.0,9,113.0,3.53125,8.094805530908095,9,9,113.0,0.3500642509957572,6.591236891484535,8.094805530908095,9,113.0,-0.3699999999999999
28310.0,7,146.0,4.171428571428572,7.329716803050636,7,7,146.0,0.30463829954161675,5.481656761810755,7.329716803050636,7,146.0,-0.33000000000000007
28315.0,8,173.0,5.242424242424242,7.7553892875283434,8,8,173.0,0.3243336737736897,6.253038317342613,7.7553892875283434,8,173.0,-0.27
28320.0,8,213.0,6.870967741935484,8.419651330534968,8,8,202.0,0.3728235320109152,6.928136671992473,8.419651330534968,8,202.0,-0.29000000000000004
28325.0,9,257.0,7.5588235294117645,7.979182098612485,9,9,257.0,0.34741627705207934,6.4699304225320695,7.979182098612485,9,257.0,-0.5499999999999998
28330.0,7,181.0,5.838709677419355,8.102614095981286,7,7,181.0,0.36150640255580146,7.109835243289062,8.102614095981286,7,181.0,0.7599999999999998
28335.0,6,185.0,5.606060606060606,7.370296817810758,6,6,142.0,0.31993018982077986,5.880194144067153,7.370296817810758,6,142.0,0.3900000000000001
28340.0,7,220.0,7.096774193548387,8.566185422848472,7,7,220.0,0.42919137885738823,7.741334343130051,8.566185422848472,7,220.0,-0.7800000000000002
28345.0,8,82.0,2.5625,7.5992401684735755,8,8,82.0,0.373531120810157,6.595200932109197,7.5992401684735755,8,82.0,1.3800000000000003
28350.0,5,31.0,0.96875,7.874632241846703,5,5,-34.0,0.3659672114510799,6.708540261761764,7.874632241846703,5,-34.0,1.16
28355.0,4,50.0,1.6666666666666667,8.817956341855965,4,4,50.0,0.44944866911621356,8.150764895735353,8.817956341855965,4,50.0,-0.8400000000000001
28360.0,8,44.0,1.3333333333333333,6.651940228032919,8,8,44.0,0.2817732990788158,5.112198049381748,6.651940228032919,8,44.0,0.06
28365.0,9,89.0,2.78125,7.3832068939122895,9,9,68.0,0.33933742702324166,6.238098020686662,7.3832068939122895,9,68.0,-0.24000000000000005
28370.0,11,136.0,3.8857142857142857,6.720293084520816,11,11,136.0,0.27871963310613607,4.898754347785197,6.720293084520816,11,136.0,-0.68
28375.0,9,114.0,3.4545454545454546,7.230861870428469,9,9,114.0,0.31741175207772027,5.839824127579786,7.230861870428469,9,114.0,0.2200000000000002
28380.0,8,148.0,4.625,7.925447131862413,8,8,120.0,0.367258862818738,6.7192690440338065,7.925447131862413,8,120.0,-0.06000000000000005
28385.0,10,193.0,5.514285714285714,7.319627578975116,10,10,193.0,0.3135849933164984,5.645539105324822,7.319627578975116,10,193.0,-0.73
28390.0,7,144.0,4.363636363636363,7.618129496231195,7,7,144.0,0.3505350348077737,6.649759096188264,7.618129496231195,7,144.0,0.49
28395.0,3,68.0,1.9428571428571428,7.520559269015237,3,3,39.0,0.330782311715341,6.202662384985515,7.520559269015237,3,39.0,1.0499999999999998
28400.0,5,91.0,2.6,8.124820621016275,5,5,91.0,0.3558352053755658,6.884852387267185,8.124820621016275,5,91.0,-0.52
28405.0,12,74.0,2.0555555555555554,7.089682204865285,12,12,74.0,0.2707127367419892,5.360030254946662,7.089682204865285,12,74.0,0.17000000000000004
28410.0,9,114.0,3.3529411764705883,7.600207950045839,9,9,112.0,0.32464014366214977,6.378282200387797,7.600207950045839,9,112.0,-0.3800000000000001
28415.0,9,159.0,4.818181818181818,8.083342292591436,9,9,158.0,0.36327554245960525,6.911826181879909,8.083342292591436,9,158.0,-0.45999999999999996
28420.0,10,156.0,4.333333333333333,6.803728206147632,10,10,156.0,0.2759361472266007,5.254730716403658,6.803728206147632,10,156.0,0.020000000000000018
28425.0,6,134.0,3.7222222222222223,8.103234335496152,6,6,119.0,0.36277840858229693,6.979688238372032,8.103234335496152,6,119.0,0.3700000000000001
28430.0,9,166.0,4.611111111111111,7.021993115025399,9,9,166.0,0.3107386225564336,5.552079421236729,7.021993115025399,9,166.0,-0.47
28435.0,8,128.0,3.764705882352941,7.185519409062521,8,8,128.0,0.3272213516677988,6.1165237707940605,7.185519409062521,8,128.0,0.3799999999999999
28440.0,7,157.0,4.90625,7.535458303800091,7,7,122.0,0.3642392774378619,6.742957740069109,7.535458303800091,7,122.0,0.06000000000000005
28445.0,9,200.0,5.555555555555555,7.401362340260906,9,9,200.0,0.3251453406357705,6.061450487727469,7.401362340260906,9,200.0,-0.78
28450.0,7,195.0,5.416666666666667,8.07297367132402,6,7,194.0,0.3759758495214685,7.435008079988333,8.07297367132402,6,194.0,0.06000000000000005
28455.0,8,214.0,5.631578947368421,7.156955104017171,8,8,201.0,0.2637865982255244,5.270777174083372,7.156955104017171,8,201.0,-0.06999999999999984
28460.0,7,248.0,6.888888888888889,8.372742069568961,7,7,248.0,0.38181137796010745,7.516981407938919,8.372742069568961,7,248.0,-0.4700000000000002
28465.0,9,184.0,4.717948717948718,7.290032396853184,9,9,184.0,0.30539470198143526,6.095492959303612,7.290032396853184,9,184.0,0.6399999999999999
28470.0,7,205.0,5.256410256410256,8.024223385073173,7,7,164.0,0.34859821230092514,7.039339496547565,8.024223385073173,7,164.0,0.20000000000000018
28475.0,7,240.0,6.666666666666667,8.267709496906752,7,7,240.0,0.37747945163617513,7.33222571652755,8.267709496906752,7,240.0,-0.76
28480.0,9,100.0,2.7027027027027026,6.979758257562846,9,9,100.0,0.27900211896285243,5.333265062373679,6.979758257562846,9,100.0,1.4
28485.0,10,146.0,3.945945945945946,7.826195393688049,10,10,30.0,0.33352457080767395,6.37041389286005,7.826195393688049,10,30.0,0.7
28490.0,11,192.0,5.333333333333333,6.6205082921950105,11,11,192.0,0.24245787972925315,4.424957592648071,6.6205082921950105,11,192.0,-1.6199999999999999
28495.0,10,164.0,4.823529411764706,7.033199029830554,10,10,164.0,0.2951077722428776,5.632869143722664,7.033199029830554,10,164.0,0.28
28500.0,9,198.0,6.1875,7.081206375092686,9,9,198.0,0.29302687752529444,5.521271269804091,7.081206375092686,9,198.0,-0.3400000000000001
28505.0,10,244.0,6.9714285714285715,6.993034345687283,10,10,208.0,0.2835654704037135,5.328792895959349,6.993034345687283,10,208.0,-0.10000000000000009
28510.0,9,159.0,4.818181818181818,7.328407113096048,9,9,159.0,0.32635226967367476,6.080416356627168,7.328407113096048,9,159.0,0.49
28515.0,7,131.0,3.742857142857143,6.399059700358023,7,7,87.0,0.26855071272222575,4.991485060399476,6.399059700358023,7,87.0,0.7200000000000001
28520.0,8,171.0,4.885714285714286,7.729454970044518,8,8,171.0,0.3604085915946922,6.5135369225903865,7.729454970044518,8,171.0,-0.84
28525.0,14,91.0,2.6,6.59105945290329,13,14,90.0,0.29947962491610775,5.559104739760316,6.59105945290329,13,90.0,0.8099999999999999
28530.0,14,113.0,3.2285714285714286,6.904108474067611,14,14,113.0,0.30190915597151274,5.527828308737958,6.904108474067611,14,113.0,-0.22999999999999987
28535.0,10,141.0,4.147058823529412,7.003249828496088,10,10,134.0,0.29545494053120175,5.387291638482796,7.003249828496088,10,134.0,-0.2100000000000002
28540.0,11,173.0,4.942857142857143,6.275015178711679,11,11,173.0,0.2551458071718705,4.675580608204953,6.275015178711679,11,173.0,-0.3899999999999999
28545.0,11,228.0,6.705882352941177,7.045937543353534,11,11,228.0,0.32770778040944526,5.862690109227707,7.045937543353534,11,228.0,-0.5499999999999998
28550.0,10,168.0,4.54054054054054,6.577167224023192,10,10,168.0,0.28740176824927244,5.195288200900618,6.577167224023192,10,168.0,0.5999999999999999
28555.0,9,176.0,5.0285714285714285,6.855138605502812,9,9,138.0,0.3038081079303839,5.5853323116237705,6.855138605502812,9,138.0,0.30000000000000004
28560.0,9,221.0,6.5,7.540965660563735,9,9,221.0,0.3586166165527748,6.352299353651578,7.540965660563735,9,221.0,-0.8300000000000001
28565.0,10,245.0,6.621621621621622,6.878863192920553,10,10,245.0,0.28940362496467936,5.363809502169281,6.878863192920553,10,245.0,-0.2400000000000002
28570.0,10,295.0,7.972972972972973,8.064476587832408,10,10,282.0,0.3582289693490362,6.6672646455747415,8.064476587832408,10,282.0,-0.36999999999999966
28575.0,12,348.0,8.7,7.218391520875679,12,12,348.0,0.29685413889638895,5.197042044241228,7.218391520875679,12,348.0,-0.6600000000000001
28580.0,9,237.0,6.076923076923077,7.76932318806412,9,9,237.0,0.3411204336146092,6.365849169739584,7.76932318806412,9,237.0,1.1099999999999999
28585.0,8,104.0,2.6,7.554326988256017,8,8,51.0,0.3185581417787291,6.023517975589052,7.554326988256017,8,51.0,1.86
28590.0,6,130.0,3.3333333333333335,8.602240639470084,6,6,130.0,0.406137939182106,7.566116196705297,8.602240639470084,6,130.0,-0.79
28595.0,6,79.0,2.1944444444444446,8.034033428728842,6,6,79.0,0.36428734418936576,7.081618629918336,8.034033428728842,6,79.0,0.51
28600.0,8,105.0,2.763157894736842,7.422570737855737,8,8,77.0,0.3132552499456359,5.885391394241512,7.422570737855737,8,77.0,0.020000000000000018
28605.0,9,150.0,4.166666666666667,8.119376525337838,9,9,150.0,0.3869224899799939,7.050525027290322,8.119376525337838,9,150.0,-0.73
28610.0,9,147.0,3.8684210526315788,6.60675560697028,8,9,146.0,0.2650089564958035,4.834527004556098,6.60675560697028,8,146.0,0.040000000000000036
28615.0,8,149.0,4.027027027027027,7.332535670541153,8,8,136.0,0.31294433278113,5.795875300839247,7.332535670541153,8,136.0,0.09999999999999987
28620.0,6,176.0,4.888888888888889,7.968922521797574,6,6,176.0,0.38056428271174025,6.827475213808233,7.968922521797574,6,176.0,-0.3999999999999999
28625.0,10,205.0,5.394736842105263,6.576770106194124,10,10,205.0,0.2791112717182062,5.009384182712833,6.576770106194124,10,205.0,-0.2899999999999998
28630.0,10,255.0,6.7105263157894735,7.7557984000869675,10,10,245.0,0.36396454919816,6.489543273621923,7.7557984000869675,10,245.0,-0.40000000000000036
28635.0,13,307.0,8.078947368421053,6.7406002628471615,13,13,307.0,0.29533495236192664,5.054480423642733,6.7406002628471615,13,307.0,-0.6199999999999997
28640.0,12,367.0,9.91891891891892,7.4229619447031565,12,12,367.0,0.33425437514919915,5.994870025698626,7.4229619447031565,12,367.0,-0.6000000000000001
28645.0,12,358.0,9.675675675675675,6.743893084998803,12,12,358.0,0.28698162786910447,5.255904557016383,6.743893084998803,12,358.0,0.08999999999999986
28650.0,9,367.0,10.194444444444445,7.262096764322282,9,9,348.0,0.33789608804597115,6.075494179360149,7.262096764322282,9,348.0,0.10000000000000009
28655.0,9,412.0,11.444444444444445,8.173052319902267,9,9,412.0,0.41437546075538556,7.305279962989835,8.173052319902267,9,412.0,-0.6400000000000001
28660.0,10,282.0,7.421052631578948,6.870864761418955,10,10,282.0,0.3021319382377925,5.390539055843534,6.870864761418955,10,282.0,1.3000000000000003
28665.0,7,238.0,7.0,7.51771059021499,7,7,170.0,0.34321472209962667,6.371993539680054,7.51771059021499,7,170.0,1.1199999999999999
28670.0,7,273.0,7.583333333333333,6.882541697519297,7,7,273.0,0.30084782423099793,5.384145733510798,6.882541697519297,7,273.0,-1.03
28675.0,10,279.0,7.9714285714285715,6.7408522433153495,10,10,279.0,0.2928475379771931,5.319192960218495,6.7408522433153495,10,279.0,-0.06000000000000005
28680.0,10,329.0,9.969696969696969,7.3524404089774436,10,10,307.0,0.34294737746528736,6.230924334567778,7.3524404089774436,10,307.0,-0.2799999999999998
28685.0,12,384.0,10.666666666666666,6.76273658648594,12,12,384.0,0.29631551520838006,5.369473448736695,6.76273658648594,12,384.0,-0.77
28690.0,10,361.0,10.314285714285715,7.39117757386005,10,10,361.0,0.3297600120548544,6.294838387735708,7.39117757386005,10,361.0,0.22999999999999998
28695.0,9,394.0,10.368421052631579,6.8017025718301385,9,9,366.0,0.25987178740059735,5.034996219189794,6.8017025718301385,9,366.0,-0.050000000000000266
28700.0,10,444.0,11.68421052631579,7.990795259301471,10,10,444.0,0.36484913363201316,6.804577140554541,7.990795259301471,10,444.0,-0.7800000000000002
28705.0,12,400.0,10.256410256410257,6.899233104591965,12,12,400.0,0.28440582028762956,5.524841060590809,6.899233104591965,12,400.0,0.4400000000000004
28710.0,7,366.0,9.891891891891891,7.3909102667146795,7,7,337.0,0.3294886010208329,6.381867013229589,7.3909102667146795,7,337.0,0.6299999999999999
28715.0,7,401.0,11.13888888888889,7.760040614433756,7,7,401.0,0.3607745638449747,6.63109147655501,7.760040614433756,7,401.0,-0.6399999999999997
28720.0,10,85.0,2.236842105263158,6.6697706037764,10,10,85.0,0.2919465542207444,5.0875654367032,6.6697706037764,10,85.0,3.1599999999999997
28725.0,11,133.0,3.5,6.878859104303827,11,11,-43.0,0.2977839546888016,5.437555885297873,6.878859104303827,11,-43.0,1.28
28730.0,12,184.0,4.842105263157895,6.323090459717574,12,12,8.0,0.250536202948227,4.549815192750884,6.323090459717574,12,8.0,-0.51
28735.0,11,170.0,4.594594594594595,6.733665414216196,11,11,170.0,0.29345947614876805,5.367108177846451,6.733665414216196,11,170.0,-1.6199999999999999
28740.0,10,214.0,6.294117647058823,6.887703950985829,10,10,184.0,0.31397687130389906,5.732582436286802,6.887703950985829,10,184.0,-0.14000000000000012
28745.0,12,271.0,7.131578947368421,6.771815792128078,12,12,271.0,0.28979007910919896,5.257726292283344,6.771815792128078,12,271.0,-0.8699999999999999
28750.0,9,201.0,5.4324324324324325,7.290233786156139,9,9,201.0,0.32060164467011226,6.052219039569047,7.290233786156139,9,201.0,0.7000000000000002
28755.0,8,211.0,5.702702702702703,6.835958061133964,8,8,161.0,0.29307968549330227,5.332549558946103,6.835958061133964,8,161.0,0.3999999999999997
28760.0,9,256.0,6.918918918918919,8.21041482134231,9,9,256.0,0.40073138239756984,7.149505477076253,8.21041482134231,9,256.0,-0.95
28765.0,10,163.0,4.17948717948718,7.3496889727909025,10,10,163.0,0.32943380464863004,5.994498041006341,7.3496889727909025,10,163.0,0.9300000000000002
28770.0,5,66.0,1.736842105263158,8.108177822646189,5,5,23.0,0.37946949483764386,6.868124711049759,8.108177822646189,5,23.0,1.4
28775.0,5,91.0,2.3947368421052633,9.144625919665996,5,5,91.0,0.4753872260078761,8.406019671578814,9.144625919665996,5,91.0,-0.68
28780.0,9,77.0,1.8780487804878048,7.418146813452309,9,9,77.0,0.3057208814830339,5.43829750612563,7.418146813452309,9,77.0,0.14
28785.0,10,127.0,3.3421052631578947,7.914797381079754,10,10,84.0,0.344847892935805,6.243693444752489,7.914797381079754,10,84.0,-0.06999999999999995
28790.0,11,178.0,4.684210526315789,6.462153835883049,11,11,178.0,0.23863792311090312,4.108884006827139,6.462153835883049,11,178.0,-0.9400000000000001
28795.0,13,243.0,6.942857142857143,6.688119492394547,13,13,243.0,0.28229694501093794,4.933022312335686,6.688119492394547,13,243.0,-0.6500000000000001
28800.0,10,216.0,6.171428571428572,7.2129127585597965,10,10,216.0,0.31026293042747294,5.645962178367064,7.2129127585597965,10,216.0,0.27
28805.0,11,257.0,6.945945945945946,6.6360655682402845,11,11,224.0,0.2791306326035052,5.168495604497682,6.6360655682402845,11,224.0,-0.08000000000000007
28810.0,11,312.0,8.914285714285715,7.289616413443186,11,11,312.0,0.3434041952443832,6.248640024944623,7.289616413443186,11,312.0,-0.8799999999999999
28815.0,10,227.0,5.973684210526316,6.498640475160809,10,10,227.0,0.28313448586046897,5.154055487079339,6.498640475160809,10,227.0,0.8500000000000001
28820.0,9,226.0,6.277777777777778,7.2876850922862895,9,9,171.0,0.31390502588065416,6.169815000199365,7.2876850922862895,9,171.0,0.56
28825.0,12,266.0,7.0,7.023329899529819,12,12,266.0,0.2992806867717688,5.680242148861866,7.023329899529819,12,266.0,-0.9500000000000002
28830.0,11,167.0,4.771428571428571,6.992663030906118,11,11,167.0,0.30035690297650885,5.921172254437566,6.992663030906118,11,167.0,0.9900000000000002
28835.0,6,58.0,1.7058823529411764,6.98168284815637,6,6,10.0,0.3034415961386045,5.922607436907126,6.98168284815637,6,10.0,1.5699999999999998
28840.0,9,95.0,2.638888888888889,6.303995531703088,9,9,95.0,0.2613515473908244,4.894935912693162,6.303995531703088,9,95.0,-0.85
28845.0,8,89.0,2.4722222222222223,7.175145985307302,8,8,89.0,0.32479173631427494,6.090708600164525,7.175145985307302,8,89.0,0.05999999999999994
28850.0,11,109.0,2.8684210526315788,6.165353870808938,11,11,95.0,0.2622887404337671,4.634891885210088,6.165353870808938,11,95.0,-0.05999999999999994
28855.0,11,164.0,4.4324324324324325,7.362516393113102,11,11,164.0,0.34390777649761534,5.983367215035747,7.362516393113102,11,164.0,-0.69
28860.0,9,174.0,4.9714285714285715,6.833473070121332,9,9,174.0,0.3092609346894612,5.438474597763154,6.833473070121332,9,174.0,-0.10000000000000009
28865.0,9,174.0,4.578947368421052,6.434460229611051,9,9,162.0,0.27748656527918436,4.930363785669959,6.434460229611051,9,162.0,0.11999999999999988
28870.0,8,213.0,5.605263157894737,7.517128313675233,8,8,212.0,0.341382016999004,5.982269429314641,7.517128313675233,8,212.0,-0.5
28875.0,10,119.0,3.051282051282051,6.375749350406729,10,10,119.0,0.25005627431247635,4.471454719317907,6.375749350406729,10,119.0,0.9300000000000002
28880.0,9,124.0,3.263157894736842,7.619320588747185,9,9,68.0,0.3412969796863398,6.221184016137907,7.619320588747185,9,68.0,0.5099999999999999
28885.0,12,169.0,4.225,7.896024405581157,12,12,169.0,0.3743801273059741,6.715112560738216,7.896024405581157,12,169.0,-1.0099999999999998
28890.0,10,146.0,3.65,7.667518191786027,10,10,146.0,0.3298663328356353,6.378260694459365,7.667518191786027,10,146.0,0.22999999999999998
28895.0,9,189.0,4.973684210526316,7.433573228836768,9,9,161.0,0.30222886311453584,5.808173902023143,7.433573228836768,9,161.0,-0.15000000000000013
28900.0,12,243.0,6.230769230769231,6.691874160726411,12,12,243.0,0.265154871860722,4.799119100985027,6.691874160726411,12,243.0,-0.8200000000000001
28905.0,11,211.0,5.702702702702703,7.113959377171126,11,11,211.0,0.30660440539145933,5.7065741295195505,7.113959377171126,11,211.0,0.3200000000000003
28910.0,8,160.0,4.324324324324325,5.670644665865498,8,8,131.0,0.21657487510814724,4.0210840649521815,5.670644665865498,8,131.0,0.7999999999999998
28915.0,9,205.0,5.694444444444445,6.732611802519865,9,9,205.0,0.29732266244536065,5.476296405530725,6.732611802519865,9,205.0,-0.7399999999999998
28920.0,8,165.0,4.583333333333333,6.908284262549338,8,8,165.0,0.3092938097073112,5.623539158712172,6.908284262549338,8,165.0,0.3999999999999999
28925.0,10,202.0,5.05,6.881254286101137,10,10,174.0,0.3004379818658848,5.4797838245795605,6.881254286101137,10,174.0,-0.09000000000000008
28930.0,11,257.0,6.7631578947368425,7.466145102982619,11,11,257.0,0.3336890019864416,6.014921294944045,7.466145102982619,11,257.0,-0.8299999999999998
28935.0,10,224.0,5.463414634146342,6.846837384899548,10,10,224.0,0.2756340790693415,5.169174991418248,6.846837384899548,10,224.0,0.3299999999999996
28940.0,11,258.0,6.7894736842105265,7.475827342900139,10,11,227.0,0.3366045112902896,6.270997471205159,7.475827342900139,10,227.0,-0.029999999999999805
28945.0,12,300.0,7.6923076923076925,6.836893556897538,12,12,300.0,0.28429320034577554,5.363565479791881,6.836893556897538,12,300.0,-0.73
28950.0,13,271.0,7.131578947368421,7.316392453073055,13,13,271.0,0.2939299277037737,5.78455450925909,7.316392453073055,13,271.0,0.29000000000000004
28955.0,9,226.0,6.108108108108108,7.202558005630871,9,9,223.0,0.29847675515673555,5.755658617348037,7.202558005630871,9,223.0,0.48
28960.0,10,266.0,6.82051282051282,6.813367077769972,10,10,265.0,0.2700896734295568,5.0585639196026575,6.813367077769972,10,265.0,-0.41999999999999993
28965.0,9,265.0,7.162162162162162,7.01317069936141,9,9,265.0,0.3037239303552031,5.863962842507358,7.01317069936141,9,265.0,0.0
28970.0,11,307.0,7.871794871794871,6.354430203166621,11,11,293.0,0.2509437907880244,4.848269899815504,6.354430203166621,11,293.0,-0.28000000000000025
28975.0,12,367.0,9.657894736842104,7.3669452505983655,12,12,367.0,0.31357616992157405,6.159262506419523,7.3669452505983655,12,367.0,-0.7399999999999998
28980.0,9,181.0,4.7631578947368425,6.749349841068057,9,9,181.0,0.2596309840266534,5.137488349631828,6.749349841068057,9,181.0,1.8599999999999999
28985.0,12,239.0,5.975,6.668352466782009,12,12,102.0,0.26938422963765046,5.1292941134853285,6.668352466782009,12,102.0,0.79
28990.0,12,299.0,8.08108108108108,6.807861621268333,12,12,299.0,0.3051288631793871,5.689527259178104,6.807861621268333,12,299.0,-1.9700000000000002
28995.0,12,222.0,5.55,5.986197423592735,12,12,222.0,0.2321571038373642,4.343330940679558,5.986197423592735,12,222.0,0.77
29000.0,9,225.0,5.769230769230769,7.414597171641821,9,9,172.0,0.34544881654085396,6.282560712631852,7.414597171641821,9,172.0,0.5000000000000002
29005.0,13,271.0,6.775,7.119555318021997,13,13,271.0,0.33476762336797034,5.957298009173387,7.119555318021997,13,271.0,-0.99
29010.0,11,322.0,8.256410256410257,7.335907080413711,11,11,322.0,0.33716648597702265,6.322552857110549,7.335907080413711,11,322.0,-0.5100000000000002
29015.0,8,224.0,5.743589743589744,7.664663452806238,8,8,224.0,0.34641845207186317,6.736503275908984,7.664663452806238,8,224.0,0.98
29020.0,6,82.0,1.9523809523809523,7.309450306259583,6,6,35.0,0.3011436143599405,5.872862732986289,7.309450306259583,6,35.0,1.8900000000000001
29025.0,6,110.0,2.8205128205128207,8.240239777511654,6,6,110.0,0.37903875653230784,7.319444366673625,8.240239777511654,6,110.0,-0.7500000000000001
29030.0,9,136.0,3.238095238095238,6.959282892628587,9,9,136.0,0.2712277432409492,5.082860902445851,6.959282892628587,9,136.0,-0.26
29035.0,12,195.0,5.131578947368421,7.313802786356355,12,12,188.0,0.2883201724973213,5.475953510181398,7.313802786356355,12,188.0,-0.5199999999999998
29040.0,12,255.0,7.5,6.715642881718045,12,12,255.0,0.25425184141263135,4.763879636773784,6.715642881718045,12,255.0,-0.6699999999999999
29045.0,12,275.0,7.2368421052631575,6.398157433625156,12,12,275.0,0.2436992081456325,4.583085878903974,6.398157433625156,12,275.0,-0.20000000000000018
29050.0,9,287.0,7.552631578947368,7.31146121259168,9,9,274.0,0.319386156429246,5.879159466340011,7.31146121259168,9,274.0,0.009999999999999787
29055.0,10,335.0,8.170731707317072,7.291146475196428,10,10,335.0,0.32093900070875425,5.788568127144999,7.291146475196428,10,335.0,-0.6099999999999999
29060.0,10,306.0,8.052631578947368,7.3920601966714905,10,10,306.0,0.31860320007044285,6.1259258345384975,7.3920601966714905,10,306.0,0.29000000000000004
29065.0,11,348.0,9.157894736842104,7.539859111152627,11,11,314.0,0.3209573498456481,6.05063362532366,7.539859111152627,11,314.0,-0.08000000000000007
29070.0,11,400.0,10.81081081081081,8.017925736827213,11,11,400.0,0.35524803291071905,6.615262137375375,8.017925736827213,11,400.0,-0.8599999999999999
29075.0,11,455.0,13.382352941176471,7.667418798523596,11,11,455.0,0.3321260174641102,6.28452300889869,7.667418798523596,11,455.0,-0.5499999999999998
29080.0,14,519.0,14.82857142857143,6.263764246876363,14,14,519.0,0.2365316232394031,4.489897605665628,6.263764246876363,14,519.0,-0.6400000000000006
29085.0,14,589.0,17.323529411764707,6.581962256518615,14,14,589.0,0.2523248967032882,4.851213474967662,6.581962256518615,14,589.0,-0.6999999999999993
29090.0,12,575.0,15.54054054054054,5.7850185363300834,12,12,575.0,0.20157305411727935,3.9094757958595143,5.7850185363300834,12,575.0,0.13999999999999968
29095.0,12,623.0,17.305555555555557,6.624216483780298,12,12,595.0,0.2819885108932379,5.341822758927716,6.624216483780298,12,595.0,-0.20000000000000018
29100.0,12,683.0,18.97222222222222,6.9057756935021075,12,12,683.0,0.2978163168654128,5.54280673551088,6.9057756935021075,12,683.0,-0.8799999999999999
29105.0,12,421.0,11.078947368421053,6.0351802348001975,12,12,421.0,0.2410562031284422,4.646115339568997,6.0351802348001975,12,421.0,2.62
29110.0,7,134.0,3.6216216216216215,7.065070879309613,7,7,15.0,0.3096205443386454,5.982000571175626,7.065070879309613,7,15.0,4.06
29115.0,4,86.0,2.2051282051282053,7.705513202570692,4,4,86.0,0.3585503408748018,6.728545002367346,7.705513202570692,4,86.0,-0.71
29120.0,6,29.0,0.7435897435897436,7.935003003631378,6,6,29.0,0.36189874637913955,7.1347140892341505,7.935003003631378,6,29.0,0.5700000000000001
29125.0,12,63.0,1.6153846153846154,6.855467410844417,12,12,26.0,0.2742746959399264,5.293219963169811,6.855467410844417,12,26.0,0.02999999999999997
29130.0,11,118.0,3.1052631578947367,7.746631021647249,11,11,118.0,0.3461468284964942,6.471698967907578,7.746631021647249,11,118.0,-0.9199999999999999
29135.0,8,122.0,3.388888888888889,7.719840027756591,8,8,122.0,0.3472816762134765,6.518346596679607,7.719840027756591,8,122.0,-0.040000000000000036
29140.0,7,84.0,2.1538461538461537,7.09947524416179,7,7,71.0,0.28399409877853793,5.219302091884928,7.09947524416179,7,71.0,0.51
29145.0,6,107.0,2.8157894736842106,7.860275327158001,6,6,107.0,0.35001116956584766,6.319511222605707,7.860275327158001,6,107.0,-0.3600000000000001
29150.0,8,45.0,1.125,6.5051609742130125,8,8,45.0,0.2463460842510802,4.3447628603566,6.5051609742130125,8,45.0,0.6200000000000001
29155.0,10,78.0,2.0526315789473686,6.8043675954351786,10,10,37.0,0.28398971019801467,5.069610915092545,6.8043675954351786,10,37.0,0.08000000000000002
29160.0,10,128.0,3.657142857142857,7.168090765012419,10,10,128.0,0.33438520004294064,5.780779366765817,7.168090765012419,10,128.0,-0.91
29165.0,10,132.0,3.3846153846153846,6.592517617327267,10,10,132.0,0.27711142933848,4.990838107926849,6.592517617327267,10,132.0,-0.040000000000000036
29170.0,6,98.0,2.5128205128205128,7.885788712810674,6,6,84.0,0.3561715624993221,6.726904703231146,7.885788712810674,6,84.0,0.4800000000000001
29175.0,7,130.0,3.3333333333333335,7.534925532527434,7,7,130.0,0.3236405284208369,6.1838918921205375,7.534925532527434,7,130.0,-0.4600000000000001
29180.0,8,91.0,2.4594594594594597,7.645924195377231,8,8,91.0,0.33652619639933,6.651191150345469,7.645924195377231,8,91.0,0.39
29185.0,12,125.0,3.3783783783783785,7.052286109221235,12,12,91.0,0.3013325827420821,5.693493133203118,7.052286109221235,12,91.0,0.0
29190.0,10,173.0,4.675675675675675,8.218530770941758,10,10,173.0,0.37049615110399936,7.036389916218464,8.218530770941758,10,173.0,-0.82
29195.0,7,172.0,4.777777777777778,7.863353753488066,7,7,172.0,0.3448302706257671,6.560883914994633,7.863353753488066,7,172.0,0.010000000000000009
29200.0,9,179.0,4.837837837837838,6.633791992321457,9,9,166.0,0.25541488643537147,4.8212442319964435,6.633791992321457,9,166.0,0.06000000000000005
29205.0,8,218.0,6.055555555555555,7.723759443289134,8,8,218.0,0.3446355675717053,6.446576831900938,7.723759443289134,8,218.0,-0.5200000000000002
29210.0,9,142.0,3.641025641025641,6.760122532044422,9,9,142.0,0.2676439312271776,4.9674128668135795,6.760122532044422,9,142.0,0.7600000000000002
29215.0,7,140.0,3.6842105263157894,7.180569159012809,7,7,98.0,0.3017050223709552,5.850453945702776,7.180569159012809,7,98.0,0.43999999999999995
29220.0,8,180.0,4.864864864864865,7.328445136058924,8,8,180.0,0.3225511062519213,5.909495501554307,7.328445136058924,8,180.0,-0.8200000000000001
29225.0,9,175.0,4.487179487179487,6.742005788632046,9,9,175.0,0.28827620727151904,5.169313268721245,6.742005788632046,9,175.0,0.050000000000000044
29230.0,8,197.0,5.324324324324325,7.847563801676773,8,8,183.0,0.385292694291087,6.86195822779427,7.847563801676773,8,183.0,-0.08000000000000007
29235.0,10,239.0,6.2894736842105265,7.027991885061208,10,10,239.0,0.3188901148400917,5.5664357929588935,7.027991885061208,10,239.0,-0.56
29240.0,8,207.0,5.594594594594595,7.65737040673546,8,8,207.0,0.3685469411671465,6.684474018937224,7.65737040673546,8,207.0,0.3200000000000003
29245.0,9,236.0,6.2105263157894735,7.548689101250598,9,9,199.0,0.35729062114736687,6.352200210661807,7.548689101250598,9,199.0,0.07999999999999985
29250.0,9,278.0,7.722222222222222,8.009870314189289,9,9,278.0,0.38371374292119476,6.73529920447383,8.009870314189289,9,278.0,-0.7899999999999998
29255.0,9,323.0,9.5,8.070418002763521,9,9,323.0,0.38615691378707107,7.031815920919068,8.070418002763521,9,323.0,-0.4500000000000002
29260.0,9,266.0,7.388888888888889,6.962934408624943,9,9,266.0,0.2900838867149396,5.530024150576317,6.962934408624943,9,266.0,0.5699999999999998
29265.0,7,258.0,7.166666666666667,7.917657245221857,7,7,226.0,0.37114856359212134,6.933365168875706,7.917657245221857,7,226.0,0.40000000000000036
29270.0,8,294.0,7.7368421052631575,6.983860823083222,8,8,294.0,0.3162528989253065,5.515505498279098,6.983860823083222,8,294.0,-0.6800000000000002
29275.0,8,261.0,6.868421052631579,7.284040800329028,8,8,261.0,0.32935100770051684,6.073620424507586,7.284040800329028,8,261.0,0.33000000000000007
29280.0,7,290.0,7.631578947368421,8.340632739041641,7,7,257.0,0.40826196676179416,7.498297008301694,8.340632739041641,7,257.0,0.040000000000000036
29285.0,9,329.0,8.225,7.691609722867618,9,9,329.0,0.3314093869488547,5.982629023430983,7.691609722867618,9,329.0,-0.7200000000000002
29290.0,6,97.0,2.7714285714285714,8.255400713180581,6,6,97.0,0.40099834974229104,7.600498679675837,8.255400713180581,6,97.0,2.3200000000000003
29295.0,9,130.0,3.611111111111111,7.324199935149165,9,9,-17.0,0.3056412745490271,5.669817081353013,7.324199935149165,9,-17.0,1.14
29300.0,9,175.0,4.861111111111111,8.309475399948473,9,9,175.0,0.3836840474197621,7.154578986114918,8.309475399948473,9,175.0,-1.92
29305.0,9,120.0,3.076923076923077,7.429325926967576,9,9,120.0,0.2982180197479525,5.771231921469955,7.429325926967576,9,120.0,0.55
29310.0,7,142.0,3.736842105263158,8.421303884963312,7,7,104.0,0.3728077016725943,7.02735697887582,8.421303884963312,7,104.0,0.15999999999999992
29315.0,7,177.0,5.205882352941177,8.97767071200792,7,7,177.0,0.4320100754360701,7.954490870453611,8.97767071200792,7,177.0,-0.73
29320.0,10,218.0,6.228571428571429,7.5714303139453945,10,10,218.0,0.3188486248486498,5.966272208299449,7.5714303139453945,10,218.0,-0.41000000000000014
29325.0,10,268.0,7.882352941176471,7.952562802854758,10,10,268.0,0.3260151218374555,6.480809336320523,7.952562802854758,10,268.0,-0.5
29330.0,12,321.0,9.17142857142857,6.290776077377665,12,12,321.0,0.20171998506709432,4.083517095630127,6.290776077377665,12,321.0,-0.5299999999999998
29335.0,10,209.0,6.147058823529412,7.098912303210293,10,10,209.0,0.27681791325687194,5.603187127731862,7.098912303210293,10,209.0,1.12
29340.0,6,142.0,4.4375,7.27352773256201,6,6,84.0,0.3266642430303583,6.122120842985637,7.27352773256201,6,84.0,1.25
29345.0,8,178.0,5.393939393939394,7.018531418069215,8,8,178.0,0.33573453874026266,6.29109880449099,7.018531418069215,8,178.0,-0.9400000000000001
29350.0,8,94.0,2.9375,7.003254203032457,8,8,94.0,0.34390816037506206,6.470776654061127,7.003254203032457,8,94.0,0.8400000000000001
29355.0,7,96.0,2.742857142857143,6.794182101387298,7,7,45.0,0.3170877205337378,5.875545419987333,6.794182101387298,7,45.0,0.48999999999999994
29360.0,8,135.0,3.857142857142857,8.033061938514397,8,8,135.0,0.41190028287896235,7.483780848064583,8.033061938514397,8,135.0,-0.9000000000000001
29365.0,12,178.0,4.684210526315789,6.819600977495955,12,12,178.0,0.2937881966803614,5.412373621291297,6.819600977495955,12,178.0,-0.42999999999999994
29370.0,12,235.0,6.184210526315789,7.276679896916589,12,12,235.0,0.3070793968154775,5.816160436675347,7.276679896916589,12,235.0,-0.5700000000000001
29375.0,12,295.0,8.428571428571429,7.351295929582414,12,12,295.0,0.3154015646042181,5.887442087183402,7.351295929582414,12,295.0,-0.6000000000000001
29380.0,12,215.0,6.142857142857143,6.1937249809723935,12,12,215.0,0.2574901011388823,4.824205815121009,6.1937249809723935,12,215.0,0.8000000000000003
29385.0,10,221.0,6.314285714285714,7.016195185720126,10,10,165.0,0.3173229655228756,5.925150836910812,7.016195185720126,10,165.0,0.5
29390.0,11,273.0,7.184210526315789,6.332279052111374,11,11,273.0,0.2717043541862508,4.904984058545612,6.332279052111374,11,273.0,-1.08
29395.0,11,262.0,6.894736842105263,6.755901085207977,11,11,262.0,0.29443577295487333,5.455606790298805,6.755901085207977,11,262.0,0.10999999999999988
29400.0,10,307.0,8.527777777777779,6.698019673397227,10,10,279.0,0.26552547605523746,5.03464113358381,6.698019673397227,10,279.0,-0.16999999999999993
29405.0,12,365.0,10.13888888888889,6.284534873527138,12,12,365.0,0.2697809270216196,4.9425439713179165,6.284534873527138,12,365.0,-0.8599999999999999
29410.0,11,388.0,11.085714285714285,6.794935786865051,11,11,388.0,0.3072510758400935,5.722854038078478,6.794935786865051,11,388.0,-0.22999999999999998
29415.0,13,447.0,12.08108108108108,6.153966028185243,13,13,434.0,0.26520393104688456,4.778024343315293,6.153966028185243,13,434.0,-0.45999999999999996
29420.0,13,512.0,14.628571428571428,6.997906553312671,13,13,512.0,0.3356654245626486,5.899920237865472,6.997906553312671,13,512.0,-0.7800000000000002
29425.0,16,536.0,14.105263157894736,6.4062549842984176,16,16,536.0,0.28149548820191245,5.071541474853258,6.4062549842984176,16,536.0,-0.2400000000000002
29430.0,15,606.0,15.947368421052632,6.8141103100586635,15,15,568.0,0.2785071574039425,5.125854589933875,6.8141103100586635,15,568.0,-0.3199999999999994
29435.0,15,681.0,18.405405405405407,6.730535901976508,15,15,681.0,0.28013507194288473,5.187456190828933,6.730535901976508,15,681.0,-1.13
29440.0,15,672.0,17.23076923076923,5.731388295651665,15,15,672.0,0.20543276906552552,4.037695005484415,5.731388295651665,15,672.0,0.08999999999999986
29445.0,14,726.0,19.62162162162162,6.300546971783703,14,14,697.0,0.26407772913832794,5.013864491732757,6.300546971783703,14,697.0,-0.25
29450.0,15,799.0,20.487179487179485,5.640146689542507,15,15,799.0,0.2402649470017232,4.330764358589821,5.640146689542507,15,799.0,-1.0200000000000005
29455.0,14,561.0,14.763157894736842,5.931169591502004,14,14,561.0,0.24697671991600811,4.751378380072115,5.931169591502004,14,561.0,2.38
29460.0,11,217.0,5.7105263157894735,6.069085945205588,11,11,114.0,0.2398424219454259,4.655003587371116,6.069085945205588,11,114.0,4.470000000000001
29465.0,8,124.0,3.1,6.231202659503704,8,8,123.0,0.2431540090405085,4.768159491240236,6.231202659503704,8,123.0,-0.09000000000000008
29470.0,8,159.0,4.184210526315789,6.817261529721321,8,8,159.0,0.29622794296555605,5.604076345959773,6.817261529721321,8,159.0,-0.3600000000000001
29475.0,9,97.0,2.4871794871794872,5.970543901489529,9,9,97.0,0.24657697568708634,4.726651922029806,5.970543901489529,9,97.0,0.6200000000000001
29480.0,13,136.0,3.4871794871794872,6.957089823041972,13,13,95.0,0.3053264752110861,5.617336631255389,6.957089823041972,13,95.0,0.020000000000000018
29485.0,17,202.0,4.809523809523809,6.801029930065616,17,17,202.0,0.27015760097509955,4.951262842450364,6.801029930065616,17,202.0,-1.07
29490.0,13,224.0,5.463414634146342,7.227972252693994,13,13,224.0,0.2902263669057126,5.52594570827276,7.227972252693994,13,224.0,-0.2200000000000002
29495.0,8,194.0,4.7317073170731705,7.794058627042891,8,8,180.0,0.31571329110131047,6.038519665363502,7.794058627042891,8,180.0,0.44000000000000017
29500.0,8,202.0,4.926829268292683,7.374756769860769,8,8,202.0,0.31055390688097506,5.640587176551219,7.374756769860769,8,202.0,-0.21999999999999997
29505.0,9,127.0,3.175,7.587536225147171,9,9,127.0,0.3300609505185519,6.034424574249262,7.587536225147171,9,127.0,0.75
29510.0,11,149.0,3.725,6.982976940643267,11,11,101.0,0.26843684782999866,4.84185654856434,6.982976940643267,11,101.0,0.26
29515.0,12,208.0,5.473684210526316,7.146443543185855,12,12,208.0,0.3222408382822073,5.668596318833881,7.146443543185855,12,208.0,-1.07
29520.0,12,268.0,7.052631578947368,6.862540770728747,12,12,268.0,0.2824248479019654,4.954461745399952,6.862540770728747,12,268.0,-0.6000000000000001
29525.0,14,337.0,8.21951219512195,6.533566627682554,14,14,337.0,0.25228735890206194,4.3927416129292824,6.533566627682554,14,337.0,-0.69
29530.0,11,311.0,7.585365853658536,7.295319016033951,11,11,311.0,0.3036084564259086,5.53685812751441,7.295319016033951,11,311.0,0.26000000000000023
29535.0,11,353.0,8.022727272727273,6.860093808794691,11,11,315.0,0.2572735840339838,4.782318406043759,6.860093808794691,11,315.0,-0.040000000000000036
29540.0,12,413.0,10.073170731707316,7.762846852917558,12,12,413.0,0.3401288447851738,6.261418888166727,7.762846852917558,12,413.0,-0.98
29545.0,15,464.0,11.6,7.0393820060400625,15,15,464.0,0.3021540398725431,5.793859031857901,7.0393820060400625,15,464.0,-0.5099999999999998
29550.0,12,524.0,13.1,7.281852783070481,12,12,519.0,0.3104386828411902,5.618575519306296,7.281852783070481,12,519.0,-0.5500000000000007
29555.0,13,588.0,15.473684210526315,7.477589188975712,13,13,588.0,0.3161691592984503,5.853124487476908,7.477589188975712,13,588.0,-0.6899999999999995
29560.0,13,489.0,12.225,6.386066592608776,13,13,489.0,0.23544217263939615,4.402599893060122,6.386066592608776,13,489.0,0.9900000000000002
29565.0,9,283.0,7.447368421052632,7.239666369044438,9,9,230.0,0.3019234461538923,5.59529593054084,7.239666369044438,9,230.0,2.59
29570.0,7,252.0,6.461538461538462,7.052417988000977,7,7,252.0,0.3106577913701669,5.511639234813601,7.052417988000977,7,252.0,-0.2200000000000002
29575.0,8,252.0,6.631578947368421,7.3010731820347585,8,8,252.0,0.32641761438633976,5.928417307660484,7.3010731820347585,8,252.0,0.0
29580.0,12,306.0,8.5,7.23541422280144,12,12,287.0,0.29553699619827184,5.4094645641271555,7.23541422280144,12,287.0,-0.3500000000000001
29585.0,15,372.0,10.054054054054054,6.427694124241165,15,15,372.0,0.26620362529121155,4.755017460175073,6.427694124241165,15,372.0,-0.8500000000000001
29590.0,11,391.0,10.86111111111111,6.834783850914055,11,11,391.0,0.2900551299614288,5.418830103440494,6.834783850914055,11,391.0,-0.18999999999999995
29595.0,8,362.0,9.282051282051283,7.14104173489777,8,8,349.0,0.29842483238702183,5.440342059942665,7.14104173489777,8,349.0,0.41999999999999993
29600.0,8,397.0,10.447368421052632,8.269156575852818,8,8,397.0,0.3951192561248392,7.148686517391073,8.269156575852818,8,397.0,-0.48
29605.0,11,341.0,8.317073170731707,6.772314331498822,11,11,341.0,0.2664685072130086,4.982858008449312,6.772314331498822,11,341.0,0.56
29610.0,10,378.0,9.692307692307692,7.573070340899935,10,10,337.0,0.33056471089749867,6.160914495357171,7.573070340899935,10,337.0,0.040000000000000036
29615.0,10,428.0,11.263157894736842,8.391751914028012,10,10,428.0,0.3997186937947524,7.271315387070546,8.391751914028012,10,428.0,-0.9100000000000001
29620.0,9,432.0,11.368421052631579,6.737365492196414,9,9,432.0,0.2690170088084017,5.158305789795429,6.737365492196414,9,432.0,-0.040000000000000036
29625.0,8,443.0,11.972972972972974,7.422972186806494,8,8,430.0,0.3217758419157272,6.162353707644323,7.422972186806494,8,430.0,0.020000000000000462
29630.0,8,483.0,12.384615384615385,6.665571834843022,8,8,483.0,0.27026497178624315,4.886172812524219,6.665571834843022,8,483.0,-0.5300000000000002
29635.0,10,458.0,11.743589743589743,6.8958869971543,10,10,458.0,0.28709382600231054,5.353680486519657,6.8958869971543,10,458.0,0.25
29640.0,9,498.0,13.833333333333334,7.550808123214535,9,9,465.0,0.3468638977594322,6.327735822566506,7.550808123214535,9,465.0,-0.07000000000000028
29645.0,11,548.0,13.7,7.213308197940468,11,11,548.0,0.29748514129253223,5.451440686841809,7.213308197940468,11,548.0,-0.8300000000000001
29650.0,8,549.0,14.076923076923077,7.90705389591924,8,8,549.0,0.34768155510498683,6.7097700147878285,7.90705389591924,8,549.0,-0.009999999999999787
29655.0,8,578.0,14.45,7.650999934302755,8,8,564.0,0.33168468530571793,6.281517717028231,7.650999934302755,8,564.0,-0.14999999999999947
29660.0,9,620.0,15.897435897435898,8.447489166033558,9,9,620.0,0.40058905295810676,7.426801194091499,8.447489166033558,9,620.0,-0.5600000000000005
29665.0,9,563.0,14.075,7.147580916817307,9,9,563.0,0.2937944481768766,5.507712398985544,7.147580916817307,9,563.0,0.5700000000000003
29670.0,7,584.0,15.783783783783784,8.050019731609185,7,7,544.0,0.3761028715325868,6.980721381904907,8.050019731609185,7,544.0,0.1899999999999995
29675.0,7,619.0,17.194444444444443,8.826341201947757,7,7,619.0,0.4412964018330351,8.011639506697135,8.826341201947757,7,619.0,-0.75
29680.0,8,645.0,16.973684210526315,7.357397005443597,8,8,645.0,0.2914063426804163,5.627223546052272,7.357397005443597,8,645.0,-0.2599999999999998
29685.0,9,690.0,19.166666666666668,8.00419834541183,9,9,681.0,0.3402546208966917,6.7651671558498485,8.00419834541183,9,681.0,-0.35999999999999943
29690.0,9,735.0,19.342105263157894,7.317493395081599,9,9,735.0,0.251852924171877,5.043760486324395,7.317493395081599,9,735.0,-0.54
29695.0,8,705.0,18.55263157894737,7.83497374855372,8,8,705.0,0.3195897337821087,6.419133757125008,7.83497374855372,8,705.0,0.2999999999999998
29700.0,7,736.0,20.444444444444443,8.172245007968803,7,7,704.0,0.35512571281151395,6.740375418553448,8.172245007968803,7,704.0,0.009999999999999787
29705.0,9,777.0,21.0,7.672457176436619,9,9,777.0,0.32842345354272173,6.034068957787949,7.672457176436619,9,777.0,-0.7299999999999995
29710.0,6,191.0,5.617647058823529,8.270362196017917,6,6,191.0,0.389711379897186,7.440348172496586,8.270362196017917,6,191.0,5.859999999999999
29715.0,7,91.0,2.6,7.658354829244535,7,7,-174.0,0.34424515257516175,6.355602956591262,7.658354829244535,7,-174.0,3.65
29720.0,7,125.0,3.5714285714285716,8.792182297173543,7,7,125.0,0.4354691597851925,7.913631987759885,8.792182297173543,7,125.0,-2.99
29725.0,8,126.0,3.4054054054054053,7.8611750953661375,8,8,126.0,0.36945980684142427,6.4671375963519715,7.8611750953661375,8,126.0,-0.010000000000000009
29730.0,7,160.0,4.571428571428571,8.44647530385879,7,7,143.0,0.407586903790599,7.308236750627114,8.44647530385879,7,143.0,-0.16999999999999993
29735.0,7,195.0,6.09375,8.625248780933667,7,7,195.0,0.4373203045383688,7.7843690495818825,8.625248780933667,7,195.0,-0.52
29740.0,7,86.0,2.4571428571428573,7.087346824696791,7,7,86.0,0.2916448332291567,5.290789080295115,7.087346824696791,7,86.0,1.0899999999999999
29745.0,5,67.0,1.9705882352941178,8.390639566361974,5,5,10.0,0.41259418112167445,7.418510311026103,8.390639566361974,5,10.0,0.76
29750.0,5,92.0,2.5555555555555554,8.237606732515458,5,5,92.0,0.41190283041144804,7.2301751215801175,8.237606732515458,5,92.0,-0.8200000000000001
29755.0,6,42.0,1.2352941176470589,7.901833317336766,6,6,42.0,0.3702261484310549,6.878631769892291,7.901833317336766,6,42.0,0.5
29760.0,5,65.0,2.096774193548387,8.57004767363409,5,5,31.0,0.429404333333537,7.701826657174429,8.57004767363409,5,31.0,0.10999999999999999
29765.0,6,94.0,2.6857142857142855,8.030236308163355,6,6,94.0,0.3736347738479992,6.565750447892645,8.030236308163355,6,94.0,-0.6299999999999999
29770.0,4,69.0,1.9714285714285715,8.976821932294385,4,4,69.0,0.4521323866333422,8.371152995195091,8.976821932294385,4,69.0,0.25
29775.0,5,90.0,2.5714285714285716,8.086265140298073,5,5,64.0,0.35161077405023144,6.464808427600174,8.086265140298073,5,64.0,0.04999999999999993
29780.0,6,120.0,3.5294117647058822,9.120183861257063,6,6,120.0,0.44622427917452406,8.140367895263639,9.120183861257063,6,120.0,-0.5599999999999999
29785.0,6,66.0,1.9411764705882353,8.531637285485145,6,6,66.0,0.39648130374281526,7.4983329307407764,8.531637285485145,6,66.0,0.5399999999999999
29790.0,3,69.0,2.090909090909091,9.395476627364479,3,3,41.0,0.4497022052378275,8.602306424278392,9.395476627364479,3,41.0,0.25000000000000006
29795.0,4,89.0,2.870967741935484,9.742134218050735,4,4,89.0,0.5106133549282115,9.456918769907974,9.742134218050735,4,89.0,-0.48000000000000004
29800.0,6,101.0,3.0606060606060606,7.858982871628558,6,6,101.0,0.3322995772922936,6.517452556635819,7.858982871628558,6,101.0,-0.12
29805.0,6,131.0,4.09375,8.853477716411092,6,6,122.0,0.4157099670077519,8.217911147114071,8.853477716411092,6,122.0,-0.20999999999999996
29810.0,7,162.0,4.764705882352941,7.844234490747114,7,7,162.0,0.340340661845198,6.283689138657708,7.844234490747114,7,162.0,-0.40000000000000013
29815.0,5,118.0,3.806451612903226,8.181537101708765,5,5,118.0,0.39375860857406303,7.472310235688401,8.181537101708765,5,118.0,0.44000000000000017
29820.0,4,132.0,4.258064516129032,8.694760394255718,4,4,97.0,0.4376260256683824,8.025380353087735,8.694760394255718,4,97.0,0.20999999999999996
29825.0,6,158.0,4.787878787878788,8.048666984286688,6,6,158.0,0.3862041171545287,6.763622651462049,8.048666984286688,6,158.0,-0.6100000000000001
29830.0,4,66.0,2.129032258064516,8.9690597662439,4,4,66.0,0.46201108142242103,8.786897034558251,8.9690597662439,4,66.0,0.92
29835.0,5,87.0,2.71875,7.736205647183042,5,5,2.0,0.34469351332432474,6.493707556674454,7.736205647183042,5,2.0,0.64
29840.0,7,122.0,3.8125,8.695014330747789,7,7,122.0,0.4206287863099047,7.969038562989939,8.695014330747789,7,122.0,-1.2
29845.0,11,158.0,4.647058823529412,7.525749006226915,11,11,158.0,0.3199856781298709,6.114078572932966,7.525749006226915,11,158.0,-0.3600000000000001
29850.0,7,85.0,2.5,7.904217591657048,7,7,85.0,0.35756328792654424,6.952661014085735,7.904217591657048,7,85.0,0.7300000000000001
29855.0,5,89.0,2.870967741935484,8.978430457397733,5,5,43.0,0.4669122021325299,8.835259128060716,8.978430457397733,5,43.0,0.42
29860.0,8,117.0,3.774193548387097,7.237886921396843,8,8,117.0,0.351317106517853,6.335905561307943,7.237886921396843,8,117.0,-0.74
29865.0,6,70.0,2.3333333333333335,7.866214879891107,6,6,70.0,0.4048965699293712,7.539749350682218,7.866214879891107,6,70.0,0.47
29870.0,6,90.0,2.727272727272727,6.703744942056057,6,6,53.0,0.2852315433815189,5.139704437869614,6.703744942056057,6,53.0,0.16999999999999993
29875.0,7,125.0,3.90625,7.87026678841962,7,7,125.0,0.39094823741551615,6.902597497098366,7.87026678841962,7,125.0,-0.72
29880.0,5,64.0,2.0,8.063199517860365,5,5,64.0,0.3989504529177757,7.317898539704166,8.063199517860365,5,64.0,0.61
29885.0,6,79.0,2.323529411764706,7.368010091071015,6,6,39.0,0.3272932040938559,6.117330244994657,7.368010091071015,6,39.0,0.25
29890.0,6,109.0,3.5161290322580645,8.861143665929658,6,6,109.0,0.4431478856353519,8.260659197032098,8.861143665929658,6,109.0,-0.7000000000000001
29895.0,7,105.0,3.1818181818181817,7.826178753611213,7,7,105.0,0.3538400488182812,6.7169853155464425,7.826178753611213,7,105.0,0.040000000000000036
29900.0,8,143.0,4.333333333333333,8.813727709267365,8,8,112.0,0.3852755792399413,7.690650520984075,8.813727709267365,8,112.0,-0.07000000000000006
29905.0,12,184.0,5.257142857142857,7.362653892693892,12,12,184.0,0.2855229875124594,5.4997781363296045,7.362653892693892,12,184.0,-0.72
29910.0,8,163.0,4.9393939393939394,7.8813339079836044,8,8,163.0,0.34596151795233687,6.773050571754098,7.8813339079836044,8,163.0,0.2100000000000002
29915.0,7,193.0,5.848484848484849,8.338538692959242,7,7,164.0,0.3922182181670834,7.3470361458743,8.338538692959242,7,164.0,-0.010000000000000009
29920.0,10,236.0,6.9411764705882355,7.152055576559048,10,10,236.0,0.307509248442859,5.5810620336156695,7.152055576559048,10,236.0,-0.72
29925.0,7,125.0,3.90625,7.5405665400272595,7,7,125.0,0.345280078646321,6.59841115371957,7.5405665400272595,7,125.0,1.1099999999999999
29930.0,4,84.0,2.4,7.5154356510838936,4,4,26.0,0.3265552009235969,6.2232183453832235,7.5154356510838936,4,26.0,0.99
29935.0,6,111.0,3.264705882352941,8.593633138141536,6,6,111.0,0.39579025870600415,7.543273074478297,8.593633138141536,6,111.0,-0.8500000000000001
29940.0,7,125.0,4.032258064516129,8.08166512466443,7,7,125.0,0.3639435917030312,7.116840653403223,8.08166512466443,7,125.0,-0.1399999999999999
29945.0,10,169.0,5.121212121212121,7.272971237645473,10,10,153.0,0.29762744236758015,5.767418829995784,7.272971237645473,10,153.0,-0.28
29950.0,10,219.0,7.064516129032258,7.484253855877475,10,10,219.0,0.3303606511465325,6.243234466275804,7.484253855877475,10,219.0,-0.6599999999999999
29955.0,10,237.0,6.970588235294118,6.5809710809668545,10,10,237.0,0.2702688941612372,4.952189281812184,6.5809710809668545,10,237.0,-0.18000000000000016
29960.0,10,287.0,8.441176470588236,7.7144725506787175,10,10,269.0,0.3740355271363009,6.661280190903096,7.7144725506787175,10,269.0,-0.31999999999999984
29965.0,14,338.0,9.38888888888889,6.761320099415006,14,14,338.0,0.3108214173877747,5.447175485667113,6.761320099415006,14,338.0,-0.69
29970.0,9,204.0,5.828571428571428,7.041058849452302,9,9,204.0,0.32269516923537367,5.928329957285884,7.041058849452302,9,204.0,1.3399999999999999
29975.0,5,138.0,3.942857142857143,8.427665101822301,5,5,67.0,0.42650485576368813,7.749896097964513,8.427665101822301,5,67.0,1.37
29980.0,6,166.0,4.611111111111111,7.631101737772705,6,6,166.0,0.3488339538539574,6.400781668593264,7.631101737772705,6,166.0,-0.9899999999999999
29985.0,8,75.0,2.272727272727273,7.620397021694805,8,8,75.0,0.35401394852887236,6.756177133193783,7.620397021694805,8,75.0,0.9099999999999999
29990.0,7,43.0,1.2285714285714286,6.503224046410493,7,7,0.0,0.23208378257877013,4.686442359355658,6.503224046410493,7,0.0,0.75
29995.0,7,77.0,2.3333333333333335,7.69546250411922,7,7,77.0,0.32932864004820506,6.507154132205191,7.69546250411922,7,77.0,-0.77
30000.0,8,71.0,2.21875,7.097047114283297,8,8,71.0,0.2873263096635331,5.737161713130937,7.097047114283297,8,71.0,0.06000000000000005
30005.0,9,103.0,2.861111111111111,7.188336508376005,9,9,90.0,0.2984665599861193,5.794281471762714,7.188336508376005,9,90.0,-0.19000000000000006
30010.0,9,148.0,4.111111111111111,8.143944423784685,9,9,148.0,0.3647873088956356,6.810015989142778,8.143944423784685,9,148.0,-0.58
30015.0,8,144.0,3.891891891891892,7.076246171571353,8,8,144.0,0.2922975775642645,5.51050077522978,7.076246171571353,8,144.0,0.040000000000000036
30020.0,8,143.0,3.9722222222222223,8.135960130798214,7,8,127.0,0.3757605067310388,7.039117367549604,8.135960130798214,7,127.0,0.16999999999999993
30025.0,9,170.0,4.594594594594595,7.06664379711386,9,9,170.0,0.29555829782041987,5.474297448976492,7.06664379711386,9,170.0,-0.42999999999999994
30030.0,11,102.0,2.914285714285714,7.427027507234254,11,11,102.0,0.31583983897942997,5.914812720370105,7.427027507234254,11,102.0,0.6799999999999999
30035.0,7,112.0,3.2,8.084102330535766,7,7,109.0,0.37170056546434244,6.9132125722065405,8.084102330535766,7,109.0,-0.07000000000000006
30040.0,10,152.0,4.3428571428571425,7.112850963048992,10,10,151.0,0.2955430151097353,5.578324661109946,7.112850963048992,10,151.0,-0.41999999999999993
30045.0,9,151.0,4.4411764705882355,7.300956540070682,9,9,151.0,0.330367649973042,6.263599988650797,7.300956540070682,9,151.0,0.0
30050.0,9,166.0,4.486486486486487,6.4512898640258936,9,9,152.0,0.2611402168328529,4.71678332149525,6.4512898640258936,9,152.0,-0.010000000000000009
30055.0,9,211.0,6.205882352941177,7.58609199476784,9,9,211.0,0.3554460956887164,6.447298938323427,7.58609199476784,9,211.0,-0.5899999999999999
30060.0,7,160.0,4.705882352941177,7.9567490270417025,7,7,160.0,0.37873486142093576,6.784055044241289,7.9567490270417025,7,160.0,0.5099999999999998
30065.0,8,185.0,4.868421052631579,7.437621974826013,8,8,146.0,0.3245187636297076,5.742161172642074,7.437621974826013,8,146.0,0.14000000000000012
30070.0,8,225.0,6.428571428571429,8.504708874867863,8,8,225.0,0.42854293049901543,7.49746779336346,8.504708874867863,8,225.0,-0.79
30075.0,6,177.0,4.783783783783784,7.340448951560118,6,6,177.0,0.33720844702460434,5.88581905044778,7.340448951560118,6,177.0,0.48
30080.0,6,195.0,5.416666666666667,8.47136306761206,6,6,168.0,0.42537745157321644,7.475275250333661,8.47136306761206,6,168.0,0.09000000000000008
30085.0,9,225.0,5.921052631578948,8.513369978714765,9,9,225.0,0.4390128367947177,7.490430298331528,8.513369978714765,9,225.0,-0.5700000000000001
30090.0,8,261.0,6.868421052631579,8.352342040794023,8,8,261.0,0.4096803973228166,7.191030148568133,8.352342040794023,8,261.0,-0.3599999999999999
30095.0,6,129.0,3.5833333333333335,8.607148803959415,6,6,129.0,0.43773679190960013,7.8776915982746125,8.607148803959415,6,129.0,1.3199999999999998
30100.0,9,166.0,4.486486486486487,7.278199681456518,9,9,56.0,0.31534819634979117,5.332183103250388,7.278199681456518,9,56.0,0.73
30105.0,9,211.0,6.205882352941177,7.820972009660121,9,9,211.0,0.38145243374047577,6.4580360055953205,7.820972009660121,9,211.0,-1.5499999999999998
30110.0,7,119.0,3.3055555555555554,7.08390652411305,7,7,119.0,0.31880532795143857,5.543198544128612,7.08390652411305,7,119.0,0.9199999999999999
30115.0,6,106.0,3.1176470588235294,7.646037723495637,6,6,58.0,0.34497360232097507,6.394056831078612,7.646037723495637,6,58.0,0.61
30120.0,6,136.0,4.0,8.748807327044155,6,6,136.0,0.4385481013428998,8.143037027441464,8.748807327044155,6,136.0,-0.7800000000000001
30125.0,7,132.0,3.7714285714285714,7.198464054236155,7,7,132.0,0.30059318593716455,6.027444165633691,7.198464054236155,7,132.0,0.040000000000000036
30130.0,7,167.0,4.911764705882353,8.135819329798673,7,7,145.0,0.36429486062488287,7.2813380233953175,8.135819329798673,7,145.0,-0.1299999999999999
30135.0,8,204.0,5.666666666666667,7.4718948826420775,8,8,204.0,0.3194512547450676,5.938060439671581,7.4718948826420775,8,204.0,-0.5900000000000001
30140.0,6,90.0,2.5,8.152448383448377,6,6,90.0,0.39320864882466766,7.373013040109368,8.152448383448377,6,90.0,1.1400000000000001
30145.0,5,57.0,1.5833333333333333,7.887742070656194,5,5,-3.0,0.3696414383251375,6.516855232108259,7.887742070656194,5,-3.0,0.93
30150.0,5,81.0,2.3823529411764706,8.788018559991542,5,5,81.0,0.4515228160240607,7.894201232367115,8.788018559991542,5,81.0,-0.8400000000000001
30155.0,7,111.0,3.3636363636363638,9.064261452598386,7,7,111.0,0.46444373682915285,8.30942418435072,9.064261452598386,7,111.0,-0.30000000000000004
30160.0,8,148.0,4.352941176470588,7.7213009999558,8,8,148.0,0.31361774875974396,6.090757117050842,7.7213009999558,8,148.0,-0.3699999999999999
30165.0,10,196.0,5.9393939393939394,7.873011226975643,10,10,196.0,0.3164706347615791,6.363086391577915,7.873011226975643,10,196.0,-0.48
30170.0,9,116.0,3.411764705882353,6.4630612302554695,9,9,116.0,0.22766232632859154,4.7102867422860655,6.4630612302554695,9,116.0,0.8
30175.0,7,117.0,3.65625,7.680444918004538,7,7,74.0,0.34125360003943184,6.761225257652569,7.680444918004538,7,74.0,0.41999999999999993
30180.0,7,152.0,4.75,8.004405518606935,7,7,152.0,0.3730222992623497,7.082858928142298,8.004405518606935,7,152.0,-0.78
30185.0,8,106.0,3.0285714285714285,6.971771366885785,8,8,106.0,0.2902463407628459,5.770642766654818,6.971771366885785,8,106.0,0.45999999999999996
30190.0,6,117.0,3.342857142857143,8.360411138916888,6,6,89.0,0.3822269841698924,7.538241156758026,8.360411138916888,6,89.0,0.17000000000000004
30195.0,8,150.0,4.166666666666667,7.601114479126691,8,8,150.0,0.33002792730990044,6.230744608131936,7.601114479126691,8,150.0,-0.61
30200.0,6,69.0,2.0294117647058822,8.120872895295102,6,6,69.0,0.3876476804371635,7.550142481030244,8.120872895295102,6,69.0,0.81
30205.0,7,64.0,1.8285714285714285,7.843917675782227,7,7,15.0,0.35938876691705746,6.7846536264608215,7.843917675782227,7,15.0,0.5399999999999999
30210.0,6,91.0,2.6,8.922359095505449,6,6,91.0,0.4342196223466293,8.100897704593296,8.922359095505449,6,91.0,-0.76
30215.0,4,38.0,1.1875,8.942950160887175,4,4,38.0,0.4391627374587409,8.1728354074083,8.942950160887175,4,38.0,0.53
30220.0,5,50.0,1.4285714285714286,8.142138279660085,5,5,22.0,0.3415602458533587,6.222969070515044,8.142138279660085,5,22.0,0.16
30225.0,6,80.0,2.3529411764705883,9.163891405194482,6,6,80.0,0.4406118756719646,7.995951839373955,9.163891405194482,6,80.0,-0.5800000000000001
30230.0,5,80.0,2.2222222222222223,8.310915556407135,4,5,79.0,0.3530717863921022,6.873172554905794,8.310915556407135,4,79.0,0.010000000000000009
30235.0,6,107.0,3.1470588235294117,8.704102511491985,6,6,94.0,0.3480333939858204,7.052515828890463,8.704102511491985,6,94.0,-0.1499999999999999
30240.0,6,137.0,4.28125,8.653375464799474,6,6,137.0,0.38112918853463656,7.313401632503387,8.653375464799474,6,137.0,-0.43000000000000016
30245.0,8,175.0,5.0,7.712458482283991,8,8,175.0,0.32305908245414894,6.2051534416144545,7.712458482283991,8,175.0,-0.3799999999999999
30250.0,5,86.0,2.6875,8.51493140741754,5,5,86.0,0.39900474888692083,7.73147961273212,8.51493140741754,5,86.0,0.89
30255.0,5,75.0,2.2058823529411766,7.912173355274841,5,5,27.0,0.34692326871150914,6.501418772639735,7.912173355274841,5,27.0,0.59
30260.0,5,100.0,3.225806451612903,9.208332015170473,5,5,100.0,0.4781614192907459,8.744628276133318,9.208332015170473,5,100.0,-0.73
30265.0,8,83.0,2.515151515151515,7.779335336427059,8,8,83.0,0.3642703521139653,6.793959596574602,7.779335336427059,8,83.0,0.17000000000000004
30270.0,8,120.0,3.6363636363636362,8.41378275292463,8,8,80.0,0.3818938628694079,7.1963589313902805,8.41378275292463,8,80.0,0.029999999999999916
30275.0,8,160.0,4.848484848484849,8.944120581454229,8,8,160.0,0.4193632846752974,7.907763707111949,8.944120581454229,8,160.0,-0.8
30280.0,7,90.0,2.6470588235294117,7.5397360701274865,7,7,90.0,0.2999357143487025,5.669897469786454,7.5397360701274865,7,90.0,0.7000000000000001
30285.0,6,106.0,3.533333333333333,8.550212658244257,6,6,62.0,0.410588835023962,7.587577655388157,8.550212658244257,6,62.0,0.28
30290.0,6,136.0,4.25,7.317242875490718,6,6,136.0,0.32711078619145806,5.864545657952798,7.317242875490718,6,136.0,-0.7400000000000001
30295.0,6,92.0,2.875,7.989501951936843,6,6,92.0,0.3696373678111946,6.946090397573871,7.989501951936843,6,92.0,0.44000000000000006
30300.0,5,112.0,3.6129032258064515,8.416298442062532,5,5,76.0,0.39198834034032426,7.2933158402835065,8.416298442062532,5,76.0,0.16000000000000003
30305.0,7,144.0,4.363636363636363,7.627152315927054,7,7,144.0,0.34328669007403956,6.267150115939768,7.627152315927054,7,144.0,-0.6799999999999999
30310.0,5,59.0,1.84375,8.28658762951424,5,5,59.0,0.4030321312048527,7.62009538138128,8.28658762951424,5,59.0,0.85
30315.0,5,47.0,1.46875,7.497213289299301,5,5,4.0,0.3395413094448775,6.447892338744308,7.497213289299301,5,4.0,0.5499999999999999
30320.0,5,72.0,2.25,9.220222948157566,5,5,72.0,0.4640312519119462,8.763112707931448,9.220222948157566,5,72.0,-0.6799999999999999
30325.0,8,100.0,3.0303030303030303,8.037299185262079,8,8,100.0,0.3514435231276571,6.584385890584696,8.037299185262079,8,100.0,-0.28
30330.0,9,143.0,4.333333333333333,8.387732804434378,9,9,143.0,0.34238960034038995,6.808995564747522,8.387732804434378,9,143.0,-0.42999999999999994
30335.0,9,188.0,5.696969696969697,8.798160532089417,9,9,188.0,0.368057242131359,7.273378971539707,8.798160532089417,9,188.0,-0.44999999999999996
30340.0,9,126.0,3.8181818181818183,7.211344758466519,9,9,126.0,0.2817026512904028,5.51222151200081,7.211344758466519,9,126.0,0.6199999999999999
30345.0,7,145.0,4.53125,8.348418097465823,7,7,102.0,0.37051367137206376,7.159597651267935,8.348418097465823,7,102.0,0.24
30350.0,8,181.0,5.323529411764706,7.695389492552795,8,8,181.0,0.3157485539446065,5.950557343184188,7.695389492552795,8,181.0,-0.79
30355.0,7,109.0,3.40625,7.658273540021377,7,7,109.0,0.32702359069286335,6.342815782601246,7.658273540021377,7,109.0,0.72
30360.0,5,113.0,3.6451612903225805,8.362088797527695,5,5,69.0,0.3607110288928515,7.073194424046981,8.362088797527695,5,69.0,0.40000000000000013
30365.0,7,143.0,4.205882352941177,7.802252728548537,7,7,143.0,0.3271341752739222,6.2709431916230365,7.802252728548537,7,143.0,-0.74
30370.0,6,61.0,2.033333333333333,7.570404599719362,6,6,61.0,0.34747688545971867,6.663536907685092,7.570404599719362,6,61.0,0.82
30375.0,5,54.0,1.6363636363636365,7.219284045695332,5,5,11.0,0.3234227137613581,5.943815003298339,7.219284045695332,5,11.0,0.5
30380.0,6,84.0,2.625,8.923717164390789,6,6,84.0,0.45512281583445163,8.290256884170452,8.923717164390789,6,84.0,-0.73
30385.0,10,117.0,3.4411764705882355,7.847116749225256,10,10,117.0,0.36155298668924657,6.550464866680493,7.847116749225256,10,117.0,-0.32999999999999996
30390.0,10,163.0,4.794117647058823,7.945418077757784,10,10,163.0,0.3447211315615023,6.360805013385493,7.945418077757784,10,163.0,-0.45999999999999996
30395.0,10,213.0,6.454545454545454,8.604492000623484,10,10,213.0,0.3977716506351318,7.355725728020909,8.604492000623484,10,213.0,-0.5
30400.0,11,176.0,5.176470588235294,6.331988258457982,11,11,176.0,0.24320224104185997,4.526077629325285,6.331988258457982,11,176.0,0.3699999999999999
30405.0,9,206.0,6.242424242424242,7.499437426663732,9,9,177.0,0.3498710689219932,6.376730565200891,7.499437426663732,9,177.0,-0.010000000000000009
30410.0,10,252.0,7.0,6.859687925098907,10,10,252.0,0.30241751679506307,5.378090198390686,6.859687925098907,10,252.0,-0.75
30415.0,9,233.0,6.6571428571428575,7.183292016023236,9,9,233.0,0.31162735188657364,5.951559037551313,7.183292016023236,9,233.0,0.18999999999999995
30420.0,8,268.0,8.375,7.426092299727244,8,8,240.0,0.3343407078728139,6.244619932851666,7.426092299727244,8,240.0,-0.06999999999999984
30425.0,10,314.0,8.971428571428572,7.280193672816204,10,10,314.0,0.3247332766006457,5.890523900311145,7.280193672816204,10,314.0,-0.7400000000000002
30430.0,8,341.0,10.333333333333334,7.622019032096657,8,8,341.0,0.37032713333285633,6.766236338462922,7.622019032096657,8,341.0,-0.27
30435.0,10,385.0,11.323529411764707,6.7977433759013035,10,10,373.0,0.30322612839249535,5.165271628465005,6.7977433759013035,10,373.0,-0.31999999999999984
30440.0,10,435.0,13.181818181818182,7.940946368061697,10,10,435.0,0.38109993064048575,6.582544355737732,7.940946368061697,10,435.0,-0.6199999999999997
30445.0,13,485.0,13.472222222222221,7.505753640545505,13,13,485.0,0.3140462137287064,5.863348927130845,7.505753640545505,13,485.0,-0.5
30450.0,9,280.0,7.777777777777778,7.69349953844784,9,9,280.0,0.31699362625635263,6.148772328048585,7.69349953844784,9,280.0,2.05
30455.0,4,94.0,2.6857142857142855,8.538987312599337,4,4,1.0,0.40019890039745964,7.703542664476556,8.538987312599337,4,1.0,2.79
30460.0,6,104.0,2.736842105263158,7.9574949818011165,6,6,104.0,0.3390285707014915,6.549750870379669,7.9574949818011165,6,104.0,-1.03
30465.0,8,133.0,3.8,7.707900456669141,8,8,133.0,0.33072393888430623,6.590229707690112,7.707900456669141,8,133.0,-0.29000000000000004
30470.0,12,185.0,5.285714285714286,6.7423060773636205,12,12,183.0,0.25342364117318633,4.9292161836706,6.7423060773636205,12,183.0,-0.5
30475.0,12,245.0,7.0,7.368488558072629,12,12,245.0,0.2906478782857264,5.732568061417786,7.368488558072629,12,245.0,-0.6200000000000001
30480.0,10,203.0,6.151515151515151,7.068624297836222,10,10,203.0,0.2809210528834839,5.4187277959926705,7.068624297836222,10,203.0,0.4200000000000004
30485.0,13,264.0,7.333333333333333,6.696508002633523,13,13,188.0,0.25934948011586495,4.935108016976616,6.696508002633523,13,188.0,0.1499999999999999
30490.0,13,329.0,9.13888888888889,7.163219789727265,13,13,329.0,0.2988840937622784,5.527867521377255,7.163219789727265,13,329.0,-1.4100000000000001
30495.0,14,254.0,7.055555555555555,6.152007089027526,14,14,254.0,0.22721930330724888,4.389560762461001,6.152007089027526,14,254.0,0.75
30500.0,10,263.0,7.305555555555555,7.488121890415891,10,10,207.0,0.32813357208526467,6.124129492285273,7.488121890415891,10,207.0,0.4700000000000002
30505.0,14,315.0,8.75,6.49767018361302,14,14,315.0,0.29490838530290475,5.234994949550087,6.49767018361302,14,315.0,-1.08
30510.0,11,238.0,7.0,6.528129044560676,11,11,238.0,0.30426970294447714,5.61211792472696,6.528129044560676,11,238.0,0.77
30515.0,7,90.0,2.6470588235294117,7.248407413776538,7,7,47.0,0.33017888014262087,6.1937131721624885,7.248407413776538,7,47.0,1.91
30520.0,7,105.0,3.0,6.294883865923267,7,7,105.0,0.2682326907812248,5.046567665962045,6.294883865923267,7,105.0,-0.5800000000000001
30525.0,9,62.0,1.7714285714285714,6.764351418697393,9,9,62.0,0.2875873571277006,5.589600951550959,6.764351418697393,9,62.0,0.43000000000000005
30530.0,12,108.0,2.918918918918919,5.988884109096025,12,12,71.0,0.2276325856461092,4.43218108810793,5.988884109096025,12,71.0,-0.08999999999999997
30535.0,13,171.0,4.621621621621622,6.541183179653581,13,13,171.0,0.25884741040719395,5.070349554834143,6.541183179653581,13,171.0,-1.0
30540.0,13,236.0,6.742857142857143,6.414366076068947,13,13,236.0,0.2551137043749479,4.929441675444525,6.414366076068947,13,236.0,-0.6499999999999999
30545.0,12,209.0,5.358974358974359,6.232480882101697,12,12,209.0,0.2382785717402547,4.778498326492499,6.232480882101697,12,209.0,0.27
30550.0,10,243.0,6.394736842105263,7.406722528088648,10,10,210.0,0.3135509417835963,6.0263926470761415,7.406722528088648,10,210.0,-0.010000000000000231
30555.0,11,297.0,7.425,7.227930130354276,11,11,297.0,0.29631882274716453,5.517366919909791,7.227930130354276,11,297.0,-0.8700000000000001
30560.0,10,246.0,6.473684210526316,7.638691115533834,10,10,246.0,0.3286208584757771,6.211804334201527,7.638691115533834,10,246.0,0.5100000000000002
30565.0,10,105.0,2.625,6.973136363608286,10,10,71.0,0.2768997846972885,5.3055364117577515,6.973136363608286,10,71.0,1.75
30570.0,6,85.0,2.1794871794871793,7.814217528799107,6,6,85.0,0.3420842520776121,6.406977047873776,7.814217528799107,6,85.0,-0.14
30575.0,5,83.0,2.2432432432432434,8.19229711820015,5,5,83.0,0.39270878513433916,7.28617244241518,8.19229711820015,5,83.0,0.020000000000000018
30580.0,12,127.0,3.175,6.550550300968642,12,12,112.0,0.24225943587322835,4.548203181286619,6.550550300968642,12,112.0,-0.29000000000000015
30585.0,13,192.0,4.923076923076923,7.1519449551151935,13,13,177.0,0.2919556113260022,5.372441182744382,7.1519449551151935,13,177.0,-0.6499999999999999
30590.0,11,212.0,5.578947368421052,6.1102611673921725,11,11,212.0,0.23928566105345614,4.456456982863568,6.1102611673921725,11,212.0,-0.3500000000000001
30595.0,8,191.0,5.162162162162162,6.77543746765579,8,8,179.0,0.30190819899664656,5.565565998432271,6.77543746765579,8,179.0,0.33000000000000007
30600.0,7,218.0,5.891891891891892,7.762354770084184,7,7,218.0,0.35729379455935606,6.64698035523006,7.762354770084184,7,218.0,-0.3900000000000001
30605.0,9,259.0,6.317073170731708,7.366819337935008,9,9,259.0,0.31367425606403826,5.919113466714574,7.366819337935008,9,259.0,-0.4099999999999997
30610.0,8,182.0,4.666666666666667,7.949348220621944,8,8,182.0,0.3618352320020787,6.683127196728722,7.949348220621944,8,182.0,0.7699999999999998
30615.0,8,185.0,4.743589743589744,7.38261131096098,8,8,137.0,0.2883051582501991,5.526071839514209,7.38261131096098,8,137.0,0.44999999999999996
30620.0,8,225.0,5.769230769230769,8.787824401176021,8,8,225.0,0.4079385769194616,7.588142643544185,8.787824401176021,8,225.0,-0.8799999999999999
30625.0,9,222.0,5.285714285714286,7.862202961624069,9,9,222.0,0.34597677662168314,6.267999280168294,7.862202961624069,9,222.0,0.029999999999999805
30630.0,7,256.0,6.564102564102564,8.421625978897149,7,7,243.0,0.3624842340552936,6.754121481470734,8.421625978897149,7,243.0,-0.20999999999999996
30635.0,8,295.0,7.972972972972973,8.7494298034934,8,8,295.0,0.39978952883265023,7.223578755354776,8.7494298034934,8,295.0,-0.52
30640.0,10,234.0,6.157894736842105,6.932982720675006,10,10,234.0,0.2597374629535593,4.694323995329512,6.932982720675006,10,234.0,0.6100000000000003
30645.0,8,259.0,7.194444444444445,7.630453092056562,8,8,215.0,0.32821550977158137,6.065115505346854,7.630453092056562,8,215.0,0.18999999999999995
30650.0,8,299.0,7.666666666666667,7.532389732273529,8,8,299.0,0.31246222251307876,5.702424876107753,7.532389732273529,8,299.0,-0.8400000000000003
30655.0,9,276.0,7.666666666666667,7.572375462629474,9,9,276.0,0.32165378127260963,5.9905194004760665,7.572375462629474,9,276.0,0.23000000000000043
30660.0,8,311.0,9.424242424242424,7.618700056151046,8,8,283.0,0.35231851176756257,6.367821640286233,7.618700056151046,8,283.0,-0.07000000000000028
30665.0,10,358.0,9.944444444444445,7.312242257562127,10,10,358.0,0.32120065808127357,5.702665095356593,7.312242257562127,10,358.0,-0.75
30670.0,7,325.0,9.558823529411764,7.960886732843066,7,7,325.0,0.3857095922598307,7.1816196369988194,7.960886732843066,7,325.0,0.33000000000000007
30675.0,11,351.0,10.028571428571428,6.79316117028304,10,11,320.0,0.281787636781566,5.297466459809758,6.79316117028304,10,320.0,0.04999999999999982
30680.0,8,388.0,11.411764705882353,7.730879896262884,8,8,388.0,0.34873617610559154,6.594309735773717,7.730879896262884,8,388.0,-0.6799999999999997
30685.0,12,352.0,9.513513513513514,7.2737441310074935,12,12,351.0,0.30790969982205196,5.666147551937979,7.2737441310074935,12,351.0,0.3700000000000001
30690.0,8,373.0,10.36111111111111,7.846165542911665,8,8,371.0,0.33892027133720065,6.43640483209075,7.846165542911665,8,371.0,-0.20000000000000018
30695.0,8,413.0,11.8,8.432222013877395,8,8,412.0,0.38321892285316844,7.156655416316038,8.432222013877395,8,412.0,-0.41000000000000014
30700.0,9,98.0,2.6486486486486487,6.781425589533859,9,9,98.0,0.2700462944133272,5.050042594397083,6.781425589533859,9,98.0,3.14
30705.0,10,141.0,3.810810810810811,7.581608159593741,10,10,-34.0,0.3152629263626114,6.137372377643282,7.581608159593741,10,-34.0,1.32
30710.0,11,186.0,5.166666666666667,6.471727870549443,11,11,185.0,0.24430003006827403,4.720332908960427,6.471727870549443,11,185.0,-2.19
30715.0,10,161.0,4.735294117647059,7.073037721022576,10,10,161.0,0.295946762236686,5.730061620235733,7.073037721022576,10,161.0,0.24
30720.0,10,201.0,6.090909090909091,6.7735947639468534,10,10,165.0,0.2689074635394117,5.316401211382118,6.7735947639468534,10,165.0,-0.039999999999999813
30725.0,11,252.0,7.2,6.290128667130245,11,11,251.0,0.24942783009009997,4.92080719753521,6.290128667130245,11,251.0,-0.8599999999999999
30730.0,10,175.0,5.0,7.087019760049024,10,10,175.0,0.2981584121279234,5.968126062522923,7.087019760049024,10,175.0,0.7599999999999998
30735.0,10,152.0,4.108108108108108,6.2708430413317275,10,10,108.0,0.23301395264068592,4.938962255466609,6.2708430413317275,10,108.0,0.6699999999999999
30740.0,9,196.0,5.444444444444445,7.3104785688419724,9,9,195.0,0.30217011975890584,6.201971440686597,7.3104785688419724,9,195.0,-0.8699999999999999
30745.0,13,126.0,3.230769230769231,6.3242015971915775,13,13,126.0,0.23342312876723648,4.876291487509038,6.3242015971915775,13,126.0,0.69
30750.0,11,142.0,3.736842105263158,7.1831085094093465,11,11,100.0,0.28710833210134523,6.099532607361508,7.1831085094093465,11,100.0,0.26
30755.0,10,191.0,5.305555555555555,6.746704950434431,10,10,190.0,0.271693335949832,5.320300908989431,6.746704950434431,10,190.0,-0.8999999999999999
30760.0,14,168.0,4.421052631578948,5.9323025212439475,14,14,168.0,0.23330399239852337,4.342989236798532,5.9323025212439475,14,168.0,0.21999999999999997
30765.0,12,210.0,5.833333333333333,6.905682508470668,12,12,181.0,0.3001870187125514,5.602142866443602,6.905682508470668,12,181.0,-0.13000000000000012
30770.0,13,272.0,7.157894736842105,6.090283735075458,13,13,272.0,0.24730908386572506,4.384166513229638,6.090283735075458,13,272.0,-0.9100000000000001
30775.0,12,246.0,6.648648648648648,6.544853657835314,12,12,246.0,0.2799225653572395,5.144514718255242,6.544853657835314,12,246.0,0.26000000000000023
30780.0,9,200.0,5.714285714285714,6.69384227785993,9,9,171.0,0.2854721729002778,5.274633140709545,6.69384227785993,9,171.0,0.75
30785.0,10,243.0,6.230769230769231,6.608127049555763,10,10,243.0,0.2630723187817856,4.955674129354399,6.608127049555763,10,243.0,-0.7200000000000002
30790.0,11,204.0,5.368421052631579,6.820761097422969,11,11,204.0,0.27988923785160125,5.349778140097974,6.820761097422969,11,204.0,0.3900000000000001
30795.0,10,194.0,4.85,6.211133592644652,10,10,165.0,0.23374117588485072,4.597011406800003,6.211133592644652,10,165.0,0.3900000000000001
30800.0,11,249.0,6.384615384615385,7.205681331037456,11,11,249.0,0.3053921967827346,5.913178190998364,7.205681331037456,11,249.0,-0.8400000000000003
30805.0,14,254.0,6.195121951219512,6.349390732112706,14,14,254.0,0.24855310929345628,4.802731615545656,6.349390732112706,14,254.0,-0.04999999999999982
30810.0,10,258.0,6.2926829268292686,7.3908568072401994,10,10,244.0,0.3160721227906202,6.096366374894459,7.3908568072401994,10,244.0,0.10000000000000009
30815.0,10,308.0,8.324324324324325,7.566176808235157,10,10,308.0,0.3402087876426168,6.338691768648985,7.566176808235157,10,308.0,-0.6400000000000001
30820.0,13,261.0,6.6923076923076925,6.138857051704198,13,13,261.0,0.2348914615575472,4.433467925704337,6.138857051704198,13,261.0,0.4700000000000002
30825.0,11,299.0,8.08108108108108,7.23157645395889,11,11,256.0,0.3157365037199062,5.922672316625324,7.23157645395889,11,256.0,0.04999999999999982
30830.0,11,354.0,8.85,6.749708004786692,11,11,354.0,0.25699733931376134,4.750325064887412,6.749708004786692,11,354.0,-0.98
30835.0,11,371.0,9.275,7.366961872304104,11,11,371.0,0.2958218516680331,5.577524028167665,7.366961872304104,11,371.0,-0.16999999999999993
30840.0,10,416.0,10.947368421052632,7.251058947746123,10,10,403.0,0.2652446703783207,5.05122612326469,7.251058947746123,10,403.0,-0.3200000000000003
30845.0,12,473.0,11.536585365853659,7.060130094554411,12,12,473.0,0.2602522987361632,4.9350061112079215,7.060130094554411,12,473.0,-0.7000000000000002
30850.0,11,402.0,10.05,7.528930863910176,11,11,402.0,0.3054277133581125,5.760513845052107,7.528930863910176,11,402.0,0.7100000000000009
30855.0,9,333.0,8.325,6.734565976156867,9,9,291.0,0.25387463214866923,4.780811359031963,6.734565976156867,9,291.0,1.1099999999999994
30860.0,9,378.0,9.947368421052632,7.439793270975366,9,9,378.0,0.33171079221385136,6.094889537069531,7.439793270975366,9,378.0,-0.8699999999999997
30865.0,11,359.0,8.975,6.4944167474105345,11,11,359.0,0.27188427475311805,4.865630500390476,6.4944167474105345,11,359.0,0.18999999999999995
30870.0,12,415.0,10.64102564102564,7.087218832339774,12,12,387.0,0.3136432096155976,5.662031798226769,7.087218832339774,12,387.0,-0.28000000000000025
30875.0,12,475.0,13.194444444444445,7.13147547839047,12,12,475.0,0.33354755750047405,5.925333523227761,7.13147547839047,12,475.0,-0.8799999999999999
30880.0,12,450.0,11.538461538461538,6.464684571673922,12,12,450.0,0.26913906985566355,4.946860556417948,6.464684571673922,12,450.0,0.25
30885.0,11,485.0,12.763157894736842,7.3624573087396685,11,11,456.0,0.3206468296963307,6.015384993008674,7.3624573087396685,11,456.0,-0.05999999999999961
30890.0,12,541.0,13.871794871794872,6.8076273445837225,12,12,541.0,0.2948245919801612,5.347644432309683,6.8076273445837225,12,541.0,-0.8500000000000005
30895.0,11,512.0,13.473684210526315,6.808111607804187,11,11,512.0,0.292906461229143,5.388115255052125,6.808111607804187,11,512.0,0.29000000000000004
30900.0,8,467.0,12.972222222222221,7.0110847869204,8,8,440.0,0.30806770980227993,5.706017113838556,7.0110847869204,8,440.0,0.7199999999999998
30905.0,10,506.0,12.65,6.577270769395312,10,10,505.0,0.2555893387297138,4.755401788891387,6.577270769395312,10,505.0,-0.6499999999999995
30910.0,10,510.0,13.076923076923077,7.278416021068486,10,10,510.0,0.31014596124796295,5.820008808204698,7.278416021068486,10,510.0,-0.04999999999999982
30915.0,13,568.0,13.523809523809524,6.8982654269609816,13,13,546.0,0.27171182392508275,5.012289313570782,6.8982654269609816,13,546.0,-0.3600000000000003
30920.0,13,633.0,15.439024390243903,7.763397612682594,13,13,633.0,0.34748766833470535,6.294423399854917,7.763397612682594,13,633.0,-0.8700000000000001
30925.0,12,645.0,16.53846153846154,6.813147078174113,12,12,645.0,0.26691557283046535,4.992216214429992,6.813147078174113,12,645.0,-0.1200000000000001
30930.0,9,645.0,16.973684210526315,7.208218079819969,9,9,631.0,0.3203162251203224,5.946046940514136,7.208218079819969,9,631.0,0.14000000000000057
30935.0,9,690.0,18.64864864864865,8.031910095917056,9,9,690.0,0.3891969647601128,7.120899569770998,8.031910095917056,9,690.0,-0.5900000000000007
30940.0,12,636.0,16.307692307692307,6.230168315625783,12,12,636.0,0.23291909353076426,4.620058013103884,6.230168315625783,12,636.0,0.54
30945.0,10,669.0,18.583333333333332,7.1134919043106635,10,10,626.0,0.31847473381688035,6.236030794464517,7.1134919043106635,10,626.0,0.10000000000000053
30950.0,12,720.0,18.94736842105263,6.35922415133646,12,12,720.0,0.2646905917696225,4.935450393393018,6.35922415133646,12,720.0,-0.9400000000000004
30955.0,10,205.0,5.394736842105263,6.9385022676243695,10,10,205.0,0.2870219814321724,5.690391447146013,6.9385022676243695,10,205.0,5.15
30960.0,8,150.0,4.054054054054054,7.658243429848461,8,8,-89.0,0.33172897511722604,6.494021661208202,7.658243429848461,8,-89.0,2.94
30965.0,11,198.0,4.95,7.112883030497047,11,11,198.0,0.2957075322025678,5.570183341319482,7.112883030497047,11,198.0,-2.87
30970.0,8,157.0,3.925,7.5947838529892895,8,8,157.0,0.339720205115345,6.434656646651091,7.5947838529892895,8,157.0,0.4099999999999999
30975.0,10,190.0,4.4186046511627906,6.9856204045183885,10,10,151.0,0.25538231237950093,4.896426579387989,6.9856204045183885,10,151.0,0.06000000000000005
30980.0,9,234.0,5.7073170731707314,8.193060806481002,9,9,234.0,0.3619806903863391,6.792437323009108,8.193060806481002,9,234.0,-0.8299999999999998
30985.0,14,286.0,6.809523809523809,7.0303808701074395,14,14,286.0,0.26814329916267193,4.9072201643767395,7.0303808701074395,14,286.0,-0.52
30990.0,14,354.0,8.85,7.362917173179012,14,14,354.0,0.28773463364486185,5.313827429630514,7.362917173179012,14,354.0,-0.6800000000000002
30995.0,14,424.0,11.777777777777779,7.491082009459585,14,14,424.0,0.3127903832366381,5.742440122817393,7.491082009459585,14,424.0,-0.7000000000000002
31000.0,17,500.0,13.157894736842104,6.025493609682502,17,17,500.0,0.20495430231338835,3.7582718352782103,6.025493609682502,17,500.0,-0.7599999999999998
31005.0,17,585.0,16.714285714285715,6.18725382716682,17,17,585.0,0.25383022507025854,4.642669820809983,6.18725382716682,17,585.0,-0.8499999999999996
31010.0,17,591.0,16.416666666666668,4.810607220036837,17,17,591.0,0.1842802819264148,3.389341520770014,4.810607220036837,17,591.0,-0.0600000000000005
31015.0,15,654.0,18.685714285714287,5.78121578044721,15,15,630.0,0.2621129826787203,4.729744230642544,5.78121578044721,15,630.0,-0.3899999999999997
31020.0,15,729.0,22.09090909090909,5.512763873276766,15,15,729.0,0.27065372895131096,4.650890935415467,5.512763873276766,15,729.0,-0.9900000000000002
31025.0,15,554.0,14.972972972972974,5.121996318939895,15,15,554.0,0.22418155332344042,4.088699650398316,5.121996318939895,15,554.0,1.75
31030.0,10,347.0,9.63888888888889,6.111019081038469,10,10,264.0,0.27531442793146493,5.145395486169725,6.111019081038469,10,264.0,2.9
31035.0,9,359.0,9.702702702702704,7.075297076502836,9,9,359.0,0.331471692937422,6.0854316791454695,7.075297076502836,9,359.0,-0.9499999999999997
31040.0,10,407.0,11.0,7.670706637455909,10,10,407.0,0.36513315864678003,6.771573556397655,7.670706637455909,10,407.0,-0.4800000000000004
31045.0,14,217.0,5.425,6.456058894382958,14,14,217.0,0.2737009249065386,4.919356656002684,6.456058894382958,14,217.0,1.9000000000000004
31050.0,8,74.0,1.8974358974358974,7.3804047374972495,8,8,-14.0,0.3237799392684285,5.968730750173088,7.3804047374972495,8,-14.0,2.31
31055.0,7,103.0,2.641025641025641,8.191655593817153,7,7,103.0,0.3908791432718561,7.071007537121471,8.191655593817153,7,103.0,-1.17
31060.0,10,100.0,2.380952380952381,6.775640950112848,10,10,100.0,0.2576690573939707,4.709764413853208,6.775640950112848,10,100.0,0.030000000000000027
31065.0,10,133.0,3.1666666666666665,7.676568314723342,10,10,120.0,0.31839361630529966,5.741802162447306,7.676568314723342,10,120.0,-0.19999999999999996
31070.0,11,184.0,4.380952380952381,7.306658477968015,11,11,184.0,0.30841458548443085,5.3480869941487015,7.306658477968015,11,184.0,-0.6400000000000001
31075.0,13,230.0,5.609756097560975,7.073991736574062,13,13,230.0,0.2833839553227438,5.072205123583068,7.073991736574062,13,230.0,-0.45999999999999974
31080.0,13,295.0,7.564102564102564,6.912231080190204,13,13,283.0,0.26512801799316904,4.7781630946101625,6.912231080190204,13,283.0,-0.5300000000000002
31085.0,16,370.0,8.80952380952381,6.361842296556587,16,16,370.0,0.218760934635372,4.062211233231429,6.361842296556587,16,370.0,-0.8700000000000001
31090.0,13,287.0,7.175,6.92657599575926,13,13,287.0,0.2743354159727918,5.104379913864751,6.92657599575926,13,287.0,0.8300000000000001
31095.0,12,281.0,6.853658536585366,6.585715055907547,12,12,220.0,0.26408163433556026,4.7673005820962775,6.585715055907547,12,220.0,0.6699999999999999
31100.0,12,341.0,8.743589743589743,7.504775795688865,12,12,341.0,0.34514727959237385,6.1929654299361365,7.504775795688865,12,341.0,-1.21
31105.0,15,267.0,7.026315789473684,6.075854988406063,15,15,267.0,0.2633208958955742,4.881963039665051,6.075854988406063,15,267.0,0.7400000000000002
31110.0,10,151.0,4.081081081081081,6.4807054916582985,10,10,108.0,0.27418332589524647,5.387079831207313,6.4807054916582985,10,108.0,1.5899999999999999
31115.0,8,183.0,4.945945945945946,6.964512163758191,8,8,183.0,0.30554508584768814,5.97990488103659,6.964512163758191,8,183.0,-0.75
31120.0,11,230.0,5.75,6.609508215785345,11,11,230.0,0.2825076528723198,5.42629637129831,6.609508215785345,11,230.0,-0.46999999999999975
31125.0,11,142.0,3.736842105263158,6.471140200347178,11,11,142.0,0.28296592178585706,5.4869416505860205,6.471140200347178,11,142.0,0.8799999999999999
31130.0,12,134.0,3.4358974358974357,5.425828015962898,12,12,85.0,0.219449761240365,3.9526815461218954,5.425828015962898,12,85.0,0.57
31135.0,11,188.0,4.947368421052632,6.381720227335197,11,11,187.0,0.2845916632688017,5.054237139317049,6.381720227335197,11,187.0,-1.02
31140.0,12,144.0,3.789473684210526,6.556305346473747,12,12,144.0,0.27755411875125746,5.064398506376508,6.556305346473747,12,144.0,0.43000000000000016
31145.0,12,166.0,3.9523809523809526,6.489199104539869,12,12,133.0,0.27095507316819095,4.880655194008704,6.489199104539869,12,133.0,0.10999999999999988
31150.0,12,226.0,5.512195121951219,7.247394733452557,12,12,226.0,0.3416238518008955,5.8801137923022235,7.247394733452557,12,226.0,-0.9299999999999997
31155.0,14,292.0,6.636363636363637,6.517529771153093,14,14,292.0,0.276486776276746,4.707784879556975,6.517529771153093,14,292.0,-0.6600000000000001
31160.0,13,254.0,6.195121951219512,6.906619582397223,13,13,254.0,0.29770690963899654,5.441123150201275,6.906619582397223,13,254.0,0.3799999999999999
31165.0,14,200.0,4.651162790697675,6.741102309562834,14,14,198.0,0.26781192808376336,4.926236300055169,6.741102309562834,14,198.0,0.56
31170.0,9,236.0,5.619047619047619,7.53158660837835,9,9,236.0,0.3218825994415581,6.035734390145394,7.53158660837835,9,236.0,-0.3799999999999999
31175.0,10,177.0,4.538461538461538,7.1523147031349055,10,10,177.0,0.3230072198572118,5.96476282351524,7.1523147031349055,10,177.0,0.5899999999999999
31180.0,9,114.0,2.85,6.063982685123639,9,9,80.0,0.23648466715496347,4.5366195325645595,6.063982685123639,9,80.0,0.97
31185.0,10,164.0,4.205128205128205,7.1533869832005035,10,10,164.0,0.3267905725010174,6.045027461519182,7.1533869832005035,10,164.0,-0.8399999999999999
31190.0,13,140.0,3.5,5.659935390828596,13,13,140.0,0.24510149569687828,4.310039429413522,5.659935390828596,13,140.0,0.24
31195.0,16,215.0,5.375,6.1292602657796875,16,16,148.0,0.24820762851765898,4.611144018590686,6.1292602657796875,16,148.0,-0.08000000000000007
31200.0,15,289.0,7.410256410256411,5.8107528933367725,15,15,289.0,0.2361824173018688,4.234646467692174,5.8107528933367725,15,289.0,-1.4100000000000001
31205.0,15,325.0,7.558139534883721,5.637274416901224,15,15,325.0,0.21067229996772022,4.008013046001148,5.637274416901224,15,325.0,-0.3599999999999999
31210.0,12,352.0,8.8,6.629035720120191,12,12,339.0,0.2962989999428605,5.386639666987577,6.629035720120191,12,339.0,-0.14000000000000012
31215.0,14,415.0,10.375,6.266706517246418,14,14,415.0,0.26756175170931273,4.947736893798107,6.266706517246418,14,415.0,-0.7600000000000002
31220.0,13,365.0,9.125,6.604128526617904,13,13,365.0,0.27499953071113775,5.3127248757222905,6.604128526617904,13,365.0,0.5000000000000004
31225.0,15,399.0,9.279069767441861,6.393062917687826,15,15,352.0,0.253851261931186,4.736817541218733,6.393062917687826,15,352.0,0.1299999999999999
31230.0,13,464.0,11.317073170731707,7.335835084834051,13,13,464.0,0.318112616769655,5.884213080329152,7.335835084834051,13,464.0,-1.1199999999999997
31235.0,11,343.0,8.794871794871796,7.14990980656263,11,11,343.0,0.3099643529485077,5.823499891578865,7.14990980656263,11,343.0,1.2099999999999995
31240.0,11,123.0,2.9285714285714284,6.34950379839198,11,11,64.0,0.22446061790576216,4.374945785577889,6.34950379839198,11,64.0,2.79
31245.0,8,109.0,2.8684210526315788,6.966646952237546,8,8,109.0,0.29728506667685645,5.673709918004273,6.966646952237546,8,109.0,-0.45000000000000007
31250.0,8,63.0,1.5365853658536586,6.028837019933065,8,8,63.0,0.2281978108136746,4.409309499224007,6.028837019933065,8,63.0,0.4600000000000001
31255.0,13,107.0,2.6097560975609757,6.311079146035614,13,13,79.0,0.24245208950674316,4.665921342407959,6.311079146035614,13,79.0,-0.16000000000000003
31260.0,14,173.0,4.219512195121951,6.687320358257399,14,14,173.0,0.2562381869468449,4.851995163034397,6.687320358257399,14,173.0,-0.94
31265.0,14,195.0,4.7560975609756095,6.02325433980247,14,14,195.0,0.23596601308985948,4.4731478299460035,6.02325433980247,14,195.0,-0.21999999999999997
31270.0,9,170.0,4.146341463414634,6.889993115486361,9,9,156.0,0.3039374222843397,5.599938163006839,6.889993115486361,9,156.0,0.3899999999999999
31275.0,9,181.0,4.309523809523809,6.91933518413286,9,9,181.0,0.3061237320312782,5.535103406400443,6.91933518413286,9,181.0,-0.25
31280.0,9,112.0,2.6666666666666665,7.404005681526418,9,9,112.0,0.3265140488521332,6.235604538395122,7.404005681526418,9,112.0,0.69
31285.0,12,135.0,3.292682926829268,6.661907549851784,12,12,92.0,0.2765637072555826,5.062231419478074,6.661907549851784,12,92.0,0.20000000000000007
31290.0,12,195.0,4.875,7.514623716543268,12,12,195.0,0.3322713841804447,6.091932013083776,7.514623716543268,12,195.0,-1.0299999999999998
31295.0,10,173.0,4.435897435897436,7.4038354628000045,10,10,173.0,0.32059932652172646,6.000969169177658,7.4038354628000045,10,173.0,0.21999999999999997
31300.0,11,214.0,5.219512195121951,6.831570054904843,11,11,187.0,0.26197532234894305,5.025437785747368,6.831570054904843,11,187.0,-0.14000000000000012
31305.0,12,273.0,6.825,7.590243047161887,12,12,273.0,0.32048109918966466,6.047318760537364,7.590243047161887,12,273.0,-0.8599999999999999
31310.0,10,239.0,5.690476190476191,6.393889352614619,10,10,239.0,0.21718338942246374,4.36822835142119,6.393889352614619,10,239.0,0.33999999999999986
31315.0,7,148.0,3.6097560975609757,7.652527931182238,7,7,120.0,0.31587028264692346,6.236206858880967,7.652527931182238,7,120.0,1.1900000000000002
31320.0,6,171.0,4.5,8.108275552946935,6,6,171.0,0.36739023957399863,6.8920851753010375,8.108275552946935,6,171.0,-0.51
31325.0,10,197.0,4.690476190476191,7.184545101365332,9,10,196.0,0.2768399558283187,5.422983619768424,7.184545101365332,9,196.0,-0.25
31330.0,11,250.0,6.097560975609756,7.751847456625257,11,11,240.0,0.29822571833306855,5.766368329153924,7.751847456625257,11,240.0,-0.43999999999999995
31335.0,13,309.0,7.536585365853658,6.988977283320166,13,13,309.0,0.2760945676860329,5.0018956111752875,6.988977283320166,13,309.0,-0.69
31340.0,10,257.0,6.425,7.473332309514402,10,10,257.0,0.328655189516906,6.130713716883583,7.473332309514402,10,257.0,0.52
31345.0,10,272.0,6.9743589743589745,7.24477875494267,10,10,229.0,0.31584410104902455,5.841894018016962,7.24477875494267,10,229.0,0.2799999999999998
31350.0,10,321.0,8.447368421052632,7.8775634696429115,10,10,321.0,0.36720771404264374,6.67430813423493,7.8775634696429115,10,321.0,-0.9199999999999999
31355.0,8,278.0,7.315789473684211,7.783793965575278,8,8,278.0,0.35548293128232894,6.527844939732648,7.783793965575278,8,278.0,0.43000000000000016
31360.0,8,213.0,5.756756756756757,6.676306877024654,8,8,185.0,0.25050127498140423,4.651841129743732,6.676306877024654,8,185.0,0.9299999999999997
31365.0,7,247.0,6.861111111111111,7.522893234520843,7,7,247.0,0.33276966063450886,6.158065428450521,7.522893234520843,7,247.0,-0.6200000000000001
31370.0,9,261.0,6.868421052631579,6.4152541138723835,9,9,261.0,0.2505661291785957,4.753512981512303,6.4152541138723835,9,261.0,-0.13999999999999968
31375.0,12,319.0,8.621621621621621,7.065045694778222,12,12,306.0,0.28401439747462637,5.5578066843711635,7.065045694778222,12,306.0,-0.4500000000000002
31380.0,12,379.0,10.82857142857143,6.914161610074484,12,12,379.0,0.27235398878840933,5.130788565454063,6.914161610074484,12,379.0,-0.73
31385.0,14,448.0,11.789473684210526,6.668656887784815,14,14,448.0,0.22501854837860516,4.522989045096751,6.668656887784815,14,448.0,-0.6900000000000004
31390.0,11,449.0,11.81578947368421,7.08861100477193,11,11,449.0,0.27480119929645425,5.554120783344712,7.08861100477193,11,449.0,-0.009999999999999787
31395.0,8,417.0,10.692307692307692,6.960791926562432,8,8,398.0,0.2957216448751861,5.750756078263946,6.960791926562432,8,398.0,0.5100000000000002
31400.0,9,459.0,12.078947368421053,7.741476064827856,9,9,459.0,0.3661396967465087,6.886832063478942,7.741476064827856,9,459.0,-0.6099999999999999
31405.0,11,370.0,10.0,6.365772469218383,11,11,370.0,0.266375645383428,5.122146985704161,6.365772469218383,11,370.0,0.8899999999999997
31410.0,10,378.0,10.216216216216216,7.079947853966177,10,10,324.0,0.30205800353604695,6.013086625563809,7.079947853966177,10,324.0,0.45999999999999996
31415.0,9,422.0,11.722222222222221,7.52335794265601,9,9,421.0,0.32148847086747806,6.167844526922354,7.52335794265601,9,421.0,-0.9699999999999998
31420.0,12,432.0,11.368421052631579,6.347427943688551,12,12,432.0,0.2378142965404268,4.486211219096072,6.347427943688551,12,432.0,-0.11000000000000032
31425.0,11,470.0,13.055555555555555,7.3204989940293395,11,11,457.0,0.3242720526022582,6.022075035186391,7.3204989940293395,11,457.0,-0.25
31430.0,12,526.0,14.216216216216216,6.577077829811191,12,12,526.0,0.27139682621281536,4.851314499300922,6.577077829811191,12,526.0,-0.6899999999999995
31435.0,11,513.0,13.864864864864865,6.816534081863908,11,11,513.0,0.280677117329094,5.306989323507698,6.816534081863908,11,513.0,0.1299999999999999
31440.0,10,558.0,15.08108108108108,7.509423942451894,10,10,526.0,0.32275649440808324,6.00094587527011,7.509423942451894,10,526.0,-0.1299999999999999
31445.0,12,613.0,14.951219512195122,6.8910967272615755,12,12,613.0,0.2802367015888325,5.12636557392394,6.8910967272615755,12,613.0,-0.8700000000000001
31450.0,9,574.0,15.105263157894736,7.344860670804913,9,9,574.0,0.32418896111277795,6.256340569494944,7.344860670804913,9,574.0,0.3899999999999997
31455.0,7,545.0,13.292682926829269,7.366753778363551,7,7,516.0,0.3029631500978414,5.875957606119164,7.366753778363551,7,516.0,0.5800000000000001
31460.0,8,584.0,15.368421052631579,8.480765127479756,8,8,584.0,0.4043602829831653,7.630025165764613,8.480765127479756,8,584.0,-0.6799999999999997
31465.0,10,128.0,3.2,7.313371304170969,10,10,128.0,0.3178459150789491,5.951462671023232,7.313371304170969,10,128.0,4.56
31470.0,9,121.0,3.1842105263157894,7.586367623317262,9,9,-101.0,0.3243196153245406,6.238209231498121,7.586367623317262,9,-101.0,2.29
31475.0,9,166.0,4.368421052631579,8.162877677310442,9,9,166.0,0.361510981370932,6.783003611713437,8.162877677310442,9,166.0,-2.67
31480.0,11,177.0,4.317073170731708,6.799687029774858,11,11,177.0,0.24976869421958436,4.627438415652884,6.799687029774858,11,177.0,-0.1100000000000001
31485.0,10,225.0,5.487804878048781,7.910284169284886,10,10,212.0,0.34868250457495525,6.307519553019697,7.910284169284886,10,212.0,-0.3500000000000001
31490.0,12,276.0,7.076923076923077,7.111806372425847,12,12,276.0,0.2921584595386228,5.097564874079253,7.111806372425847,12,276.0,-0.6399999999999997
31495.0,9,251.0,6.972222222222222,7.494490198917418,9,9,251.0,0.3164712800792407,5.898766649747158,7.494490198917418,9,251.0,0.25
31500.0,8,285.0,8.636363636363637,7.664110632812026,8,8,251.0,0.3388002514333584,6.196771104026459,7.664110632812026,8,251.0,0.0
31505.0,10,332.0,9.222222222222221,7.25783724024378,10,10,332.0,0.30573256048477576,5.480935672873571,7.25783724024378,10,332.0,-0.81
31510.0,7,181.0,5.171428571428572,8.087745323917444,7,7,181.0,0.36414108526921457,6.933867490221476,8.087745323917444,7,181.0,1.5099999999999998
31515.0,3,89.0,2.3421052631578947,7.757120231607723,3,3,16.0,0.3116973735794099,6.2052673555762,7.757120231607723,3,16.0,1.6500000000000001
31520.0,5,113.0,3.2285714285714286,8.782925708465283,5,5,113.0,0.4146215800745891,8.052999350592408,8.782925708465283,5,113.0,-0.9699999999999999
31525.0,7,138.0,3.72972972972973,8.08965465254093,7,7,138.0,0.3818323112798359,6.96441983847216,8.08965465254093,7,138.0,-0.25
31530.0,7,68.0,1.8888888888888888,7.950201528449861,7,7,68.0,0.37474406113426406,6.93674063387474,7.950201528449861,7,68.0,0.6999999999999998
31535.0,8,106.0,2.9444444444444446,8.397991086365035,8,8,57.0,0.3883888762027148,7.228455558612753,8.397991086365035,8,57.0,0.1100000000000001
31540.0,11,144.0,4.0,7.0225843155028045,11,11,144.0,0.3055412252411201,5.382442631194302,7.0225843155028045,11,144.0,-0.87
31545.0,7,102.0,2.914285714285714,8.061388788472737,7,7,102.0,0.37438911759548144,6.828881511472404,8.061388788472737,7,102.0,0.41999999999999993
31550.0,7,125.0,3.3783783783783785,7.2708838786284105,7,7,87.0,0.29212518405356774,5.065264990934336,7.2708838786284105,7,87.0,0.15000000000000002
31555.0,8,165.0,4.583333333333333,8.223557282958648,8,8,165.0,0.3851676140927828,6.568935158410656,8.223557282958648,8,165.0,-0.7799999999999999
31560.0,5,106.0,3.212121212121212,8.488912150663001,5,5,106.0,0.4173110239233995,7.265462950202279,8.488912150663001,5,106.0,0.5899999999999999
31565.0,5,117.0,3.25,8.086772481562136,5,5,78.0,0.3607188621682689,6.3931941344227825,8.086772481562136,5,78.0,0.28
31570.0,6,146.0,4.171428571428572,9.163923360667596,6,6,146.0,0.4609345111789491,8.112091832996878,9.163923360667596,6,146.0,-0.6799999999999999
31575.0,4,47.0,1.3055555555555556,8.542872919736824,4,4,47.0,0.41015464420012326,7.388650140423328,8.542872919736824,4,47.0,0.99
31580.0,4,20.0,0.6060606060606061,8.735913571467615,4,4,-22.0,0.4344746089140225,7.982027865351768,8.735913571467615,4,-22.0,0.69
31585.0,6,34.0,0.9714285714285714,8.091259022674517,6,6,34.0,0.38393967225741416,6.795683462309355,8.091259022674517,6,34.0,-0.56
31590.0,5,58.0,1.7058823529411764,8.75909195047794,5,5,58.0,0.4555687543169301,7.899199914051921,8.75909195047794,5,58.0,-0.23999999999999994
31595.0,6,86.0,2.6875,9.250417370692944,6,6,86.0,0.5057956121389147,8.814410658946509,9.250417370692944,6,86.0,-0.28
31600.0,8,119.0,3.5,7.1925948111751845,8,8,119.0,0.2864962348708952,5.357269306207154,7.1925948111751845,8,119.0,-0.32999999999999996
31605.0,9,162.0,4.764705882352941,8.109061130327847,9,9,162.0,0.35768252277082574,6.75970976428547,8.109061130327847,9,162.0,-0.43000000000000016
31610.0,7,106.0,3.1176470588235294,7.012319779035106,7,7,106.0,0.2707914733158825,5.20778905127112,7.012319779035106,7,106.0,0.56
31615.0,7,129.0,3.909090909090909,8.087746420787324,7,7,90.0,0.37681235740889807,6.851351856752494,8.087746420787324,7,90.0,0.16000000000000003
31620.0,7,164.0,5.290322580645161,8.281061366494274,7,7,164.0,0.4277150899811451,7.243908059757114,8.281061366494274,7,164.0,-0.7399999999999999
31625.0,7,97.0,2.9393939393939394,7.093203672294798,7,7,97.0,0.32615733062702734,5.816769631720921,7.093203672294798,7,97.0,0.6699999999999999
31630.0,5,102.0,3.1875,8.444361926802216,5,5,60.0,0.4282394752765725,7.859902258881122,8.444361926802216,5,60.0,0.37
31635.0,6,128.0,3.657142857142857,7.617267393807557,6,6,128.0,0.3538971266260764,6.263392590136282,7.617267393807557,6,128.0,-0.68
31640.0,5,49.0,1.4848484848484849,8.335763891233645,5,5,49.0,0.4137855776921069,7.667188918415626,8.335763891233645,5,49.0,0.79
31645.0,6,41.0,1.2424242424242424,8.067764527335527,6,6,-2.0,0.3821545138079741,7.237909825682586,8.067764527335527,6,-2.0,0.51
31650.0,5,62.0,1.9375,8.37320642167806,5,5,62.0,0.4101391935001841,7.74291499956424,8.37320642167806,5,62.0,-0.64
31655.0,8,96.0,3.096774193548387,8.494277235111051,8,8,96.0,0.40141804119349844,7.839357127076788,8.494277235111051,8,96.0,-0.33999999999999997
31660.0,10,141.0,4.147058823529412,6.91184354060275,10,10,141.0,0.28036213603583554,5.472743584096792,6.91184354060275,10,141.0,-0.44999999999999996
31665.0,11,195.0,5.735294117647059,7.454021329924316,11,11,195.0,0.2962051521169759,5.916541165545182,7.454021329924316,11,195.0,-0.54
31670.0,10,199.0,5.378378378378378,6.764359127880678,10,10,199.0,0.2596834006118724,5.002070151867117,6.764359127880678,10,199.0,-0.040000000000000036
31675.0,9,228.0,6.333333333333333,7.606431374397133,9,9,214.0,0.3365083490220514,6.371936816239778,7.606431374397133,9,214.0,-0.15000000000000013
31680.0,9,273.0,8.53125,7.269040309207444,9,9,273.0,0.3469277100613208,6.060549680040496,7.269040309207444,9,273.0,-0.5899999999999999
31685.0,9,178.0,5.235294117647059,6.447855129944111,9,9,178.0,0.30191504590784096,5.314449138855288,6.447855129944111,9,178.0,0.95
31690.0,7,163.0,4.9393939393939394,7.2164897279449365,7,7,106.0,0.34418582801240505,6.313433144759836,7.2164897279449365,7,106.0,0.72
31695.0,7,195.0,5.735294117647059,6.336022820700812,7,7,194.0,0.2768570156262605,5.011960107906707,6.336022820700812,7,194.0,-0.8799999999999999
31700.0,12,245.0,7.205882352941177,7.162316318141405,12,12,245.0,0.32737390472070016,5.922322109151664,7.162316318141405,12,245.0,-0.5100000000000002
31705.0,15,305.0,8.714285714285714,6.26475377652887,15,15,305.0,0.2731369830660937,4.9581343511540386,6.26475377652887,15,305.0,-0.5999999999999996
31710.0,14,374.0,11.333333333333334,6.754069248910054,14,14,374.0,0.30995413541937816,5.694246392551279,6.754069248910054,14,374.0,-0.6900000000000004
31715.0,12,244.0,7.393939393939394,6.382712756490774,12,12,244.0,0.28838345657389797,5.321905460974104,6.382712756490774,12,244.0,1.3000000000000003
31720.0,11,182.0,5.055555555555555,5.615523486949271,11,11,109.0,0.24975511353165294,4.3280837149695985,5.615523486949271,11,109.0,1.3499999999999999
31725.0,11,237.0,6.583333333333333,7.009178430982846,11,11,237.0,0.3508514958938367,6.012856165545356,7.009178430982846,11,237.0,-1.28
31730.0,12,200.0,5.405405405405405,5.8698744304815,12,12,200.0,0.26823836073439716,4.771870548900513,5.8698744304815,12,200.0,0.3700000000000001
31735.0,10,183.0,4.945945945945946,6.826729029699777,10,10,154.0,0.30061479087305476,5.600366104210353,6.826729029699777,10,154.0,0.45999999999999996
31740.0,10,233.0,6.6571428571428575,7.038003010337656,10,10,233.0,0.3167692636640283,5.766912131866467,7.038003010337656,10,233.0,-0.79
31745.0,15,272.0,7.157894736842105,5.942626271592226,14,15,271.0,0.2419972857190541,4.516696405954054,5.942626271592226,14,271.0,-0.3799999999999999
31750.0,14,341.0,9.742857142857142,6.451464746002682,14,14,320.0,0.2709874431047598,5.133810326170099,6.451464746002682,14,320.0,-0.4900000000000002
31755.0,16,416.0,10.947368421052632,5.705373050166162,16,16,416.0,0.205615980471899,4.03482697389641,5.705373050166162,16,416.0,-0.96
31760.0,17,501.0,13.18421052631579,6.356056383650732,17,17,501.0,0.2528175440964717,4.9907374907953885,6.356056383650732,17,501.0,-0.8499999999999996
31765.0,19,522.0,12.731707317073171,5.520220997786473,19,19,522.0,0.19595298640476144,3.902276744288655,5.520220997786473,19,522.0,-0.20999999999999996
31770.0,15,587.0,14.675,6.454594227739077,15,15,569.0,0.2740717251977732,5.269538299796988,6.454594227739077,15,569.0,-0.47000000000000064
31775.0,15,662.0,17.42105263157895,6.288596675761026,15,15,662.0,0.28477807187097764,5.162164113919902,6.288596675761026,15,662.0,-0.9299999999999997
31780.0,15,592.0,14.439024390243903,5.541487538804648,15,15,592.0,0.21870434058494345,4.108261905491511,5.541487538804648,15,592.0,0.7000000000000002
31785.0,11,512.0,12.8,6.465449521112276,11,11,464.0,0.2753897346818079,5.139301708346056,6.465449521112276,11,464.0,1.2800000000000002
31790.0,13,570.0,14.615384615384615,5.970304481747519,13,13,570.0,0.26209662036793613,4.683360215831875,5.970304481747519,13,570.0,-1.0600000000000005
31795.0,14,619.0,15.871794871794872,6.143485357646441,14,14,619.0,0.2643406942843213,4.8012670028942654,6.143485357646441,14,619.0,-0.4900000000000002
31800.0,16,695.0,18.289473684210527,6.298006530878725,16,16,683.0,0.24383874562689678,4.565558724221237,6.298006530878725,16,683.0,-0.6399999999999997
31805.0,17,779.0,19.0,6.015696817426033,17,17,779.0,0.22639648603075055,4.2565891830313385,6.015696817426033,17,779.0,-0.96
31810.0,14,518.0,12.634146341463415,6.444357198578979,14,14,518.0,0.23798323251330847,4.699963671491757,6.444357198578979,14,518.0,2.6100000000000003
31815.0,11,225.0,5.232558139534884,6.384277387774711,11,11,103.0,0.24505228335508925,4.625522881814856,6.384277387774711,11,103.0,4.1499999999999995
31820.0,8,177.0,4.214285714285714,7.652870379539575,8,8,177.0,0.3500683127895658,6.442855614891988,7.652870379539575,8,177.0,-0.74
31825.0,11,128.0,2.909090909090909,6.9085631211220155,11,11,128.0,0.2843458759246599,5.302724126665147,6.9085631211220155,11,128.0,0.49
31830.0,11,104.0,2.4186046511627906,7.188658336149898,11,11,76.0,0.30477134361365815,5.540978783837239,7.188658336149898,11,76.0,0.52
31835.0,11,159.0,3.975,7.580554014430542,11,11,159.0,0.3530989436136502,6.198026865834406,7.580554014430542,11,159.0,-0.8300000000000001
31840.0,14,166.0,4.048780487804878,5.842177998053208,14,14,166.0,0.22275508287576506,3.9493261181877526,5.842177998053208,14,166.0,-0.06999999999999984
31845.0,15,241.0,5.878048780487805,6.9058677962775095,15,15,186.0,0.28714431831416376,5.025906240583574,6.9058677962775095,15,186.0,-0.20000000000000018
31850.0,15,316.0,7.7073170731707314,6.302650046051254,15,15,316.0,0.24077113672262665,4.091369083917236,6.302650046051254,15,316.0,-1.3
31855.0,15,309.0,7.725,6.195072632997383,15,15,309.0,0.22744071856106124,4.151058935399599,6.195072632997383,15,309.0,0.07000000000000028
31860.0,11,220.0,5.641025641025641,6.7696782190162255,11,11,192.0,0.2820120504782181,4.976567890371741,6.7696782190162255,11,192.0,1.17
31865.0,9,227.0,5.404761904761905,6.765267428065272,9,9,227.0,0.2921888408242807,5.192599749696033,6.765267428065272,9,227.0,-0.3500000000000001
31870.0,11,154.0,3.7560975609756095,7.067393217551428,10,11,153.0,0.3094551954239066,5.738456167656911,7.067393217551428,10,153.0,0.74
31875.0,14,182.0,4.333333333333333,5.9854613368294185,14,14,132.0,0.2059558838211417,3.9108854342260617,5.9854613368294185,14,132.0,0.20999999999999996
31880.0,13,245.0,5.975609756097561,7.15308644853657,13,13,245.0,0.3049441072580489,5.667689019124791,7.15308644853657,13,245.0,-1.1300000000000001
31885.0,17,180.0,4.390243902439025,5.951687132205546,17,17,180.0,0.2507805278862262,4.6728748155939765,5.951687132205546,17,180.0,0.6500000000000001
31890.0,12,171.0,4.384615384615385,6.554397977828273,12,12,128.0,0.29464536038168665,5.408257032316371,6.554397977828273,12,128.0,0.52
31895.0,12,231.0,5.923076923076923,7.410604772389331,12,12,231.0,0.34906939916614094,6.201766440811624,7.410604772389331,12,231.0,-1.03
31900.0,12,205.0,5.125,5.881236365333093,12,12,205.0,0.2399906953516687,4.347672808890566,5.881236365333093,12,205.0,0.26000000000000023
31905.0,11,127.0,3.175,6.68323907300128,11,11,99.0,0.2677782445605945,5.046003302450144,6.68323907300128,11,99.0,1.0599999999999998
31910.0,11,163.0,3.7906976744186047,6.1633075074760475,11,11,163.0,0.22763941321429149,4.212316035093398,6.1633075074760475,11,163.0,-0.6399999999999999
31915.0,12,128.0,3.1219512195121952,6.506824315109604,12,12,128.0,0.2617928593444966,4.950306047315291,6.506824315109604,12,128.0,0.34999999999999987
31920.0,12,137.0,3.6052631578947367,5.74575905278146,12,12,108.0,0.21758557486070995,4.090296182023152,5.74575905278146,12,108.0,0.19999999999999996
31925.0,14,205.0,4.880952380952381,6.012818641277886,14,14,205.0,0.23531210495781343,4.3368224336575105,6.012818641277886,14,205.0,-0.9699999999999998
31930.0,13,183.0,4.463414634146342,6.259373860755505,13,13,183.0,0.25889382333021504,4.737198020759341,6.259373860755505,13,183.0,0.21999999999999975
31935.0,13,218.0,5.190476190476191,6.16836345293635,13,13,190.0,0.26965886982673504,4.86295179243783,6.16836345293635,13,190.0,-0.06999999999999984
31940.0,14,287.0,7.0,7.067448137675186,14,14,287.0,0.3221968085613825,5.796062816175903,7.067448137675186,14,287.0,-0.9700000000000002
31945.0,16,263.0,6.116279069767442,5.929813821214773,16,16,263.0,0.2383108307153196,4.411837390535994,5.929813821214773,16,263.0,0.2400000000000002
31950.0,12,171.0,4.071428571428571,6.591576799782577,11,12,140.0,0.28378138704482797,5.329601347625577,6.591576799782577,11,140.0,1.23
31955.0,10,186.0,4.65,6.805604667538233,10,10,186.0,0.29538361813647707,5.576772343444305,6.805604667538233,10,186.0,-0.4600000000000002
31960.0,14,149.0,3.5476190476190474,5.880533134411128,14,14,149.0,0.21800474783606852,4.106431599933897,5.880533134411128,14,149.0,0.3700000000000001
31965.0,14,166.0,4.048780487804878,6.321380970216692,14,14,163.0,0.250430096789893,4.806329992493458,6.321380970216692,14,163.0,-0.1399999999999999
31970.0,14,230.0,5.348837209302325,6.001755694155381,14,14,229.0,0.21962408203919914,4.2666442583698965,6.001755694155381,14,229.0,-0.6600000000000001
31975.0,14,229.0,5.4523809523809526,6.1039319879292115,14,14,229.0,0.24148352303491455,4.735116244893016,6.1039319879292115,14,229.0,0.0
31980.0,15,295.0,7.023809523809524,6.125120583384323,15,15,267.0,0.2416663484197543,4.450106012566177,6.125120583384323,15,267.0,-0.3799999999999999
31985.0,16,374.0,8.5,6.236092927492141,16,16,374.0,0.24726059942287146,4.573314069261336,6.236092927492141,16,374.0,-1.0700000000000003
31990.0,14,356.0,8.476190476190476,6.389032728396708,13,14,355.0,0.2623366891252911,5.067191069600027,6.389032728396708,13,355.0,0.1900000000000004
31995.0,12,259.0,6.023255813953488,5.859575596723786,12,12,230.0,0.20905307868115658,4.080491762038468,5.859575596723786,12,230.0,1.25
32000.0,10,253.0,6.325,6.772510166379348,10,10,253.0,0.29175357813776875,5.582902174914056,6.772510166379348,10,253.0,-0.22999999999999998
32005.0,12,207.0,4.813953488372093,6.1742715709993465,12,12,207.0,0.2553222721443587,4.909228895465164,6.1742715709993465,12,207.0,0.45999999999999996
32010.0,13,224.0,5.209302325581396,6.628464183403994,13,13,197.0,0.2687704563055111,5.2546098870862545,6.628464183403994,13,197.0,0.09999999999999987
32015.0,13,289.0,6.72093023255814,6.732798613317135,13,13,289.0,0.26801903352913975,5.12216780353257,6.732798613317135,13,289.0,-0.9200000000000002
32020.0,16,315.0,6.8478260869565215,5.873809559869086,16,16,315.0,0.2095533310329446,3.92496706836647,5.873809559869086,16,315.0,-0.2599999999999998
32025.0,11,300.0,6.818181818181818,6.906472850159833,11,11,286.0,0.28201636514800593,5.278496124290009,6.906472850159833,11,286.0,0.29000000000000004
32030.0,10,320.0,7.619047619047619,6.875173003653763,10,10,320.0,0.28177280429044627,5.356747640117077,6.875173003653763,10,320.0,-0.3400000000000003
32035.0,11,329.0,8.225,6.7482544083952565,11,11,329.0,0.266110945943079,5.378958767543777,6.7482544083952565,11,329.0,-0.08999999999999986
32040.0,13,387.0,10.18421052631579,5.927720424490526,13,13,374.0,0.20845911700691208,4.175804708981111,5.927720424490526,13,374.0,-0.4500000000000002
32045.0,15,461.0,10.976190476190476,6.290469464247128,15,15,461.0,0.24224178704505192,4.65108192199395,6.290469464247128,15,461.0,-0.8700000000000001
32050.0,13,489.0,11.642857142857142,6.349757886561493,13,13,489.0,0.2510708454939747,4.853187924151261,6.349757886561493,13,489.0,-0.27999999999999936
32055.0,11,486.0,11.045454545454545,6.352613152698861,11,11,473.0,0.25659898298025324,4.712460673481647,6.352613152698861,11,473.0,0.15999999999999925
32060.0,11,541.0,12.880952380952381,7.734502912202665,11,11,541.0,0.3511571683430375,6.497103841913581,7.734502912202665,11,541.0,-0.6799999999999997
32065.0,13,426.0,9.681818181818182,7.009697198012791,13,13,426.0,0.2858506166064114,5.346985947473688,7.009697198012791,13,426.0,1.1500000000000004
32070.0,10,399.0,9.5,7.437126233576208,10,10,334.0,0.31471106969045937,5.86230895229286,7.437126233576208,10,334.0,0.9199999999999999
32075.0,10,449.0,10.951219512195122,7.877473437429074,10,10,449.0,0.35900796294291354,6.49787899271912,7.877473437429074,10,449.0,-1.1500000000000004
32080.0,13,460.0,10.69767441860465,6.4729792831665565,13,13,460.0,0.23766448309136098,4.445388561132706,6.4729792831665565,13,460.0,-0.10999999999999943
32085.0,12,500.0,12.5,7.056895439795886,12,12,487.0,0.273551398158488,5.300399828560658,7.056895439795886,12,487.0,-0.27000000000000046
32090.0,13,556.0,13.238095238095237,6.582791101922053,13,13,556.0,0.2458405366435742,4.603806186366991,6.582791101922053,13,556.0,-0.6899999999999995
32095.0,13,579.0,14.475,6.788247250968061,13,13,579.0,0.2615962645259548,5.140900617643364,6.788247250968061,13,579.0,-0.23000000000000043
32100.0,12,633.0,16.23076923076923,6.779605428035179,12,12,620.0,0.2711868669413671,5.022419906678963,6.779605428035179,12,620.0,-0.41000000000000014
32105.0,14,702.0,16.714285714285715,6.8032548937197515,14,14,702.0,0.27071663059471357,4.898057671071201,6.8032548937197515,14,702.0,-0.8199999999999994
32110.0,11,718.0,17.51219512195122,7.110401422828311,11,11,718.0,0.30788089719484985,5.619384225732205,7.110401422828311,11,718.0,-0.16000000000000014
32115.0,12,763.0,18.609756097560975,6.630351795938056,12,12,749.0,0.2673018824584855,4.736005299933385,6.630351795938056,12,749.0,-0.3100000000000005
32120.0,12,823.0,21.102564102564102,7.096483247039157,12,12,823.0,0.3078518607252129,5.472284485723743,7.096483247039157,12,823.0,-0.7400000000000002
32125.0,13,394.0,9.85,6.743324959223005,13,13,394.0,0.2752127501655648,4.948627283010722,6.743324959223005,13,394.0,4.290000000000001
32130.0,13,408.0,10.736842105263158,6.850734988799209,13,13,188.0,0.2979815728950002,5.283193669151196,6.850734988799209,13,188.0,2.06
32135.0,13,473.0,12.447368421052632,7.406076010502955,13,13,473.0,0.3271413573329979,5.8100379960612845,7.406076010502955,13,473.0,-2.8500000000000005
32140.0,12,294.0,7.170731707317073,6.534823729560011,12,12,294.0,0.23962779438998183,4.515327023370162,6.534823729560011,12,294.0,1.7900000000000005
32145.0,9,143.0,3.763157894736842,7.347723229468516,9,9,54.0,0.29806714421515823,5.63389823776159,7.347723229468516,9,54.0,2.4
32150.0,10,175.0,4.605263157894737,6.524132328492748,10,10,175.0,0.2760031268066392,4.981098544580634,6.524132328492748,10,175.0,-1.21
32155.0,10,147.0,3.972972972972973,6.695111159002339,10,10,147.0,0.2983689719485014,5.383571047339622,6.695111159002339,10,147.0,0.28
32160.0,11,196.0,5.297297297297297,7.276629615348773,11,11,160.0,0.31054903854119736,5.62552508743566,7.276629615348773,11,160.0,-0.13000000000000012
32165.0,12,255.0,6.375,7.017059854014869,12,12,255.0,0.2976190597866189,5.303101393745637,7.017059854014869,12,255.0,-0.9499999999999997
32170.0,10,176.0,4.512820512820513,7.375980409718024,10,10,176.0,0.3086640919244378,5.787903182651404,7.375980409718024,10,176.0,0.7899999999999998
32175.0,9,151.0,3.682926829268293,6.685579123773404,9,9,106.0,0.24431582392017975,4.662493273641265,6.685579123773404,9,106.0,0.7
32180.0,9,196.0,4.9,7.769506248695907,9,9,196.0,0.3439184249071809,6.368282564720546,7.769506248695907,9,196.0,-0.8999999999999999
32185.0,13,203.0,5.075,7.191998348619324,13,13,203.0,0.3139465880464749,5.7287749162374935,7.191998348619324,13,203.0,-0.06999999999999984
32190.0,14,268.0,7.052631578947368,7.014328156337643,14,14,229.0,0.29464994527616684,5.62706660311422,7.014328156337643,14,229.0,-0.26000000000000023
32195.0,14,338.0,9.135135135135135,6.9012201989910915,14,14,338.0,0.27965677467672295,5.36838048952996,6.9012201989910915,14,338.0,-1.0899999999999999
32200.0,14,276.0,6.9,5.946145067117426,14,14,276.0,0.20447728935697906,3.958856621387956,5.946145067117426,14,276.0,0.6200000000000001
32205.0,10,162.0,4.153846153846154,6.908760901579673,10,10,119.0,0.2927068447232491,5.549410371885437,6.908760901579673,10,119.0,1.5699999999999998
32210.0,10,200.0,5.128205128205129,6.194582769873419,10,10,200.0,0.2668915442694622,4.90158442830801,6.194582769873419,10,200.0,-0.81
32215.0,11,175.0,4.605263157894737,6.495494486825695,11,11,175.0,0.28344330319509403,5.391926144663026,6.495494486825695,11,175.0,0.25
32220.0,12,228.0,6.162162162162162,6.789824930290933,12,12,192.0,0.27499287045143367,5.240155191513564,6.789824930290933,12,192.0,-0.16999999999999993
32225.0,14,295.0,7.7631578947368425,6.3108432298506,14,14,295.0,0.2621786099596058,4.846744310824141,6.3108432298506,14,295.0,-1.0300000000000002
32230.0,11,314.0,8.263157894736842,6.919041541199575,11,11,314.0,0.2849015975765556,5.5946089629562055,6.919041541199575,11,314.0,-0.18999999999999995
32235.0,10,319.0,7.780487804878049,6.8690536041272,10,10,306.0,0.2731207050705449,5.107692307692293,6.8690536041272,10,306.0,0.08000000000000007
32240.0,10,369.0,9.225,8.052182041657948,10,10,369.0,0.374698887388621,6.825800354847206,8.052182041657948,10,369.0,-0.6299999999999999
32245.0,16,382.0,9.317073170731707,6.359985092568064,15,16,381.0,0.25108055262028023,4.602697135369708,6.359985092568064,15,381.0,-0.1200000000000001
32250.0,14,449.0,11.512820512820513,6.762137066944139,14,14,409.0,0.27942744736617336,5.194574696801786,6.762137066944139,14,409.0,-0.2799999999999998
32255.0,14,519.0,13.657894736842104,7.226889890627484,14,14,519.0,0.3108156126269295,5.820397415942941,7.226889890627484,14,519.0,-1.1000000000000005
32260.0,14,365.0,8.902439024390244,6.008398757396944,14,14,365.0,0.2231222416892492,4.231298918850339,6.008398757396944,14,365.0,1.5400000000000005
32265.0,10,162.0,4.2631578947368425,6.787802443444008,10,10,89.0,0.3041725708428565,5.621935773252696,6.787802443444008,10,89.0,2.76
32270.0,9,173.0,4.325,6.303619438842503,9,9,173.0,0.2799907715641127,4.988520717458466,6.303619438842503,9,173.0,-0.84
32275.0,10,135.0,3.375,6.6775136125242245,10,10,135.0,0.2934821411219201,5.439908487431638,6.6775136125242245,10,135.0,0.3799999999999999
32280.0,11,167.0,4.394736842105263,6.479253694413868,11,11,139.0,0.25601906412100045,4.8485067549384,6.479253694413868,11,139.0,-0.039999999999999813
32285.0,13,229.0,5.725,6.337580032683176,13,13,229.0,0.2536334732849522,4.757808383434061,6.337580032683176,13,229.0,-0.9000000000000001
32290.0,12,250.0,6.25,6.633649372958705,12,12,250.0,0.2794001811943544,5.281682917923119,6.633649372958705,12,250.0,-0.20999999999999996
32295.0,11,241.0,5.878048780487805,6.411854538299614,11,11,228.0,0.2648879550550605,4.841734711989249,6.411854538299614,11,228.0,0.2200000000000002
32300.0,10,291.0,7.461538461538462,7.936758585963517,10,10,291.0,0.3597501754219708,6.659486550748085,7.936758585963517,10,291.0,-0.6300000000000003
32305.0,14,170.0,4.25,6.32910400394786,14,14,170.0,0.24019519276371243,4.550482999880403,6.32910400394786,14,170.0,1.2100000000000002
32310.0,9,144.0,3.6,7.613804139522299,9,9,78.0,0.3215704732783913,6.012970210306483,7.613804139522299,9,78.0,0.9199999999999999
32315.0,9,189.0,4.846153846153846,8.28405730809766,9,9,189.0,0.38747662244623515,7.071631734062881,8.28405730809766,9,189.0,-1.1099999999999999
32320.0,11,193.0,4.825,6.737715712594745,11,11,193.0,0.27836661263756896,5.019317964545785,6.737715712594745,11,193.0,-0.040000000000000036
32325.0,11,227.0,5.973684210526316,7.345988103995467,11,11,214.0,0.3049244477729987,5.654296953646111,7.345988103995467,11,214.0,-0.2100000000000002
32330.0,10,276.0,6.9,6.610587198050062,10,10,276.0,0.25582332685072,4.57015853969371,6.610587198050062,10,276.0,-0.6199999999999997
32335.0,13,251.0,6.435897435897436,6.798036527964385,13,13,251.0,0.2773925632827697,4.954653207957839,6.798036527964385,13,251.0,0.25
32340.0,13,316.0,8.31578947368421,7.034514316036371,13,13,245.0,0.29968371932449084,5.246553949613595,7.034514316036371,13,245.0,0.05999999999999961
32345.0,16,391.0,9.536585365853659,6.35209676151631,16,16,391.0,0.24593703851043341,4.355869032749437,6.35209676151631,16,391.0,-1.46
32350.0,13,417.0,10.692307692307692,6.888032339761033,13,13,417.0,0.28031539831191554,5.202441775632456,6.888032339761033,13,417.0,-0.2599999999999998
32355.0,15,471.0,12.076923076923077,5.961410237573024,15,15,457.0,0.2346190171581646,4.285528056112827,5.961410237573024,15,457.0,-0.40000000000000036
32360.0,14,541.0,14.236842105263158,6.823248233262352,14,14,541.0,0.3118986381238428,5.572295913255691,6.823248233262352,14,541.0,-0.8399999999999999
32365.0,16,611.0,16.07894736842105,6.252891015983293,16,16,611.0,0.26336197215475654,4.9776501009138405,6.252891015983293,16,611.0,-0.7000000000000002
32370.0,13,447.0,11.763157894736842,6.6638792525381865,13,13,447.0,0.27590369765387407,5.438832432086609,6.6638792525381865,13,447.0,1.6400000000000006
32375.0,8,289.0,7.8108108108108105,7.020752010266037,8,8,210.0,0.29142725864647007,5.5461305328777675,7.020752010266037,8,210.0,2.3699999999999997
32380.0,10,323.0,8.075,6.916799519114827,10,10,323.0,0.2932560028091246,5.299484004661077,6.916799519114827,10,323.0,-1.13
32385.0,10,178.0,4.564102564102564,7.172175215873831,10,10,178.0,0.3057962942451335,5.7142686413358,7.172175215873831,10,178.0,1.45
32390.0,8,55.0,1.4102564102564104,6.81097322095447,8,8,-8.0,0.26392291810950236,5.077557103507233,6.81097322095447,8,-8.0,1.86
32395.0,9,96.0,2.526315789473684,7.948708430358581,9,9,96.0,0.34433511894605756,6.588634798113958,7.948708430358581,9,96.0,-1.04
32400.0,9,96.0,2.526315789473684,7.208541363226864,9,9,96.0,0.28871652478757576,5.410603195629209,7.208541363226864,9,96.0,0.0
32405.0,9,101.0,2.4047619047619047,7.272807786971593,9,9,88.0,0.2885586747388633,5.321447532860886,7.272807786971593,9,88.0,0.07999999999999996
32410.0,9,146.0,3.7435897435897436,8.177674715038268,9,9,146.0,0.3830393535427341,6.852627050607751,8.177674715038268,9,146.0,-0.58
32415.0,11,194.0,4.7317073170731705,7.262556267835278,11,11,194.0,0.2958390341429778,5.372493311575199,7.262556267835278,11,194.0,-0.48
32420.0,8,183.0,4.575,7.935619433955827,8,8,183.0,0.35350273106120844,6.750727197985802,7.935619433955827,8,183.0,0.10999999999999988
32425.0,8,162.0,4.05,7.213116024335152,8,8,144.0,0.30916718901467977,5.800092594480675,7.213116024335152,8,144.0,0.3900000000000001
32430.0,7,196.0,5.157894736842105,8.207175001742021,7,7,196.0,0.4149081987711165,7.639412789164928,8.207175001742021,7,196.0,-0.52
32435.0,7,103.0,2.710526315789474,8.141983580657719,6,7,102.0,0.39501885084678867,7.487815085665023,8.141983580657719,6,102.0,0.94
32440.0,9,101.0,2.525,7.072638308736925,9,9,49.0,0.2554813117205636,4.881107777175093,7.072638308736925,9,49.0,0.53
32445.0,7,133.0,3.41025641025641,8.290143857286893,7,7,133.0,0.36798717021369026,6.896802450799635,8.290143857286893,7,133.0,-0.8400000000000001
32450.0,9,93.0,2.3846153846153846,6.788091174789333,9,9,93.0,0.2704759527761222,5.049201062388545,6.788091174789333,9,93.0,0.4
32455.0,11,146.0,3.8421052631578947,7.472090585459273,11,11,79.0,0.3044266337645864,5.845710232868487,7.472090585459273,11,79.0,0.14
32460.0,11,201.0,5.4324324324324325,7.322236300236152,11,11,201.0,0.2907001307050933,5.45771916758646,7.322236300236152,11,201.0,-1.2199999999999998
32465.0,11,174.0,4.35,6.773591675409625,11,11,174.0,0.25193056420334586,4.821393878281041,6.773591675409625,11,174.0,0.2699999999999998
32470.0,9,199.0,5.102564102564102,7.928060648003548,9,9,171.0,0.3485007246643064,6.477117233610619,7.928060648003548,9,171.0,0.030000000000000027
32475.0,11,248.0,6.702702702702703,7.381872851876006,11,11,248.0,0.32081719690959987,5.767135868538948,7.381872851876006,11,248.0,-0.77
32480.0,9,207.0,6.088235294117647,7.4091310530169245,9,9,207.0,0.3441441548731491,6.393792376266904,7.4091310530169245,9,207.0,0.41000000000000014
32485.0,10,182.0,4.918918918918919,6.616677279229826,10,10,153.0,0.2585739453400093,4.925643522075249,6.616677279229826,10,153.0,0.5399999999999998
32490.0,8,219.0,6.257142857142857,7.594138361682464,8,8,219.0,0.32593481790453555,6.168385826379463,7.594138361682464,8,219.0,-0.6599999999999999
32495.0,9,101.0,2.9705882352941178,7.380760372300734,9,9,101.0,0.3191462405143911,5.974297165750644,7.380760372300734,9,101.0,1.18
32500.0,7,69.0,1.9166666666666667,6.585313527022392,7,7,5.0,0.2591690799724748,5.0507827857539,6.585313527022392,7,5.0,0.96
32505.0,9,113.0,3.4242424242424243,7.308944333214754,9,9,113.0,0.3259828690096515,6.183599435228211,7.308944333214754,9,113.0,-1.0799999999999998
32510.0,9,109.0,3.0277777777777777,6.382356086918573,9,9,109.0,0.2669082350568689,4.920487816458231,6.382356086918573,9,109.0,0.039999999999999813
32515.0,9,119.0,3.3055555555555554,7.196284056030003,9,9,105.0,0.3234765439700705,5.793924263273382,7.196284056030003,9,105.0,0.040000000000000036
32520.0,9,164.0,4.685714285714286,7.832781013170351,9,9,164.0,0.3580550999307776,6.407644242808108,7.832781013170351,9,164.0,-0.5899999999999999
32525.0,9,108.0,2.918918918918919,6.802585307525147,9,9,108.0,0.2880471299341963,5.357869968206849,6.802585307525147,9,108.0,0.5599999999999998
32530.0,8,129.0,3.6857142857142855,7.532576272762539,8,8,86.0,0.34845924649361415,6.311321154815734,7.532576272762539,8,86.0,0.22000000000000008
32535.0,9,172.0,4.526315789473684,7.523514127309454,9,9,172.0,0.33351927392169084,5.8922938086949115,7.523514127309454,9,172.0,-0.86
32540.0,8,131.0,3.5405405405405403,8.001538819728438,8,8,131.0,0.3704405720167546,6.7164926627582044,8.001538819728438,8,131.0,0.4099999999999999
32545.0,8,103.0,2.641025641025641,7.770317950526048,8,8,76.0,0.33913833194228477,6.203822865512554,7.770317950526048,8,76.0,0.55
32550.0,7,135.0,3.5526315789473686,8.607449427103369,7,7,135.0,0.40745806461190254,7.415666164235492,8.607449427103369,7,135.0,-0.5900000000000001
32555.0,6,94.0,2.5405405405405403,8.558434491971685,6,6,94.0,0.4137495847994652,7.706578646090475,8.558434491971685,6,94.0,0.41000000000000014
32560.0,6,113.0,2.8974358974358974,7.91927448276077,6,6,85.0,0.34241777931677575,6.224054887680198,7.91927448276077,6,85.0,0.08999999999999997
32565.0,8,152.0,4.108108108108108,8.565288787565358,8,8,152.0,0.409524168952972,7.254073041223606,8.565288787565358,8,152.0,-0.67
32570.0,5,148.0,4.0,7.371980814794071,5,5,148.0,0.2868415631706554,5.427522404415984,7.371980814794071,5,148.0,0.040000000000000036
32575.0,7,183.0,5.083333333333333,8.050534572824018,7,7,170.0,0.331678707706849,6.436671954685493,8.050534572824018,7,170.0,-0.21999999999999997
32580.0,7,218.0,6.228571428571429,8.472535759610471,7,7,218.0,0.38177923818461473,7.216740457614607,8.472535759610471,7,218.0,-0.4800000000000002
32585.0,7,147.0,3.972972972972973,7.258436132807989,7,7,147.0,0.29668116221856333,5.782487749225284,7.258436132807989,7,147.0,0.7100000000000002
32590.0,5,154.0,4.162162162162162,8.72144257727004,5,5,111.0,0.4184312178894961,7.947486136897174,8.72144257727004,5,111.0,0.3599999999999999
32595.0,6,181.0,4.891891891891892,8.24169240918804,6,6,181.0,0.36381302059863385,6.817105348490033,8.24169240918804,6,181.0,-0.7
32600.0,6,80.0,2.4242424242424243,8.58167271456279,6,6,80.0,0.4221768901099554,8.00565543747295,8.58167271456279,6,80.0,1.01
32605.0,9,110.0,3.235294117647059,7.745458182562072,9,9,16.0,0.34460490309298786,6.372577474852885,7.745458182562072,9,16.0,0.64
32610.0,9,153.0,4.5,8.292911847540552,9,9,153.0,0.38694057670850385,7.075989396766243,8.292911847540552,9,153.0,-1.37
32615.0,6,98.0,2.8823529411764706,8.542417992700209,6,6,98.0,0.39390220868948617,7.590075955481036,8.542417992700209,6,98.0,0.55
32620.0,8,119.0,3.2162162162162162,7.4245432669992955,8,8,79.0,0.3080840633550749,5.610754818420276,7.4245432669992955,8,79.0,0.18999999999999995
32625.0,8,159.0,4.676470588235294,8.367174477611918,8,8,159.0,0.40937445070306067,7.265092559341317,8.367174477611918,8,159.0,-0.8
32630.0,7,187.0,5.5,7.287805241520782,7,7,187.0,0.32957668982072363,5.916325320539383,7.287805241520782,7,187.0,-0.28
32635.0,10,233.0,7.28125,7.644667740786003,10,10,226.0,0.32804410890884234,6.1131797907275365,7.644667740786003,10,226.0,-0.3899999999999997
32640.0,10,283.0,9.129032258064516,7.449008601493428,10,10,283.0,0.314054564309933,5.739528173327406,7.449008601493428,10,283.0,-0.5700000000000003
32645.0,10,227.0,6.878787878787879,6.554653458346567,10,10,227.0,0.262612482655125,4.912815417055838,6.554653458346567,10,227.0,0.56
32650.0,8,253.0,7.90625,7.781094308422848,8,8,210.0,0.36249229604302446,6.667501897941347,7.781094308422848,8,210.0,0.16999999999999993
32655.0,9,296.0,8.705882352941176,7.1551288779943585,9,9,296.0,0.3219467933352189,5.872604603291179,7.1551288779943585,9,296.0,-0.8599999999999999
32660.0,8,152.0,4.470588235294118,7.782896048719427,8,8,152.0,0.36397507094158194,6.790149446948846,7.782896048719427,8,152.0,1.44
32665.0,7,75.0,2.142857142857143,7.762146259161682,7,7,3.0,0.33519148717222774,6.491714150051634,7.762146259161682,7,3.0,1.49
32670.0,6,101.0,3.0606060606060606,8.76983259695611,6,6,101.0,0.4178718596223457,8.009396706660127,8.76983259695611,6,101.0,-0.98
32675.0,6,40.0,1.25,8.061326144781924,6,6,40.0,0.37357468315472886,7.216243506566262,8.061326144781924,6,40.0,0.61
32680.0,8,62.0,1.878787878787879,7.368333303008157,8,8,22.0,0.3160626153422755,5.858661678729177,7.368333303008157,8,22.0,0.18000000000000002
32685.0,8,102.0,3.1875,8.444132642482552,8,8,102.0,0.4181782003090956,7.467950106582049,8.444132642482552,8,102.0,-0.8
32690.0,6,92.0,2.6285714285714286,6.901295649323067,6,6,92.0,0.2943405576945436,5.088103813456012,6.901295649323067,6,92.0,0.09999999999999998
32695.0,6,108.0,3.085714285714286,7.93000279341536,6,6,95.0,0.35489542160263643,6.31189212630561,7.93000279341536,6,95.0,-0.029999999999999916
32700.0,6,138.0,4.181818181818182,8.827851050506897,6,6,138.0,0.45147575950203706,8.01475104871162,8.827851050506897,6,138.0,-0.42999999999999994
32705.0,7,65.0,1.8055555555555556,7.141038846445032,7,7,65.0,0.29609114922686575,5.5706369292243805,7.141038846445032,7,65.0,0.7299999999999999
32710.0,5,73.0,2.0277777777777777,8.584682437617412,5,5,30.0,0.41402495172441894,7.662527414016507,8.584682437617412,5,30.0,0.35000000000000003
32715.0,6,100.0,2.6315789473684212,8.51540680697297,6,6,100.0,0.39934832475863724,7.293219464564008,8.51540680697297,6,100.0,-0.7
32720.0,7,94.0,2.611111111111111,8.904346303254169,7,7,94.0,0.4136792682009906,8.04479481294429,8.904346303254169,7,94.0,0.06000000000000005
32725.0,9,129.0,3.6857142857142855,8.118228615219712,9,9,93.0,0.32792853703678426,6.426728097379831,8.118228615219712,9,93.0,0.009999999999999898
32730.0,10,177.0,5.363636363636363,7.991031714055676,10,10,177.0,0.3361171474529169,6.695888954707422,7.991031714055676,10,177.0,-0.84
32735.0,7,139.0,4.212121212121212,8.04389010090527,7,7,139.0,0.3458205971250477,6.88070971270538,8.04389010090527,7,139.0,0.3800000000000001
32740.0,9,166.0,4.742857142857143,7.0904725194814455,9,9,137.0,0.2833645935015305,5.40652388168295,7.0904725194814455,9,137.0,0.019999999999999796
32745.0,9,211.0,6.59375,7.994425774910116,9,9,211.0,0.37043578362396434,6.996358352239286,7.994425774910116,9,211.0,-0.7399999999999998
32750.0,8,119.0,3.5,6.553806622504045,8,8,119.0,0.25179860723448555,5.115145118937982,6.553806622504045,8,119.0,0.9199999999999999
32755.0,6,109.0,3.40625,7.8284095369745454,6,6,55.0,0.35374219893410597,6.983581051560469,7.8284095369745454,6,55.0,0.6399999999999999
32760.0,6,139.0,4.34375,8.448087294786307,6,6,139.0,0.38825392495709615,7.450432600314258,8.448087294786307,6,139.0,-0.8399999999999999
32765.0,8,163.0,4.6571428571428575,7.548137554773083,8,8,163.0,0.29042671451023017,6.069148087441534,7.548137554773083,8,163.0,-0.24
32770.0,8,203.0,6.151515151515151,8.047060511738517,8,8,194.0,0.3320001619874588,6.97266197338241,8.047060511738517,8,194.0,-0.31000000000000005
32775.0,10,247.0,7.264705882352941,7.168806487688471,10,10,247.0,0.2840710706249809,5.718367584988051,7.168806487688471,10,247.0,-0.5300000000000002
32780.0,7,255.0,7.7272727272727275,7.808094541233605,7,7,255.0,0.3366994729537539,7.008810572403088,7.808094541233605,7,255.0,-0.07999999999999963
32785.0,9,290.0,8.285714285714286,7.432519435206434,9,9,277.0,0.31869293177048,6.38071334866026,7.432519435206434,9,277.0,-0.2200000000000002
32790.0,9,334.0,9.542857142857143,8.097516122582556,9,9,334.0,0.3697634389458052,7.18326740398055,8.097516122582556,9,334.0,-0.5699999999999998
32795.0,6,175.0,5.147058823529412,7.957402116565113,6,6,175.0,0.35836159022243136,6.855417771346105,7.957402116565113,6,175.0,1.5899999999999999
32800.0,6,81.0,2.3823529411764706,7.184129471193058,6,6,8.0,0.3215567736326471,5.669708017826283,7.184129471193058,6,8.0,1.67
32805.0,5,106.0,3.1176470588235294,8.75553118600405,5,5,106.0,0.45389228626717415,7.945923334974987,8.75553118600405,5,106.0,-0.9800000000000001
32810.0,6,53.0,1.4722222222222223,7.117615706161143,6,6,53.0,0.3114606485812197,5.449335947503311,7.117615706161143,6,53.0,0.53
32815.0,9,96.0,2.742857142857143,7.67394099801496,9,9,30.0,0.3251314750319213,5.88646287085223,7.67394099801496,9,30.0,0.23000000000000004
32820.0,9,141.0,4.0285714285714285,8.402453256708545,9,9,141.0,0.3763684554283976,6.967258282372933,8.402453256708545,9,141.0,-1.1099999999999999
32825.0,8,139.0,3.9714285714285715,7.277401492479,8,8,139.0,0.27793557174368955,5.552181473751438,7.277401492479,8,139.0,0.020000000000000018
32830.0,7,158.0,4.787878787878788,8.322356829484324,7,7,145.0,0.369347338661719,7.182727347618158,8.322356829484324,7,145.0,-0.06000000000000005
32835.0,9,196.0,5.444444444444445,7.721465194574012,9,9,196.0,0.33195853275695614,6.265234726811691,7.721465194574012,9,196.0,-0.51
32840.0,8,158.0,4.787878787878788,8.066518589302403,7,8,157.0,0.3784554775855748,7.454516088955162,8.066518589302403,7,157.0,0.3899999999999999
32845.0,9,180.0,5.142857142857143,6.7679037994334115,9,9,143.0,0.26220042582517633,5.007335374495337,6.7679037994334115,9,143.0,0.14000000000000012
32850.0,8,220.0,6.285714285714286,8.079867351096366,8,8,220.0,0.3614309233461739,6.750434131723341,8.079867351096366,8,220.0,-0.7700000000000002
32855.0,10,267.0,7.852941176470588,8.264808704139483,10,10,267.0,0.3787637152241258,7.278798283369295,8.264808704139483,10,267.0,-0.46999999999999975
32860.0,12,321.0,9.727272727272727,6.880657537149667,12,12,321.0,0.2787603566566176,5.408169659309334,6.880657537149667,12,321.0,-0.54
32865.0,13,383.0,11.96875,7.181109071774311,13,13,383.0,0.27905832700085126,5.589081781496414,7.181109071774311,13,383.0,-0.6200000000000001
32870.0,12,401.0,11.794117647058824,5.814964907216397,12,12,401.0,0.20012828167043795,4.024324217809373,5.814964907216397,12,401.0,-0.17999999999999972
32875.0,12,460.0,13.529411764705882,7.098616016118957,12,12,446.0,0.28756532184974354,5.615267714054109,7.098616016118957,12,446.0,-0.4500000000000002
32880.0,12,520.0,15.757575757575758,6.9506501128937215,12,12,520.0,0.285553084071059,5.434017796110421,6.9506501128937215,12,520.0,-0.7400000000000002
32885.0,12,331.0,9.457142857142857,6.2120898962811495,11,12,330.0,0.25410333348352987,4.911378590524058,6.2120898962811495,11,330.0,1.9000000000000004
32890.0,8,166.0,4.742857142857143,7.09882931387943,8,8,72.0,0.28071008574264533,5.387848236154972,7.09882931387943,8,72.0,2.58
32895.0,7,182.0,5.2,6.582387631085115,7,7,182.0,0.2784323706446983,5.117985508562246,6.582387631085115,7,182.0,-1.1
32900.0,8,71.0,2.088235294117647,7.174740629357001,8,8,71.0,0.3307090702448978,6.254010827703143,7.174740629357001,8,71.0,1.11
32905.0,12,53.0,1.4722222222222223,6.533646647029941,12,12,-4.0,0.2785600359440311,5.288435470895975,6.533646647029941,12,-4.0,0.75
32910.0,10,102.0,2.8333333333333335,7.80297904090711,10,10,102.0,0.3619053812602368,6.763670486612535,7.80297904090711,10,102.0,-1.06
32915.0,9,103.0,2.861111111111111,7.608300770103213,9,9,103.0,0.35274753467992254,6.495826587742309,7.608300770103213,9,103.0,-0.010000000000000009
32920.0,8,63.0,1.6578947368421053,6.841335027236684,8,8,49.0,0.2783038528611724,4.954264614138104,6.841335027236684,8,49.0,0.54
32925.0,7,95.0,2.638888888888889,8.181185353939235,7,7,95.0,0.39823396718181375,7.08184133649191,8.181185353939235,7,95.0,-0.45999999999999996
32930.0,7,66.0,1.736842105263158,7.133480497910887,7,7,66.0,0.30121769614658683,5.6902687683754944,7.133480497910887,7,66.0,0.2899999999999999
32935.0,10,114.0,3.1666666666666665,7.492517992558657,10,10,84.0,0.31669426465175027,6.1721289118862845,7.492517992558657,10,84.0,-0.17999999999999994
32940.0,10,164.0,4.555555555555555,7.627295429554874,10,10,164.0,0.32817297277264523,6.019578967170204,7.627295429554874,10,164.0,-0.7999999999999999
32945.0,9,172.0,4.410256410256411,7.12488964258541,9,9,172.0,0.2829038233932026,5.494504943149785,7.12488964258541,9,172.0,-0.08000000000000007
32950.0,6,169.0,4.447368421052632,7.988634372412911,6,6,156.0,0.3379316058920005,6.603494171045392,7.988634372412911,6,156.0,0.15999999999999992
32955.0,7,202.0,5.315789473684211,7.507242914310178,7,7,202.0,0.3127386553876033,5.914132677613273,7.507242914310178,7,202.0,-0.45999999999999996
32960.0,8,116.0,3.0526315789473686,7.826124719153604,8,8,116.0,0.3558262958160583,6.8683732090459975,7.826124719153604,8,116.0,0.8600000000000001
32965.0,8,84.0,2.1,7.3514709528235045,8,8,41.0,0.3139697398335152,5.868794590812377,7.3514709528235045,8,41.0,0.75
32970.0,7,118.0,3.1052631578947367,8.409470527355118,7,7,118.0,0.4057962232608466,7.4080414928481995,8.409470527355118,7,118.0,-0.77
32975.0,6,101.0,2.8055555555555554,8.45495994502293,6,6,101.0,0.4048960677537415,7.602489652787971,8.45495994502293,6,101.0,0.16999999999999993
32980.0,8,121.0,3.1842105263157894,7.563206413969266,8,8,106.0,0.3087378938631867,5.779177709275964,7.563206413969266,8,106.0,-0.050000000000000044
32985.0,8,161.0,4.472222222222222,8.613728837358757,8,8,161.0,0.4060748189718423,7.479216012699959,8.613728837358757,8,161.0,-0.55
32990.0,8,120.0,3.2432432432432434,7.469587423812323,7,8,119.0,0.3146296811241249,5.9497643493927255,7.469587423812323,7,119.0,0.42000000000000015
32995.0,9,160.0,4.444444444444445,7.928903471082303,9,9,93.0,0.3070487687250988,5.963736676160508,7.928903471082303,9,93.0,0.2599999999999999
33000.0,9,205.0,5.694444444444445,8.190971858139024,9,9,205.0,0.32578741523770066,6.379226241740689,8.190971858139024,9,205.0,-1.1199999999999997
33005.0,9,167.0,4.513513513513513,7.213127792474681,9,9,167.0,0.27073443015312004,5.426129898134706,7.213127792474681,9,167.0,0.3799999999999999
33010.0,7,184.0,5.257142857142857,8.175975380356936,7,7,156.0,0.3506472301356177,6.8845211707623815,8.175975380356936,7,156.0,0.10999999999999988
33015.0,9,223.0,6.194444444444445,7.526132893195277,9,9,223.0,0.3209266669036697,6.0320109753514695,7.526132893195277,9,223.0,-0.6699999999999999
33020.0,8,111.0,3.0833333333333335,8.185545670538271,7,8,110.0,0.37714432953202115,7.356617402715817,8.185545670538271,7,110.0,1.13
33025.0,8,77.0,2.138888888888889,7.253211805119234,8,8,17.0,0.2787414859500728,5.264379065674009,7.253211805119234,8,17.0,0.93
33030.0,6,104.0,3.0588235294117645,8.324011643438515,6,6,104.0,0.37690403885076695,6.984904019541949,8.324011643438515,6,104.0,-0.87
33035.0,8,116.0,3.7419354838709675,7.933132492983363,8,8,116.0,0.38778060547296334,7.108159642516692,7.933132492983363,8,116.0,-0.11999999999999988
33040.0,10,161.0,4.878787878787879,7.0395215029065445,10,10,148.0,0.3068831106836758,5.496860208801357,7.0395215029065445,10,148.0,-0.32000000000000006
33045.0,11,215.0,6.515151515151516,7.750612993314576,11,11,215.0,0.3476546975556876,6.283331891731951,7.750612993314576,11,215.0,-0.6699999999999999
33050.0,9,217.0,6.2,6.39783853815955,9,9,217.0,0.2502555708255068,4.50293257289311,6.39783853815955,9,217.0,-0.020000000000000018
33055.0,8,226.0,6.647058823529412,7.523411652521482,8,8,212.0,0.3320740786306362,6.0347900313618315,7.523411652521482,8,212.0,0.04999999999999982
33060.0,8,266.0,8.3125,8.235197551075885,8,8,266.0,0.40876086920023336,7.289075878469325,8.235197551075885,8,266.0,-0.54
33065.0,9,129.0,3.6857142857142855,6.744761745227875,9,9,129.0,0.2788653488902418,5.332441781331852,6.744761745227875,9,129.0,1.37
33070.0,5,70.0,2.0588235294117645,7.952577195888337,5,5,4.0,0.3561440861282576,6.90132687503824,7.952577195888337,5,4.0,1.25
33075.0,7,97.0,2.6944444444444446,7.364434886144849,7,7,97.0,0.31358320916654475,5.915630779905428,7.364434886144849,7,97.0,-0.9299999999999999
33080.0,8,101.0,2.8055555555555554,7.836755552592019,8,8,101.0,0.3453918362460757,6.630190934413829,7.836755552592019,8,101.0,-0.040000000000000036
33085.0,11,141.0,3.9166666666666665,7.1642756351598145,11,11,128.0,0.30779182532975163,5.753738719545258,7.1642756351598145,11,128.0,-0.27
33090.0,10,189.0,5.25,8.014980816417378,10,10,189.0,0.36754170209006526,6.747782686873383,8.014980816417378,10,189.0,-0.6099999999999999
33095.0,7,185.0,5.4411764705882355,8.192523215628585,7,7,185.0,0.37155609829930913,7.03980301310335,8.192523215628585,7,185.0,0.039999999999999813
33100.0,8,192.0,5.1891891891891895,7.431062368141755,8,8,178.0,0.30431265197587953,5.431487688525363,7.431062368141755,8,178.0,0.07000000000000006
33105.0,8,232.0,6.628571428571429,8.46374578777634,8,8,232.0,0.4058053753330756,7.0997336832206335,8.46374578777634,8,232.0,-0.5399999999999998
33110.0,7,134.0,3.7222222222222223,7.32219084215096,7,7,134.0,0.3162036431012928,5.71791854627072,7.32219084215096,7,134.0,0.9799999999999998
33115.0,6,122.0,3.588235294117647,8.09766774312137,6,6,67.0,0.37164809357749495,6.8920132721641805,8.09766774312137,6,67.0,0.67
33120.0,6,152.0,4.470588235294118,8.878713940523586,6,6,152.0,0.4310631514957632,7.718227328478909,8.878713940523586,6,152.0,-0.85
33125.0,8,81.0,2.189189189189189,7.526202053034432,8,8,81.0,0.30893989164199365,5.769986744124591,7.526202053034432,8,81.0,0.71
33130.0,8,121.0,3.5588235294117645,8.332664884255614,8,8,42.0,0.3753170041873147,7.060731412076256,8.332664884255614,8,42.0,0.39000000000000007
33135.0,10,164.0,4.4324324324324325,7.558497717934725,10,10,164.0,0.3082401677443628,5.816827780594385,7.558497717934725,10,164.0,-1.22
33140.0,8,177.0,5.205882352941177,8.17878357375083,8,8,177.0,0.3542272438961984,7.09068591561976,8.17878357375083,8,177.0,-0.13000000000000012
33145.0,11,217.0,6.027777777777778,7.070117772767188,11,11,204.0,0.28382924271818954,5.390703849820869,7.070117772767188,11,204.0,-0.27
33150.0,10,267.0,7.416666666666667,8.026366590468662,10,10,267.0,0.3608383350559782,6.78274117740177,8.026366590468662,10,267.0,-0.6299999999999999
33155.0,10,317.0,9.057142857142857,8.209066196042942,10,10,317.0,0.36614519469859413,7.013249463616897,8.209066196042942,10,317.0,-0.5
33160.0,12,372.0,10.628571428571428,6.710478491442352,12,12,372.0,0.23015835114534405,4.577050982606665,6.710478491442352,12,372.0,-0.5500000000000003
33165.0,13,437.0,13.242424242424242,7.126194126755547,13,13,437.0,0.274415532123938,5.515612485520846,7.126194126755547,13,437.0,-0.6499999999999999
33170.0,14,504.0,14.0,6.051117129243771,14,14,504.0,0.19188512669415428,4.002359028732483,6.051117129243771,14,504.0,-0.6699999999999999
33175.0,13,401.0,12.151515151515152,6.558148291169933,13,13,401.0,0.2477690198546911,5.186748667448314,6.558148291169933,13,401.0,1.0300000000000002
33180.0,10,355.0,11.09375,6.262777889769062,10,10,292.0,0.25802314804012,4.861100031191886,6.262777889769062,10,292.0,1.0899999999999999
33185.0,11,408.0,12.0,6.537075220504598,11,11,408.0,0.30426374678171575,5.539784792673907,6.537075220504598,11,408.0,-1.1600000000000001
33190.0,11,230.0,6.764705882352941,6.583648009723562,11,11,230.0,0.28956839296139414,5.526493103539979,6.583648009723562,11,230.0,1.7800000000000002
33195.0,10,101.0,2.8857142857142857,6.093632192460161,10,10,14.0,0.26513413060213625,4.956476430986305,6.093632192460161,10,14.0,2.1599999999999997
33200.0,8,138.0,4.0588235294117645,7.6397568275340575,8,8,138.0,0.37769046229360614,6.902523672795827,7.6397568275340575,8,138.0,-1.2399999999999998
33205.0,11,133.0,3.8,6.029941361334399,11,11,133.0,0.27444714029124406,5.059963508474085,6.029941361334399,11,133.0,0.04999999999999982
33210.0,10,169.0,4.828571428571428,6.745031003737592,10,10,156.0,0.3014462233040321,5.700481497820288,6.745031003737592,10,156.0,-0.22999999999999998
33215.0,10,219.0,6.257142857142857,7.856061304144464,10,10,219.0,0.3778860135323549,7.055512307017377,7.856061304144464,10,219.0,-0.6299999999999999
33220.0,11,129.0,3.3947368421052633,6.006672799944488,11,11,129.0,0.23585353502345088,4.5672159751777714,6.006672799944488,11,129.0,0.8999999999999999
33225.0,9,131.0,3.4473684210526314,7.282791312843502,9,9,76.0,0.32393361131999804,6.17221443925703,7.282791312843502,9,76.0,0.53
33230.0,10,177.0,4.425,7.028823954511568,10,10,177.0,0.29619753376678315,5.574582420238669,7.028823954511568,10,177.0,-1.01
33235.0,10,139.0,3.475,7.220381249449768,10,10,139.0,0.305867046182234,5.880577344571422,7.220381249449768,10,139.0,0.3800000000000001
33240.0,7,90.0,2.25,7.220310875079488,7,7,62.0,0.27412092903127994,5.389985465261189,7.220310875079488,7,62.0,0.7699999999999999
33245.0,8,125.0,3.125,7.100918552389113,8,8,125.0,0.28077509014992474,5.488240134553492,7.100918552389113,8,125.0,-0.63
33250.0,9,92.0,2.4210526315789473,7.085531119719554,9,9,92.0,0.29397720979705644,5.73233501928257,7.085531119719554,9,92.0,0.32999999999999996
33255.0,11,131.0,3.275,6.261688701990975,11,11,102.0,0.22915234660956876,4.5350845495793655,6.261688701990975,11,102.0,-0.09999999999999998
33260.0,11,186.0,4.769230769230769,7.494491826770436,11,11,186.0,0.3149296810634306,6.147314704413703,7.494491826770436,11,186.0,-0.8400000000000001
33265.0,12,156.0,3.8048780487804876,6.752209232417297,12,12,156.0,0.2578908539174515,5.101921626602199,6.752209232417297,12,156.0,0.30000000000000004
33270.0,10,193.0,4.825,7.748960514650283,10,10,165.0,0.3339183042415313,6.49839191636921,7.748960514650283,10,165.0,-0.08999999999999986
33275.0,10,243.0,6.5675675675675675,8.182277941309641,10,10,243.0,0.3593852402791002,6.819002557298401,8.182277941309641,10,243.0,-0.7800000000000002
33280.0,11,203.0,5.638888888888889,6.443100560127447,11,11,203.0,0.2503158398536813,4.844338781390166,6.443100560127447,11,203.0,0.40000000000000036
33285.0,8,130.0,3.611111111111111,7.49595223034707,7,8,99.0,0.32145012634004144,6.19674562150655,7.49595223034707,7,99.0,1.0399999999999998
33290.0,9,161.0,4.351351351351352,6.0268099100359365,9,9,161.0,0.22230855978014646,4.211224332372699,6.0268099100359365,9,161.0,-0.6200000000000001
33295.0,11,132.0,3.5675675675675675,7.040522176298827,11,11,132.0,0.27334589601121073,5.24190091426709,7.040522176298827,11,132.0,0.29000000000000004
33300.0,10,172.0,4.914285714285715,7.020329478458767,10,10,169.0,0.2893194815969293,5.445786700379738,7.020329478458767,10,169.0,-0.3699999999999999
33305.0,12,229.0,5.871794871794871,7.049189225962935,12,12,228.0,0.27541584425827487,5.228836825188321,7.049189225962935,12,228.0,-0.5899999999999999
33310.0,10,237.0,6.2368421052631575,7.294892018584707,10,10,237.0,0.3130695235517729,5.9355136973913,7.294892018584707,10,237.0,-0.0900000000000003
33315.0,7,216.0,5.538461538461538,6.948541606383395,7,7,202.0,0.29973351221572536,5.438576109801788,6.948541606383395,7,202.0,0.3500000000000001
33320.0,8,255.0,6.7105263157894735,8.363503488181772,8,8,255.0,0.39977393266339584,7.117526230655048,8.363503488181772,8,255.0,-0.5299999999999998
33325.0,10,195.0,5.0,7.815565420805007,10,10,195.0,0.33595846473508995,6.202984474181721,7.815565420805007,10,195.0,0.5999999999999999
33330.0,9,224.0,6.054054054054054,8.039948920254805,9,9,182.0,0.3425597198501506,6.4030212936847555,8.039948920254805,9,182.0,0.1299999999999999
33335.0,9,269.0,7.685714285714286,8.628131108534681,9,9,269.0,0.4005284001058385,7.299802579254728,8.628131108534681,9,269.0,-0.8699999999999999
33340.0,12,320.0,8.64864864864865,7.073702959077176,12,12,320.0,0.2892927956899112,5.066376772962261,7.073702959077176,12,320.0,-0.5100000000000002
33345.0,9,182.0,4.918918918918919,7.992459404266091,9,9,182.0,0.340006547424459,6.167654458083315,7.992459404266091,9,182.0,1.3800000000000001
33350.0,11,229.0,6.026315789473684,6.921788820517216,11,11,108.0,0.2682908810574893,4.567095252012151,6.921788820517216,11,108.0,0.74
33355.0,12,288.0,7.783783783783784,7.47705098647145,12,12,288.0,0.3137823187784374,5.371741754887707,7.47705098647145,12,288.0,-1.7999999999999998
33360.0,9,220.0,6.285714285714286,7.584043134045303,9,9,220.0,0.3341686417477702,5.893509749442587,7.584043134045303,9,220.0,0.6799999999999997
33365.0,9,227.0,5.973684210526316,7.344325582048716,9,9,180.0,0.31394249659433726,5.561544273139176,7.344325582048716,9,180.0,0.40000000000000013
33370.0,9,272.0,7.555555555555555,7.878225277907309,9,9,272.0,0.37902382029946086,6.510762419225201,7.878225277907309,9,272.0,-0.9200000000000002
33375.0,8,167.0,4.282051282051282,7.248418381498941,8,8,167.0,0.3203732077197092,5.660257734090194,7.248418381498941,8,167.0,1.0500000000000003
33380.0,5,61.0,1.7428571428571429,8.09652703093576,5,5,13.0,0.3952187890702012,7.131139317901793,8.09652703093576,5,13.0,1.54
33385.0,8,86.0,2.388888888888889,7.652265416132203,8,8,86.0,0.3722995138116952,6.582741815075249,7.652265416132203,8,86.0,-0.73
33390.0,7,46.0,1.2777777777777777,7.651460693175135,7,7,46.0,0.34628404908259214,6.490461791657002,7.651460693175135,7,46.0,0.39999999999999997
33395.0,7,77.0,2.2,8.490076040233806,7,7,43.0,0.4249815028270515,7.663877143798307,8.490076040233806,7,43.0,0.030000000000000027
33400.0,9,114.0,3.1666666666666665,7.587666711544715,9,9,114.0,0.35390666901526496,6.170995828517098,7.587666711544715,9,114.0,-0.71
33405.0,7,81.0,2.3823529411764706,7.8954508315051255,7,7,81.0,0.3709000884672775,7.036884076540881,7.8954508315051255,7,81.0,0.32999999999999985
33410.0,7,106.0,2.864864864864865,7.131249368666547,7,7,78.0,0.3068087726596196,5.4183455012195205,7.131249368666547,7,78.0,0.030000000000000027
33415.0,8,146.0,3.945945945945946,8.139358288096583,8,8,146.0,0.3982476457816982,6.847336225607492,8.139358288096583,8,146.0,-0.6799999999999999
33420.0,7,176.0,4.888888888888889,8.206364493166,7,7,176.0,0.38556910812281886,7.259986339920911,8.206364493166,7,176.0,-0.30000000000000004
33425.0,9,216.0,5.684210526315789,7.334008613973848,9,9,211.0,0.3051856420261381,5.779888866705029,7.334008613973848,9,211.0,-0.34999999999999987
33430.0,9,261.0,7.25,8.06824568022102,9,9,261.0,0.36874879494368684,7.001268699406009,8.06824568022102,9,261.0,-0.5
33435.0,8,168.0,4.421052631578948,7.017780535848424,8,8,168.0,0.29490654417134576,5.499265363141105,7.017780535848424,8,168.0,0.9299999999999999
33440.0,5,68.0,1.8888888888888888,8.159184199387933,5,5,25.0,0.4075945809146778,7.446327358307814,8.159184199387933,5,25.0,1.43
33445.0,7,82.0,2.2162162162162162,7.183528186969159,7,7,82.0,0.3318848723748589,5.891903875775137,7.183528186969159,7,82.0,-0.57
33450.0,7,57.0,1.5833333333333333,7.715427813674555,7,7,57.0,0.37270066110116273,6.716121458814492,7.715427813674555,7,57.0,0.25
33455.0,10,104.0,3.0588235294117645,7.798411707188154,10,10,58.0,0.3692783475787558,6.748001532283927,7.798411707188154,10,58.0,-0.010000000000000009
33460.0,12,160.0,4.571428571428571,6.756734796311311,12,12,160.0,0.287247106360198,5.200381170275692,6.756734796311311,12,160.0,-1.02
33465.0,10,132.0,3.7714285714285714,7.3461732623714555,10,10,132.0,0.31769129388883105,6.06382220699684,7.3461732623714555,10,132.0,0.28
33470.0,11,172.0,4.526315789473684,6.558308231000256,11,11,135.0,0.24311311283390866,4.650363650037083,6.558308231000256,11,135.0,-0.030000000000000027
33475.0,11,227.0,6.676470588235294,7.335999195693242,11,11,227.0,0.32165651536529843,5.991203784075456,7.335999195693242,11,227.0,-0.9199999999999999
33480.0,8,186.0,6.0,6.932236641382343,8,8,186.0,0.3087747805336768,5.726763659801092,6.932236641382343,8,186.0,0.4099999999999999
33485.0,6,90.0,2.6470588235294117,7.2109302674609,6,6,62.0,0.3330204037849769,5.997937888722839,7.2109302674609,6,62.0,1.2400000000000002
33490.0,5,110.0,3.3333333333333335,8.268234581423398,5,5,110.0,0.4286917821622445,7.376913563906647,8.268234581423398,5,110.0,-0.4800000000000001
33495.0,6,35.0,0.9722222222222222,7.122963528570212,6,6,35.0,0.319583697534896,5.769328814924141,7.122963528570212,6,35.0,0.7500000000000001
33500.0,7,51.0,1.5,7.924475783024752,7,7,7.0,0.3950225424903596,7.154128415783079,7.924475783024752,7,7.0,0.27999999999999997
33505.0,10,86.0,2.388888888888889,7.71215339932244,10,10,86.0,0.3868854790299174,6.818589193143872,7.71215339932244,10,86.0,-0.79
33510.0,7,78.0,2.1666666666666665,7.746808168320754,7,7,78.0,0.3639932683104014,6.91038043628649,7.746808168320754,7,78.0,0.07999999999999996
33515.0,5,69.0,1.9714285714285715,8.1165729432266,5,5,56.0,0.38656119252288135,7.393758078527714,8.1165729432266,5,56.0,0.21999999999999997
33520.0,6,93.0,2.4473684210526314,7.499784461243986,6,6,93.0,0.32915950966010193,6.153708381592634,7.499784461243986,6,93.0,-0.37
33525.0,8,47.0,1.3055555555555556,7.640702840958686,8,8,47.0,0.35208138276055334,6.788650533574585,7.640702840958686,8,47.0,0.4600000000000001
33530.0,9,76.0,2.111111111111111,6.257068202360206,9,9,39.0,0.24613547264754349,4.638959155666162,6.257068202360206,9,39.0,0.07999999999999996
33535.0,9,121.0,3.361111111111111,7.238990836567717,9,9,121.0,0.32832809383437533,6.1020643788515985,7.238990836567717,9,121.0,-0.82
33540.0,7,114.0,3.1666666666666665,7.294052638646445,7,7,114.0,0.3338492530817201,6.1175427498793145,7.294052638646445,7,114.0,0.07000000000000006
33545.0,7,119.0,3.1315789473684212,6.982854791941656,7,7,105.0,0.31898293769574043,5.835516982085226,6.982854791941656,7,105.0,0.08999999999999986
33550.0,7,154.0,4.052631578947368,8.137636324682816,7,7,154.0,0.3979579383794144,7.178405049035843,8.137636324682816,7,154.0,-0.49
33555.0,6,87.0,2.289473684210526,7.535183860128899,6,6,87.0,0.3392317287959242,6.317751115419753,7.535183860128899,6,87.0,0.67
33560.0,6,98.0,2.6486486486486487,8.697705783213866,6,6,55.0,0.41501810441942677,7.9747551287268355,8.697705783213866,6,55.0,0.31999999999999995
33565.0,8,128.0,3.5555555555555554,8.25781383289519,8,8,128.0,0.3904557043833754,7.099739981620406,8.25781383289519,8,128.0,-0.73
33570.0,8,118.0,3.3714285714285714,8.074298661772247,8,8,118.0,0.37554527337286436,7.123839019839768,8.074298661772247,8,118.0,0.10000000000000009
33575.0,8,158.0,4.647058823529412,8.410151130092855,8,8,111.0,0.38131572621611265,7.353151701971987,8.410151130092855,8,111.0,0.06999999999999984
33580.0,11,206.0,5.722222222222222,7.1229189962738975,11,11,206.0,0.2870086400459094,5.333929187861084,7.1229189962738975,11,206.0,-0.95
33585.0,8,141.0,4.0285714285714285,7.880536492585493,8,8,141.0,0.3501501550835438,6.760528937098388,7.880536492585493,8,141.0,0.6500000000000001
33590.0,7,144.0,4.114285714285714,6.9921069878811375,7,7,102.0,0.2770870470392638,5.481590513730603,6.9921069878811375,7,102.0,0.3899999999999999
33595.0,8,184.0,5.257142857142857,7.932917176809079,8,8,184.0,0.356422024833858,6.960018831626123,7.932917176809079,8,184.0,-0.8200000000000001
33600.0,6,101.0,3.0606060606060606,7.51816271962386,6,6,101.0,0.3375498120761878,6.5694415447098065,7.51816271962386,6,101.0,0.8300000000000001
33605.0,5,91.0,2.4594594594594597,7.678310563788955,5,5,48.0,0.3350580482888296,6.454482413164582,7.678310563788955,5,48.0,0.53
33610.0,6,121.0,3.361111111111111,8.570773437580783,6,6,121.0,0.4231434285402217,7.853586320959113,8.570773437580783,6,121.0,-0.73
33615.0,7,49.0,1.2894736842105263,7.4523188743151465,7,7,49.0,0.3097722344125299,5.930993839335063,7.4523188743151465,7,49.0,0.72
33620.0,5,58.0,1.6111111111111112,8.866998612105839,5,5,16.0,0.4372965634958572,8.290412848679566,8.866998612105839,5,16.0,0.32999999999999996
33625.0,7,83.0,2.4411764705882355,8.441481167911396,7,7,83.0,0.4129018450134511,7.526518325038464,8.441481167911396,7,83.0,-0.6699999999999999
33630.0,5,80.0,2.3529411764705883,8.294306452907469,5,5,80.0,0.4067609879074235,7.516680650808877,8.294306452907469,5,80.0,0.029999999999999916
33635.0,5,105.0,3.088235294117647,9.118586423965702,5,5,92.0,0.45850656188686506,8.672629986193195,9.118586423965702,5,92.0,-0.12
33640.0,9,134.0,3.9411764705882355,7.392654460895484,9,9,134.0,0.29652277671483707,5.665084325485041,7.392654460895484,9,134.0,-0.42000000000000004
33645.0,8,172.0,5.0588235294117645,8.1468038274011,8,8,172.0,0.35899494233359586,7.0558313129655765,8.1468038274011,8,172.0,-0.3799999999999999
33650.0,9,213.0,6.085714285714285,7.10029952323979,9,9,212.0,0.25258461246643815,4.991655802065631,7.10029952323979,9,212.0,-0.40000000000000013
33655.0,11,268.0,7.882352941176471,7.516648484929696,11,11,268.0,0.27623888877172637,5.610122411546725,7.516648484929696,11,268.0,-0.56
33660.0,11,323.0,9.5,7.636142406385833,11,11,323.0,0.2634263086156926,5.411148542462917,7.636142406385833,11,323.0,-0.5499999999999998
33665.0,11,208.0,5.777777777777778,6.8815198371266355,11,11,208.0,0.2295260499480679,4.8320080578186895,6.8815198371266355,11,208.0,1.15
33670.0,7,159.0,5.129032258064516,7.6450274516434975,7,7,96.0,0.33109463827011637,6.541912618942414,7.6450274516434975,7,96.0,1.12
33675.0,9,195.0,6.09375,7.023639269199731,9,9,195.0,0.32247049027958596,5.984117583942136,7.023639269199731,9,195.0,-0.99
33680.0,9,123.0,3.967741935483871,7.371340918778613,9,9,123.0,0.3525097675173874,6.6480881437062935,7.371340918778613,9,123.0,0.72
33685.0,10,134.0,4.0606060606060606,6.9191587365506395,10,10,88.0,0.3122980033277544,5.8333306017227295,6.9191587365506395,10,88.0,0.35
33690.0,9,179.0,5.59375,7.86736083988313,9,9,179.0,0.37421337526826076,6.9890593107576064,7.86736083988313,9,179.0,-0.91
33695.0,7,95.0,3.064516129032258,7.837036847262239,7,7,95.0,0.36771651728282706,7.218640275338342,7.837036847262239,7,95.0,0.8400000000000001
33700.0,8,94.0,2.764705882352941,6.683542878977523,8,8,45.0,0.2500413778325047,5.124550120641844,6.683542878977523,8,45.0,0.49999999999999994
33705.0,8,133.0,4.03030303030303,7.978769472940767,8,8,133.0,0.34126269057124176,6.878890714970798,7.978769472940767,8,133.0,-0.8800000000000001
33710.0,7,80.0,2.2222222222222223,6.930160773597827,7,7,80.0,0.25841701608282913,5.2381711643692315,6.930160773597827,7,80.0,0.53
33715.0,7,77.0,2.138888888888889,7.934717685365631,7,7,49.0,0.3153480089560438,6.52625340883968,7.934717685365631,7,49.0,0.31000000000000005
33720.0,7,112.0,3.2,7.718853195680192,7,7,84.0,0.3118744958885917,6.0497948011088045,7.718853195680192,7,84.0,-0.35
33725.0,8,84.0,2.210526315789474,7.252040495678421,8,8,56.0,0.2851274932780873,5.612035268596918,7.252040495678421,8,56.0,0.2799999999999999
33730.0,7,115.0,3.1944444444444446,8.23143283133876,7,7,87.0,0.3847484329536871,7.274537158069832,8.23143283133876,7,87.0,-0.30999999999999994
33735.0,9,154.0,4.162162162162162,7.814766877337217,9,9,154.0,0.33248442531668226,6.057264128708031,7.814766877337217,9,154.0,-0.67
33740.0,7,107.0,3.057142857142857,8.472017452705474,6,7,106.0,0.4016072688654637,7.799627903790235,8.472017452705474,6,106.0,0.48
33745.0,8,102.0,2.8333333333333335,7.23934817318733,8,8,75.0,0.2943820768322628,5.579023939726012,7.23934817318733,8,75.0,0.31000000000000005
33750.0,6,128.0,3.5555555555555554,8.406286883504817,6,6,128.0,0.3801027486467846,7.173774229634749,8.406286883504817,6,128.0,-0.53
33755.0,6,82.0,2.411764705882353,8.51195339160431,6,6,82.0,0.4129041212206758,7.873735912682266,8.51195339160431,6,82.0,0.4600000000000001
33760.0,8,101.0,2.8055555555555554,7.147054527398893,8,8,74.0,0.2738968994375912,5.493187179600302,7.147054527398893,8,74.0,0.07999999999999996
33765.0,8,141.0,4.0285714285714285,8.10706839062565,8,8,141.0,0.3545317433080687,6.927625075014738,8.10706839062565,8,141.0,-0.6699999999999999
33770.0,7,132.0,3.473684210526316,7.008209910638407,7,7,132.0,0.27672236571563713,5.240792470249055,7.008209910638407,7,132.0,0.08999999999999986
33775.0,7,153.0,4.135135135135135,8.15434195696645,7,7,139.0,0.3608955198306465,6.8238331037108555,8.15434195696645,7,139.0,-0.06999999999999984
33780.0,7,188.0,5.529411764705882,8.515045646581697,7,7,188.0,0.39405975119295183,7.097158892563954,8.515045646581697,7,188.0,-0.49
33785.0,8,120.0,3.3333333333333335,7.59649384471846,8,8,120.0,0.3130316137505451,5.7475791613784,7.59649384471846,8,120.0,0.6799999999999999
33790.0,8,160.0,4.848484848484849,8.88007490100271,8,8,80.0,0.3988616203709946,7.3294288620171555,8.88007490100271,8,80.0,0.3999999999999999
33795.0,10,202.0,5.9411764705882355,7.308483158514484,10,10,202.0,0.2924749532314861,5.3566672989428525,7.308483158514484,10,202.0,-1.22
33800.0,11,257.0,7.5588235294117645,8.242321783401525,11,11,257.0,0.33835814841786094,6.44744633711572,8.242321783401525,11,257.0,-0.5499999999999998
33805.0,12,279.0,7.9714285714285715,7.016743913578466,12,12,279.0,0.27170686816168826,5.1286090497539005,7.016743913578466,12,279.0,-0.2200000000000002
33810.0,11,334.0,9.542857142857143,7.715348086142256,11,11,317.0,0.32803455336019194,6.1013036174309905,7.715348086142256,11,317.0,-0.3799999999999999
33815.0,11,389.0,12.15625,8.144326165175352,11,11,389.0,0.3776676702603828,7.030481061649227,8.144326165175352,11,389.0,-0.7200000000000002
33820.0,11,308.0,9.333333333333334,6.2848709956866,11,11,308.0,0.2588986055996107,4.99730773715733,6.2848709956866,11,308.0,0.81
33825.0,8,306.0,9.272727272727273,7.60844773953662,8,8,258.0,0.3389148475501988,6.36230620013508,7.60844773953662,8,258.0,0.5
33830.0,9,348.0,10.235294117647058,6.923596620551456,9,9,348.0,0.31221484617711087,5.617394099789036,6.923596620551456,9,348.0,-0.8999999999999999
33835.0,9,174.0,5.117647058823529,7.198809505249306,9,9,174.0,0.32501022721130224,6.008956914317735,7.198809505249306,9,174.0,1.74
33840.0,4,45.0,1.4516129032258065,7.666905600101818,4,4,-38.0,0.3549624824069265,6.566644563633943,7.666905600101818,4,-38.0,2.12
33845.0,6,71.0,2.088235294117647,7.698814439862106,6,6,71.0,0.3699383972150548,6.628803167002089,7.698814439862106,6,71.0,-1.0899999999999999
33850.0,8,76.0,2.235294117647059,7.94191879937609,8,8,76.0,0.38095458606115074,6.973353433312602,7.94191879937609,8,76.0,-0.050000000000000044
33855.0,12,125.0,3.3783783783783785,6.845086619055734,12,12,99.0,0.2618316103825208,4.8264933411749125,6.845086619055734,12,99.0,-0.22999999999999998
33860.0,12,185.0,5.138888888888889,7.5687809606575405,12,12,185.0,0.32080446130584256,6.008232471609694,7.5687809606575405,12,185.0,-0.8600000000000001
33865.0,12,194.0,5.105263157894737,6.780360113813338,12,12,194.0,0.2656054558441689,5.095679590234648,6.780360113813338,12,194.0,-0.08999999999999986
33870.0,9,209.0,5.805555555555555,7.501200487162085,9,9,196.0,0.3332140420672021,6.295363429631976,7.501200487162085,9,196.0,-0.020000000000000018
33875.0,9,254.0,7.055555555555555,8.283444101333819,9,9,254.0,0.3997828617558832,7.328781963515874,8.283444101333819,9,254.0,-0.5800000000000001
33880.0,12,306.0,8.27027027027027,6.8619442462153,12,12,306.0,0.29709247715149084,5.345527400870509,6.8619442462153,12,306.0,-0.52
33885.0,11,359.0,10.257142857142858,7.114861984553754,11,11,359.0,0.30969416874850725,5.919753854297415,7.114861984553754,11,359.0,-0.5299999999999998
33890.0,13,418.0,11.297297297297296,6.188582951978791,13,13,416.0,0.23038000900768515,4.179598926434875,6.188582951978791,13,416.0,-0.5700000000000003
33895.0,14,488.0,13.555555555555555,6.7599310225500675,14,14,488.0,0.270480349060239,4.958618462500971,6.7599310225500675,14,488.0,-0.7199999999999998
33900.0,11,385.0,11.666666666666666,6.433552420327508,11,11,385.0,0.25650040924577655,4.818075879973858,6.433552420327508,11,385.0,1.0299999999999998
33905.0,10,364.0,10.11111111111111,6.306079532087075,10,10,300.0,0.2632496884536408,4.899667570017766,6.306079532087075,10,300.0,0.8500000000000001
33910.0,10,414.0,11.82857142857143,7.338066479611808,10,10,414.0,0.33982214265785415,6.293672947447423,7.338066479611808,10,414.0,-1.1399999999999997
33915.0,10,234.0,6.157894736842105,6.615685800574896,10,10,234.0,0.26357255563945253,5.285193485075834,6.615685800574896,10,234.0,1.7999999999999998
33920.0,7,78.0,2.108108108108108,7.471771088839916,7,7,0.0,0.31093355729483996,6.367233492609933,7.471771088839916,7,0.0,2.34
33925.0,8,100.0,2.5641025641025643,7.1852235883750195,8,8,100.0,0.29730475096575437,5.725793889131571,7.1852235883750195,8,100.0,-1.0
33930.0,8,140.0,3.6842105263157894,7.9304709709706565,8,8,140.0,0.3681493376073894,7.023531897101389,7.9304709709706565,8,140.0,-0.3999999999999999
33935.0,7,87.0,2.4857142857142858,7.139150599813128,7,7,87.0,0.32008147514787494,6.1344033389074495,7.139150599813128,7,87.0,0.5299999999999999
33940.0,10,119.0,3.3055555555555554,6.2557154203963385,10,10,79.0,0.26057543448553866,4.8777495166957365,6.2557154203963385,10,79.0,0.07999999999999996
33945.0,10,169.0,4.694444444444445,7.682212526089821,10,10,169.0,0.3572243303927052,6.584007483605771,7.682212526089821,10,169.0,-0.8999999999999999
33950.0,8,111.0,2.8461538461538463,6.83132388777207,8,8,111.0,0.26218547326420655,4.954336648418225,6.83132388777207,8,111.0,0.5799999999999998
33955.0,8,108.0,2.769230769230769,7.781099407181755,8,8,75.0,0.322684593648071,6.171053240851504,7.781099407181755,8,75.0,0.3600000000000001
33960.0,7,142.0,3.9444444444444446,7.698098258481297,7,7,142.0,0.340555336995041,6.172840328734684,7.698098258481297,7,142.0,-0.6699999999999999
33965.0,11,175.0,4.375,6.735565968231643,11,11,175.0,0.2616174846189554,4.714725107936503,6.735565968231643,11,175.0,-0.33000000000000007
33970.0,11,230.0,6.052631578947368,7.402686562097461,11,11,221.0,0.32047037492966035,5.832732502059404,7.402686562097461,11,221.0,-0.45999999999999996
33975.0,12,288.0,7.024390243902439,7.431560298493309,12,12,288.0,0.3132413796838943,5.797303790745873,7.431560298493309,12,288.0,-0.6699999999999999
33980.0,10,297.0,7.615384615384615,7.742733522428568,10,10,297.0,0.30737949663113506,6.250927699142047,7.742733522428568,10,297.0,-0.0900000000000003
33985.0,12,319.0,7.975,7.171854546545456,12,12,305.0,0.29166589186889325,5.585234794476496,7.171854546545456,12,305.0,-0.07999999999999963
33990.0,10,366.0,9.891891891891891,7.27181601510849,10,10,366.0,0.3162764288384047,6.085270256634418,7.27181601510849,10,366.0,-0.6100000000000003
33995.0,10,241.0,6.885714285714286,7.102485333700882,10,10,241.0,0.3174854514273373,5.961470414112673,7.102485333700882,10,241.0,1.25
34000.0,9,103.0,2.7837837837837838,6.416508941373762,9,9,46.0,0.2645493180837098,4.888094920265509,6.416508941373762,9,46.0,1.9500000000000002
34005.0,8,134.0,3.9411764705882355,6.99019233031631,8,8,133.0,0.33283250803390607,6.070334288270995,6.99019233031631,8,133.0,-0.8700000000000001
34010.0,9,127.0,3.4324324324324325,5.8548792188569365,9,9,127.0,0.2332079346772352,4.253676480266975,5.8548792188569365,9,127.0,0.06000000000000005
34015.0,12,180.0,5.0,6.710573780563823,12,12,166.0,0.29789368095955493,5.270964970344668,6.710573780563823,12,166.0,-0.3899999999999999
34020.0,12,240.0,6.857142857142857,7.327817112493008,12,12,240.0,0.33556099718385174,5.9729347219974365,7.327817112493008,12,240.0,-0.74
34025.0,12,256.0,6.918918918918919,6.34456470230206,12,12,256.0,0.2509751020024704,4.810649684656883,6.34456470230206,12,256.0,-0.16000000000000014
34030.0,7,233.0,6.297297297297297,7.362229291319687,7,7,220.0,0.3246902067383373,6.05480744500409,7.362229291319687,7,220.0,0.3599999999999999
34035.0,8,270.0,6.923076923076923,6.988919053033851,8,8,270.0,0.3167870286968269,5.7075285471095,6.988919053033851,8,270.0,-0.5
34040.0,9,196.0,5.0256410256410255,7.249188745113868,9,9,196.0,0.3210356041390802,6.124857808937308,7.249188745113868,9,196.0,0.7400000000000002
34045.0,11,212.0,5.3,7.304239047434814,11,11,165.0,0.3152198910927246,5.9920896263986165,7.304239047434814,11,165.0,0.31000000000000005
34050.0,10,259.0,6.815789473684211,7.923143605797196,10,10,259.0,0.3655423413602477,6.816467796249117,7.923143605797196,10,259.0,-0.94
34055.0,8,261.0,7.054054054054054,7.726418906911899,8,8,261.0,0.34762616602935414,6.561271645251872,7.726418906911899,8,261.0,-0.020000000000000018
34060.0,9,275.0,7.2368421052631575,6.982733457034236,9,9,262.0,0.2979321952518948,5.398071089991852,6.982733457034236,9,262.0,-0.010000000000000231
34065.0,9,320.0,8.421052631578947,8.100397707977283,9,9,320.0,0.39559950035745745,6.925607563813411,8.100397707977283,9,320.0,-0.5800000000000001
34070.0,8,264.0,6.439024390243903,6.684072338208556,8,8,264.0,0.2584969573081954,4.476080257833764,6.684072338208556,8,264.0,0.56
34075.0,8,289.0,7.048780487804878,7.701774852755796,8,8,248.0,0.35514728038897114,6.075197218751875,7.701774852755796,8,248.0,0.16000000000000014
34080.0,8,329.0,8.657894736842104,8.483500120429387,8,8,329.0,0.4300240765656942,7.211935787611009,8.483500120429387,8,329.0,-0.81
34085.0,8,112.0,2.9473684210526314,7.093828929730224,8,8,112.0,0.2977914361529896,5.332427288890567,7.093828929730224,8,112.0,2.17
34090.0,8,152.0,4.222222222222222,8.120891895076609,8,8,10.0,0.39480019157219315,7.142059776544815,8.120891895076609,8,10.0,1.02
34095.0,8,192.0,4.923076923076923,7.444220670769912,8,8,192.0,0.3162239095033978,5.804935207231413,7.444220670769912,8,192.0,-1.8199999999999998
34100.0,8,126.0,3.3157894736842106,7.935921737984251,8,8,126.0,0.34953373140384575,6.660657943363463,7.935921737984251,8,126.0,0.6599999999999999
34105.0,8,135.0,3.5526315789473686,8.19621424455623,8,8,92.0,0.3707003326641846,6.86225350016695,8.19621424455623,8,92.0,0.33999999999999997
34110.0,8,171.0,4.75,8.311879740799734,8,8,171.0,0.39932830040040435,7.316020883606058,8.311879740799734,8,171.0,-0.7899999999999999
34115.0,6,88.0,2.4444444444444446,8.383097438080004,6,6,88.0,0.4044197759452107,7.537728161040749,8.383097438080004,6,88.0,0.83
34120.0,7,87.0,2.230769230769231,7.514045355140868,7,7,44.0,0.3095374604291098,5.712962103055744,7.514045355140868,7,44.0,0.44
34125.0,7,122.0,3.388888888888889,8.55592146988363,7,7,122.0,0.4111961017427195,7.3846730795908115,8.55592146988363,7,122.0,-0.78
34130.0,8,150.0,4.054054054054054,7.4355400746280935,8,8,150.0,0.3302266766731223,5.760275693610864,7.4355400746280935,8,150.0,-0.28
34135.0,10,198.0,5.823529411764706,7.77497880051382,10,10,191.0,0.31330543760672874,5.943754170364955,7.77497880051382,10,191.0,-0.4099999999999999
34140.0,10,248.0,8.0,7.437866546457497,10,10,248.0,0.3140133398503489,5.942188436046449,7.437866546457497,10,248.0,-0.5700000000000001
34145.0,9,157.0,4.617647058823529,6.532802194002876,9,9,157.0,0.2643991277891391,5.051487436984186,6.532802194002876,9,157.0,0.9099999999999999
34150.0,7,144.0,4.235294117647059,7.855997555021397,7,7,88.0,0.3682354527449046,6.805650074628748,7.855997555021397,7,88.0,0.6900000000000001
34155.0,8,180.0,4.864864864864865,7.354934041895833,8,8,180.0,0.3298890940500379,6.001287885623046,7.354934041895833,8,180.0,-0.92
34160.0,8,154.0,4.4,7.781036552126961,8,8,154.0,0.35757351081333383,6.890886476575524,7.781036552126961,8,154.0,0.26
34165.0,10,184.0,4.972972972972973,7.025422581512336,10,10,156.0,0.28518148878435207,5.560927184870533,7.025422581512336,10,156.0,-0.020000000000000018
34170.0,9,228.0,6.514285714285714,7.8344220063557195,9,9,228.0,0.36403275394796153,6.900542862632861,7.8344220063557195,9,228.0,-0.7199999999999998
34175.0,7,113.0,3.53125,7.599760140444711,7,7,113.0,0.3668024123326483,6.823499878344573,7.599760140444711,7,113.0,1.15
34180.0,7,72.0,2.057142857142857,6.914772027060242,7,7,14.0,0.3046665703657841,5.616786971751238,6.914772027060242,7,14.0,0.9899999999999999
34185.0,7,107.0,3.057142857142857,8.370460772186979,7,7,107.0,0.4151475504572436,7.617805843593598,8.370460772186979,7,107.0,-0.93
34190.0,7,59.0,1.6857142857142857,6.495825763918484,7,7,59.0,0.2737621795537259,4.885545943118407,6.495825763918484,7,59.0,0.4800000000000001
34195.0,8,82.0,2.342857142857143,7.440623485291644,8,8,54.0,0.3150570864552583,5.871818853408504,7.440623485291644,8,54.0,0.04999999999999993
34200.0,7,116.0,3.3142857142857145,8.219993441912806,7,7,116.0,0.3720618582108679,6.858608563128151,8.219993441912806,7,116.0,-0.6199999999999999
34205.0,11,139.0,3.6578947368421053,7.021568830036171,11,11,139.0,0.2659113906736837,5.211920076685897,7.021568830036171,11,139.0,-0.22999999999999998
34210.0,11,194.0,5.542857142857143,7.629721074932906,11,11,173.0,0.3156538647420232,6.214230185357374,7.629721074932906,11,173.0,-0.3400000000000001
34215.0,14,253.0,6.837837837837838,6.554799692729361,14,14,253.0,0.22900904233297784,4.627450435077583,6.554799692729361,14,253.0,-0.7999999999999998
34220.0,11,269.0,7.472222222222222,7.491980349033373,11,11,269.0,0.2977943342204487,6.129572832704163,7.491980349033373,11,269.0,-0.16000000000000014
34225.0,14,314.0,8.051282051282051,6.740163759636057,14,14,300.0,0.2539404285762026,4.996883454449469,6.740163759636057,14,300.0,-0.31000000000000005
34230.0,12,374.0,10.38888888888889,7.501937378514332,12,12,374.0,0.33184074647339973,6.314360234083171,7.501937378514332,12,374.0,-0.7400000000000002
34235.0,9,269.0,7.911764705882353,7.083709073521014,9,9,269.0,0.31336292916326774,5.987206786068012,7.083709073521014,9,269.0,1.0500000000000003
34240.0,10,245.0,7.0,6.120183154534432,10,10,186.0,0.2561751968905963,4.809443921572156,6.120183154534432,10,186.0,0.8299999999999998
34245.0,9,289.0,8.5,6.982286910636406,9,9,288.0,0.30519952421802654,5.70990977267616,6.982286910636406,9,288.0,-1.0199999999999998
34250.0,11,161.0,4.472222222222222,5.751195514339724,11,11,161.0,0.21714189256242825,4.085807705032789,5.751195514339724,11,161.0,1.2699999999999998
34255.0,8,74.0,2.176470588235294,6.885213262783538,8,8,16.0,0.2996310021748513,5.727164871262082,6.885213262783538,8,16.0,1.4500000000000002
34260.0,8,114.0,3.4545454545454546,7.5670559679033005,8,8,114.0,0.3472604808337274,6.497675514688129,7.5670559679033005,8,114.0,-0.9799999999999999
34265.0,9,110.0,2.972972972972973,6.655715536630364,9,9,110.0,0.2745811752563033,5.338767426255047,6.655715536630364,9,110.0,0.039999999999999813
34270.0,8,119.0,3.2162162162162162,7.587172276137488,8,8,105.0,0.33818952673469393,6.265790817355544,7.587172276137488,8,105.0,0.050000000000000044
34275.0,10,164.0,4.1,7.411173439182821,10,10,164.0,0.33345143149901096,5.7817972524297305,7.411173439182821,10,164.0,-0.5899999999999999
34280.0,12,178.0,4.684210526315789,7.631057561786481,11,12,177.0,0.3498093021497653,6.523162615288,7.631057561786481,11,177.0,-0.13000000000000012
34285.0,15,233.0,5.825,6.5150176420381,15,15,196.0,0.2468993443817029,4.548099327918913,6.5150176420381,15,196.0,-0.18999999999999995
34290.0,14,302.0,7.947368421052632,6.956376705293566,14,14,302.0,0.2739257796214185,5.133853295773543,6.956376705293566,14,302.0,-1.06
34295.0,11,276.0,7.45945945945946,7.243909092571637,11,11,276.0,0.31639248536535824,5.981227136419009,7.243909092571637,11,276.0,0.26000000000000023
34300.0,10,255.0,6.538461538461538,6.639930650054159,10,10,227.0,0.2703053565397257,5.209413659858859,6.639930650054159,10,227.0,0.48999999999999977
34305.0,11,309.0,8.131578947368421,7.416429280988211,11,11,309.0,0.33165123676935215,6.244162230678923,7.416429280988211,11,309.0,-0.8199999999999998
34310.0,13,192.0,4.923076923076923,5.643509953396487,12,13,191.0,0.20857191018747173,3.977960745811406,5.643509953396487,12,191.0,1.18
34315.0,11,164.0,4.555555555555555,6.386819083965056,11,11,97.0,0.2563334809561248,5.014714246029165,6.386819083965056,11,97.0,0.94
34320.0,9,206.0,5.722222222222222,7.021538147254882,9,9,206.0,0.29553679475018296,5.581315456233878,7.021538147254882,9,206.0,-1.09
34325.0,12,132.0,3.3,6.190153893305873,12,12,132.0,0.23772681624520636,4.633050741421101,6.190153893305873,12,132.0,0.74
34330.0,10,137.0,3.5128205128205128,6.979134388007938,10,10,94.0,0.28835210993470534,5.562542746373908,6.979134388007938,10,94.0,0.3800000000000001
34335.0,12,191.0,5.162162162162162,6.489666211101773,12,12,191.0,0.25777028602283436,4.930030860661205,6.489666211101773,12,191.0,-0.97
34340.0,12,162.0,4.378378378378378,6.977297203816025,12,12,162.0,0.30591689602236044,5.765438573209415,6.977297203816025,12,162.0,0.2899999999999998
34345.0,14,188.0,4.7,6.354146323716892,14,14,160.0,0.2606094690850219,4.767057482668241,6.354146323716892,14,160.0,0.020000000000000018
34350.0,12,248.0,6.2,7.401813896450411,12,12,248.0,0.32985078282857516,6.016369238244102,7.401813896450411,12,248.0,-0.8799999999999999
34355.0,11,213.0,5.756756756756757,7.02246509006224,10,11,212.0,0.31740417971923063,5.958909427893501,7.02246509006224,10,212.0,0.3599999999999999
34360.0,11,157.0,4.131578947368421,5.973801737904327,11,11,128.0,0.2168939777727819,4.191442883998178,5.973801737904327,11,128.0,0.8400000000000001
34365.0,9,199.0,5.2368421052631575,7.320140128699913,9,9,199.0,0.3099961474300322,5.869463839617271,7.320140128699913,9,199.0,-0.71
34370.0,11,160.0,4.102564102564102,6.047349817723336,11,11,160.0,0.2440382377183184,4.700182606450393,6.047349817723336,11,160.0,0.3899999999999999
34375.0,10,169.0,4.447368421052632,6.587961209353596,10,10,141.0,0.25978201123720734,5.323054733394409,6.587961209353596,10,141.0,0.19000000000000017
34380.0,11,224.0,5.894736842105263,6.636736126840843,11,11,224.0,0.2539246659819961,5.013656067105332,6.636736126840843,11,224.0,-0.8300000000000003
34385.0,13,239.0,5.690476190476191,6.3623653871103425,13,13,239.0,0.23878538430787938,4.765902901000509,6.3623653871103425,13,239.0,-0.1499999999999999
34390.0,9,235.0,5.595238095238095,7.425512279678608,9,9,221.0,0.30259907406445075,5.973898932582109,7.425512279678608,9,221.0,0.18000000000000016
34395.0,10,282.0,6.409090909090909,7.229261341488193,10,10,282.0,0.2907428383120552,5.6501930571461,7.229261341488193,10,282.0,-0.6099999999999999
34400.0,11,292.0,7.487179487179487,7.448773382307634,11,11,292.0,0.3076128582068018,6.166922616499357,7.448773382307634,11,292.0,-0.10000000000000009
34405.0,12,337.0,8.425,6.810232551309737,12,12,324.0,0.23886871254751182,4.788804996348163,6.810232551309737,12,324.0,-0.3200000000000003
34410.0,12,397.0,10.447368421052632,7.518384472290978,12,12,397.0,0.30782085521812336,6.068679612328627,7.518384472290978,12,397.0,-0.73
34415.0,10,301.0,7.921052631578948,7.108400524540593,10,10,301.0,0.28964653169690985,5.62161169349833,7.108400524540593,10,301.0,0.9600000000000004
34420.0,10,277.0,6.925,6.75357170857788,10,10,219.0,0.2621846455032163,4.925876277634097,6.75357170857788,10,219.0,0.8199999999999998
34425.0,10,327.0,8.605263157894736,7.8925027805620145,10,10,327.0,0.34131048725778235,6.363331704385132,7.8925027805620145,10,327.0,-1.08
34430.0,10,287.0,7.0,6.766920632293408,10,10,287.0,0.23974482722389406,4.536694734114392,6.766920632293408,10,287.0,0.3999999999999999
34435.0,10,295.0,7.564102564102564,7.455184813980504,10,10,267.0,0.27454437538048465,5.437998251757905,7.455184813980504,10,267.0,0.20000000000000018
34440.0,9,339.0,9.416666666666666,7.700684189503865,9,9,339.0,0.31016908765126056,6.03246964471906,7.700684189503865,9,339.0,-0.7200000000000002
34445.0,11,140.0,3.58974358974359,6.649496271107708,11,11,140.0,0.24605499555523255,4.8034926346847024,6.649496271107708,11,140.0,1.9900000000000002
34450.0,12,200.0,5.2631578947368425,7.33094248687479,12,12,61.0,0.30886232282518994,5.773637605807537,7.33094248687479,12,61.0,0.7899999999999999
34455.0,15,265.0,6.794871794871795,6.422987355008843,15,15,265.0,0.2533147151443613,4.600523691602839,6.422987355008843,15,265.0,-2.04
34460.0,12,219.0,5.918918918918919,7.077588197402181,12,12,219.0,0.3020894885891512,5.825692011487046,7.077588197402181,12,219.0,0.45999999999999996
34465.0,14,248.0,6.358974358974359,6.151715773750439,14,14,204.0,0.2536348332560633,4.621686852162937,6.151715773750439,14,204.0,0.1499999999999999
34470.0,12,308.0,8.105263157894736,7.0327243931172765,12,12,308.0,0.3243157859676335,5.884411374316697,7.0327243931172765,12,308.0,-1.04
34475.0,10,231.0,6.243243243243243,7.357671096336303,10,10,231.0,0.34907624594416836,6.501570942261865,7.357671096336303,10,231.0,0.77
34480.0,10,205.0,5.125,6.700807028728522,10,10,162.0,0.26229610997378655,5.044294034055757,6.700807028728522,10,162.0,0.69
34485.0,10,255.0,6.891891891891892,7.821252065666238,10,10,255.0,0.35839254167199136,6.694615167678549,7.821252065666238,10,255.0,-0.9299999999999997
34490.0,11,168.0,4.3076923076923075,6.3223911815479035,11,11,168.0,0.24996523214858588,4.587163547449849,6.3223911815479035,11,168.0,0.8699999999999999
34495.0,8,81.0,2.076923076923077,7.318841154037587,8,8,37.0,0.2972391753071179,5.6164207120177165,7.318841154037587,8,37.0,1.31
34500.0,7,115.0,3.108108108108108,7.2856739173501035,7,7,115.0,0.3126206481843681,5.4273782256554295,7.2856739173501035,7,115.0,-0.7799999999999999
34505.0,9,157.0,3.8292682926829267,7.306146886342893,9,9,157.0,0.32391717259718367,5.539130145043745,7.306146886342893,9,157.0,-0.42000000000000015
34510.0,9,144.0,3.6923076923076925,7.711367826662588,9,9,144.0,0.3480684691081257,6.148035794113444,7.711367826662588,9,144.0,0.13000000000000012
34515.0,9,176.0,4.512820512820513,7.427030376238792,9,9,158.0,0.3213347504807164,5.7125224192571205,7.427030376238792,9,158.0,-0.14000000000000012
34520.0,10,225.0,5.769230769230769,8.213080356528033,10,10,225.0,0.3766887808251553,6.665851203447262,8.213080356528033,10,225.0,-0.6699999999999999
34525.0,12,226.0,5.794871794871795,7.207872273181142,11,12,225.0,0.31335553163433355,5.646486890657626,7.207872273181142,11,225.0,0.0
34530.0,9,254.0,6.684210526315789,7.454182906947013,9,9,241.0,0.3109951499169608,5.748037386027741,7.454182906947013,9,241.0,-0.16000000000000014
34535.0,8,292.0,8.342857142857143,8.193215884369485,8,8,292.0,0.3913132378805551,7.1272015417648245,8.193215884369485,8,292.0,-0.5099999999999998
34540.0,10,166.0,4.368421052631579,6.553390123784558,10,10,166.0,0.26300993901690134,4.837966873796744,6.553390123784558,10,166.0,1.26
34545.0,7,118.0,3.2777777777777777,7.415742362493213,7,7,55.0,0.3335088721216169,6.237137073516073,7.415742362493213,7,55.0,1.1099999999999999
34550.0,8,154.0,3.948717948717949,6.954672893729957,8,8,154.0,0.2982190699325588,5.38427067380952,6.954672893729957,8,154.0,-0.99
34555.0,9,149.0,3.8205128205128207,7.117858926937392,9,9,149.0,0.3147112934109545,5.668504326974062,7.117858926937392,9,149.0,0.050000000000000044
34560.0,9,188.0,5.222222222222222,7.452228687563094,9,9,174.0,0.3433876132549083,6.034013800566933,7.452228687563094,9,174.0,-0.25
34565.0,11,240.0,6.486486486486487,6.845272613636993,11,11,240.0,0.29760265534968483,5.209493760452502,6.845272613636993,11,240.0,-0.6599999999999999
34570.0,9,245.0,6.621621621621622,7.522605998634961,8,9,244.0,0.3397669928414123,6.380775354385172,7.522605998634961,8,244.0,-0.040000000000000036
34575.0,9,255.0,6.891891891891892,6.9238751508216545,9,9,242.0,0.27460965011008526,5.2866209990470905,6.9238751508216545,9,242.0,0.020000000000000018
34580.0,8,290.0,7.837837837837838,8.01013106642899,8,8,290.0,0.3662479379573645,6.980078252384036,8.01013106642899,8,290.0,-0.48
34585.0,12,206.0,5.282051282051282,6.418987098429386,12,12,206.0,0.26148671266814844,4.881379540286822,6.418987098429386,12,206.0,0.8399999999999999
34590.0,8,209.0,5.648648648648648,7.543714869174451,8,8,158.0,0.35881785764591667,6.457747355193201,7.543714869174451,8,158.0,0.48
34595.0,8,249.0,6.916666666666667,8.552694131662923,8,8,249.0,0.439502951323509,7.83430654827496,8.552694131662923,8,249.0,-0.9100000000000001
34600.0,10,113.0,2.973684210526316,6.758575006880636,10,10,113.0,0.2886404738821096,5.2058820928861715,6.758575006880636,10,113.0,1.3600000000000003
34605.0,10,163.0,4.527777777777778,7.51379031357525,10,10,47.0,0.34940683161096586,6.364467786772742,7.51379031357525,10,47.0,0.6599999999999999
34610.0,11,214.0,5.631578947368421,6.572729538558723,11,11,214.0,0.27004479434229905,4.86788100212214,6.572729538558723,11,214.0,-1.6700000000000002
34615.0,10,193.0,5.078947368421052,7.054217278798705,10,10,193.0,0.28349202353459446,5.485449572357497,7.054217278798705,10,193.0,0.2100000000000002
34620.0,9,232.0,6.444444444444445,7.567764217745812,9,9,199.0,0.3284429872047692,6.127236232630553,7.567764217745812,9,199.0,-0.06000000000000005
34625.0,11,284.0,7.675675675675675,7.04133131010407,11,11,284.0,0.29853278381441745,5.575504114133917,7.04133131010407,11,284.0,-0.8499999999999999
34630.0,9,196.0,5.297297297297297,7.490821256990061,8,9,195.0,0.32964737067404065,6.437920854148913,7.490821256990061,8,195.0,0.8899999999999999
34635.0,7,115.0,3.026315789473684,6.835810695094969,7,7,71.0,0.26143345825580105,5.120688248355503,6.835810695094969,7,71.0,1.24
34640.0,6,142.0,3.8378378378378377,7.972722233406763,6,6,142.0,0.37045247215253757,7.035154363980973,7.972722233406763,6,142.0,-0.71
34645.0,10,55.0,1.375,6.632306796754665,10,10,55.0,0.2776767360065889,5.2425442652178225,6.632306796754665,10,55.0,0.8699999999999999
34650.0,8,58.0,1.4871794871794872,7.644613933619551,8,8,15.0,0.3487297367543061,6.504999178530116,7.644613933619551,8,15.0,0.4
34655.0,8,98.0,2.7222222222222223,8.413341907483579,8,8,98.0,0.4108445724286898,7.496459372575905,8.413341907483579,8,98.0,-0.83
34660.0,10,94.0,2.6857142857142855,6.46408542865279,10,10,94.0,0.28056052592409697,5.133923459574824,6.46408542865279,10,94.0,0.040000000000000036
34665.0,6,76.0,2.1714285714285713,7.814089849492942,6,6,62.0,0.3656482959635253,6.695825628316953,7.814089849492942,6,62.0,0.31999999999999995
34670.0,7,107.0,2.8157894736842106,7.589682559831722,7,7,107.0,0.3520861523723714,6.1460474184897675,7.589682559831722,7,107.0,-0.45000000000000007
34675.0,8,66.0,1.736842105263158,7.5376368791544275,8,8,66.0,0.3335199473008558,6.041625056024008,7.5376368791544275,8,66.0,0.41000000000000003
34680.0,7,95.0,2.638888888888889,8.232191079906773,7,7,60.0,0.3847974683535992,6.87807683975674,8.232191079906773,7,60.0,0.06000000000000005
34685.0,8,134.0,3.6216216216216215,7.732999112698085,8,8,134.0,0.3435038685457561,6.095246646611536,7.732999112698085,8,134.0,-0.7400000000000001
34690.0,6,128.0,3.5555555555555554,8.372471796238386,6,6,128.0,0.3975484743432084,7.441604905080095,8.372471796238386,6,128.0,0.06000000000000005
34695.0,8,146.0,3.945945945945946,7.328980444720064,8,8,133.0,0.29287627646568426,5.449725138834405,7.328980444720064,8,133.0,-0.050000000000000044
34700.0,7,181.0,5.027777777777778,8.425628841393674,7,7,181.0,0.39560029752800385,7.31476788264389,8.425628841393674,7,181.0,-0.48
34705.0,8,93.0,2.4473684210526314,7.686491455249801,8,8,93.0,0.3342378200219842,6.2794956678424425,7.686491455249801,8,93.0,0.88
34710.0,4,81.0,2.189189189189189,8.679005579163755,4,4,38.0,0.411976951285674,7.736168951260924,8.679005579163755,4,38.0,0.55
34715.0,5,106.0,3.1176470588235294,9.494152695318702,5,5,106.0,0.49748495060297976,8.98682991318427,9.494152695318702,5,106.0,-0.68
34720.0,8,135.0,3.75,7.794762141623796,8,8,135.0,0.3514658570939873,6.140399597518184,7.794762141623796,8,135.0,-0.29000000000000004
34725.0,6,101.0,2.8857142857142857,8.556462024738618,6,6,101.0,0.40285616941757707,7.460031380288601,8.556462024738618,6,101.0,0.3400000000000001
34730.0,7,132.0,3.5675675675675675,7.812005299694323,7,7,70.0,0.3192752728766471,5.794450782200499,7.812005299694323,7,70.0,0.31000000000000005
34735.0,9,174.0,5.117647058823529,7.920599115569052,9,9,174.0,0.34750799997823234,6.355305322185585,7.920599115569052,9,174.0,-1.04
34740.0,6,125.0,3.90625,8.360376263408522,6,6,125.0,0.38345065172513093,7.207251984400604,8.360376263408522,6,125.0,0.49
34745.0,7,143.0,4.205882352941177,7.58297602297075,7,7,109.0,0.33264918255997117,6.106353515994507,7.58297602297075,7,109.0,0.15999999999999992
34750.0,7,178.0,5.235294117647059,8.599316683428407,7,7,178.0,0.42647120099087943,7.621994876859705,8.599316683428407,7,178.0,-0.69
34755.0,6,75.0,2.2058823529411766,7.024887525784268,6,6,75.0,0.3176648925183789,5.683205073933003,7.024887525784268,6,75.0,1.03
34760.0,4,56.0,1.75,8.562302111000887,4,4,0.0,0.44625923589330685,7.941116844738437,8.562302111000887,4,0.0,0.75
34765.0,7,76.0,2.1714285714285713,8.361588275217805,7,7,76.0,0.43226373222929193,7.556101409730921,8.361588275217805,7,76.0,-0.76
34770.0,5,27.0,0.7941176470588235,8.228148649403508,5,5,27.0,0.4036222917140291,7.561028479756879,8.228148649403508,5,27.0,0.49
34775.0,4,43.0,1.2647058823529411,9.129143282857926,4,4,11.0,0.48534007365441395,8.906225611917218,9.129143282857926,4,11.0,0.16000000000000003
34780.0,7,68.0,2.0606060606060606,7.971387378485819,7,7,68.0,0.393054452064662,6.887230064089318,7.971387378485819,7,68.0,-0.5700000000000001
34785.0,7,99.0,3.193548387096774,8.240766476315935,7,7,99.0,0.394193722070503,7.528576077774211,8.240766476315935,7,99.0,-0.30999999999999994
34790.0,8,135.0,3.9705882352941178,7.1961033004578745,8,8,135.0,0.2871727660364085,5.35882938823673,7.1961033004578745,8,135.0,-0.3600000000000001
34795.0,10,183.0,5.382352941176471,7.561323630146073,10,10,183.0,0.3102137669362718,5.836652792543959,7.561323630146073,10,183.0,-0.48
34800.0,7,145.0,4.53125,7.609453513960162,7,7,145.0,0.32845845080167163,6.215463943457272,7.609453513960162,7,145.0,0.3800000000000001
34805.0,8,169.0,4.970588235294118,7.218001886218237,8,8,141.0,0.321966930581599,5.898800533187972,7.218001886218237,8,141.0,0.040000000000000036
34810.0,8,209.0,6.53125,8.079912958504563,8,8,209.0,0.4167978229484427,7.391486575513322,8.079912958504563,8,209.0,-0.6799999999999999
34815.0,8,108.0,3.085714285714286,7.031346511261553,7,8,107.0,0.33118590114684426,5.969877091457966,7.031346511261553,7,107.0,1.0199999999999998
34820.0,7,93.0,2.657142857142857,7.9168732675430356,7,7,38.0,0.3683542542955955,6.601052607665457,7.9168732675430356,7,38.0,0.6900000000000001
34825.0,7,115.0,3.1944444444444446,7.978819709783344,7,7,115.0,0.38481564169051113,6.757336284468426,7.978819709783344,7,115.0,-0.7699999999999999
34830.0,8,45.0,1.40625,7.210405441489263,8,8,45.0,0.35011504824540224,6.328213512855487,7.210405441489263,8,45.0,0.7
34835.0,6,53.0,1.7666666666666666,8.386275297922424,6,6,12.0,0.4423715906436641,7.9248282333993005,8.386275297922424,6,12.0,0.33
34840.0,8,86.0,2.6875,7.232026222895848,8,8,86.0,0.33672124403334297,6.030381259056586,7.232026222895848,8,86.0,-0.74
34845.0,7,80.0,2.5,7.652278714534895,7,7,80.0,0.3655930901424156,6.766306861859434,7.652278714534895,7,80.0,0.05999999999999994
34850.0,6,83.0,2.3714285714285714,7.304726004472425,6,6,69.0,0.34400032653079554,6.116330329508507,7.304726004472425,6,69.0,0.1100000000000001
34855.0,7,114.0,3.3529411764705883,8.104041386030012,7,7,114.0,0.4037939374014895,7.3044328840684,8.104041386030012,7,114.0,-0.44999999999999996
34860.0,5,59.0,1.7352941176470589,7.902217071062823,5,5,59.0,0.3790780887879437,7.206875872166289,7.902217071062823,5,59.0,0.5499999999999999
34865.0,6,73.0,2.1470588235294117,7.490746772661215,6,6,36.0,0.34676531281569756,6.528176255015058,7.490746772661215,6,36.0,0.22999999999999998
34870.0,6,103.0,3.0294117647058822,8.390087764949325,6,6,103.0,0.42216643754885474,7.777017984144329,8.390087764949325,6,103.0,-0.67
34875.0,7,100.0,2.7777777777777777,7.598665503769616,7,7,100.0,0.3422395145509423,6.6931174388236485,7.598665503769616,7,100.0,0.030000000000000027
34880.0,8,137.0,3.914285714285714,8.280343798002534,8,8,106.0,0.3756333675680047,7.490817719363162,8.280343798002534,8,106.0,-0.06000000000000005
34885.0,12,178.0,4.8108108108108105,6.867172820352768,12,12,178.0,0.26754157174277265,5.202693280227852,6.867172820352768,12,178.0,-0.72
34890.0,9,216.0,5.837837837837838,7.6230618314009435,9,9,216.0,0.3318535552270404,6.547964196006933,7.6230618314009435,9,216.0,-0.3800000000000001
34895.0,9,261.0,7.054054054054054,7.98992279731252,9,9,254.0,0.3757764780237453,7.021612396538306,7.98992279731252,9,254.0,-0.3799999999999999
34900.0,11,312.0,8.0,7.474666835279258,11,11,312.0,0.35022326925846786,6.302483563532459,7.474666835279258,11,312.0,-0.5800000000000001
34905.0,12,368.0,10.222222222222221,7.392452936235074,12,12,368.0,0.3221683639224378,5.993226108980166,7.392452936235074,12,368.0,-0.56
34910.0,11,295.0,8.676470588235293,5.810084867938197,11,11,295.0,0.222483160408944,4.1168935368712765,5.810084867938197,11,295.0,0.73
34915.0,9,301.0,9.40625,6.547834987646574,9,9,253.0,0.3097451206440293,5.627903926616903,6.547834987646574,9,253.0,0.4200000000000004
34920.0,9,346.0,10.8125,7.294932266329921,9,9,346.0,0.36459235645154126,6.484246219163239,7.294932266329921,9,346.0,-0.9300000000000002
34925.0,10,183.0,5.228571428571429,6.146755499121885,10,10,183.0,0.27362848286230906,5.02374691160943,6.146755499121885,10,183.0,1.63
34930.0,5,69.0,2.090909090909091,7.569374056556119,5,5,-9.0,0.3658602716637059,6.6536314354007295,7.569374056556119,5,-9.0,1.9200000000000002
34935.0,6,95.0,2.7941176470588234,7.284392021120178,6,6,95.0,0.3585109673966573,6.238116673606587,7.284392021120178,6,95.0,-1.04
34940.0,7,96.0,2.823529411764706,7.841641216778286,7,7,96.0,0.38451955626940537,7.034518778760147,7.841641216778286,7,96.0,-0.010000000000000009
34945.0,11,136.0,3.675675675675676,7.475047213186255,11,11,123.0,0.35230202787249865,6.277851136155473,7.475047213186255,11,123.0,-0.27
34950.0,9,181.0,4.891891891891892,7.701975541387122,9,9,181.0,0.37562477942465156,6.380481026120818,7.701975541387122,9,181.0,-0.5800000000000001
34955.0,7,180.0,5.0,8.23448887034331,7,7,180.0,0.41799148969304367,7.389753903053159,8.23448887034331,7,180.0,0.010000000000000009
34960.0,6,186.0,5.027027027027027,7.511049000567093,6,6,173.0,0.3148873781051955,5.8294780488739155,7.511049000567093,6,173.0,0.07000000000000006
34965.0,8,225.0,6.25,8.39364720647267,8,8,225.0,0.3975825726893397,7.295879703856028,8.39364720647267,8,225.0,-0.52
34970.0,9,259.0,7.194444444444445,6.66911325869432,9,9,259.0,0.26344527194744277,5.088994915866874,6.66911325869432,9,259.0,-0.33999999999999986
34975.0,10,309.0,8.82857142857143,7.457580873617791,10,10,305.0,0.3210248331044361,6.072514515185505,7.457580873617791,10,305.0,-0.45999999999999996
34980.0,10,359.0,10.558823529411764,7.568358815657446,10,10,359.0,0.32969461301444075,6.086248929528462,7.568358815657446,10,359.0,-0.54
34985.0,11,312.0,8.210526315789474,6.851256188804221,11,11,312.0,0.26095366453336,5.2044063298885215,6.851256188804221,11,312.0,0.46999999999999975
34990.0,11,367.0,9.657894736842104,7.391024730775449,11,11,291.0,0.3154010029281593,5.967508179489691,7.391024730775449,11,291.0,0.20999999999999996
34995.0,14,427.0,10.948717948717949,6.235469183397972,14,14,427.0,0.25102578200702225,4.594601152844885,6.235469183397972,14,427.0,-1.3599999999999994
35000.0,11,416.0,11.885714285714286,6.9641837163783675,11,11,416.0,0.2994813931094201,5.897913097842855,6.9641837163783675,11,416.0,0.10999999999999943
35005.0,13,460.0,12.777777777777779,6.487462799279679,13,13,432.0,0.27938051322438695,5.415099845265202,6.487462799279679,13,432.0,-0.16000000000000014
35010.0,12,518.0,15.235294117647058,6.95881040762578,12,12,518.0,0.3255486752433099,6.250567175401084,6.95881040762578,12,518.0,-0.8599999999999994
35015.0,9,518.0,15.235294117647058,6.8551843166109405,9,9,518.0,0.30191154591445346,6.140073996067776,6.8551843166109405,9,518.0,0.0
35020.0,12,571.0,15.432432432432432,6.418709036559601,12,12,545.0,0.2530449092511688,5.091113653973204,6.418709036559601,12,545.0,-0.27000000000000046
35025.0,12,631.0,17.054054054054053,7.233089404757213,12,12,631.0,0.299707706637849,5.884999309851966,7.233089404757213,12,631.0,-0.8599999999999994
35030.0,11,370.0,9.736842105263158,6.332503844565,11,11,370.0,0.22213252911305173,4.558701131565054,6.332503844565,11,370.0,2.6099999999999994
35035.0,7,100.0,2.857142857142857,7.441855745021932,7,7,-15.0,0.30480814586833693,6.076055094587907,7.441855745021932,7,-15.0,3.85
35040.0,4,62.0,1.8235294117647058,7.966840434200838,4,4,62.0,0.3616358983013562,6.849683061261126,7.966840434200838,4,62.0,-0.77
35045.0,6,89.0,2.3421052631578947,7.9985463218143655,6,6,89.0,0.3608788668573954,6.863580642612548,7.9985463218143655,6,89.0,-0.27
35050.0,6,119.0,3.2162162162162162,9.050589987104763,6,6,119.0,0.4384323608216077,7.994861841053868,9.050589987104763,6,119.0,-0.29999999999999993
35055.0,8,118.0,2.95,7.190072314809124,8,8,118.0,0.2769373832782606,5.399136861619674,7.190072314809124,8,118.0,0.010000000000000009
35060.0,9,163.0,4.405405405405405,8.025390123450409,9,9,132.0,0.35567292387671046,6.790588127122609,8.025390123450409,9,132.0,-0.14000000000000012
35065.0,12,208.0,5.473684210526316,7.168799750341883,12,12,208.0,0.29239114975099684,5.597251831599777,7.168799750341883,12,208.0,-0.76
35070.0,9,146.0,3.8421052631578947,7.955606233054114,9,9,146.0,0.32460184362942873,6.405340979038569,7.955606233054114,9,146.0,0.6200000000000001
35075.0,7,160.0,4.324324324324325,8.456488851884526,7,7,113.0,0.37514263428564754,7.138027332863456,8.456488851884526,7,113.0,0.33000000000000007
35080.0,10,201.0,5.4324324324324325,7.34260019238373,10,10,201.0,0.3046886698786571,5.6655110690215364,7.34260019238373,10,201.0,-0.8799999999999999
35085.0,8,172.0,4.914285714285715,7.575721666576097,8,8,172.0,0.3494246360171438,6.494583068376118,7.575721666576097,8,172.0,0.2899999999999998
35090.0,8,203.0,5.486486486486487,6.658953132807272,8,8,176.0,0.25589243025571157,4.719557243286676,6.658953132807272,8,176.0,-0.040000000000000036
35095.0,9,248.0,6.888888888888889,7.5924038630467265,9,9,248.0,0.33904931244548914,6.083422373204661,7.5924038630467265,9,248.0,-0.72
35100.0,10,278.0,7.722222222222222,7.241421578958622,10,10,278.0,0.3058390222873052,5.486394855067449,7.241421578958622,10,278.0,-0.2999999999999998
35105.0,13,339.0,9.162162162162161,6.50918397569938,13,13,322.0,0.25492513797777455,4.493914324971308,6.50918397569938,13,322.0,-0.4400000000000004
35110.0,13,404.0,11.542857142857143,6.961919079753121,13,13,404.0,0.287890595338053,5.086985471486105,6.961919079753121,13,404.0,-0.8199999999999998
35115.0,11,253.0,7.228571428571429,6.621646859431926,11,11,253.0,0.28034582505145855,5.096971489528244,6.621646859431926,11,253.0,1.5100000000000002
35120.0,8,158.0,4.514285714285714,7.484834094203508,8,8,78.0,0.327260023966057,6.126884636911516,7.484834094203508,8,78.0,1.7499999999999998
35125.0,10,198.0,5.5,7.392954042444915,10,10,198.0,0.33378620219416855,6.092618275603576,7.392954042444915,10,198.0,-1.2
35130.0,10,154.0,4.4,6.9535345690479735,10,10,154.0,0.3052613983669751,5.763502301881779,6.9535345690479735,10,154.0,0.43999999999999995
35135.0,9,184.0,5.411764705882353,8.03794584538101,9,9,155.0,0.3740048958210347,6.882820549362796,8.03794584538101,9,155.0,-0.010000000000000009
35140.0,11,234.0,6.685714285714286,6.9437300751187925,11,11,234.0,0.31601514447393086,5.612725674734808,6.9437300751187925,11,234.0,-0.7899999999999998
35145.0,10,245.0,7.205882352941177,7.050620728610248,10,10,245.0,0.3007363005267435,5.874397410160892,7.050620728610248,10,245.0,-0.11000000000000032
35150.0,9,263.0,7.108108108108108,6.024819578707039,9,9,250.0,0.2174924060135686,4.327407749219059,6.024819578707039,9,250.0,-0.04999999999999982
35155.0,10,312.0,8.914285714285715,6.97420482716631,10,10,311.0,0.27890930429807836,5.618993367645078,6.97420482716631,10,311.0,-0.6099999999999999
35160.0,10,165.0,4.714285714285714,6.738632644311471,10,10,165.0,0.26937455584963726,5.280228278821907,6.738632644311471,10,165.0,1.46
35165.0,8,91.0,2.3333333333333335,7.088105063300721,8,8,18.0,0.28788335728163433,5.660191418385308,7.088105063300721,8,18.0,1.47
35170.0,8,131.0,3.5405405405405403,7.624404202125879,8,8,131.0,0.35568599347357105,6.519787098909227,7.624404202125879,8,131.0,-1.1300000000000001
35175.0,10,128.0,3.2,6.511232775591045,10,10,128.0,0.27240489808178997,4.896959249595957,6.511232775591045,10,128.0,0.030000000000000027
35180.0,9,159.0,4.184210526315789,7.80446862988331,9,9,145.0,0.35683629226781377,6.6094315856457,7.80446862988331,9,145.0,-0.16999999999999993
35185.0,12,204.0,5.1,7.5642507618647175,12,12,204.0,0.3438461981199859,6.130169877394363,7.5642507618647175,12,204.0,-0.5900000000000001
35190.0,9,142.0,3.641025641025641,7.570625765970892,9,9,142.0,0.3283137491878105,6.280835876692328,7.570625765970892,9,142.0,0.6200000000000001
35195.0,7,158.0,4.157894736842105,8.485517125530828,7,7,115.0,0.3900003775782936,7.356206180235174,8.485517125530828,7,115.0,0.27
35200.0,10,198.0,5.2105263157894735,7.4891296317551275,10,10,198.0,0.3046355423716619,5.739221458575497,7.4891296317551275,10,198.0,-0.8300000000000001
35205.0,10,248.0,6.526315789473684,8.055364411595038,10,10,248.0,0.33612845554971954,6.494515411504862,8.055364411595038,10,248.0,-0.5
35210.0,8,188.0,4.947368421052632,7.208870015704886,8,8,188.0,0.2597623105646202,4.924075739843543,7.208870015704886,8,188.0,0.6000000000000001
35215.0,6,145.0,4.027777777777778,7.966380938198889,6,6,112.0,0.36064695346099046,6.639072380580943,7.966380938198889,6,112.0,0.7599999999999998
35220.0,6,175.0,5.0,8.222738328110296,6,6,175.0,0.4034482975419068,7.072102574891481,8.222738328110296,6,175.0,-0.6299999999999999
35225.0,9,106.0,2.717948717948718,7.10846846982653,9,9,106.0,0.29477370770224565,5.363247209696894,7.10846846982653,9,106.0,0.69
35230.0,9,151.0,4.194444444444445,7.878418505168682,9,9,72.0,0.3709338613113048,6.795004444087539,7.878418505168682,9,72.0,0.3400000000000001
35235.0,10,197.0,5.324324324324325,6.943519850269245,10,10,197.0,0.28908762687752354,5.387396314594596,6.943519850269245,10,197.0,-1.25
35240.0,9,206.0,5.5675675675675675,7.897372337422637,9,9,206.0,0.3484675904625833,6.723117177101756,7.897372337422637,9,206.0,-0.09000000000000008
35245.0,11,241.0,6.342105263157895,7.122249662140143,11,11,228.0,0.31235927851712353,5.656619170284098,7.122249662140143,11,228.0,-0.21999999999999975
35250.0,10,290.0,8.055555555555555,7.643068214337796,10,10,290.0,0.3734829040498585,6.555683993942261,7.643068214337796,10,290.0,-0.6200000000000001
35255.0,10,340.0,10.0,7.6108603628392055,10,10,340.0,0.36394025686018855,6.6536483214672995,7.6108603628392055,10,340.0,-0.5
35260.0,12,396.0,10.702702702702704,6.517123156229045,12,12,396.0,0.2566314134290285,4.748401924837384,6.517123156229045,12,396.0,-0.56
35265.0,13,460.0,13.142857142857142,7.077888103067649,13,13,460.0,0.29151642810981077,5.515973020536373,7.077888103067649,13,460.0,-0.6399999999999997
35270.0,12,313.0,8.236842105263158,6.082180614089257,12,12,313.0,0.2063390993042805,4.123791942246624,6.082180614089257,12,313.0,1.4699999999999998
35275.0,8,228.0,6.514285714285714,7.2044839919049775,8,8,150.0,0.3116516365315072,5.951320465045209,7.2044839919049775,8,150.0,1.63
35280.0,8,268.0,8.375,7.1841730074657395,8,8,268.0,0.33735909885701515,6.160947862942282,7.1841730074657395,8,268.0,-1.1800000000000002
35285.0,13,322.0,9.2,6.060806275756317,13,13,322.0,0.2590951186341774,4.80876903375948,6.060806275756317,13,322.0,-0.54
35290.0,14,392.0,11.2,6.666859919155139,14,14,392.0,0.27021633867746986,5.187628474630121,6.666859919155139,14,392.0,-0.6999999999999997
35295.0,17,468.0,12.31578947368421,5.715886368136335,17,17,468.0,0.2013551054226465,3.864887760164293,5.715886368136335,17,468.0,-0.7599999999999998
35300.0,14,466.0,12.594594594594595,6.467634835038075,14,14,466.0,0.2700589024429455,5.17242996313512,6.467634835038075,14,466.0,0.019999999999999574
35305.0,16,526.0,14.216216216216216,5.96063638568845,16,16,492.0,0.26243051074685264,4.758315205792102,5.96063638568845,16,492.0,-0.2599999999999998
35310.0,15,601.0,16.694444444444443,6.4230650724531095,15,15,601.0,0.30381427604474404,5.4669497673072,6.4230650724531095,15,601.0,-1.0899999999999999
35315.0,13,400.0,11.428571428571429,6.197491537466663,12,13,399.0,0.2896022456364312,5.368948872110235,6.197491537466663,12,399.0,2.0199999999999996
35320.0,13,217.0,5.7105263157894735,5.348271234776791,13,13,117.0,0.20604601842857867,3.8294145170616636,5.348271234776791,13,117.0,2.8200000000000003
35325.0,10,241.0,6.342105263157895,6.60067260718022,10,10,241.0,0.2938614297345899,5.346451735237378,6.60067260718022,10,241.0,-1.2400000000000002
35330.0,10,153.0,3.923076923076923,5.565991470085309,10,10,153.0,0.22821278941673123,4.248141743810633,5.565991470085309,10,153.0,0.8800000000000001
35335.0,11,83.0,2.2432432432432434,5.866894590879989,11,11,40.0,0.2531768769532655,4.818672836894485,5.866894590879989,11,40.0,1.13
35340.0,11,138.0,3.8333333333333335,6.08381343557354,11,11,138.0,0.26875691215913533,4.891978070308496,6.08381343557354,11,138.0,-0.9799999999999999
35345.0,13,153.0,3.825,5.578102901275377,13,13,153.0,0.2359061310260324,4.297486995624825,5.578102901275377,13,153.0,-0.15000000000000013
35350.0,10,132.0,3.3,6.710408848730909,10,10,118.0,0.30062603520238007,5.439292176270955,6.710408848730909,10,118.0,0.3500000000000001
35355.0,11,169.0,3.9302325581395348,6.738603616589008,11,11,169.0,0.2948888428784865,5.287356516107988,6.738603616589008,11,169.0,-0.51
35360.0,11,179.0,4.162790697674419,7.199893891300283,11,11,179.0,0.3065050480977619,5.745191339664203,7.199893891300283,11,179.0,-0.10000000000000009
35365.0,12,193.0,4.595238095238095,6.83001505297948,12,12,180.0,0.2706969093939859,5.117715111066861,6.83001505297948,12,180.0,-0.010000000000000009
35370.0,12,249.0,6.073170731707317,7.1553672881296215,12,12,249.0,0.3013454288019022,5.65248367759941,7.1553672881296215,12,249.0,-0.6900000000000002
35375.0,12,267.0,6.675,6.829380864994005,12,12,267.0,0.27889690154012003,5.450325411062754,6.829380864994005,12,267.0,-0.17999999999999972
35380.0,12,279.0,6.642857142857143,6.4952777756554685,12,12,266.0,0.24909591946629694,4.778291184041045,6.4952777756554685,12,266.0,0.009999999999999787
35385.0,12,339.0,8.268292682926829,7.535174783200682,12,12,339.0,0.3080456739541498,5.917323385860066,7.535174783200682,12,339.0,-0.73
35390.0,14,323.0,7.511627906976744,6.128024035653549,14,14,323.0,0.19138011635409274,3.848860330477417,6.128024035653549,14,323.0,0.16000000000000014
35395.0,15,398.0,9.476190476190476,7.15921040118491,15,15,331.0,0.2555493003165845,5.156928011524666,7.15921040118491,15,331.0,-0.08000000000000007
35400.0,15,473.0,11.825,6.621555584520317,15,15,473.0,0.23097971893695168,4.5333368781425305,6.621555584520317,15,473.0,-1.4200000000000004
35405.0,15,335.0,7.976190476190476,6.057543456818011,15,15,335.0,0.2015671415400527,4.094694662923968,6.057543456818011,15,335.0,1.3800000000000003
35410.0,10,248.0,6.358974358974359,6.764774465782504,10,10,166.0,0.27083972747736995,5.294139207454844,6.764774465782504,10,166.0,1.6900000000000002
35415.0,12,302.0,7.55,6.50026234546412,12,12,302.0,0.2756082090896658,5.2784827586206715,6.50026234546412,12,302.0,-1.36
35420.0,12,224.0,5.6,6.853115976303263,12,12,224.0,0.29541680191696557,5.711003897113972,6.853115976303263,12,224.0,0.7799999999999998
35425.0,14,173.0,4.023255813953488,6.285702456950933,14,14,129.0,0.2427108195483205,4.441004388003923,6.285702456950933,14,129.0,0.9500000000000002
35430.0,11,228.0,5.3023255813953485,7.637063671348087,11,11,228.0,0.34148706049395916,6.185448064071363,7.637063671348087,11,228.0,-0.9899999999999998
35435.0,11,283.0,6.902439024390244,7.955370357052486,11,11,283.0,0.35689351475140957,6.542050883814439,7.955370357052486,11,283.0,-0.5500000000000003
35440.0,11,189.0,4.725,6.866249854898197,11,11,189.0,0.2724761319775604,5.118411620506782,6.866249854898197,11,189.0,0.9400000000000002
35445.0,8,145.0,3.918918918918919,7.568831654081756,8,8,97.0,0.340328139025242,6.355394644733477,7.568831654081756,8,97.0,0.9199999999999999
35450.0,9,186.0,4.65,7.150976553332259,9,9,186.0,0.3017483221865713,5.467268038361377,7.150976553332259,9,186.0,-0.8900000000000001
35455.0,10,131.0,3.275,7.536847686740498,10,10,131.0,0.3057319094371843,5.748184241699189,7.536847686740498,10,131.0,0.55
35460.0,6,72.0,1.8461538461538463,7.7837707619916205,6,6,39.0,0.32883567742806674,5.867680965793737,7.7837707619916205,6,39.0,0.92
35465.0,8,108.0,2.5714285714285716,7.8229935617066095,8,8,108.0,0.34304873755793547,6.054495732895282,7.8229935617066095,8,108.0,-0.6900000000000001
35470.0,8,103.0,2.575,7.889394298235605,8,8,103.0,0.3538442126071763,6.402019224167785,7.889394298235605,8,103.0,0.050000000000000044
35475.0,8,131.0,3.1951219512195124,7.154170429449122,8,8,118.0,0.2801723856567723,5.285377400298475,7.154170429449122,8,118.0,-0.1499999999999999
35480.0,9,173.0,4.219512195121951,8.106969077146584,9,9,173.0,0.34318291488232355,6.540349441399046,8.106969077146584,9,173.0,-0.55
35485.0,10,120.0,2.926829268292683,7.591954646206933,10,10,120.0,0.30352146833189986,5.976449587073234,7.591954646206933,10,120.0,0.53
35490.0,9,153.0,3.923076923076923,7.661897188039859,9,9,111.0,0.29744626838383387,6.156691127408127,7.661897188039859,9,111.0,0.08999999999999986
35495.0,9,198.0,5.5,7.5263009934158775,9,9,198.0,0.3054127424640056,6.019104817820624,7.5263009934158775,9,198.0,-0.8699999999999999
35500.0,12,194.0,5.105263157894737,6.5693623136309,12,12,194.0,0.2555427046587664,4.748010324857456,6.5693623136309,12,194.0,0.040000000000000036
35505.0,12,254.0,7.257142857142857,7.053970506945975,12,12,200.0,0.30615748455768055,5.739614169143092,7.053970506945975,12,200.0,-0.06000000000000005
35510.0,15,317.0,8.805555555555555,5.956834128931805,15,15,263.0,0.2127380854075103,3.906402687026029,5.956834128931805,15,263.0,-0.6299999999999999
35515.0,15,392.0,11.2,6.364635273649286,15,15,392.0,0.2650571539740098,4.840245528461485,6.364635273649286,15,392.0,-1.29
35520.0,12,311.0,9.147058823529411,6.5481185622682245,12,12,311.0,0.26427114153294345,4.925819880535809,6.5481185622682245,12,311.0,0.81
35525.0,10,245.0,6.805555555555555,6.182799452744677,10,10,197.0,0.2713463935246922,4.921539855691967,6.182799452744677,10,197.0,1.14
35530.0,10,295.0,8.194444444444445,7.243749519699425,10,10,295.0,0.34913155580627225,6.200128080254074,7.243749519699425,10,295.0,-0.9800000000000002
35535.0,12,200.0,5.128205128205129,5.983195868495713,12,12,200.0,0.2522622525258473,4.477262555548241,5.983195868495713,12,200.0,0.9500000000000002
35540.0,10,165.0,4.583333333333333,6.75279879375603,10,10,116.0,0.30269363778042296,5.665576025748348,6.75279879375603,10,116.0,0.8400000000000001
35545.0,12,209.0,5.358974358974359,6.849436289556302,12,12,209.0,0.3036756259840239,5.65506096712271,6.849436289556302,12,209.0,-0.9299999999999999
35550.0,9,117.0,3.1621621621621623,6.93990092689385,9,9,117.0,0.3182648712023542,6.042718965918009,6.93990092689385,9,117.0,0.9199999999999999
35555.0,9,117.0,3.1621621621621623,7.03831625651917,9,9,70.0,0.306834133550617,5.844408326417933,7.03831625651917,9,70.0,0.47
35560.0,11,168.0,4.2,6.573979127219775,11,11,121.0,0.270479463165811,5.038522346970763,6.573979127219775,11,121.0,-0.51
35565.0,11,135.0,3.6486486486486487,6.649420187072939,11,11,88.0,0.2913661540792147,5.471194746614767,6.649420187072939,11,88.0,0.32999999999999996
35570.0,9,120.0,3.0,6.0487964065393145,9,9,92.0,0.2514824570121189,4.521396620574461,6.0487964065393145,9,92.0,-0.040000000000000036
35575.0,10,170.0,4.25,7.616515166920458,10,10,170.0,0.34168021383881314,6.191516578122511,7.616515166920458,10,170.0,-0.7799999999999999
35580.0,10,133.0,3.5,7.28231822220167,9,10,132.0,0.306273847615543,5.678067658207876,7.28231822220167,9,132.0,0.3799999999999999
35585.0,10,106.0,2.5853658536585367,6.8380440722140134,10,10,79.0,0.24878869238724385,4.736097156358344,6.8380440722140134,10,79.0,0.53
35590.0,8,143.0,3.6666666666666665,7.983339128640651,8,8,143.0,0.346774483961591,6.419674487756744,7.983339128640651,8,143.0,-0.6399999999999999
35595.0,11,151.0,3.682926829268293,6.728323695489356,11,11,151.0,0.2562104180314744,4.813225306046775,6.728323695489356,11,151.0,-0.08000000000000007
35600.0,11,205.0,5.125,7.805941561514109,11,11,192.0,0.3422307974663994,6.356507813139676,7.805941561514109,11,192.0,-0.4099999999999999
35605.0,14,261.0,6.365853658536586,7.302158290528118,14,14,261.0,0.3035237118394789,5.404577062448074,7.302158290528118,14,261.0,-0.69
35610.0,11,273.0,7.0,7.188555832587524,10,11,272.0,0.3124872787627767,5.77580301096343,7.188555832587524,10,272.0,-0.11000000000000032
35615.0,9,273.0,7.0,7.960439242664818,9,9,259.0,0.3429756303624531,6.42184744150689,7.960439242664818,9,259.0,0.13000000000000034
35620.0,11,310.0,8.157894736842104,6.707469813952763,11,11,310.0,0.262567293297685,4.892500888639905,6.707469813952763,11,310.0,-0.5100000000000002
35625.0,11,192.0,5.1891891891891895,6.83376409368637,11,11,192.0,0.28411462537477644,5.407349752607183,6.83376409368637,11,192.0,1.1800000000000002
35630.0,8,124.0,3.1794871794871793,6.178115298911222,8,8,67.0,0.22277293271008086,4.2559579337878635,6.178115298911222,8,67.0,1.25
35635.0,9,168.0,4.54054054054054,7.083883693743375,9,9,168.0,0.2944310618056227,5.56239987910122,7.083883693743375,9,168.0,-1.0099999999999998
35640.0,10,189.0,5.25,7.142354760594354,10,10,189.0,0.3028042237538296,5.78216070042077,7.142354760594354,10,189.0,-0.20999999999999996
35645.0,13,250.0,6.410256410256411,6.582453391969991,13,13,234.0,0.262822987414421,4.991388608990551,6.582453391969991,13,234.0,-0.44999999999999996
35650.0,13,315.0,8.513513513513514,7.213128325384458,13,13,315.0,0.31167707110626364,5.942459727235204,7.213128325384458,13,315.0,-0.81
35655.0,12,332.0,8.512820512820513,6.511884717894606,12,12,332.0,0.25420847714664324,4.986573085789034,6.511884717894606,12,332.0,-0.16999999999999993
35660.0,10,351.0,9.0,7.6405668137603655,10,10,338.0,0.3338854731036844,6.3810320621985435,7.6405668137603655,10,338.0,-0.06000000000000005
35665.0,14,402.0,10.307692307692308,6.892447106289573,14,14,402.0,0.29787009797082425,5.41125588147381,6.892447106289573,14,402.0,-0.6399999999999997
35670.0,11,322.0,8.256410256410257,7.125648056812242,11,11,322.0,0.3056210054239505,5.730604546570224,7.125648056812242,11,322.0,0.7999999999999994
35675.0,6,214.0,5.944444444444445,7.700678607442544,6,6,170.0,0.3603036390491555,6.561313338340005,7.700678607442544,6,170.0,1.5200000000000002
35680.0,8,249.0,6.384615384615385,7.428275247160538,8,8,249.0,0.3280681810130445,5.814459427740336,7.428275247160538,8,249.0,-0.7900000000000003
35685.0,9,294.0,7.538461538461538,8.270251479849422,9,9,294.0,0.3766428587521849,6.889328980604375,8.270251479849422,9,294.0,-0.44999999999999973
35690.0,9,290.0,7.435897435897436,7.077439845482448,9,9,290.0,0.2738033892132711,5.097800200986981,7.077439845482448,9,290.0,0.040000000000000036
35695.0,9,331.0,8.945945945945946,7.397091168144888,9,9,329.0,0.28464679982818875,5.661036144056848,7.397091168144888,9,329.0,-0.3900000000000001
35700.0,9,376.0,10.742857142857142,7.233301616910371,9,9,374.0,0.2944042464201549,5.682745187732916,7.233301616910371,9,374.0,-0.4500000000000002
35705.0,10,319.0,8.394736842105264,6.851464059896957,10,10,319.0,0.2855281296080161,5.390886168414791,6.851464059896957,10,319.0,0.5500000000000003
35710.0,8,341.0,8.973684210526315,7.725639381021573,8,8,298.0,0.36039475947765987,6.591547391702437,7.725639381021573,8,298.0,0.20999999999999996
35715.0,9,383.0,9.575,7.293644896234483,9,9,383.0,0.32358675584433944,5.732331127805426,7.293644896234483,9,383.0,-0.8500000000000001
35720.0,8,394.0,10.102564102564102,8.001304351174522,8,8,394.0,0.3826518181769876,6.870084608127322,8.001304351174522,8,394.0,-0.10999999999999988
35725.0,11,434.0,10.85,7.596154770203467,11,11,421.0,0.3284055413031934,5.886813710982871,7.596154770203467,11,421.0,-0.27
35730.0,10,481.0,12.333333333333334,8.071463019096667,10,10,481.0,0.37177229619178515,6.5248094854606675,8.071463019096667,10,481.0,-0.5999999999999996
35735.0,7,405.0,10.945945945945946,8.503395246315465,7,7,405.0,0.41415811574334827,7.502331149065208,8.503395246315465,7,405.0,0.7599999999999998
35740.0,8,406.0,10.972972972972974,7.357375476380176,8,8,363.0,0.3046841188577271,5.4524170272919985,7.357375476380176,8,363.0,0.41999999999999993
35745.0,8,446.0,12.742857142857142,8.481278503800002,8,8,446.0,0.4114173940003858,7.210913076210689,8.481278503800002,8,446.0,-0.8300000000000001
35750.0,6,94.0,2.611111111111111,7.538473128405375,6,6,94.0,0.32288517217037194,5.867894457027823,7.538473128405375,6,94.0,3.52
35755.0,8,120.0,3.3333333333333335,8.05765486584168,8,8,-65.0,0.3472301527597314,6.400702274786726,8.05765486584168,8,-65.0,1.5899999999999999
35760.0,8,160.0,4.571428571428571,8.353580674184093,8,8,160.0,0.3760810139969331,6.773988746955746,8.353580674184093,8,160.0,-2.25
35765.0,8,165.0,4.583333333333333,7.226427191857086,8,8,165.0,0.28507805222253113,5.465146239635734,7.226427191857086,8,165.0,-0.04999999999999982
35770.0,8,205.0,5.694444444444445,8.399860969924603,8,8,183.0,0.36233968376697134,6.975213635359208,8.399860969924603,8,183.0,-0.18000000000000016
35775.0,10,248.0,6.702702702702703,7.646742561236468,10,10,248.0,0.32090496091587434,5.931212417775287,7.646742561236468,10,248.0,-0.6499999999999999
35780.0,7,141.0,4.147058823529412,8.297796655337859,7,7,141.0,0.37837546323555815,7.430907087125339,8.297796655337859,7,141.0,1.07
35785.0,8,108.0,3.0,8.11062647717973,8,8,50.0,0.3590098916135769,6.8926011291505835,8.11062647717973,8,50.0,0.9099999999999999
35790.0,6,136.0,3.7777777777777777,8.96869760282427,6,6,136.0,0.43674399897025173,8.117093475201274,8.96869760282427,6,136.0,-0.8600000000000001
35795.0,5,45.0,1.3636363636363635,8.48194840384473,5,5,45.0,0.4147284406912114,7.735393603258871,8.48194840384473,5,45.0,0.9100000000000001
35800.0,7,35.0,1.0,7.241439610295839,7,7,-8.0,0.2877852750875395,5.409222670378006,7.241439610295839,7,-8.0,0.53
35805.0,6,64.0,1.8823529411764706,8.505084552794036,6,6,64.0,0.39071518018390283,7.333972670378003,8.505084552794036,6,64.0,-0.72
35810.0,8,95.0,2.7142857142857144,7.50959612388878,8,8,95.0,0.3284195553397272,5.9355324342711455,7.50959612388878,8,95.0,-0.30999999999999994
35815.0,6,75.0,2.272727272727273,7.75111998320394,6,6,75.0,0.3638720332913269,6.829395369044636,7.75111998320394,6,75.0,0.19999999999999996
35820.0,5,94.0,2.9375,8.43578197005434,5,5,76.0,0.41102286591961085,7.540653714485596,8.43578197005434,5,76.0,-0.010000000000000009
35825.0,7,124.0,3.5428571428571427,8.023511153447501,7,7,124.0,0.3622914202854477,6.554931322298903,8.023511153447501,7,124.0,-0.48
35830.0,4,64.0,1.9393939393939394,8.618939052112195,4,4,64.0,0.4232295112062498,8.008971858050462,8.618939052112195,4,64.0,0.6
35835.0,4,72.0,2.057142857142857,8.088216448401276,4,4,34.0,0.3789625360556145,7.005487204853909,8.088216448401276,4,34.0,0.3
35840.0,5,96.0,2.823529411764706,9.162932100801942,5,5,96.0,0.47585109648763496,8.665085357808204,9.162932100801942,5,96.0,-0.6199999999999999
35845.0,7,74.0,2.0555555555555554,8.631685842655942,7,7,74.0,0.42809961815856157,7.97852387031627,8.631685842655942,7,74.0,0.21999999999999997
35850.0,7,103.0,2.861111111111111,8.787540350773705,7,7,61.0,0.39026111057969964,7.540363744559723,8.787540350773705,7,61.0,0.13
35855.0,7,138.0,4.0588235294117645,9.272845662114806,7,7,138.0,0.43732547006925687,8.39379106353701,9.272845662114806,7,138.0,-0.7699999999999999
35860.0,7,69.0,1.864864864864865,7.725438288901957,7,7,69.0,0.30645867303757274,5.623899614761043,7.725438288901957,7,69.0,0.69
35865.0,5,79.0,2.323529411764706,9.079808219946216,5,5,37.0,0.45036637669762886,7.834152643933503,9.079808219946216,5,37.0,0.31999999999999995
35870.0,6,105.0,3.1818181818181817,8.163160298931022,6,6,105.0,0.39005597459784436,6.485987227462499,8.163160298931022,6,105.0,-0.68
35875.0,5,93.0,3.0,8.325670143219295,5,5,93.0,0.40839883658297615,7.153708268193011,8.325670143219295,5,93.0,0.12
35880.0,5,118.0,4.068965517241379,8.606606714357598,5,5,95.0,0.43707839545457483,7.719136103074579,8.606606714357598,5,95.0,-0.019999999999999907
35885.0,7,149.0,4.65625,7.696029901779697,7,7,149.0,0.3573942200752583,6.147207999051742,7.696029901779697,7,149.0,-0.54
35890.0,4,55.0,1.8333333333333333,8.404796158545258,4,4,55.0,0.43715390038688207,7.839449391428143,8.404796158545258,4,55.0,0.94
35895.0,2,35.0,1.1290322580645162,7.898558450602965,2,2,-14.0,0.39194720331962585,7.06137559027165,7.898558450602965,2,-14.0,0.6900000000000001
35900.0,4,54.0,1.8,9.213314319810383,4,4,54.0,0.49725107828050125,9.03953432468939,9.213314319810383,4,54.0,-0.68
35905.0,8,77.0,2.3333333333333335,8.260217691635855,8,8,77.0,0.39051234105928767,7.275008435616856,8.260217691635855,8,77.0,-0.22999999999999998
35910.0,8,112.0,3.5,8.341458029869568,8,8,112.0,0.3719782626652755,7.297168838117709,8.341458029869568,8,112.0,-0.3500000000000001
35915.0,8,152.0,4.75,8.675285937782851,8,8,152.0,0.39907448634474935,7.692100242287302,8.675285937782851,8,152.0,-0.3999999999999999
35920.0,7,88.0,2.5142857142857142,7.213525181902792,7,7,88.0,0.28929369389541354,5.527676756365849,7.213525181902792,7,88.0,0.64
35925.0,6,99.0,3.0,8.430722602419378,6,6,56.0,0.41603976203144727,7.6790261433535365,8.430722602419378,6,56.0,0.31999999999999995
35930.0,7,130.0,3.9393939393939394,7.30275883130774,7,7,130.0,0.3367957695535359,5.859753963370913,7.30275883130774,7,130.0,-0.74
35935.0,6,89.0,2.870967741935484,7.620481005098363,6,6,89.0,0.363671927135784,6.690508179600986,7.620481005098363,6,89.0,0.41000000000000003
35940.0,5,108.0,3.4838709677419355,8.398704479867147,5,5,74.0,0.41495179167747576,7.642189309265613,8.398704479867147,5,74.0,0.15000000000000002
35945.0,7,138.0,4.0588235294117645,7.714246559024753,7,7,138.0,0.3535636121914383,6.3908321198042435,7.714246559024753,7,138.0,-0.6399999999999999
35950.0,7,173.0,5.242424242424242,8.318527810340601,7,7,173.0,0.4034334124494575,7.310530453892143,8.318527810340601,7,173.0,-0.3500000000000001
35955.0,6,76.0,2.375,7.098411942889518,6,6,76.0,0.3036211072193181,5.679524499228727,7.098411942889518,6,76.0,0.97
35960.0,4,56.0,1.8064516129032258,8.400238149895875,4,4,8.0,0.42600040420366,7.8664290527042455,8.400238149895875,4,8.0,0.68
35965.0,6,76.0,2.303030303030303,8.738608607124624,6,6,76.0,0.43581895510500523,7.93450426013937,8.738608607124624,6,76.0,-0.68
35970.0,8,108.0,3.272727272727273,8.219422960005996,8,8,108.0,0.3670678571630678,7.142495146025169,8.219422960005996,8,108.0,-0.32000000000000006
35975.0,8,148.0,4.484848484848484,8.613283392902126,8,8,148.0,0.3852093611729079,7.720333280959084,8.613283392902126,8,148.0,-0.3999999999999999
35980.0,11,194.0,5.542857142857143,6.9699263170986425,11,11,194.0,0.25457483379413337,5.010913412783678,6.9699263170986425,11,194.0,-0.45999999999999996
35985.0,8,123.0,3.84375,7.5923088371938015,8,8,123.0,0.3331933584334409,6.519981966011461,7.5923088371938015,8,123.0,0.71
35990.0,7,126.0,3.7058823529411766,7.171708121187455,7,7,78.0,0.32454879227402966,5.954127670188399,7.171708121187455,7,78.0,0.44999999999999996
35995.0,7,161.0,4.878787878787879,8.07702530061027,7,7,161.0,0.40210083959138304,7.299652047311923,8.07702530061027,7,161.0,-0.8300000000000001
36000.0,6,105.0,3.3870967741935485,7.528088233738845,6,6,105.0,0.3562158925990658,6.772045676810977,7.528088233738845,6,105.0,0.56
36005.0,7,132.0,3.8823529411764706,6.955374789191113,7,7,92.0,0.3023636081160287,5.707914826433277,6.955374789191113,7,92.0,0.13
36010.0,7,167.0,5.0606060606060606,8.277864155326636,7,7,167.0,0.4169095695416412,7.636517225018724,8.277864155326636,7,167.0,-0.7499999999999999
36015.0,8,78.0,2.1666666666666665,6.73812395378111,8,8,78.0,0.2939836074129509,5.332094299386852,6.73812395378111,8,78.0,0.8899999999999999
36020.0,5,61.0,1.6944444444444444,8.289254299218786,5,5,18.0,0.4155728987101671,7.565509025786704,8.289254299218786,5,18.0,0.6000000000000001
36025.0,7,86.0,2.5294117647058822,8.091250623514739,7,7,86.0,0.40079156744259015,7.167495433120035,8.091250623514739,7,86.0,-0.6799999999999999
36030.0,6,48.0,1.4545454545454546,7.8928730110906145,6,6,48.0,0.37761700132721226,6.991474624748531,7.8928730110906145,6,48.0,0.38
36035.0,5,69.0,2.090909090909091,8.77799452249828,5,5,41.0,0.42913677628047164,8.174998872845501,8.77799452249828,5,41.0,0.07
36040.0,7,96.0,2.6666666666666665,7.541799589912409,7,7,96.0,0.29929620875965135,5.790655218285279,7.541799589912409,7,96.0,-0.55
36045.0,7,59.0,1.7352941176470589,7.956534141493578,7,7,59.0,0.34416702053486103,6.816989557085054,7.956534141493578,7,59.0,0.37
36050.0,6,83.0,2.4411764705882355,6.582274744081853,6,6,54.0,0.24539216030107053,4.941729420889274,6.582274744081853,6,54.0,0.04999999999999993
36055.0,8,123.0,3.6176470588235294,7.950331738549327,8,8,123.0,0.34467219303318786,6.750584312820105,7.950331738549327,8,123.0,-0.69
36060.0,8,163.0,4.9393939393939394,7.878483061495971,8,8,163.0,0.35589627823569064,6.484691731262762,7.878483061495971,8,163.0,-0.3999999999999999
36065.0,10,212.0,5.72972972972973,7.382109586744034,10,10,212.0,0.32536662035857433,5.841562905236648,7.382109586744034,10,212.0,-0.4900000000000002
36070.0,9,232.0,6.823529411764706,7.8500696522803235,9,9,232.0,0.3618555560205642,6.771567370021979,7.8500696522803235,9,232.0,-0.19999999999999973
36075.0,11,280.0,8.0,6.711653206373231,11,11,255.0,0.24828438722526336,4.755609804268204,6.711653206373231,11,255.0,-0.22999999999999998
36080.0,12,340.0,10.625,7.4421175689379915,12,12,340.0,0.32074238587554804,6.131162520612497,7.4421175689379915,12,340.0,-0.8500000000000001
36085.0,13,240.0,6.857142857142857,6.578854181322969,13,13,240.0,0.2644353057228992,5.22159808515747,6.578854181322969,13,240.0,1.0
36090.0,8,205.0,6.029411764705882,7.5527300094579495,8,8,152.0,0.3308453998545854,6.580375776991601,7.5527300094579495,8,152.0,0.8799999999999999
36095.0,8,245.0,7.65625,7.7545711407421205,8,8,245.0,0.36234536657357774,6.979909234441803,7.7545711407421205,8,245.0,-0.9300000000000002
36100.0,11,132.0,3.7714285714285714,6.266532953491629,11,11,132.0,0.24199779125193852,4.947038999758505,6.266532953491629,11,132.0,1.1300000000000001
36105.0,8,82.0,2.411764705882353,7.364274472410522,8,8,28.0,0.29594381437440753,6.296025313126492,7.364274472410522,8,28.0,1.04
36110.0,8,117.0,3.342857142857143,6.322981766217041,8,8,117.0,0.23643555821982454,4.899801914365436,6.322981766217041,8,117.0,-0.8899999999999999
36115.0,8,82.0,2.342857142857143,7.479266578596833,8,8,82.0,0.3175122630746886,6.471448614594041,7.479266578596833,8,82.0,0.35
36120.0,9,120.0,3.5294117647058822,6.759142179297804,9,9,85.0,0.269232429159031,5.054462812015341,6.759142179297804,9,85.0,-0.030000000000000027
36125.0,11,175.0,4.861111111111111,6.698621321119671,11,11,140.0,0.2991653399618714,5.242460511926648,6.698621321119671,11,140.0,-0.5499999999999999
36130.0,8,134.0,3.7222222222222223,7.478262077350482,8,8,99.0,0.34737493915883344,6.309055978037226,7.478262077350482,8,99.0,0.4099999999999999
36135.0,8,137.0,3.6052631578947367,6.767318152683943,8,8,109.0,0.3021621642040098,5.299653113956409,6.767318152683943,8,109.0,-0.10000000000000009
36140.0,8,177.0,4.657894736842105,8.30893758299709,8,8,177.0,0.4102310328471224,7.179046739379893,8.30893758299709,8,177.0,-0.6799999999999999
36145.0,9,128.0,3.4594594594594597,7.887879452136205,8,9,127.0,0.3733232159880018,6.829272761820241,7.887879452136205,8,127.0,0.5
36150.0,7,82.0,2.2777777777777777,7.6190745163468865,7,7,55.0,0.33074037695968284,6.312269848166176,7.6190745163468865,7,55.0,0.72
36155.0,5,104.0,2.888888888888889,8.353637046409663,5,5,104.0,0.3920345356303698,7.260159430565572,8.353637046409663,5,104.0,-0.49
36160.0,8,112.0,2.9473684210526314,6.82031270240779,8,8,112.0,0.27406171871826807,5.0509842834804894,6.82031270240779,8,112.0,-0.08000000000000007
36165.0,10,161.0,4.472222222222222,7.433288833789272,10,10,148.0,0.34418943001563906,6.1714671534103305,7.433288833789272,10,148.0,-0.3599999999999999
36170.0,11,212.0,5.578947368421052,7.178585470791596,11,11,212.0,0.33167642440910544,5.5811876696048905,7.178585470791596,11,212.0,-0.6400000000000001
36175.0,10,216.0,5.684210526315789,7.487294567408377,10,10,216.0,0.33237334016868325,6.050708632313665,7.487294567408377,10,216.0,-0.040000000000000036
36180.0,6,208.0,5.473684210526316,7.911499423095774,6,6,194.0,0.3524772022543678,6.36301682619339,7.911499423095774,6,194.0,0.2200000000000002
36185.0,8,241.0,6.17948717948718,7.47534319330012,8,8,241.0,0.3378239302645371,5.780055789145482,7.47534319330012,8,241.0,-0.4700000000000002
36190.0,8,164.0,4.555555555555555,7.590152724866588,8,8,164.0,0.3698002460778895,6.395254644250866,7.590152724866588,8,164.0,0.7700000000000002
36195.0,6,171.0,4.75,7.149027199291847,6,6,120.0,0.3202670205263255,5.804327902887425,7.149027199291847,6,120.0,0.43999999999999995
36200.0,8,208.0,5.942857142857143,8.07047628104958,8,8,208.0,0.38508414943253283,6.9417175200921175,8.07047628104958,8,208.0,-0.8800000000000001
36205.0,10,199.0,5.527777777777778,7.086922368692552,10,10,199.0,0.3325776471967871,6.015124608968644,7.086922368692552,10,199.0,0.09000000000000008
36210.0,8,226.0,6.457142857142857,7.674078221095002,8,8,212.0,0.36647068239783304,6.761675044708902,7.674078221095002,8,212.0,-0.13000000000000012
36215.0,8,266.0,7.823529411764706,8.430717921046565,8,8,266.0,0.42318159141960826,7.709821005094288,8.430717921046565,8,266.0,-0.54
36220.0,9,127.0,3.4324324324324325,6.913188416007204,9,9,127.0,0.2842795239649672,5.297989561622136,6.913188416007204,9,127.0,1.3900000000000001
36225.0,9,172.0,4.914285714285715,8.15859304128521,9,9,55.0,0.3609999272425844,6.828788054978982,8.15859304128521,9,55.0,0.72
36230.0,10,218.0,5.891891891891892,6.848254840724244,10,10,218.0,0.25806919633776476,4.802455549011361,6.848254840724244,10,218.0,-1.6300000000000001
36235.0,9,161.0,4.351351351351352,7.586732711201253,9,9,161.0,0.3072591141935761,5.879342825320208,7.586732711201253,9,161.0,0.5700000000000001
36240.0,7,174.0,5.117647058823529,7.983556883235917,7,7,127.0,0.35694725494582447,6.472514994165872,7.983556883235917,7,127.0,0.3400000000000001
36245.0,9,216.0,6.0,7.462504303665266,9,9,216.0,0.3454165928733163,6.047591183957979,7.462504303665266,9,216.0,-0.8900000000000001
36250.0,7,125.0,3.4722222222222223,7.892902724982712,7,7,125.0,0.3752768535793851,6.743622411880109,7.892902724982712,7,125.0,0.9100000000000001
36255.0,5,84.0,2.210526315789474,7.475049066707608,5,5,41.0,0.3398636106083458,6.013402781826645,7.475049066707608,5,41.0,0.8400000000000001
36260.0,6,114.0,3.1666666666666665,8.663230632676196,6,6,114.0,0.45136060037154346,7.968260582814118,8.663230632676196,6,114.0,-0.73
36265.0,7,45.0,1.25,7.6401438822994026,7,7,45.0,0.37109460836282143,6.533411025558017,7.6401438822994026,7,45.0,0.69
36270.0,6,59.0,1.6388888888888888,8.185300888398997,6,6,17.0,0.3867530128255757,6.989094329152836,8.185300888398997,6,17.0,0.28
36275.0,6,89.0,2.6176470588235294,9.152037315624325,6,6,89.0,0.4812230919131025,8.624459037904831,9.152037315624325,6,89.0,-0.72
36280.0,8,122.0,3.4857142857142858,8.016152974856508,8,8,122.0,0.364343481653367,6.683529838650164,8.016152974856508,8,122.0,-0.32999999999999996
36285.0,8,162.0,4.764705882352941,8.586324543182133,8,8,162.0,0.3983835881485532,7.278053796248173,8.586324543182133,8,162.0,-0.40000000000000013
36290.0,11,205.0,5.694444444444445,7.063997187654452,11,11,205.0,0.2656604717915342,4.684959719365543,7.063997187654452,11,205.0,-0.4299999999999997
36295.0,11,260.0,7.222222222222222,7.741899309727395,11,11,260.0,0.3005528303820908,5.646303311927139,7.741899309727395,11,260.0,-0.5500000000000003
36300.0,8,184.0,5.111111111111111,7.809598378526214,8,8,184.0,0.3189936164932182,5.947129528729557,7.809598378526214,8,184.0,0.76
36305.0,7,185.0,5.138888888888889,7.1671071638485175,7,7,137.0,0.2964612091006198,5.457110576681376,7.1671071638485175,7,137.0,0.47
36310.0,8,225.0,7.03125,7.931698494233522,8,8,225.0,0.39215594355025923,7.093515600799668,7.931698494233522,8,225.0,-0.8799999999999999
36315.0,8,118.0,3.3714285714285714,6.65363532338042,8,8,118.0,0.2816963302704012,5.3148907117306825,6.65363532338042,8,118.0,1.07
36320.0,5,65.0,1.9696969696969697,8.15614672695212,5,5,17.0,0.38718843820677395,7.476652794540497,8.15614672695212,5,17.0,1.01
36325.0,8,90.0,2.5714285714285716,7.804650161502705,8,8,90.0,0.37156799253790945,6.84213093966932,7.804650161502705,8,90.0,-0.73
36330.0,7,47.0,1.4242424242424243,7.769700335448142,7,7,47.0,0.3679850987424457,6.9894622617680575,7.769700335448142,7,47.0,0.43000000000000005
36335.0,6,72.0,2.3225806451612905,9.035129025883945,6,6,37.0,0.45620001903682394,8.668368792136944,9.035129025883945,6,37.0,0.09999999999999998
36340.0,7,103.0,3.0294117647058822,7.810646558253768,7,7,103.0,0.3526269771450209,6.397009395686699,7.810646558253768,7,103.0,-0.66
36345.0,7,98.0,2.8823529411764706,8.21343069566314,6,7,97.0,0.38624839719436277,7.328547515182091,8.21343069566314,6,97.0,0.06000000000000005
36350.0,7,120.0,3.3333333333333335,6.99572877136182,7,7,107.0,0.2593023872086984,4.6379351715882375,6.99572877136182,7,107.0,-0.10000000000000009
36355.0,7,154.0,4.4,8.023737535942342,7,7,154.0,0.37421738825535733,6.57952777384804,8.023737535942342,7,154.0,-0.47
36360.0,6,70.0,2.0,8.051671096059929,6,6,70.0,0.4023883574526842,6.9996468954789295,8.051671096059929,6,70.0,0.8400000000000001
36365.0,6,64.0,1.7777777777777777,7.631396803180844,6,6,21.0,0.35208349810110773,6.220852348544391,7.631396803180844,6,21.0,0.49
36370.0,6,94.0,2.8484848484848486,8.725820736451453,6,6,94.0,0.4677018073754942,8.115269075649808,8.725820736451453,6,94.0,-0.73
36375.0,6,78.0,2.1666666666666665,7.3184972914764295,6,6,78.0,0.3319121604286802,6.023559957862489,7.3184972914764295,6,78.0,0.15999999999999992
36380.0,6,106.0,3.0285714285714285,8.511191894204089,6,6,92.0,0.4203803628274459,7.7289713414939145,8.511191894204089,6,92.0,-0.14
36385.0,9,136.0,3.8857142857142857,8.264081265113994,9,9,136.0,0.4046238314182053,7.317608970286221,8.264081265113994,9,136.0,-0.44000000000000006
36390.0,5,90.0,2.5714285714285716,8.566903842691984,5,5,90.0,0.4101681957778569,7.853521528879863,8.566903842691984,5,90.0,0.4600000000000001
36395.0,4,107.0,3.1470588235294117,9.278415689407883,4,4,72.0,0.4792932951127304,8.908187165460463,9.278415689407883,4,72.0,0.18000000000000005
36400.0,6,131.0,3.8529411764705883,8.313420061055693,6,6,131.0,0.38428773831666957,6.71965588034184,8.313420061055693,6,131.0,-0.5900000000000001
36405.0,4,85.0,2.5757575757575757,8.92544666946724,4,4,85.0,0.4513915317060567,8.310509724764708,8.92544666946724,4,85.0,0.4600000000000001
36410.0,3,92.0,2.5555555555555554,8.552353343268878,3,3,64.0,0.39753052246630416,6.879567999284911,8.552353343268878,3,64.0,0.20999999999999996
36415.0,5,117.0,3.5454545454545454,9.132410042818293,5,5,117.0,0.4692925081659723,8.081792514108246,9.132410042818293,5,117.0,-0.5299999999999999
36420.0,3,111.0,3.46875,9.374007183216339,3,3,111.0,0.5079681242125343,9.367246427785657,9.374007183216339,3,111.0,0.05999999999999983
36425.0,5,130.0,3.823529411764706,8.22683348419924,5,5,114.0,0.38874727546630033,7.00725565808189,8.22683348419924,5,114.0,-0.029999999999999805
36430.0,5,155.0,4.84375,9.321653817673171,5,5,155.0,0.49179943950892524,8.827199734994077,9.321653817673171,5,155.0,-0.41000000000000014
36435.0,4,50.0,1.5151515151515151,7.7314897780790375,4,4,50.0,0.36301019243734306,6.606634960087121,7.7314897780790375,4,50.0,1.05
36440.0,6,79.0,2.46875,8.842745540312752,6,6,-12.0,0.45088452278044133,8.002735023690438,8.842745540312752,6,-12.0,0.62
36445.0,9,109.0,3.303030303030303,7.976082838724854,9,9,109.0,0.3980317315876904,6.997005520843489,7.976082838724854,9,109.0,-1.21
36450.0,6,66.0,2.129032258064516,7.883804713002207,6,6,66.0,0.3801879002641477,7.150246787492774,7.883804713002207,6,66.0,0.43000000000000005
36455.0,5,87.0,2.806451612903226,8.876662327958506,5,5,52.0,0.4694328504896686,8.600496366072655,8.876662327958506,5,52.0,0.14
36460.0,7,115.0,3.59375,7.663301966655033,7,7,115.0,0.36971920766151406,6.617908975096545,7.663301966655033,7,115.0,-0.6299999999999999
36465.0,6,103.0,3.21875,8.156999730258969,5,6,102.0,0.4112945451378069,7.788539982695634,8.156999730258969,5,102.0,0.1299999999999999
36470.0,7,128.0,3.764705882352941,7.06343463652696,7,7,104.0,0.27524699915259065,5.202864966046352,7.06343463652696,7,104.0,-0.020000000000000018
36475.0,7,162.0,5.0625,7.954314610495964,7,7,162.0,0.36658849447255387,6.812842179210046,7.954314610495964,7,162.0,-0.5800000000000001
36480.0,5,65.0,2.3214285714285716,8.08882037747311,5,5,65.0,0.39472214441467335,7.560882181002855,8.08882037747311,5,65.0,0.9700000000000001
36485.0,5,52.0,1.6774193548387097,7.697840154156151,5,5,0.0,0.3389058263827969,6.639528836681353,7.697840154156151,5,0.0,0.65
36490.0,5,77.0,2.566666666666667,8.98351237874608,5,5,77.0,0.4487543913363112,8.494026973523349,8.98351237874608,5,77.0,-0.77
36495.0,6,76.0,2.303030303030303,7.462013859923883,6,6,76.0,0.3209432898792969,6.258294804497671,7.462013859923883,6,76.0,0.010000000000000009
36500.0,6,106.0,3.3125,8.982836078176128,6,6,92.0,0.43033712110774186,8.39419804648759,8.982836078176128,6,92.0,-0.16000000000000003
36505.0,9,136.0,4.0,8.189772218198861,9,9,136.0,0.3753358813918045,6.947044559464759,8.189772218198861,9,136.0,-0.44000000000000006
36510.0,7,125.0,3.787878787878788,8.376115836754293,7,7,125.0,0.3857248160361755,7.5658903773405894,8.376115836754293,7,125.0,0.1100000000000001
36515.0,7,160.0,5.333333333333333,8.760827286600506,7,7,116.0,0.3981534784886642,7.859064629579497,8.760827286600506,7,116.0,0.09000000000000008
36520.0,9,201.0,6.090909090909091,7.5874956746981885,9,9,201.0,0.3076641848944577,5.828061002335305,7.5874956746981885,9,201.0,-0.8499999999999999
36525.0,7,168.0,5.090909090909091,8.287332811329257,7,7,168.0,0.3546742719529743,7.160646983438599,8.287332811329257,7,168.0,0.32999999999999985
36530.0,8,192.0,5.485714285714286,7.312497097882316,8,8,164.0,0.2798301404550842,5.440012479314382,7.312497097882316,8,164.0,0.040000000000000036
36535.0,8,232.0,7.25,8.344547076649079,8,8,232.0,0.38566560385413695,7.330454677399457,8.344547076649079,8,232.0,-0.6799999999999999
36540.0,8,272.0,9.066666666666666,7.372687116553658,8,8,272.0,0.3185366598982718,5.980995358079204,7.372687116553658,8,272.0,-0.40000000000000036
36545.0,11,324.0,10.125,6.528961809843858,11,11,324.0,0.26838935537127045,5.0413933741046835,6.528961809843858,11,324.0,-0.52
36550.0,11,379.0,11.84375,7.320337501537697,11,11,379.0,0.31458509683359326,5.898295617185858,7.320337501537697,11,379.0,-0.5499999999999998
36555.0,10,220.0,6.666666666666667,6.164438261714884,10,10,220.0,0.2525794256206121,4.815135350061797,6.164438261714884,10,220.0,1.5899999999999999
36560.0,6,118.0,3.806451612903226,7.339148953959555,6,6,39.0,0.35991948379756644,6.768933278290516,7.339148953959555,6,39.0,1.81
36565.0,9,148.0,4.352941176470588,7.141875034240238,9,9,148.0,0.3473870427881711,6.477562908717435,7.141875034240238,9,148.0,-1.0899999999999999
36570.0,8,72.0,2.1176470588235294,7.121033418252877,8,8,72.0,0.3322222619402185,6.4387503210960055,7.121033418252877,8,72.0,0.76
36575.0,7,87.0,2.6363636363636362,7.793261852096269,7,7,42.0,0.36512495768753234,7.059827821076512,7.793261852096269,7,42.0,0.3
36580.0,10,129.0,3.6857142857142855,6.881033677371183,10,10,129.0,0.29438374683161667,5.508604970344824,6.881033677371183,10,129.0,-0.8700000000000001
36585.0,9,94.0,2.6857142857142855,7.329917513527921,9,9,94.0,0.32119322092494534,6.162973171199443,7.329917513527921,9,94.0,0.3500000000000001
36590.0,9,127.0,3.5277777777777777,6.524867870525545,9,9,89.0,0.26605423102737574,4.887733781577838,6.524867870525545,9,89.0,0.04999999999999993
36595.0,10,177.0,5.363636363636363,7.703440228895544,10,10,177.0,0.3574633651683911,6.400256291286527,7.703440228895544,10,177.0,-0.88
36600.0,9,206.0,6.242424242424242,7.637273933209701,9,9,206.0,0.33910923207030225,6.039383392361799,7.637273933209701,9,206.0,-0.29000000000000004
36605.0,12,262.0,7.081081081081081,7.05864893788878,12,12,246.0,0.2756402915098953,4.86834201109347,7.05864893788878,12,246.0,-0.3999999999999999
36610.0,12,322.0,8.944444444444445,7.593018707106809,12,12,322.0,0.31848187765536584,5.7428634883810785,7.593018707106809,12,322.0,-0.7600000000000002
36615.0,11,244.0,6.594594594594595,6.466615592799135,11,11,244.0,0.23983931758233315,4.520931237269431,6.466615592799135,11,244.0,0.7800000000000002
36620.0,7,154.0,4.4,7.635316993424694,7,7,111.0,0.3447906767335714,6.448871321757109,7.635316993424694,7,111.0,1.3299999999999998
36625.0,10,189.0,4.973684210526316,7.506274561880393,10,10,189.0,0.3418398432261714,6.273780643688865,7.506274561880393,10,189.0,-0.7799999999999998
36630.0,9,103.0,2.942857142857143,7.430918496105572,9,9,103.0,0.3383230943248795,6.585950698043787,7.430918496105572,9,103.0,0.8599999999999999
36635.0,7,86.0,2.4571428571428573,7.735611694611334,7,7,42.0,0.3255999730921565,6.542203000846931,7.735611694611334,7,42.0,0.6100000000000001
36640.0,10,129.0,3.5833333333333335,6.958632935409072,10,10,129.0,0.28398376846588663,5.530452677576424,6.958632935409072,10,129.0,-0.8700000000000001
36645.0,10,96.0,2.6666666666666665,7.069581564306374,10,10,96.0,0.2865710771430392,5.711130303241705,7.069581564306374,10,96.0,0.33000000000000007
36650.0,11,136.0,3.7777777777777777,6.1624348742781745,11,11,98.0,0.24059417404370387,4.530346830030597,6.1624348742781745,11,98.0,-0.020000000000000018
36655.0,11,191.0,5.617647058823529,7.251661772753394,11,11,191.0,0.32771120672487386,6.029169126591177,7.251661772753394,11,191.0,-0.9299999999999999
36660.0,11,246.0,7.235294117647059,7.232449452493679,11,11,246.0,0.2970878484559032,5.634727550580018,7.232449452493679,11,246.0,-0.55
36665.0,11,199.0,5.2368421052631575,7.009761865170505,10,11,198.0,0.27826081557364546,5.223786141157623,7.009761865170505,10,198.0,0.48
36670.0,7,146.0,3.945945945945946,7.718969634891609,7,7,113.0,0.3313978811217288,6.215945720532082,7.718969634891609,7,113.0,0.8500000000000001
36675.0,6,175.0,4.605263157894737,7.432676722316215,6,6,175.0,0.3248390358107131,5.891694980410753,7.432676722316215,6,175.0,-0.6200000000000001
36680.0,8,107.0,2.891891891891892,7.802196192371135,8,8,107.0,0.36945085994989235,6.696309338160877,7.802196192371135,8,107.0,0.6799999999999999
36685.0,10,83.0,2.128205128205128,7.149293617510273,9,10,48.0,0.32378635681119367,5.7888381968936145,7.149293617510273,9,48.0,0.5900000000000001
36690.0,9,120.0,3.1578947368421053,7.281761874624845,9,9,86.0,0.31367944571401113,5.784430450773609,7.281761874624845,9,86.0,-0.38
36695.0,8,114.0,3.1666666666666665,7.780790655793215,8,8,114.0,0.3752952531900106,6.77168831397082,7.780790655793215,8,114.0,-0.2799999999999999
36700.0,10,133.0,3.5945945945945947,6.344273119229367,10,10,120.0,0.27183665945216673,4.9652520515547085,6.344273119229367,10,120.0,-0.06000000000000005
36705.0,10,183.0,5.083333333333333,7.693728492253415,10,10,183.0,0.36135321225527156,6.628145635997653,7.693728492253415,10,183.0,-0.6300000000000001
36710.0,10,187.0,5.3428571428571425,6.315385001508366,9,10,186.0,0.25378186670095076,4.8152019890291875,6.315385001508366,9,186.0,-0.030000000000000027
36715.0,10,200.0,5.714285714285714,7.045622478288879,10,10,187.0,0.27335853337942184,5.247482570162663,7.045622478288879,10,187.0,-0.010000000000000009
36720.0,8,237.0,6.771428571428571,7.627364854378855,8,8,237.0,0.32401966993411707,6.0213940765222995,7.627364854378855,8,237.0,-0.5
36725.0,12,180.0,4.7368421052631575,6.478242390954958,12,12,180.0,0.2542872252943947,4.823934694887084,6.478242390954958,12,180.0,0.5700000000000001
36730.0,12,240.0,6.666666666666667,7.00855646194556,12,12,159.0,0.2957327274119582,5.58354209981295,7.00855646194556,12,159.0,0.20999999999999996
36735.0,15,306.0,7.846153846153846,6.176168150798395,15,15,306.0,0.2238640219966266,4.136435054407067,6.176168150798395,15,306.0,-1.47
36740.0,12,302.0,7.743589743589744,7.077057113915303,12,12,302.0,0.3059949714098478,5.72583647763351,7.077057113915303,12,302.0,0.040000000000000036
36745.0,14,350.0,8.75,6.80753404895434,14,14,322.0,0.2950819371417133,5.427316636844084,6.80753404895434,14,322.0,-0.20000000000000018
36750.0,13,413.0,10.58974358974359,7.0823856039207795,13,13,413.0,0.3167200573761271,5.707839134513837,7.0823856039207795,13,413.0,-0.9099999999999997
36755.0,11,380.0,10.857142857142858,6.920547155539372,10,11,379.0,0.31106897772359665,5.825063015274954,6.920547155539372,10,379.0,0.33999999999999986
36760.0,10,360.0,9.72972972972973,6.553565985572474,10,10,331.0,0.24940713749508753,4.819544253412781,6.553565985572474,10,331.0,0.48
36765.0,10,406.0,11.277777777777779,7.095966870788854,10,10,406.0,0.3033925022157642,5.7516467271288425,7.095966870788854,10,406.0,-0.7499999999999996
36770.0,14,460.0,12.432432432432432,5.373898904504083,14,14,460.0,0.2083387843915216,3.88003723455947,5.373898904504083,14,460.0,-0.54
36775.0,15,535.0,14.86111111111111,6.2145850955776964,15,15,531.0,0.26049021513603854,4.7732440386614305,6.2145850955776964,15,531.0,-0.71
36780.0,16,611.0,16.97222222222222,6.521939153731051,16,16,611.0,0.27686657563628475,4.978661437309539,6.521939153731051,16,611.0,-0.8000000000000007
36785.0,15,666.0,17.526315789473685,5.854885949125032,15,15,666.0,0.23117513788763902,4.412376622361986,5.854885949125032,15,666.0,-0.5499999999999998
36790.0,16,746.0,19.63157894736842,6.362466514200334,16,16,726.0,0.2504577670030499,4.800490488785395,6.362466514200334,16,726.0,-0.5999999999999996
36795.0,19,832.0,20.29268292682927,5.498345064437368,19,19,832.0,0.1954059384251839,3.7485671765126205,5.498345064437368,19,832.0,-1.0600000000000005
36800.0,16,828.0,21.23076923076923,6.091522330441461,16,16,828.0,0.24279126435457649,4.786776444509819,6.091522330441461,16,828.0,0.040000000000000924
36805.0,16,807.0,20.175,5.5221576754082555,16,16,778.0,0.23362582006151544,4.40628594428368,5.5221576754082555,16,778.0,0.4999999999999991
36810.0,14,876.0,22.46153846153846,6.629377007369257,14,14,876.0,0.31378303362057547,5.769960448371346,6.629377007369257,14,876.0,-0.9799999999999995
36815.0,14,565.0,14.868421052631579,6.000884876944768,14,14,565.0,0.26928661879761445,5.037042442473557,6.000884876944768,14,565.0,3.1099999999999994
36820.0,13,211.0,5.410256410256411,5.440370194438959,13,13,76.0,0.2351805504623923,4.269865648675181,5.440370194438959,13,76.0,4.890000000000001
36825.0,8,107.0,2.7435897435897436,6.909235059639324,8,8,107.0,0.3144188375032059,5.777851934186054,6.909235059639324,8,107.0,-0.31000000000000005
36830.0,9,103.0,2.4523809523809526,6.22878585784148,9,9,103.0,0.2567843445825646,4.808794809035944,6.22878585784148,9,103.0,0.040000000000000036
36835.0,13,144.0,3.6,6.579111553334061,13,13,131.0,0.26571162507749746,4.977810591726487,6.579111553334061,13,131.0,-0.28
36840.0,15,215.0,5.512820512820513,6.821978853213311,15,15,215.0,0.28203082688205483,5.09218847080245,6.821978853213311,15,215.0,-0.8399999999999999
36845.0,14,177.0,4.116279069767442,6.366048381971753,14,14,177.0,0.22663116782035722,4.543518521951014,6.366048381971753,14,177.0,0.3799999999999999
36850.0,12,221.0,5.261904761904762,7.033500890698948,12,12,175.0,0.28441692955437464,5.4770776071050005,7.033500890698948,12,175.0,0.020000000000000018
36855.0,14,285.0,6.627906976744186,6.940145977464825,14,14,285.0,0.28231501019032446,5.1298362167942395,6.940145977464825,14,285.0,-1.1
36860.0,12,262.0,6.238095238095238,6.926963591018912,12,12,262.0,0.29582277058686396,5.487023029634847,6.926963591018912,12,262.0,0.22999999999999998
36865.0,10,160.0,3.7209302325581395,6.829890846675171,10,10,132.0,0.2797079195672187,5.0541216310417605,6.829890846675171,10,132.0,1.3
36870.0,6,118.0,2.744186046511628,7.789576050891345,6,6,118.0,0.36556988696167014,6.583941543925833,7.789576050891345,6,118.0,0.14000000000000012
36875.0,6,90.0,2.1951219512195124,7.65560647432287,6,6,90.0,0.3465139557571623,6.66011066404248,7.65560647432287,6,90.0,0.2799999999999999
36880.0,12,138.0,3.3658536585365852,6.56414245331734,12,12,111.0,0.2533935500412349,4.954126892098132,6.56414245331734,12,111.0,-0.21000000000000008
36885.0,13,202.0,4.926829268292683,7.335053333914847,13,13,202.0,0.29706423516791675,5.787895386787867,7.335053333914847,13,202.0,-0.9099999999999999
36890.0,11,217.0,4.931818181818182,6.7571688906691945,11,11,217.0,0.2312758155633176,4.64995422044406,6.7571688906691945,11,217.0,-0.1499999999999999
36895.0,8,189.0,4.395348837209302,7.651613538651215,8,8,176.0,0.3112187921558918,6.081718199147801,7.651613538651215,8,176.0,0.4099999999999999
36900.0,7,221.0,5.390243902439025,7.982889923931415,7,7,221.0,0.359684966521494,6.438733412222998,7.982889923931415,7,221.0,-0.44999999999999996
36905.0,10,253.0,6.325,6.78362823889471,10,10,253.0,0.27444446358060876,5.0691268857428735,6.78362823889471,10,253.0,-0.31999999999999984
36910.0,12,312.0,7.8,7.4038134278365195,12,12,303.0,0.31378711799780196,5.62318781325732,7.4038134278365195,12,303.0,-0.5
36915.0,14,377.0,8.976190476190476,6.863620002675555,14,14,377.0,0.2478235926816499,4.328438402412506,6.863620002675555,14,377.0,-0.7400000000000002
36920.0,14,447.0,11.175,7.307298704145038,14,14,447.0,0.3053140832925301,5.468388304714977,7.307298704145038,14,447.0,-0.6999999999999997
36925.0,14,342.0,8.76923076923077,6.791215660724281,14,14,342.0,0.2728441256418734,5.064066116777966,6.791215660724281,14,342.0,1.0499999999999998
36930.0,10,313.0,8.45945945945946,7.2211096197009415,10,10,250.0,0.31037539896474375,5.8807500521724725,7.2211096197009415,10,250.0,0.9199999999999999
36935.0,10,363.0,10.083333333333334,7.975421308823472,10,10,363.0,0.377424704526995,6.964029961885638,7.975421308823472,10,363.0,-1.13
36940.0,12,312.0,8.210526315789474,6.226366282002525,12,12,312.0,0.24455776706275556,4.581765385298414,6.226366282002525,12,312.0,0.5099999999999998
36945.0,8,241.0,6.342105263157895,7.649723654053894,8,8,208.0,0.3336794711724589,6.105718320418148,7.649723654053894,8,208.0,1.04
36950.0,9,282.0,7.421052631578948,7.0635369341663345,9,9,282.0,0.3006631782610255,5.175824351747917,7.0635369341663345,9,282.0,-0.7399999999999998
36955.0,10,287.0,7.972222222222222,6.819293771821987,10,10,287.0,0.27986648320137947,5.110427806886926,6.819293771821987,10,287.0,-0.050000000000000266
36960.0,10,331.0,9.457142857142857,7.027039610808728,10,10,318.0,0.27994437792033805,5.309091068995102,7.027039610808728,10,318.0,-0.31000000000000005
36965.0,11,384.0,10.378378378378379,6.5652095381043605,11,11,384.0,0.25257532413232153,4.870377049827034,6.5652095381043605,11,384.0,-0.6599999999999997
36970.0,11,400.0,10.81081081081081,7.090648444454582,11,11,400.0,0.28945910645379264,5.641730796867094,7.090648444454582,11,400.0,-0.16000000000000014
36975.0,10,424.0,10.871794871794872,6.642237430892686,10,10,411.0,0.2740967537855836,5.080679514621755,6.642237430892686,10,411.0,-0.11000000000000032
36980.0,11,479.0,12.282051282051283,7.893630537115866,11,11,479.0,0.3658506292285316,6.618765742342671,7.893630537115866,11,479.0,-0.6799999999999997
36985.0,12,397.0,10.179487179487179,6.830160784781756,12,12,397.0,0.2934139951786701,5.585436027152254,6.830160784781756,12,397.0,0.8199999999999998
36990.0,9,409.0,10.763157894736842,7.480678290890941,9,9,355.0,0.35042555206949627,6.585708816126309,7.480678290890941,9,355.0,0.4200000000000004
36995.0,9,454.0,11.947368421052632,8.073266147642663,9,9,454.0,0.3973105965278421,7.083303290675225,8.073266147642663,9,454.0,-0.9900000000000002
37000.0,12,505.0,12.948717948717949,6.540912364671138,12,12,505.0,0.28566894804239046,4.982816046691089,6.540912364671138,12,505.0,-0.5099999999999998
37005.0,9,458.0,11.743589743589743,7.240541355530079,9,9,458.0,0.3211792601499334,5.884283698959857,7.240541355530079,9,458.0,0.46999999999999975
37010.0,7,466.0,12.263157894736842,6.771413177794238,7,7,432.0,0.3023371750380566,5.400130235503204,6.771413177794238,7,432.0,0.2599999999999998
37015.0,9,508.0,13.368421052631579,7.45841253939781,9,9,508.0,0.3538941077037768,6.3288745432895475,7.45841253939781,9,508.0,-0.7599999999999998
37020.0,9,553.0,14.552631578947368,7.708174211638919,9,9,553.0,0.35336320253343995,6.565501849730199,7.708174211638919,9,553.0,-0.4500000000000002
37025.0,8,495.0,12.375,6.973934997707877,8,8,495.0,0.28486259768553346,5.401143597206653,6.973934997707877,8,495.0,0.5800000000000001
37030.0,6,509.0,13.051282051282051,8.358355912366049,6,6,471.0,0.40284494356031,7.6335845249477625,8.358355912366049,6,471.0,0.2400000000000002
37035.0,7,540.0,12.857142857142858,8.088224766668771,7,7,540.0,0.37241420933018005,6.767951049681053,8.088224766668771,7,540.0,-0.6900000000000004
37040.0,6,532.0,12.975609756097562,8.421556333052717,6,6,532.0,0.41050902470101436,7.8050881410966,8.421556333052717,6,532.0,0.08000000000000007
37045.0,9,562.0,14.05,7.709076669430443,9,9,538.0,0.32832506695373426,5.9006665139332695,7.709076669430443,9,538.0,-0.05999999999999961
37050.0,8,601.0,15.81578947368421,8.422652288234042,8,8,601.0,0.39787113730692086,6.971442238684555,8.422652288234042,8,601.0,-0.6299999999999999
37055.0,5,116.0,3.0526315789473686,9.067791494410452,5,5,116.0,0.4669687220788414,8.521169700218637,9.067791494410452,5,116.0,4.85
37060.0,6,81.0,2.25,8.67466682611619,6,6,-151.0,0.41044129051903866,7.305099481411857,8.67466682611619,6,-151.0,2.67
37065.0,7,112.0,3.2,8.857054128831509,7,7,112.0,0.4407303504827885,7.7546437847968335,8.857054128831509,7,112.0,-2.63
37070.0,5,80.0,2.1621621621621623,7.241386291384678,5,5,80.0,0.2861613703356603,4.99851662045453,7.241386291384678,5,80.0,0.32000000000000006
37075.0,6,110.0,3.3333333333333335,7.959851353409828,6,6,82.0,0.36717721060916336,6.371585198278145,7.959851353409828,6,82.0,-0.019999999999999907
37080.0,6,140.0,4.375,8.54634163908802,6,6,140.0,0.4383360405718425,7.3831734402895295,8.54634163908802,6,140.0,-0.58
37085.0,6,58.0,1.7058823529411764,7.281459111087613,6,6,58.0,0.33217427846669983,5.864284669015061,7.281459111087613,6,58.0,0.82
37090.0,5,60.0,1.7647058823529411,8.431322645765608,5,5,14.0,0.42788572272544706,7.784734952707355,8.431322645765608,5,14.0,0.43999999999999995
37095.0,4,79.0,2.135135135135135,8.200319433188774,4,4,78.0,0.3885990368594038,7.091428711852286,8.200319433188774,4,78.0,-0.64
37100.0,6,32.0,1.0,8.117162212983498,6,6,32.0,0.411897418338709,7.561535441524527,8.117162212983498,6,32.0,0.46
37105.0,8,54.0,1.6363636363636365,7.4364284807806715,8,8,23.0,0.3614632748887469,6.472245082200719,7.4364284807806715,8,23.0,0.09
37110.0,7,84.0,2.5454545454545454,7.687128796588201,7,7,83.0,0.36637675013314663,6.571546985579163,7.687128796588201,7,83.0,-0.6
37115.0,6,72.0,2.1818181818181817,8.372920354269779,6,6,72.0,0.42726380614787457,7.8250383085744994,8.372920354269779,6,72.0,0.10999999999999999
37120.0,6,91.0,2.5277777777777777,7.426918490055448,6,6,77.0,0.33500849881191347,6.14105867872143,7.426918490055448,6,77.0,-0.050000000000000044
37125.0,8,130.0,3.9393939393939394,8.157624225227334,8,8,130.0,0.40654371492646746,7.329101089675165,8.157624225227334,8,130.0,-0.53
37130.0,6,68.0,1.9428571428571428,6.895536032446578,6,6,68.0,0.29137566900822565,5.466348889505379,6.895536032446578,6,68.0,0.62
37135.0,6,87.0,2.5588235294117645,8.104157714619598,6,6,45.0,0.380047346618991,7.13984478536224,8.104157714619598,6,45.0,0.23000000000000004
37140.0,6,117.0,3.774193548387097,8.638871053958761,6,6,117.0,0.437699449895,7.909305981589018,8.638871053958761,6,117.0,-0.72
37145.0,6,63.0,1.9090909090909092,7.290240429493468,6,6,63.0,0.3424353351551989,6.217902954736976,7.290240429493468,6,63.0,0.5399999999999999
37150.0,4,64.0,2.0,8.738495142598856,4,4,35.0,0.4613294096760066,8.398473055435725,8.738495142598856,4,35.0,0.28
37155.0,5,85.0,2.4285714285714284,7.995249011806111,5,5,85.0,0.39623104720788016,6.884901000130874,7.995249011806111,5,85.0,-0.5
37160.0,7,78.0,2.2285714285714286,8.516269472298186,6,7,77.0,0.45961427147610256,8.346171130073857,8.516269472298186,6,77.0,0.07999999999999996
37165.0,9,107.0,2.8157894736842106,7.516595821718882,9,9,71.0,0.3413416616877616,5.993833035752347,7.516595821718882,9,71.0,0.06000000000000005
37170.0,9,149.0,4.027027027027027,7.795600936710028,9,9,149.0,0.3533692273329886,6.341810333580344,7.795600936710028,9,149.0,-0.78
37175.0,6,98.0,2.8,8.521243548579045,6,6,98.0,0.44865795474805087,8.16079979655703,8.521243548579045,6,98.0,0.51
37180.0,5,113.0,3.2285714285714286,7.515507727440016,5,5,74.0,0.34708325860338846,6.387594296315993,7.515507727440016,5,74.0,0.24
37185.0,8,151.0,4.575757575757576,8.111463867945051,8,8,151.0,0.3997388297090788,7.310599508510089,8.111463867945051,8,151.0,-0.77
37190.0,7,85.0,2.5757575757575757,6.50425649845717,7,7,85.0,0.28020003642618263,5.3082905543522045,6.50425649845717,7,85.0,0.66
37195.0,6,104.0,3.1515151515151514,7.853555379984788,6,6,62.0,0.3757842085761775,7.03082454422532,7.853555379984788,6,62.0,0.22999999999999998
37200.0,6,134.0,4.0606060606060606,8.472969450075288,6,6,134.0,0.4307897915847135,7.734454716787242,8.472969450075288,6,134.0,-0.7200000000000001
37205.0,6,61.0,1.7428571428571429,7.386544395036577,6,6,61.0,0.33608531078227444,6.151992846499601,7.386544395036577,6,61.0,0.7300000000000001
37210.0,4,61.0,1.7941176470588236,8.929391901324998,4,4,18.0,0.45181499460710584,8.493661820100657,8.929391901324998,4,18.0,0.43
37215.0,5,82.0,2.411764705882353,8.460449440384084,5,5,82.0,0.4051582572422672,7.402941840056687,8.460449440384084,5,82.0,-0.6399999999999999
37220.0,5,93.0,2.90625,8.891238151717543,5,5,93.0,0.4496727526363644,8.560482824334018,8.891238151717543,5,93.0,-0.1100000000000001
37225.0,8,118.0,3.3714285714285714,7.917044715448612,8,8,106.0,0.3520199803545365,6.492189203777608,7.917044715448612,8,106.0,-0.13
37230.0,7,151.0,4.314285714285714,8.534675242585122,7,7,151.0,0.4070406217570868,7.472667416031671,8.534675242585122,7,151.0,-0.44999999999999996
37235.0,4,90.0,2.727272727272727,9.2804437376872,4,4,90.0,0.47225422210044576,9.040479447270906,9.2804437376872,4,90.0,0.61
37240.0,5,99.0,2.911764705882353,7.9794828452600255,5,5,60.0,0.35454269687681067,6.68722002099035,7.9794828452600255,5,60.0,0.30000000000000004
37245.0,6,129.0,3.909090909090909,9.027687551287421,6,6,129.0,0.44451927930175406,8.289752408137229,9.027687551287421,6,129.0,-0.6900000000000001
37250.0,4,91.0,2.757575757575758,7.443385885484262,4,4,91.0,0.30550279514399187,6.072266276162679,7.443385885484262,4,91.0,0.38
37255.0,5,116.0,3.515151515151515,8.49017739420014,5,5,88.0,0.38367526312143396,7.572901659163974,8.49017739420014,5,88.0,0.030000000000000027
37260.0,5,141.0,4.2727272727272725,8.713333127487351,5,5,141.0,0.4201382785339678,7.789362877120121,8.713333127487351,5,141.0,-0.5299999999999999
37265.0,7,65.0,1.911764705882353,7.403807887212778,6,7,64.0,0.3364031232038176,6.229645992181524,7.403807887212778,6,64.0,0.7699999999999999
37270.0,6,94.0,2.8484848484848486,8.462730434157095,6,6,94.0,0.41879411880786155,7.714752417931176,8.462730434157095,6,94.0,-0.29999999999999993
37275.0,9,127.0,3.96875,7.244533317070195,9,9,48.0,0.30731058744330797,5.5397493070365345,7.244533317070195,9,48.0,0.45999999999999996
37280.0,6,84.0,2.8,8.083728740883958,6,6,84.0,0.3990191739897809,7.25582142966861,8.083728740883958,6,84.0,-0.36
37285.0,8,103.0,3.121212121212121,8.13557065188702,8,8,68.0,0.4046577766157916,7.343349396773895,8.13557065188702,8,68.0,0.15999999999999992
37290.0,7,135.0,4.090909090909091,8.624847586111466,7,7,135.0,0.4236195225686803,7.690557472267708,8.624847586111466,7,135.0,-0.67
37295.0,7,170.0,5.3125,8.878860918916967,7,7,170.0,0.43152784535250965,8.118301151403694,8.878860918916967,7,170.0,-0.34999999999999987
37300.0,8,98.0,3.0625,7.144316559748186,7,8,97.0,0.3077831308946902,5.678095806751121,7.144316559748186,7,97.0,0.73
37305.0,5,104.0,3.25,8.337725605068673,5,5,59.0,0.38472784727257897,7.197100291220012,8.337725605068673,5,59.0,0.38
37310.0,5,129.0,4.03125,8.062862151632416,5,5,129.0,0.3878215258815734,7.152192424265901,8.062862151632416,5,129.0,-0.7000000000000001
37315.0,8,163.0,5.258064516129032,7.785015240832347,8,8,163.0,0.3771744875752829,6.921379240540189,7.785015240832347,8,163.0,-0.33999999999999986
37320.0,8,203.0,6.766666666666667,8.081941838205887,8,8,203.0,0.3814642536037002,7.070345301800218,8.081941838205887,8,203.0,-0.3999999999999999
37325.0,10,250.0,7.352941176470588,7.40818698164224,10,10,250.0,0.2970232130079706,5.729991080890664,7.40818698164224,10,250.0,-0.4700000000000002
37330.0,7,135.0,4.21875,8.094570842688174,7,7,135.0,0.3495158974394455,6.870357472454318,8.094570842688174,7,135.0,1.15
37335.0,5,95.0,2.7142857142857144,7.49856853024152,5,5,32.0,0.31378127419236523,5.954717436365286,7.49856853024152,5,32.0,1.03
37340.0,6,125.0,3.5714285714285716,8.951115342019289,6,6,125.0,0.4370936831159477,8.14985482671866,8.951115342019289,6,125.0,-0.9299999999999999
37345.0,8,155.0,4.5588235294117645,8.228829693830164,8,8,155.0,0.3843829327128165,7.156150549179948,8.228829693830164,8,155.0,-0.30000000000000004
37350.0,5,93.0,2.735294117647059,8.32596278850776,5,5,93.0,0.3803606713551682,7.344344382786722,8.32596278850776,5,93.0,0.62
37355.0,3,88.0,2.75,9.280947938326687,3,3,55.0,0.4817282309662171,8.750838061116388,9.280947938326687,3,55.0,0.38
37360.0,6,110.0,3.4375,8.089472043974673,6,6,110.0,0.39934002527626666,6.921379530219871,8.089472043974673,6,110.0,-0.55
37365.0,5,69.0,2.15625,8.966308584435613,5,5,69.0,0.45487243263922567,8.34495544655772,8.966308584435613,5,69.0,0.41000000000000014
37370.0,5,94.0,2.764705882352941,7.5789328607352955,5,5,32.0,0.3121669744187041,5.506948247979446,7.5789328607352955,5,32.0,0.36999999999999994
37375.0,8,134.0,4.1875,8.176293241184467,8,8,134.0,0.3696222824269521,6.57616124081186,8.176293241184467,8,134.0,-1.02
37380.0,6,142.0,4.4375,8.85437578028767,6,6,142.0,0.4223044476497308,7.860449005244774,8.85437578028767,6,142.0,-0.07999999999999985
37385.0,8,177.0,5.057142857142857,7.8438445655670295,8,8,160.0,0.3287192624555001,6.181568187846496,7.8438445655670295,8,160.0,-0.18000000000000016
37390.0,8,217.0,6.2,8.416346626412517,8,8,217.0,0.38228018409541936,7.240635797412965,8.416346626412517,8,217.0,-0.5699999999999998
37395.0,7,112.0,3.2,7.523782756424425,7,7,112.0,0.30767367941339224,5.982177769749655,7.523782756424425,7,112.0,1.0499999999999998
37400.0,6,96.0,3.0,8.480802873136504,6,6,40.0,0.3905281590105529,7.592886450238291,8.480802873136504,6,40.0,0.7200000000000001
37405.0,7,121.0,3.5588235294117645,8.291902920864322,7,7,121.0,0.384787950176504,7.212002387301092,8.291902920864322,7,121.0,-0.8099999999999999
37410.0,7,140.0,4.242424242424242,8.103831795808254,7,7,140.0,0.38839362479295736,7.250719618118206,8.103831795808254,7,140.0,-0.18999999999999995
37415.0,7,175.0,5.645161290322581,8.556560709905936,7,7,166.0,0.39694452573072553,7.216724719237051,8.556560709905936,7,166.0,-0.26
37420.0,10,218.0,7.266666666666667,7.188514019350984,10,10,218.0,0.3087475976170466,5.283123792524775,7.188514019350984,10,218.0,-0.5200000000000002
37425.0,7,108.0,3.6,7.940201180431509,7,7,108.0,0.37247192630982906,6.645461764318463,7.940201180431509,7,108.0,1.1
37430.0,4,69.0,2.090909090909091,8.067077742936828,4,4,11.0,0.3801309510256243,6.682344619401052,8.067077742936828,4,11.0,0.9700000000000001
37435.0,5,91.0,2.84375,8.594965175055695,5,5,91.0,0.4286128331898663,7.495129293334616,8.594965175055695,5,91.0,-0.8
37440.0,7,118.0,3.806451612903226,8.470576589374014,7,7,118.0,0.42911752619378224,7.614258359346951,8.470576589374014,7,118.0,-0.2699999999999999
37445.0,8,156.0,4.457142857142857,7.446997880073236,8,8,154.0,0.3133521359590297,5.511959477654696,7.446997880073236,8,154.0,-0.3600000000000001
37450.0,9,201.0,6.483870967741935,7.9355143297106805,9,9,201.0,0.38928479162194823,6.87568442370173,7.9355143297106805,9,201.0,-0.46999999999999975
37455.0,7,114.0,3.3529411764705883,7.301150080761243,7,7,114.0,0.3355363895146964,6.156340970042977,7.301150080761243,7,114.0,0.8699999999999999
37460.0,6,107.0,3.242424242424242,8.215187868881067,6,6,64.0,0.4060103670600918,7.408774825259474,8.215187868881067,6,64.0,0.4999999999999999
37465.0,9,137.0,3.914285714285714,7.861382815426229,9,9,137.0,0.3974523671370868,6.9270889644954705,7.861382815426229,9,137.0,-0.7300000000000001
37470.0,8,173.0,5.088235294117647,8.007981609855973,8,8,173.0,0.40837902848142976,7.149062466156023,8.007981609855973,8,173.0,-0.3599999999999999
37475.0,7,157.0,4.90625,8.242774607940872,7,7,157.0,0.4274037306186214,7.536616498021155,8.242774607940872,7,157.0,0.15999999999999992
37480.0,9,197.0,5.628571428571429,7.10911380597886,9,9,146.0,0.31994513734286545,5.321731868879746,7.10911380597886,9,146.0,0.1100000000000001
37485.0,10,247.0,7.484848484848484,7.556976441207728,10,10,247.0,0.35616770128077563,6.177810837021517,7.556976441207728,10,247.0,-1.0100000000000002
37490.0,9,287.0,8.441176470588236,6.748811703586882,9,9,287.0,0.27933626841568854,5.071359800429919,6.748811703586882,9,287.0,-0.3999999999999999
37495.0,11,342.0,10.363636363636363,7.45269884923793,11,11,337.0,0.3073886111570127,5.73598021233495,7.45269884923793,11,337.0,-0.5
37500.0,11,397.0,12.030303030303031,7.336350394328731,11,11,397.0,0.3271363448602513,5.8414900346085235,7.336350394328731,11,397.0,-0.6000000000000001
37505.0,10,343.0,9.8,6.654588784468984,10,10,343.0,0.2580198262544399,5.090405708144257,6.654588784468984,10,343.0,0.54
37510.0,8,364.0,10.4,7.7441843019690415,8,8,319.0,0.3527721219810513,6.707481500819864,7.7441843019690415,8,319.0,0.2400000000000002
37515.0,10,408.0,11.333333333333334,7.164224384811234,10,10,408.0,0.3158731893358756,5.821943266835935,7.164224384811234,10,408.0,-0.8900000000000001
37520.0,8,221.0,6.696969696969697,7.54894743942794,8,8,221.0,0.3662556675103691,6.821656885483358,7.54894743942794,8,221.0,1.87
37525.0,7,34.0,0.9714285714285714,7.203843469499525,7,7,-44.0,0.3297161862360552,6.016188154462866,7.203843469499525,7,-44.0,2.65
37530.0,4,37.0,1.0571428571428572,8.555608278909743,4,4,37.0,0.44370862888162943,7.902517155813641,8.555608278909743,4,37.0,-0.81
37535.0,4,57.0,1.78125,9.176555020600489,4,4,57.0,0.5102367366252484,9.075497706662144,9.176555020600489,4,57.0,-0.19999999999999996
37540.0,7,85.0,2.4285714285714284,7.538648811430008,7,7,85.0,0.3538438765872161,6.090752566988508,7.538648811430008,7,85.0,-0.28
37545.0,9,130.0,3.7142857142857144,7.983287026832729,9,9,130.0,0.3618736647653565,6.646843135849397,7.983287026832729,9,130.0,-0.45000000000000007
37550.0,10,176.0,4.756756756756757,7.240368192177151,10,10,176.0,0.278189587898732,5.213489306307932,7.240368192177151,10,176.0,-0.45999999999999996
37555.0,9,149.0,4.027027027027027,7.556536062038476,9,9,149.0,0.3077721511689725,5.882873971388617,7.556536062038476,9,149.0,0.27
37560.0,8,183.0,4.945945945945946,7.695827354678661,8,8,147.0,0.32853597502159204,6.038699686732697,7.695827354678661,8,147.0,0.020000000000000018
37565.0,10,232.0,6.444444444444445,7.036940846340084,10,10,232.0,0.2981580828762115,5.4741120071034,7.036940846340084,10,232.0,-0.8499999999999999
37570.0,8,188.0,5.696969696969697,7.34124163103934,7,8,187.0,0.3475639546519501,6.687507378432981,7.34124163103934,7,187.0,0.44999999999999973
37575.0,7,186.0,5.166666666666667,7.112499240614479,7,7,158.0,0.2794477286693823,5.5436489950193675,7.112499240614479,7,158.0,0.29000000000000004
37580.0,7,217.0,6.2,8.273704266828437,7,7,217.0,0.38383532617580196,7.46737274734248,8.273704266828437,7,217.0,-0.5899999999999999
37585.0,10,86.0,2.263157894736842,6.802055788049674,10,10,86.0,0.2921093528483372,5.564313365758826,6.802055788049674,10,86.0,1.31
37590.0,6,47.0,1.2702702702702702,7.668405414847004,6,6,-16.0,0.3576843990148074,6.673952709455312,7.668405414847004,6,-16.0,1.02
37595.0,6,77.0,2.3333333333333335,8.022248898849302,6,6,77.0,0.39780804226803923,7.208275416448911,8.022248898849302,6,77.0,-0.93
37600.0,9,66.0,1.9411764705882353,6.289855205611966,9,9,66.0,0.28224719489296823,4.93207527613792,6.289855205611966,9,66.0,0.10999999999999999
37605.0,8,88.0,2.588235294117647,7.790342724297905,8,8,74.0,0.3790922803379694,6.667658477079717,7.790342724297905,8,74.0,-0.07999999999999996
37610.0,10,129.0,3.6857142857142855,7.080904525697072,10,10,129.0,0.32308705875022004,5.648102508205163,7.080904525697072,10,129.0,-0.55
37615.0,8,129.0,3.6857142857142855,7.364825783201387,8,8,129.0,0.31514706459514685,5.8899271513723575,7.364825783201387,8,129.0,0.0
37620.0,6,141.0,4.0285714285714285,8.256241468340992,6,6,128.0,0.37681034214763426,7.104639077216976,8.256241468340992,6,128.0,0.010000000000000009
37625.0,8,175.0,4.861111111111111,7.584903247164497,8,8,175.0,0.3253776946389786,6.124542604143775,7.584903247164497,8,175.0,-0.47
37630.0,7,91.0,2.5277777777777777,7.766059381270328,7,7,91.0,0.3496523112193761,6.598678526297985,7.766059381270328,7,91.0,0.84
37635.0,7,90.0,2.4324324324324325,7.3683053104063205,7,7,41.0,0.3306280474596531,5.904703293226964,7.3683053104063205,7,41.0,0.5
37640.0,7,125.0,3.4722222222222223,8.743150848173537,7,7,125.0,0.4334373218402289,7.847540528515245,8.743150848173537,7,125.0,-0.8400000000000001
37645.0,7,115.0,3.1944444444444446,7.674027505598399,7,7,115.0,0.36352506480164337,6.485779627627267,7.674027505598399,7,115.0,0.10000000000000009
37650.0,7,149.0,4.138888888888889,8.029902481855428,7,7,135.0,0.3914432212237339,6.992166836466147,8.029902481855428,7,135.0,-0.20000000000000018
37655.0,7,184.0,5.257142857142857,8.720399671277512,7,7,184.0,0.4592097375662913,8.015754530601576,8.720399671277512,7,184.0,-0.49
37660.0,6,190.0,5.0,7.668189566376594,6,6,190.0,0.3431179460374315,6.3830799891115735,7.668189566376594,6,190.0,-0.05999999999999983
37665.0,8,228.0,6.514285714285714,8.179066929278699,8,8,215.0,0.3866840630538093,7.299405956392045,8.179066929278699,8,215.0,-0.25
37670.0,9,269.0,7.472222222222222,6.945314405160062,9,9,269.0,0.3089975209642505,5.35512649491113,6.945314405160062,9,269.0,-0.54
37675.0,8,164.0,4.685714285714286,7.46613631993068,8,8,164.0,0.3560649937058405,6.383665308646757,7.46613631993068,8,164.0,1.05
37680.0,4,129.0,3.6857142857142855,8.200344669400899,4,4,71.0,0.39742494728793804,7.156097510287749,8.200344669400899,4,71.0,0.9299999999999999
37685.0,6,153.0,4.135135135135135,7.771412214660287,6,6,153.0,0.3667579964491022,6.404379345681748,7.771412214660287,6,153.0,-0.8200000000000001
37690.0,7,73.0,2.085714285714286,7.857709635555531,7,7,73.0,0.40052304563534413,7.089118501589553,7.857709635555531,7,73.0,0.8
37695.0,9,110.0,3.142857142857143,7.388961487163552,9,9,24.0,0.35888015584908833,6.234516447494466,7.388961487163552,9,24.0,0.49
37700.0,10,156.0,4.457142857142857,7.905088846511064,10,10,156.0,0.3755524585339284,6.682511525691961,7.905088846511064,10,156.0,-1.32
37705.0,10,152.0,4.108108108108108,7.204747380923863,10,10,152.0,0.2949937816198282,5.639635477803981,7.204747380923863,10,152.0,0.040000000000000036
37710.0,8,178.0,4.8108108108108105,7.951227608988147,8,8,164.0,0.35789547269405225,6.737921069851057,7.951227608988147,8,164.0,-0.11999999999999988
37715.0,8,218.0,6.8125,8.363708798284101,8,8,218.0,0.4132733795531524,7.6144463172306915,8.363708798284101,8,218.0,-0.5400000000000003
37720.0,10,119.0,3.5,6.552041325147359,9,10,118.0,0.272344832839348,5.137720654575974,6.552041325147359,9,118.0,1.0000000000000002
37725.0,8,113.0,3.323529411764706,7.787593850353951,8,8,58.0,0.32996395906470083,6.247751531148998,7.787593850353951,8,58.0,0.6
37730.0,7,141.0,4.0285714285714285,7.27820569263753,7,7,141.0,0.3142376775591769,5.773181963719374,7.27820569263753,7,141.0,-0.83
37735.0,9,71.0,2.088235294117647,7.161740598644823,9,9,71.0,0.313299521754366,5.968595677154146,7.161740598644823,9,71.0,0.7
37740.0,7,82.0,2.6451612903225805,7.3513999485222135,7,7,36.0,0.338431897219429,6.214894780459168,7.3513999485222135,7,36.0,0.35
37745.0,9,125.0,3.5714285714285716,7.389208200640482,9,9,125.0,0.33311155795267494,5.957075853964332,7.389208200640482,9,125.0,-0.89
37750.0,9,142.0,4.176470588235294,7.841619732563443,9,9,142.0,0.36253098993848415,6.799128144425359,7.841619732563443,9,142.0,-0.16999999999999993
37755.0,11,190.0,5.135135135135135,7.116020805071319,11,11,164.0,0.2746520670762237,5.27105146873264,7.116020805071319,11,164.0,-0.21999999999999997
37760.0,12,249.0,7.323529411764706,7.4710827342796335,12,12,249.0,0.3112609464363475,6.105493470866962,7.4710827342796335,12,249.0,-0.8500000000000003
37765.0,16,310.0,8.378378378378379,6.583881184740946,16,16,310.0,0.23971391290152375,4.773078156416515,6.583881184740946,16,310.0,-0.6099999999999999
37770.0,12,263.0,7.305555555555555,7.0805317723991585,12,12,263.0,0.28221229768049266,5.700642037324382,7.0805317723991585,12,263.0,0.4700000000000002
37775.0,10,294.0,8.647058823529411,7.133938717678942,10,10,247.0,0.3113948886341013,5.981958000600282,7.133938717678942,10,247.0,0.1599999999999997
37780.0,13,352.0,10.057142857142857,6.544514429518948,13,13,352.0,0.2851360560836978,5.198396812435566,6.544514429518948,13,352.0,-1.0499999999999998
37785.0,13,413.0,12.147058823529411,6.362032643347856,13,13,413.0,0.27309381652265097,5.247031161055453,6.362032643347856,13,413.0,-0.6099999999999999
37790.0,14,481.0,13.36111111111111,5.743858914708674,14,14,479.0,0.2013827658023527,3.9442707564394026,5.743858914708674,14,479.0,-0.6600000000000001
37795.0,16,561.0,15.583333333333334,6.07870775180076,16,16,561.0,0.22984675497679585,4.5385716362960675,6.07870775180076,16,561.0,-0.8200000000000003
37800.0,17,642.0,18.88235294117647,5.3402972790105805,17,17,642.0,0.17872678546367965,3.5981850013022383,5.3402972790105805,17,642.0,-0.8099999999999996
37805.0,16,587.0,16.305555555555557,5.156540191838613,16,16,587.0,0.1973901950858609,3.9465125271552397,5.156540191838613,16,587.0,0.5499999999999998
37810.0,13,605.0,17.285714285714285,5.976547521966664,13,13,552.0,0.26947589626267004,5.0945533144573565,5.976547521966664,13,552.0,0.35000000000000053
37815.0,14,674.0,17.736842105263158,6.107172658770117,14,14,674.0,0.27680320998960467,5.161972862735369,6.107172658770117,14,674.0,-1.2200000000000006
37820.0,15,749.0,19.710526315789473,6.6873758085018515,15,15,749.0,0.31004009372890456,5.759615564326625,6.6873758085018515,15,749.0,-0.75
37825.0,16,724.0,18.1,5.6612358202577315,16,16,724.0,0.232431401573282,4.355344949735825,5.6612358202577315,16,724.0,0.25
37830.0,13,776.0,19.4,6.664812146463359,13,13,738.0,0.28758050219711034,5.375869089718053,6.664812146463359,13,738.0,-0.13999999999999968
37835.0,14,842.0,22.157894736842106,6.9990967100915125,14,14,842.0,0.31922693127638363,5.850489776591808,6.9990967100915125,14,842.0,-1.04
37840.0,13,591.0,15.153846153846153,5.8580810335322875,13,13,591.0,0.22265460713063237,4.288039129152883,5.8580810335322875,13,591.0,2.51
37845.0,9,205.0,5.394736842105263,6.854687508477335,9,9,101.0,0.26973681923762916,5.253654753848354,6.854687508477335,9,101.0,4.9
37850.0,5,60.0,1.4634146341463414,6.676674358658717,5,5,60.0,0.2619970765210509,4.850966556681194,6.676674358658717,5,60.0,0.41000000000000003
37855.0,6,86.0,2.097560975609756,7.816672822117143,6,6,86.0,0.3476015101704763,6.509612864555651,7.816672822117143,6,86.0,-0.26
37860.0,6,116.0,2.8292682926829267,8.033140052821778,6,6,116.0,0.3704913685971867,6.723827134129355,8.033140052821778,6,116.0,-0.29999999999999993
37865.0,7,112.0,2.604651162790698,6.884875872822633,7,7,112.0,0.2904161995945105,5.448215992560661,6.884875872822633,7,112.0,0.039999999999999813
37870.0,10,159.0,3.8780487804878048,7.315780423886118,10,10,138.0,0.32570889275189396,5.941157224104083,7.315780423886118,10,138.0,-0.2599999999999998
37875.0,12,213.0,5.071428571428571,6.8400645323783,12,12,213.0,0.2993504482784663,5.195687602510217,6.8400645323783,12,213.0,-0.75
37880.0,10,226.0,5.794871794871795,7.281974751181794,10,10,226.0,0.3349604846684742,6.198669786837698,7.281974751181794,10,226.0,-0.1299999999999999
37885.0,9,221.0,5.390243902439025,7.126317477060763,9,9,209.0,0.29163621540788315,5.591919430644135,7.126317477060763,9,209.0,0.16999999999999993
37890.0,8,258.0,6.45,8.108044566801382,8,8,258.0,0.3705777843810006,6.92873566813989,8.108044566801382,8,258.0,-0.4900000000000002
37895.0,8,137.0,3.5128205128205128,7.8558554471023445,8,8,137.0,0.35885535793591417,6.992980100855536,7.8558554471023445,8,137.0,1.21
37900.0,6,98.0,2.3333333333333335,7.232770795787983,6,6,35.0,0.288075924294543,5.673798123033983,7.232770795787983,6,35.0,1.02
37905.0,8,138.0,3.2857142857142856,8.388202699720756,8,8,138.0,0.37734001198155903,7.271722448219601,8.388202699720756,8,138.0,-1.0299999999999998
37910.0,9,131.0,2.911111111111111,6.897722991457488,9,9,131.0,0.24549177968425095,4.673105450653183,6.897722991457488,9,131.0,0.06999999999999984
37915.0,8,160.0,3.8095238095238093,8.148756318962349,8,8,146.0,0.34300872071613625,6.4909982876937,8.148756318962349,8,146.0,-0.1499999999999999
37920.0,8,200.0,5.128205128205129,8.657212963765893,8,8,200.0,0.3782026412645522,6.834425041935274,8.657212963765893,8,200.0,-0.54
37925.0,11,140.0,3.888888888888889,7.4280809349391745,10,11,139.0,0.29393765569862895,5.66557215144479,7.4280809349391745,10,139.0,0.6100000000000001
37930.0,9,184.0,5.257142857142857,7.712638460578485,9,9,104.0,0.3056248168210007,5.91392143882526,7.712638460578485,9,104.0,0.34999999999999987
37935.0,11,233.0,6.297297297297297,6.793775303593358,11,11,233.0,0.23700039596867245,4.523430923101148,6.793775303593358,11,233.0,-1.29
37940.0,9,198.0,5.351351351351352,7.659800652952467,9,9,198.0,0.31436892458428045,6.08218471858375,7.659800652952467,9,198.0,0.3500000000000001
37945.0,10,208.0,5.621621621621622,7.60091706771428,10,10,180.0,0.3129883729194579,5.974121552717521,7.60091706771428,10,180.0,0.17999999999999994
37950.0,8,248.0,6.888888888888889,8.278672611971741,8,8,248.0,0.37246122901965645,7.1465361988008,8.278672611971741,8,248.0,-0.6799999999999999
37955.0,7,237.0,7.181818181818182,8.003544425409286,7,7,237.0,0.37776973844702755,7.21112665257763,8.003544425409286,7,237.0,0.10999999999999988
37960.0,8,276.0,7.885714285714286,7.465868936223781,8,8,249.0,0.33829759921332475,6.217264916625842,7.465868936223781,8,249.0,-0.1200000000000001
37965.0,10,321.0,9.17142857142857,7.958025101416264,10,10,321.0,0.3689304178715407,6.503271572810299,7.958025101416264,10,321.0,-0.7199999999999998
37970.0,7,156.0,4.333333333333333,6.7373991293818225,7,7,156.0,0.26052340385637796,4.726611504489443,6.7373991293818225,7,156.0,1.65
37975.0,5,57.0,1.6764705882352942,7.854489668781288,5,5,-20.0,0.35795517860977405,6.401678053633206,7.854489668781288,5,-20.0,1.76
37980.0,5,82.0,2.484848484848485,9.139657702564623,5,5,82.0,0.46420721927808567,8.289555328814158,9.139657702564623,5,82.0,-1.02
37985.0,9,93.0,2.5135135135135136,7.280315796194096,9,9,93.0,0.2956406643555224,5.507557720278272,7.280315796194096,9,93.0,-0.1100000000000001
37990.0,10,143.0,3.9722222222222223,8.169981362800046,10,10,125.0,0.349322278402368,6.626855130930861,8.169981362800046,10,125.0,-0.31999999999999995
37995.0,12,197.0,5.628571428571429,6.865181733902944,12,12,197.0,0.2632721832603347,5.022151882385297,6.865181733902944,12,197.0,-0.72
38000.0,10,211.0,6.205882352941177,7.270312614019093,10,10,211.0,0.31505149624245293,6.077991059610785,7.270312614019093,10,211.0,-0.1399999999999999
38005.0,13,261.0,7.25,6.516650843001247,13,13,237.0,0.2740748994013488,5.11893080184854,6.516650843001247,13,237.0,-0.26000000000000023
38010.0,12,320.0,8.88888888888889,7.2500332565948025,12,12,320.0,0.33183484561506627,6.035211288681499,7.2500332565948025,12,320.0,-0.8300000000000001
38015.0,12,380.0,11.176470588235293,7.018874740280774,12,12,380.0,0.30458416196283805,5.741877162393545,7.018874740280774,12,380.0,-0.5999999999999996
38020.0,13,339.0,9.162162162162161,6.00506766494221,13,13,339.0,0.21633929217221595,4.138434751785445,6.00506766494221,13,339.0,0.4099999999999997
38025.0,9,304.0,8.216216216216216,7.492224584484577,9,9,271.0,0.3273484236004735,6.171768085118761,7.492224584484577,9,271.0,0.6800000000000002
38030.0,10,350.0,9.722222222222221,7.005551466395354,10,10,350.0,0.3087137886617279,5.73838609846304,7.005551466395354,10,350.0,-0.79
38035.0,11,187.0,5.5,6.51216984518615,11,11,187.0,0.2801327877473336,5.216263506378899,6.51216984518615,11,187.0,1.63
38040.0,6,69.0,2.15625,7.41986398373044,6,6,-9.0,0.33137164844448347,6.303063029823772,7.41986398373044,6,-9.0,1.9600000000000002
38045.0,8,105.0,2.9166666666666665,7.490137389154896,8,8,105.0,0.33059591259453597,6.252265394674385,7.490137389154896,8,105.0,-1.1400000000000001
38050.0,8,100.0,2.7777777777777777,7.535359221029304,8,8,100.0,0.32706713886290634,6.280441117136041,7.535359221029304,8,100.0,0.050000000000000044
38055.0,12,136.0,3.5789473684210527,6.629730785711253,12,12,123.0,0.24310062640143268,4.750486094975581,6.629730785711253,12,123.0,-0.22999999999999998
38060.0,10,185.0,5.0,7.87693551206526,10,10,185.0,0.34312124398884175,6.524192956186269,7.87693551206526,10,185.0,-0.6200000000000001
38065.0,14,196.0,5.157894736842105,6.292801161959616,14,14,196.0,0.24069271825863203,4.5236764794025195,6.292801161959616,14,196.0,-0.10999999999999988
38070.0,14,266.0,7.1891891891891895,6.926061066403847,14,14,225.0,0.29264029754477144,5.444949469767657,6.926061066403847,14,225.0,-0.29000000000000004
38075.0,14,336.0,9.333333333333334,6.7873236943292765,14,14,336.0,0.28876331823174817,5.177511741184793,6.7873236943292765,14,336.0,-1.1099999999999999
38080.0,14,319.0,8.179487179487179,5.827832496372046,14,14,319.0,0.21180241344874348,3.8589503529644187,5.827832496372046,14,319.0,0.16999999999999993
38085.0,11,298.0,7.842105263157895,6.97090276251668,11,11,270.0,0.30822329552381456,5.533744573376182,6.97090276251668,11,270.0,0.48999999999999977
38090.0,12,354.0,9.567567567567568,6.466833996665602,12,12,354.0,0.2891662396882836,5.10262128038168,6.466833996665602,12,354.0,-0.8399999999999999
38095.0,13,328.0,9.11111111111111,5.956383652717744,13,13,328.0,0.258243845596658,4.771403738923606,5.956383652717744,13,328.0,0.26000000000000023
38100.0,13,365.0,10.735294117647058,6.036371056147843,12,13,334.0,0.26795858914938014,4.957777293134804,6.036371056147843,12,334.0,-0.06000000000000005
38105.0,13,424.0,11.157894736842104,5.664119677453032,13,13,424.0,0.23389284717732522,4.35199084295413,5.664119677453032,13,424.0,-0.9000000000000004
38110.0,13,489.0,12.868421052631579,6.809289461121568,13,13,489.0,0.3023879004632073,5.484774343861014,6.809289461121568,13,489.0,-0.6499999999999995
38115.0,15,314.0,8.051282051282051,5.545972879191169,14,15,312.0,0.23307753266707879,4.185868049276956,5.545972879191169,14,312.0,1.7699999999999996
38120.0,11,170.0,4.473684210526316,6.739013225487849,11,11,79.0,0.3067264161170557,5.466405754830636,6.739013225487849,11,79.0,2.33
38125.0,11,199.0,4.975,6.346449010198462,11,11,199.0,0.27780808105068117,4.881940776723517,6.346449010198462,11,199.0,-1.2
38130.0,10,248.0,6.2,7.109594310381489,10,10,248.0,0.3465248470967053,5.941446928421966,7.109594310381489,10,248.0,-0.49
38135.0,9,175.0,4.375,7.090683706644853,9,9,175.0,0.33413647451213335,5.93468333530345,7.090683706644853,9,175.0,0.73
38140.0,8,151.0,3.682926829268293,6.677137817243608,8,8,113.0,0.2841580743970499,5.20045499747146,6.677137817243608,8,113.0,0.6200000000000001
38145.0,11,205.0,5.125,7.589121773502922,11,11,205.0,0.3338186147813378,6.105455860543282,7.589121773502922,11,205.0,-0.9199999999999999
38150.0,12,167.0,3.9761904761904763,6.701176810041088,12,12,167.0,0.2625930122370972,4.7516377837723,6.701176810041088,12,167.0,0.3799999999999999
38155.0,12,213.0,5.461538461538462,6.940302683297407,12,12,180.0,0.26262657816056806,5.074062523114393,6.940302683297407,12,180.0,-0.13000000000000012
38160.0,11,267.0,7.026315789473684,6.997611685244034,11,11,267.0,0.27509687368433644,5.093290838191898,6.997611685244034,11,267.0,-0.8699999999999999
38165.0,13,246.0,5.857142857142857,6.525818846714363,13,13,246.0,0.24294687742595225,4.532492841948079,6.525818846714363,13,246.0,0.20999999999999996
38170.0,9,217.0,5.2926829268292686,7.035773964234837,9,9,190.0,0.28742076545895257,5.2602801716437515,7.035773964234837,9,190.0,0.56
38175.0,11,265.0,6.162790697674419,6.603398108791599,11,11,265.0,0.25784418776109735,4.548340111019122,6.603398108791599,11,265.0,-0.75
38180.0,10,269.0,6.725,7.229754933038509,10,10,269.0,0.3238673670433071,5.79306653172424,7.229754933038509,10,269.0,-0.040000000000000036
38185.0,15,318.0,7.95,6.687425817836527,15,15,304.0,0.3159111738249398,5.384738572532833,6.687425817836527,15,304.0,-0.3500000000000001
38190.0,13,381.0,9.76923076923077,7.262789161442432,13,13,381.0,0.3248564994912424,5.657618760364239,7.262789161442432,13,381.0,-0.77
38195.0,11,399.0,10.5,7.283599712959479,10,11,398.0,0.32884754074979095,6.058964630439289,7.283599712959479,10,398.0,-0.16999999999999993
38200.0,12,424.0,10.6,6.233418112870249,12,12,412.0,0.23679164367786876,4.417528853214889,6.233418112870249,12,412.0,-0.14000000000000012
38205.0,11,475.0,12.5,7.3205083652555345,11,11,475.0,0.30737900883340474,5.890767728635742,7.3205083652555345,11,475.0,-0.6299999999999999
38210.0,12,356.0,9.128205128205128,5.575042534568199,12,12,356.0,0.20607380620654045,4.018289925904397,5.575042534568199,12,356.0,1.19
38215.0,9,275.0,7.2368421052631575,6.7937573543838665,9,9,217.0,0.3003054169516368,5.694615312356706,6.7937573543838665,9,217.0,1.3900000000000001
38220.0,9,320.0,8.421052631578947,7.110373335635555,9,9,320.0,0.32656773706552494,5.872303256399255,7.110373335635555,9,320.0,-1.0300000000000002
38225.0,11,325.0,7.738095238095238,6.35277497814298,11,11,325.0,0.2665061425608159,4.857075315353872,6.35277497814298,11,325.0,-0.04999999999999982
38230.0,10,356.0,8.9,7.269753371475015,10,10,342.0,0.3426242894782456,6.190135857368596,7.269753371475015,10,342.0,-0.16999999999999993
38235.0,12,410.0,10.0,6.6680122812972735,12,12,410.0,0.3083504904047571,5.282912326472508,6.6680122812972735,12,410.0,-0.6799999999999997
38240.0,12,470.0,11.463414634146341,7.234628473466556,12,12,470.0,0.33781118425153317,5.975543139444963,7.234628473466556,12,470.0,-0.6000000000000005
38245.0,13,428.0,9.953488372093023,6.633349344879269,13,13,428.0,0.28269867593468584,5.008948346179698,6.633349344879269,13,428.0,0.41999999999999993
38250.0,9,461.0,10.976190476190476,7.483152527120451,9,9,422.0,0.3413175772843819,6.11652457159704,7.483152527120451,9,422.0,0.0600000000000005
38255.0,10,511.0,12.775,8.103702621526129,10,10,511.0,0.39587329103533586,6.989870113818449,8.103702621526129,10,511.0,-0.8900000000000006
38260.0,11,456.0,10.857142857142858,6.710843667593456,11,11,456.0,0.24938642692749316,4.668342941382579,6.710843667593456,11,456.0,0.5500000000000007
38265.0,7,412.0,10.3,7.932700371844379,7,7,379.0,0.35844161138732145,6.639056899439225,7.932700371844379,7,379.0,0.7699999999999996
38270.0,7,447.0,11.175,7.82764770195922,7,7,447.0,0.35588208802645377,6.379937965324644,7.82764770195922,7,447.0,-0.6799999999999997
38275.0,9,452.0,11.894736842105264,7.456183362713161,9,9,452.0,0.320793682231708,5.998530692262369,7.456183362713161,9,452.0,-0.04999999999999982
38280.0,9,497.0,13.805555555555555,7.567241678434005,9,9,477.0,0.3345702250362744,6.117384429101828,7.567241678434005,9,477.0,-0.25
38285.0,11,548.0,14.051282051282051,7.22679950121988,11,11,548.0,0.31124228618712574,5.526864295213436,7.22679950121988,11,548.0,-0.7100000000000009
38290.0,11,603.0,15.868421052631579,7.791725843619956,11,11,603.0,0.33445363537529665,6.368114840208091,7.791725843619956,11,603.0,-0.5499999999999998
38295.0,9,594.0,15.23076923076923,6.712079528625479,9,9,594.0,0.2594621323589427,4.927937495202332,6.712079528625479,9,594.0,0.08999999999999986
38300.0,8,619.0,16.289473684210527,7.931474901695393,8,8,601.0,0.3823936709778268,7.028182950400486,7.931474901695393,8,601.0,-0.0699999999999994
38305.0,11,659.0,16.073170731707318,7.8266951925780415,11,11,659.0,0.3731029834858284,6.672972487863496,7.8266951925780415,11,659.0,-0.5800000000000001
38310.0,9,589.0,15.5,7.64221370277913,8,9,588.0,0.3545609992789318,6.67164956585825,7.64221370277913,8,588.0,0.71
38315.0,7,602.0,17.2,7.688664615054196,7,7,556.0,0.35753912670478427,6.572376550558483,7.688664615054196,7,556.0,0.3200000000000003
38320.0,8,634.0,16.68421052631579,7.049079312028479,8,8,634.0,0.29889780225824064,5.370203581732693,7.049079312028479,8,634.0,-0.7800000000000002
38325.0,9,131.0,3.742857142857143,7.128021074606041,9,9,131.0,0.33292284169089215,6.146586858726297,7.128021074606041,9,131.0,5.029999999999999
38330.0,7,91.0,2.4594594594594597,6.79416474713971,7,7,-149.0,0.30793447476742924,5.577403876583125,6.79416474713971,7,-149.0,2.8
38335.0,10,138.0,3.72972972972973,7.5214013989248825,10,10,138.0,0.35318792412295036,6.3611042594251614,7.5214013989248825,10,138.0,-2.87
38340.0,7,134.0,3.6216216216216215,7.471831435857443,7,7,134.0,0.34530601489615925,6.256738673949249,7.471831435857443,7,134.0,0.039999999999999813
38345.0,8,161.0,4.2368421052631575,7.303721002553323,8,8,147.0,0.32214777700664354,5.885444966264691,7.303721002553323,8,147.0,-0.1299999999999999
38350.0,8,201.0,5.742857142857143,8.082588097236615,8,8,201.0,0.4142139537053629,7.32581091402919,8.082588097236615,8,201.0,-0.5399999999999998
38355.0,8,137.0,3.6052631578947367,6.840213583488619,8,8,137.0,0.28552826242065765,5.30334182665153,6.840213583488619,8,137.0,0.6399999999999997
38360.0,6,154.0,4.052631578947368,7.997189015292412,6,6,112.0,0.3656730570080132,7.1069437914439915,7.997189015292412,6,112.0,0.25
38365.0,8,184.0,4.842105263157895,8.220104263612008,8,8,184.0,0.3833761026057445,7.381149743318263,8.220104263612008,8,184.0,-0.72
38370.0,8,206.0,5.5675675675675675,7.803496362368953,8,8,206.0,0.34012169150067334,6.941978011662273,7.803496362368953,8,206.0,-0.21999999999999997
38375.0,8,246.0,7.235294117647059,8.004960313040362,8,8,235.0,0.3583017960631847,7.118661416562751,8.004960313040362,8,235.0,-0.29000000000000004
38380.0,11,293.0,7.918918918918919,7.149949307645643,11,11,293.0,0.28206282922111536,5.507623075623776,7.149949307645643,11,293.0,-0.5800000000000001
38385.0,8,150.0,4.166666666666667,7.766128223310255,8,8,150.0,0.3257308741134265,6.497419127370256,7.766128223310255,8,150.0,1.4300000000000002
38390.0,5,71.0,1.8205128205128205,7.330033453539006,5,5,-2.0,0.2963721093357279,5.339927448558647,7.330033453539006,5,-2.0,1.52
38395.0,6,101.0,2.8055555555555554,8.582636235395944,6,6,101.0,0.42088647161261794,7.437653173229417,8.582636235395944,6,101.0,-1.03
38400.0,6,48.0,1.411764705882353,8.096206552066953,6,6,48.0,0.37945870754666505,6.812619479648453,8.096206552066953,6,48.0,0.53
38405.0,7,68.0,1.8888888888888888,7.5321710118275815,7,7,39.0,0.32444088501379453,5.820249627739904,7.5321710118275815,7,39.0,0.08999999999999997
38410.0,7,103.0,3.0294117647058822,8.692601739273435,7,7,103.0,0.43351944925771796,7.710262109126904,8.692601739273435,7,103.0,-0.64
38415.0,5,88.0,2.5142857142857142,7.551008144208258,5,5,88.0,0.3373303584175818,6.23462689905643,7.551008144208258,5,88.0,0.15000000000000002
38420.0,5,99.0,2.911764705882353,8.787126924362372,5,5,86.0,0.45033288823654927,8.172033262612747,8.787126924362372,5,86.0,0.020000000000000018
38425.0,8,124.0,3.4444444444444446,8.368580295109453,8,8,124.0,0.4173183537898474,7.161967214943131,8.368580295109453,8,124.0,-0.38
38430.0,6,76.0,2.235294117647059,8.286021105098936,5,6,75.0,0.41790409701135306,7.584999274545554,8.286021105098936,5,75.0,0.49
38435.0,4,90.0,2.727272727272727,8.743535643049578,4,4,55.0,0.43388966283364144,7.957899734336154,8.743535643049578,4,55.0,0.19999999999999996
38440.0,6,113.0,3.138888888888889,7.846433203186586,6,6,113.0,0.3455066112581728,6.256915113546023,7.846433203186586,6,113.0,-0.5799999999999998
38445.0,7,84.0,2.4,7.979407312280791,7,7,84.0,0.3764796393321813,7.022646979240938,7.979407312280791,7,84.0,0.2899999999999999
38450.0,7,119.0,3.4,7.8117711131671514,7,7,58.0,0.34403219202197133,6.386084536401322,7.8117711131671514,7,58.0,0.26
38455.0,10,165.0,4.852941176470588,7.805133539315511,10,10,165.0,0.3385434873771458,6.3162910536568955,7.805133539315511,10,165.0,-1.0699999999999998
38460.0,7,116.0,3.7419354838709675,7.179789094367062,7,7,116.0,0.2904883241386543,5.6158209065451485,7.179789094367062,7,116.0,0.49
38465.0,8,144.0,4.363636363636363,6.872934156041126,8,8,105.0,0.3126698351404109,5.651488685182425,6.872934156041126,8,105.0,0.10999999999999988
38470.0,8,184.0,5.575757575757576,8.066710381020435,8,8,184.0,0.413103623389596,7.287228476308242,8.066710381020435,8,184.0,-0.79
38475.0,7,137.0,3.8055555555555554,6.87492234143999,7,7,137.0,0.30436066310438714,5.51510125453708,6.87492234143999,7,137.0,0.47
38480.0,6,151.0,4.194444444444445,8.433071111418148,6,6,122.0,0.4185577304902983,7.75313655242982,8.433071111418148,6,122.0,0.15000000000000013
38485.0,10,182.0,5.055555555555555,8.261832214884391,10,10,182.0,0.40614629743764996,7.250348335091619,8.261832214884391,10,182.0,-0.6000000000000001
38490.0,5,67.0,2.09375,7.955677120354181,5,5,67.0,0.394589747955084,7.191895281549877,7.955677120354181,5,67.0,1.15
38495.0,3,31.0,1.0,9.083663635707257,3,3,-26.0,0.4874570478463979,8.641584948925919,9.083663635707257,3,-26.0,0.93
38500.0,4,48.0,1.411764705882353,8.254882453945125,4,4,48.0,0.4075664881327973,7.057880792626767,8.254882453945125,4,48.0,-0.74
38505.0,5,32.0,0.9696969696969697,8.51685456838066,5,5,32.0,0.4381041935461122,7.730440557965731,8.51685456838066,5,32.0,0.15999999999999998
38510.0,6,57.0,1.6285714285714286,7.762484363122738,6,6,32.0,0.354254444467093,6.152732825782452,7.762484363122738,6,32.0,0.0
38515.0,7,89.0,2.5428571428571427,8.408277765290647,7,7,89.0,0.4058363660042346,7.011358958497773,8.408277765290647,7,89.0,-0.5700000000000001
38520.0,4,66.0,1.9411764705882353,8.825959723341512,4,4,66.0,0.4518793839614152,8.023949202417006,8.825959723341512,4,66.0,0.22999999999999998
38525.0,6,88.0,2.588235294117647,7.877042296149617,6,6,62.0,0.3636764143461805,6.356086331793479,7.877042296149617,6,62.0,0.040000000000000036
38530.0,6,117.0,3.65625,8.730427547105947,6,6,117.0,0.45568395212143953,7.936467795933764,8.730427547105947,6,117.0,-0.5499999999999999
38535.0,4,59.0,1.6857142857142857,7.834804059035215,4,4,59.0,0.3486459335061261,6.669925975227753,7.834804059035215,4,59.0,0.58
38540.0,4,65.0,1.911764705882353,9.023917946817818,4,4,37.0,0.4507391400068811,8.596093598966807,9.023917946817818,4,37.0,0.21999999999999997
38545.0,7,85.0,2.4285714285714284,8.318702484351027,7,7,85.0,0.4057747153353479,7.43140864637432,8.318702484351027,7,85.0,-0.48
38550.0,4,72.0,2.1176470588235294,8.467608024994153,4,4,72.0,0.4282491849799386,8.107404513805012,8.467608024994153,4,72.0,0.13
38555.0,4,92.0,2.875,9.544551883221786,4,4,73.0,0.5260887942886702,9.709762241904858,9.544551883221786,4,73.0,-0.010000000000000009
38560.0,5,114.0,3.5625,8.495999345953,5,5,114.0,0.41813349238020586,7.525665288611807,8.495999345953,5,114.0,-0.4099999999999999
38565.0,6,74.0,2.3870967741935485,8.711464912965855,6,6,74.0,0.4374471277537869,8.37677899270979,8.711464912965855,6,74.0,0.3999999999999999
38570.0,6,99.0,3.09375,7.495117365790793,6,6,37.0,0.3075170563985735,5.807922266611603,7.495117365790793,6,37.0,0.37
38575.0,8,138.0,4.3125,7.964100758542235,8,8,138.0,0.356579942539235,6.707244682977528,7.964100758542235,8,138.0,-1.0099999999999998
38580.0,5,81.0,2.53125,8.130924830657602,5,5,81.0,0.38748728224154405,7.3488837899314525,8.130924830657602,5,81.0,0.5699999999999998
38585.0,6,95.0,2.7142857142857144,7.7439814186296365,6,6,56.0,0.3434716363154467,6.367588603669384,7.7439814186296365,6,56.0,0.25
38590.0,6,125.0,4.032258064516129,8.907298114581653,6,6,125.0,0.458109955841697,8.359356424915172,8.907298114581653,6,125.0,-0.69
38595.0,5,50.0,1.5151515151515151,7.338650816795851,5,5,50.0,0.32153624696141725,6.113872325949235,7.338650816795851,5,50.0,0.75
38600.0,4,57.0,1.78125,8.862926236076667,4,4,14.0,0.4500684128036613,8.533306499397337,8.862926236076667,4,14.0,0.36
38605.0,7,77.0,2.3333333333333335,8.555134532056114,7,7,77.0,0.42481102632407186,7.926771034519116,8.555134532056114,7,77.0,-0.63
38610.0,4,25.0,0.7575757575757576,8.678595988409532,4,4,25.0,0.4328906771606786,8.29542400160258,8.678595988409532,4,25.0,0.52
38615.0,3,36.0,1.125,9.548905300776605,3,3,2.0,0.4948141412905702,9.423995446960797,9.548905300776605,3,2.0,0.23
38620.0,5,56.0,1.8064516129032258,8.383179070376263,5,5,56.0,0.39959398144350877,7.257772298209858,8.383179070376263,5,56.0,-0.54
38625.0,6,80.0,2.6666666666666665,8.939056649242646,5,6,79.0,0.4651677898427612,8.937986372158633,8.939056649242646,5,79.0,-0.22999999999999998
38630.0,6,105.0,3.1818181818181817,7.470703361679219,6,6,103.0,0.2780065274073859,5.179298535556121,7.470703361679219,6,103.0,-0.24
38635.0,8,145.0,4.393939393939394,8.344063374409103,8,8,145.0,0.35579769902372,6.671232469317635,8.344063374409103,8,145.0,-0.41999999999999993
38640.0,5,82.0,2.484848484848485,8.383174332022563,5,5,82.0,0.3857433402740658,7.0839963036735805,8.383174332022563,5,82.0,0.63
38645.0,5,95.0,2.7142857142857144,7.91106115630428,5,5,54.0,0.35191535022370163,6.367646063418027,7.91106115630428,5,54.0,0.2799999999999999
38650.0,6,125.0,4.032258064516129,8.90483921307436,6,6,125.0,0.4564749631679237,8.086120305115148,8.90483921307436,6,125.0,-0.71
38655.0,4,49.0,1.53125,7.460885157496596,4,4,49.0,0.3439925458428984,6.267707497037754,7.460885157496596,4,49.0,0.76
38660.0,4,58.0,1.8709677419354838,9.07152733914593,4,4,17.0,0.4729013927344971,8.398961901180789,9.07152733914593,4,17.0,0.31999999999999995
38665.0,7,78.0,2.4375,8.560983011375457,7,7,78.0,0.4466996796394896,7.525638943005416,8.560983011375457,7,78.0,-0.61
38670.0,4,89.0,2.870967741935484,8.72357022323765,4,4,89.0,0.45151497849276484,7.931093895070581,8.72357022323765,4,89.0,-0.10999999999999999
38675.0,5,114.0,4.071428571428571,9.22384360448939,5,5,105.0,0.48808175921241315,8.936377726101888,9.22384360448939,5,105.0,-0.16000000000000003
38680.0,7,143.0,4.612903225806452,8.162368139280172,7,7,143.0,0.39275071025493535,6.894320066968471,8.162368139280172,7,143.0,-0.3799999999999999
38685.0,6,53.0,1.7666666666666666,8.176436221777204,6,6,53.0,0.4033466860802031,7.3290660425904015,8.176436221777204,6,53.0,0.8999999999999999
38690.0,3,39.0,1.1818181818181819,7.371041754826874,3,3,-11.0,0.32102803981536543,5.875555794682699,7.371041754826874,3,-11.0,0.64
38695.0,5,62.0,1.9375,8.60519729388933,5,5,62.0,0.4236674683843947,7.616474187080371,8.60519729388933,5,62.0,-0.73
38700.0,5,87.0,2.9,9.038327910524957,5,5,87.0,0.4928401418207925,8.699032648663511,9.038327910524957,5,87.0,-0.25
38705.0,6,92.0,2.875,7.144785387858976,6,6,92.0,0.3191678998255403,5.994047296535391,7.144785387858976,6,92.0,-0.050000000000000044
38710.0,6,122.0,3.8125,8.413122682408726,6,6,122.0,0.4122985303784419,7.711145136026939,8.413122682408726,6,122.0,-0.29999999999999993
38715.0,7,153.0,4.5,7.592109302979226,7,7,135.0,0.31662581829033887,5.954669777843004,7.592109302979226,7,135.0,-0.13000000000000012
38720.0,6,78.0,2.4375,8.81998624189523,6,6,78.0,0.41845328298721574,7.8150853173503005,8.81998624189523,6,78.0,0.5700000000000001
38725.0,7,77.0,2.2,7.946312856915105,7,7,32.0,0.35356251633025365,6.345323664054037,7.946312856915105,7,32.0,0.46
38730.0,6,106.0,3.3125,8.879946553067672,6,6,106.0,0.4417368290142619,7.74958777114872,8.879946553067672,6,106.0,-0.74
38735.0,4,42.0,1.3548387096774193,9.502709056521256,4,4,42.0,0.5003485641008985,9.108018594460965,9.502709056521256,4,42.0,0.6400000000000001
38740.0,6,50.0,1.5625,7.534872551515679,6,6,11.0,0.31129076145716816,6.138703101438976,7.534872551515679,6,11.0,0.31
38745.0,6,78.0,2.5161290322580645,8.56593111984518,6,6,78.0,0.40374644775025387,7.706193631654849,8.56593111984518,6,78.0,-0.67
38750.0,8,88.0,2.75,6.326672638565473,8,8,88.0,0.2598207361427688,4.765392893293885,6.326672638565473,8,88.0,-0.09999999999999998
38755.0,8,128.0,4.129032258064516,7.49398570112179,8,8,115.0,0.3603587722616462,6.5456383788499055,7.49398570112179,8,115.0,-0.2699999999999999
38760.0,8,168.0,5.793103448275862,8.089520496904795,8,8,168.0,0.37932199663889843,6.7328506446103065,8.089520496904795,8,168.0,-0.53
38765.0,7,97.0,2.9393939393939394,6.944083359689299,7,7,97.0,0.30959634919298995,5.844357134729005,6.944083359689299,7,97.0,0.71
38770.0,5,103.0,3.121212121212121,8.586208718158224,5,5,58.0,0.43640994839223,8.082657665382294,8.586208718158224,5,58.0,0.39
38775.0,6,129.0,3.6857142857142855,7.87895017734762,6,6,129.0,0.3678083252503825,6.614126046672528,7.87895017734762,6,129.0,-0.7100000000000001
38780.0,5,69.0,1.9714285714285715,8.544271794451324,5,5,69.0,0.4319806210291476,7.917222423471805,8.544271794451324,5,69.0,0.6000000000000001
38785.0,5,62.0,1.7222222222222223,8.595020084465013,5,5,33.0,0.42008505159139736,7.7107659275634255,8.595020084465013,5,33.0,0.35999999999999993
38790.0,5,84.0,2.4705882352941178,8.934353806315317,5,5,84.0,0.4534269186121988,8.036328078587937,8.934353806315317,5,84.0,-0.51
38795.0,5,58.0,1.8125,9.225162781581446,5,5,58.0,0.4877177803646936,9.049249839127945,9.225162781581446,5,58.0,0.26
38800.0,8,89.0,2.6176470588235294,7.899391823069055,8,8,40.0,0.3492772891042555,6.2630817757880495,7.899391823069055,8,40.0,0.17999999999999994
38805.0,8,129.0,4.03125,8.530837341714593,8,8,129.0,0.3879658050431097,7.222752877346196,8.530837341714593,8,129.0,-0.89
38810.0,9,170.0,4.857142857142857,7.122163624305808,9,9,170.0,0.24811974409268012,4.785889944769478,7.122163624305808,9,170.0,-0.4099999999999999
38815.0,8,140.0,4.375,7.713176955988397,8,8,140.0,0.3262020382563094,6.289233614353542,7.713176955988397,8,140.0,0.30000000000000004
38820.0,7,170.0,5.3125,8.051551701300399,7,7,135.0,0.3699414147219142,6.795101144459479,8.051551701300399,7,135.0,0.04999999999999982
38825.0,9,210.0,6.176470588235294,7.224769355279313,9,9,210.0,0.32859602220858575,5.822490118114212,7.224769355279313,9,210.0,-0.75
38830.0,6,126.0,3.9375,8.132162768197999,6,6,126.0,0.397929448008128,7.462078631278177,8.132162768197999,6,126.0,0.8400000000000001
38835.0,6,119.0,3.606060606060606,7.326617542999337,6,6,71.0,0.32055064775653686,6.078403390876907,7.326617542999337,6,71.0,0.55
38840.0,6,149.0,4.65625,8.84862561034442,6,6,149.0,0.44170584861187967,8.231289478644463,8.84862561034442,6,149.0,-0.78
38845.0,7,47.0,1.3823529411764706,7.6750967942326085,7,7,47.0,0.3493645138833177,6.559160162925191,7.6750967942326085,7,47.0,1.02
38850.0,4,33.0,1.03125,8.774290469676341,4,4,-15.0,0.4318363347180462,8.050296453100916,8.774290469676341,4,-15.0,0.62
38855.0,4,53.0,1.7096774193548387,9.914300612616413,4,4,53.0,0.5355303790902782,9.675507484110609,9.914300612616413,4,53.0,-0.68
38860.0,7,79.0,2.393939393939394,7.865479515849214,7,7,79.0,0.34697729700328317,6.194324789365025,7.865479515849214,7,79.0,-0.26
38865.0,8,119.0,3.606060606060606,8.7677682922484,8,8,119.0,0.3962819061044378,7.310308337523535,8.7677682922484,8,119.0,-0.3999999999999999
38870.0,9,160.0,4.571428571428571,7.3991291656049825,9,9,160.0,0.26724973733512725,5.087033055581635,7.3991291656049825,9,160.0,-0.41000000000000014
38875.0,8,128.0,3.764705882352941,7.910380868184453,8,8,128.0,0.3180094855065267,6.171628886833973,7.910380868184453,8,128.0,0.32000000000000006
38880.0,7,159.0,5.129032258064516,8.10312920322145,7,7,123.0,0.36159768258481606,6.777598961221505,8.10312920322145,7,123.0,0.050000000000000044
38885.0,9,200.0,5.882352941176471,7.477885796931539,9,9,200.0,0.3286314502778205,6.02693302132985,7.477885796931539,9,200.0,-0.77
38890.0,6,161.0,5.03125,7.938601862440124,6,6,161.0,0.3731504691584252,7.079779323092993,7.938601862440124,6,161.0,0.3899999999999999
38895.0,6,181.0,5.484848484848484,7.3868428508270005,6,6,153.0,0.31844947173061877,6.040769006602382,7.3868428508270005,6,153.0,0.08000000000000007
38900.0,7,215.0,6.515151515151516,8.697086618093673,7,7,215.0,0.4268651669737532,7.724317365161904,8.697086618093673,7,215.0,-0.6199999999999999
38905.0,10,87.0,2.6363636363636362,6.811414725295646,9,10,86.0,0.30928408573039823,5.730074987277902,6.811414725295646,9,86.0,1.29
38910.0,7,36.0,1.125,7.5174306617489055,7,7,36.0,0.35045990931094,6.515529532017031,7.5174306617489055,7,36.0,0.5
38915.0,4,50.0,1.6666666666666667,8.568238201601764,4,4,-8.0,0.4187564913572287,7.7673301721888395,8.568238201601764,4,-8.0,0.44
38920.0,6,41.0,1.2424242424242424,7.127698931824073,6,6,41.0,0.32808113221739993,6.02677042448949,7.127698931824073,6,41.0,-0.49
38925.0,9,84.0,2.5454545454545454,7.888010175168581,9,9,65.0,0.3710647064871386,6.863498130826232,7.888010175168581,9,65.0,-0.24000000000000005
38930.0,11,131.0,3.9696969696969697,6.817840746093733,11,11,131.0,0.2924161026896166,5.255139529111823,6.817840746093733,11,131.0,-0.66
38935.0,9,110.0,3.3333333333333335,7.019468125779249,9,9,110.0,0.31063853371572836,5.982876474964847,7.019468125779249,9,110.0,0.20999999999999996
38940.0,7,138.0,4.181818181818182,7.3526729894624845,7,7,109.0,0.3164352185577684,5.969442896726135,7.3526729894624845,7,109.0,0.010000000000000009
38945.0,8,178.0,5.085714285714285,7.511673299453431,8,8,178.0,0.34605590366226036,6.3060191737393065,7.511673299453431,8,178.0,-0.69
38950.0,9,222.0,6.3428571428571425,7.818871439614809,9,9,222.0,0.369444055759379,6.78515222268448,7.818871439614809,9,222.0,-0.44000000000000017
38955.0,8,160.0,4.444444444444445,6.526583264089684,8,8,160.0,0.26274118673851793,4.899997785661765,6.526583264089684,8,160.0,0.6200000000000001
38960.0,3,62.0,1.8235294117647058,7.8372895628204375,3,3,29.0,0.3666782188118537,6.940210539984565,7.8372895628204375,3,29.0,1.31
38965.0,6,77.0,2.081081081081081,7.835734172614543,6,6,44.0,0.3691892750174181,6.853037379157295,7.835734172614543,6,44.0,-0.15000000000000002
38970.0,6,49.0,1.3611111111111112,8.121008025722249,6,6,16.0,0.3787101015279886,7.090865044676277,8.121008025722249,6,16.0,0.28
38975.0,9,91.0,2.676470588235294,7.9580186489780464,9,9,91.0,0.37222574196981606,7.113736451289919,7.9580186489780464,9,91.0,-0.75
38980.0,12,142.0,3.9444444444444446,6.534943411052052,12,12,95.0,0.2448873908368929,4.691694506789504,6.534943411052052,12,95.0,-0.039999999999999925
38985.0,9,112.0,3.2,7.258221091155185,9,9,112.0,0.31847966105180403,5.867914213442776,7.258221091155185,9,112.0,-0.17000000000000015
38990.0,9,146.0,4.171428571428572,6.8250217779890034,9,9,112.0,0.31634314650771195,5.455454569993225,6.8250217779890034,9,112.0,0.0
38995.0,10,193.0,5.676470588235294,7.046240181997165,10,10,193.0,0.3261976500306143,5.829673940726618,7.046240181997165,10,193.0,-0.8099999999999998
39000.0,8,154.0,4.529411764705882,7.204906758992624,8,8,154.0,0.30747471197399157,5.908748838310717,7.204906758992624,8,154.0,0.3899999999999999
39005.0,6,89.0,2.3421052631578947,7.0835455156980105,6,6,62.0,0.3042530426909032,5.679745124626784,7.0835455156980105,6,62.0,0.92
39010.0,6,119.0,3.3055555555555554,8.38977388618646,6,6,119.0,0.4017464787543112,7.408875610888662,8.38977388618646,6,119.0,-0.57
39015.0,7,52.0,1.4444444444444444,7.286539645404188,7,7,52.0,0.30299860022787545,5.807400157767443,7.286539645404188,7,52.0,0.6699999999999999
39020.0,7,72.0,2.1176470588235294,8.465608398163466,7,7,31.0,0.3971353913114156,7.542594814614825,8.465608398163466,7,31.0,0.21000000000000002
39025.0,9,107.0,3.057142857142857,7.724775002176408,9,9,107.0,0.3520215630009137,6.326806200907904,7.724775002176408,9,107.0,-0.76
39030.0,7,103.0,2.942857142857143,7.768324520767696,7,7,103.0,0.3599542771600702,6.80081972388462,7.768324520767696,7,103.0,0.040000000000000036
39035.0,5,109.0,3.1142857142857143,8.37812952349557,5,5,96.0,0.4076551379271315,7.735231329607214,8.37812952349557,5,96.0,0.07000000000000006
39040.0,8,140.0,3.6842105263157894,7.508870685160423,8,8,140.0,0.3247108253342038,6.0147340849984765,7.508870685160423,8,140.0,-0.43999999999999995
39045.0,7,66.0,1.736842105263158,7.823710572623196,7,7,66.0,0.3558075276797309,6.838218439470467,7.823710572623196,7,66.0,0.7399999999999999
39050.0,6,64.0,1.6,7.261900646233363,6,6,20.0,0.30072059856742556,5.625837913746782,7.261900646233363,6,20.0,0.46
39055.0,7,99.0,2.75,8.41828446407492,7,7,99.0,0.3904134255232858,7.234889920014498,8.41828446407492,7,99.0,-0.79
39060.0,5,89.0,2.696969696969697,8.222465667715568,5,5,89.0,0.3979892454497498,7.33239540343367,8.222465667715568,5,89.0,0.09999999999999998
39065.0,7,119.0,3.3055555555555554,7.792565399708973,7,7,105.0,0.3459469615984176,6.283717541722407,7.792565399708973,7,105.0,-0.16000000000000003
39070.0,7,154.0,4.4,8.681711361664238,7,7,154.0,0.43402054636870196,7.67165943818155,8.681711361664238,7,154.0,-0.49
39075.0,5,82.0,2.1578947368421053,7.559852540278709,5,5,82.0,0.3205250465976065,5.7821324225804425,7.559852540278709,5,82.0,0.7200000000000001
39080.0,4,86.0,2.388888888888889,8.862196391872237,4,4,43.0,0.4506816399831639,8.161517222056428,8.862196391872237,4,43.0,0.38999999999999996
39085.0,7,106.0,2.789473684210526,8.98327968330147,7,7,106.0,0.44826461686048963,8.023777879734343,8.98327968330147,7,106.0,-0.6300000000000001
39090.0,5,129.0,3.7941176470588234,8.96603335467085,5,5,129.0,0.4242422820690127,8.032468359555724,8.96603335467085,5,129.0,-0.22999999999999998
39095.0,3,70.0,2.1875,9.490046220573232,3,3,70.0,0.49313024891126267,9.516896589503757,9.490046220573232,3,70.0,0.5900000000000001
39100.0,5,77.0,2.264705882352941,8.281485965884524,5,5,44.0,0.3701654885045423,6.9895933376926624,8.281485965884524,5,44.0,0.25999999999999995
39105.0,5,102.0,3.090909090909091,9.352163454276361,5,5,102.0,0.4811878007526502,8.866272822076715,9.352163454276361,5,102.0,-0.5800000000000001
39110.0,3,95.0,2.638888888888889,7.916059132699388,3,3,95.0,0.33470514955679576,6.439171896378938,7.916059132699388,3,95.0,0.07000000000000006
39115.0,5,119.0,3.606060606060606,8.852639426012018,5,5,104.0,0.42992241059429687,8.067272247622018,8.852639426012018,5,104.0,-0.09000000000000008
39120.0,5,144.0,4.5,9.36073239405572,5,5,144.0,0.464052389255442,8.656344007209194,9.36073239405572,5,144.0,-0.3999999999999999
39125.0,7,175.0,5.147058823529412,8.110128863300778,7,7,175.0,0.332392683042172,6.557826322214344,8.110128863300778,7,175.0,-0.31000000000000005
39130.0,5,87.0,2.806451612903226,8.815473189421933,5,5,87.0,0.42806756693248355,8.393548935271589,8.815473189421933,5,87.0,0.88
39135.0,7,115.0,3.3823529411764706,7.59694713401208,7,7,28.0,0.31444024175496443,5.947938831770093,7.59694713401208,7,28.0,0.59
39140.0,8,155.0,5.0,8.431918386250134,8,8,155.0,0.3956072945524936,7.497004495954857,8.431918386250134,8,155.0,-1.27
39145.0,8,91.0,2.84375,7.365106616952309,8,8,91.0,0.3188298751160697,6.388392689030746,7.365106616952309,8,91.0,0.64
39150.0,6,107.0,3.4516129032258065,8.28229155477404,6,6,65.0,0.3906964719331377,7.670329469817366,8.28229155477404,6,65.0,0.26
39155.0,6,137.0,4.419354838709677,8.79855451160879,6,6,137.0,0.4386648247490825,8.356019638303199,8.79855451160879,6,137.0,-0.7200000000000001
39160.0,7,62.0,1.9375,7.081126026512168,7,7,62.0,0.30467301839221106,5.953684798817693,7.081126026512168,7,62.0,0.7500000000000001
39165.0,5,70.0,2.3333333333333335,8.633653862790739,5,5,25.0,0.4297970704417941,8.130872060666809,8.633653862790739,5,25.0,0.37
39170.0,6,96.0,2.909090909090909,7.631641571043923,6,6,96.0,0.3508970563906069,6.160096727617765,7.631641571043923,6,96.0,-0.71
39175.0,5,47.0,1.4242424242424243,8.31528175702752,5,5,47.0,0.41391006142183867,7.351549533688238,8.31528175702752,5,47.0,0.49
39180.0,4,61.0,2.033333333333333,9.113407941405146,4,4,26.0,0.46137332901756395,8.115985632385867,9.113407941405146,4,26.0,0.20999999999999996
39185.0,6,88.0,2.75,8.188634795845676,6,6,88.0,0.3875251746692134,6.607267968521359,8.188634795845676,6,88.0,-0.62
39190.0,6,87.0,2.806451612903226,9.024358451460104,5,6,86.0,0.48181756991568436,8.560920454127592,9.024358451460104,5,86.0,0.020000000000000018
39195.0,5,111.0,3.264705882352941,8.396156761358315,5,5,84.0,0.3536446706414682,6.379187641557952,8.396156761358315,5,84.0,0.020000000000000018
39200.0,8,149.0,4.515151515151516,8.901964177367564,8,8,149.0,0.39974089713699296,7.3425364335726915,8.901964177367564,8,149.0,-0.65
39205.0,8,123.0,3.6176470588235294,7.94735269535275,8,8,123.0,0.35503673353253995,6.527227262031556,7.94735269535275,8,123.0,0.26
39210.0,7,154.0,4.8125,8.369279892273065,7,7,126.0,0.39898299754397926,7.2104819588445705,8.369279892273065,7,126.0,-0.030000000000000027
39215.0,7,189.0,6.096774193548387,9.097310309160742,7,7,189.0,0.4615878531040948,8.200428908860967,9.097310309160742,7,189.0,-0.6299999999999999
39220.0,6,78.0,2.3636363636363638,7.152976507554973,6,6,78.0,0.2974221827763454,5.494874532958301,7.152976507554973,6,78.0,1.1099999999999999
39225.0,5,58.0,1.8709677419354838,8.257006179317647,5,5,2.0,0.3888701621855642,7.301359267043702,8.257006179317647,5,2.0,0.76
39230.0,4,77.0,2.40625,7.444613104473593,4,4,76.0,0.32625400596641146,6.1341108493648875,7.444613104473593,4,76.0,-0.74
39235.0,9,98.0,3.3793103448275863,7.559748180857746,9,9,98.0,0.3397532721107448,6.697755192519591,7.559748180857746,9,98.0,-0.21999999999999997
39240.0,9,143.0,4.931034482758621,7.31869030362925,9,9,131.0,0.29979740131081545,5.739946389424563,7.31869030362925,9,131.0,-0.33000000000000007
39245.0,12,199.0,6.21875,6.746635440477377,12,12,199.0,0.2663969574801254,5.0475866465566535,6.746635440477377,12,199.0,-0.6799999999999999
39250.0,12,259.0,8.35483870967742,7.142177241959672,12,12,259.0,0.29781272794794483,5.5764750852408,7.142177241959672,12,259.0,-0.5999999999999999
39255.0,11,255.0,7.5,6.1847499133278525,11,11,255.0,0.2434025389578205,4.454043550051123,6.1847499133278525,11,255.0,0.040000000000000036
39260.0,9,262.0,7.705882352941177,7.6058478217250585,9,9,243.0,0.357987418849297,6.3672656019577545,7.6058478217250585,9,243.0,0.11999999999999966
39265.0,12,307.0,8.771428571428572,7.175937623763034,12,12,307.0,0.34834945395894057,6.006172274610165,7.175937623763034,12,307.0,-0.6399999999999997
39270.0,11,359.0,10.878787878787879,7.279014707114713,11,11,359.0,0.3478832305608781,6.197558531431668,7.279014707114713,11,359.0,-0.52
39275.0,10,217.0,6.78125,7.988195515480983,10,10,217.0,0.3790243651868607,6.948460980151645,7.988195515480983,10,217.0,1.42
39280.0,9,134.0,4.1875,5.977463440441616,9,9,132.0,0.25349223803742965,4.709947564505866,5.977463440441616,9,132.0,0.8499999999999999
39285.0,7,166.0,5.1875,7.566080436958578,7,7,165.0,0.37506723011588244,6.798145912216507,7.566080436958578,7,165.0,-0.32999999999999985
39290.0,6,59.0,1.7352941176470589,5.982556823803568,6,6,59.0,0.2835331170556935,5.097976217830934,5.982556823803568,6,59.0,1.06
39295.0,8,63.0,1.8529411764705883,7.191450231493213,8,8,8.0,0.3511233642583499,6.445538003968263,7.191450231493213,8,8.0,0.51
39300.0,8,103.0,3.0294117647058822,7.484760360966865,8,8,103.0,0.36145314651417226,6.4133933128352165,7.484760360966865,8,103.0,-0.9500000000000001
39305.0,9,107.0,2.8157894736842106,6.699963970013421,9,9,107.0,0.2969794189497416,5.293250694199406,6.699963970013421,9,107.0,-0.040000000000000036
39310.0,6,107.0,2.8157894736842106,8.287995144951031,6,6,95.0,0.40258524700508336,7.387149800570559,8.287995144951031,6,95.0,0.1200000000000001
39315.0,8,139.0,3.475,7.803493268096984,8,8,139.0,0.3614312442131836,6.427259825015152,7.803493268096984,8,139.0,-0.43999999999999995
39320.0,8,179.0,4.7105263157894735,8.394930826881255,8,8,179.0,0.4182750084991095,7.606887234836788,8.394930826881255,8,179.0,-0.40000000000000013
39325.0,8,114.0,2.85,7.381799795797666,8,8,114.0,0.3136270047972739,5.8347233624573045,7.381799795797666,8,114.0,0.6500000000000001
39330.0,6,131.0,3.5405405405405403,8.278009808941983,6,6,90.0,0.38685911506713466,7.243125149871428,8.278009808941983,6,90.0,0.23999999999999988
39335.0,6,161.0,4.351351351351352,9.01437732916285,6,6,161.0,0.4684300464714248,8.508948682732179,9.01437732916285,6,161.0,-0.7100000000000001
39340.0,6,96.0,2.4,7.674806698799765,6,6,96.0,0.30767267990392333,5.909192817606812,7.674806698799765,6,96.0,0.6500000000000001
39345.0,5,102.0,2.8333333333333335,8.821714935732828,5,5,69.0,0.4187858813075231,7.976074735320329,8.821714935732828,5,69.0,0.27
39350.0,6,128.0,3.5555555555555554,7.797321124356786,6,6,128.0,0.34107401245902647,6.199768777375784,7.797321124356786,6,128.0,-0.5900000000000001
39355.0,5,118.0,3.2777777777777777,8.3711057468771,5,5,118.0,0.3839819708946534,7.256573890709384,8.3711057468771,5,118.0,0.10000000000000009
39360.0,5,143.0,4.333333333333333,8.80100235205363,5,5,120.0,0.44015316825087847,8.014232102579339,8.80100235205363,5,120.0,-0.020000000000000018
39365.0,6,171.0,4.621621621621622,8.497972539620601,6,6,171.0,0.40471319371441306,7.258044534542319,8.497972539620601,6,171.0,-0.51
39370.0,6,82.0,2.2777777777777777,8.905728533370134,6,6,82.0,0.4256808840564221,8.161188380579787,8.905728533370134,6,82.0,0.89
39375.0,7,109.0,2.945945945945946,7.910063484851293,7,7,22.0,0.32227022528924076,6.104065689115257,7.910063484851293,7,22.0,0.6
39380.0,8,149.0,4.257142857142857,8.70626103790024,8,8,149.0,0.3979662938767894,7.557456904832695,8.70626103790024,8,149.0,-1.27
39385.0,10,179.0,5.264705882352941,7.36965571249754,10,10,179.0,0.31862759201033913,6.207219861243132,7.36965571249754,10,179.0,-0.30000000000000004
39390.0,9,222.0,6.9375,7.908502014212175,9,9,217.0,0.36139806304960753,6.785990761493268,7.908502014212175,9,217.0,-0.3799999999999999
39395.0,9,267.0,8.34375,8.140393725483525,9,9,267.0,0.3855257704673153,7.082155854111986,8.140393725483525,9,267.0,-0.5
39400.0,9,170.0,4.857142857142857,6.9164764428284125,9,9,170.0,0.2733411563653518,5.220927667431631,6.9164764428284125,9,170.0,0.97
39405.0,7,161.0,5.03125,8.09519749933154,7,7,105.0,0.3821115030911139,7.0602294781304,8.09519749933154,7,105.0,0.6499999999999999
39410.0,9,198.0,6.0,6.708688783707573,9,9,198.0,0.3026814526388476,5.290860813983088,6.708688783707573,9,198.0,-0.9299999999999999
39415.0,8,96.0,3.0,7.098500446404772,8,8,96.0,0.3270448370375855,5.925744217816245,7.098500446404772,8,96.0,1.02
39420.0,5,67.0,2.310344827586207,8.113341252912631,5,5,9.0,0.4049842638421051,7.30219623436734,8.113341252912631,5,9.0,0.87
39425.0,6,95.0,2.96875,7.570380441817369,6,6,95.0,0.3600871309782658,6.506734639583723,7.570380441817369,6,95.0,-0.86
39430.0,7,130.0,4.0625,8.216935468406625,7,7,130.0,0.39822772819096247,7.464900556394854,8.216935468406625,7,130.0,-0.3500000000000001
39435.0,5,96.0,2.823529411764706,7.255840259548206,5,5,96.0,0.30237233591263707,6.0755136687370115,7.255840259548206,5,96.0,0.3400000000000001
39440.0,6,126.0,3.7058823529411766,8.668067643144967,6,6,96.0,0.41840379971245384,8.204414673948708,8.668067643144967,6,96.0,0.0
39445.0,9,156.0,4.457142857142857,7.8471065521824634,9,9,156.0,0.3503471625697695,6.486072198626235,7.8471065521824634,9,156.0,-0.6000000000000001
39450.0,5,92.0,2.6285714285714286,8.441209968909174,5,5,92.0,0.4111637745755161,7.914747312509342,8.441209968909174,5,92.0,0.64
39455.0,3,86.0,2.4571428571428573,9.23143958400885,3,3,53.0,0.4761910223995911,9.052862241108386,9.23143958400885,3,53.0,0.39
39460.0,6,108.0,3.0,8.036360537589026,6,6,108.0,0.383949857522644,6.898803432341575,8.036360537589026,6,108.0,-0.55
39465.0,5,68.0,2.0,8.460683918473027,5,5,68.0,0.4487463315080141,8.323546445659439,8.460683918473027,5,68.0,0.4
39470.0,5,93.0,2.657142857142857,7.270579429050498,5,5,32.0,0.32565650374998945,5.739667522832554,7.270579429050498,5,32.0,0.36000000000000004
39475.0,8,132.0,3.7714285714285714,7.96084723935346,8,8,132.0,0.38542446979186795,6.761304819097904,7.96084723935346,8,132.0,-1.0
39480.0,5,69.0,1.9714285714285715,8.218368398729615,5,5,69.0,0.40520648336147613,7.299348963892276,8.218368398729615,5,69.0,0.6300000000000001
39485.0,6,85.0,2.236842105263158,7.66564915281373,6,6,45.0,0.3446824591537485,6.1259823437081256,7.66564915281373,6,45.0,0.23999999999999994
39490.0,6,115.0,3.2857142857142856,8.888766366868545,6,6,115.0,0.4573491522045671,8.123934922781658,8.888766366868545,6,115.0,-0.7
39495.0,4,71.0,1.9722222222222223,7.934936439071442,4,4,71.0,0.3759939771761451,6.7501228114327265,7.934936439071442,4,71.0,0.43999999999999995
39500.0,5,93.0,2.735294117647059,8.949010911923823,5,5,61.0,0.44990349422786735,8.398393197501857,8.949010911923823,5,61.0,0.09999999999999998
39505.0,7,118.0,3.4705882352941178,8.809402351349496,7,7,118.0,0.4099899852179796,7.344680981540814,8.809402351349496,7,118.0,-0.57
39510.0,4,36.0,1.125,8.607355042136907,4,4,36.0,0.4219606144554562,7.947307546007287,8.607355042136907,4,36.0,0.82
39515.0,2,28.0,0.9655172413793104,10.04873015251913,2,2,-15.0,0.5303279997156415,9.924367734784031,10.04873015251913,2,-15.0,0.51
39520.0,4,41.0,1.3225806451612903,8.505672994977385,4,4,41.0,0.395701300194101,7.224071479569901,8.505672994977385,4,41.0,-0.5599999999999999
39525.0,5,63.0,2.1,9.099579562721289,5,5,63.0,0.4500335320695323,8.706149794665922,9.099579562721289,5,63.0,-0.22000000000000003
39530.0,5,88.0,2.6666666666666665,8.134876895169313,5,5,87.0,0.3181293783779151,6.247394995709467,8.134876895169313,5,87.0,-0.24
39535.0,8,127.0,3.8484848484848486,8.735228773532342,8,8,127.0,0.3637711797709371,7.168137918360041,8.735228773532342,8,127.0,-0.4
39540.0,5,67.0,2.161290322580645,8.377803344595845,5,5,67.0,0.35028777388117394,6.746594624676363,8.377803344595845,5,67.0,0.6
39545.0,6,84.0,2.5454545454545454,7.723738745607814,6,6,45.0,0.33961546094069395,6.1432125003069284,7.723738745607814,6,45.0,0.22000000000000003
39550.0,6,114.0,3.5625,8.913212868304909,6,6,114.0,0.45767578732400105,8.12317105295469,8.913212868304909,6,114.0,-0.69
39555.0,8,146.0,4.5625,7.342006341061184,8,8,146.0,0.32643052367168823,5.99722420984841,7.342006341061184,8,146.0,-0.32000000000000006
39560.0,9,190.0,6.333333333333333,8.119719445082769,9,9,190.0,0.3744142162768546,7.096233171004096,8.119719445082769,9,190.0,-0.43999999999999995
39565.0,13,236.0,7.375,6.709047115604106,13,13,236.0,0.27792398998292045,5.127368590598991,6.709047115604106,13,236.0,-0.45999999999999996
39570.0,9,176.0,5.866666666666666,7.040966594046713,9,9,176.0,0.32341297098169447,6.030780808681422,7.040966594046713,9,176.0,0.5999999999999999
39575.0,7,190.0,6.333333333333333,7.957010981556089,7,7,145.0,0.40864357232152876,7.316009775529952,7.957010981556089,7,145.0,0.31000000000000005
39580.0,9,230.0,7.419354838709677,7.1339443391944615,9,9,230.0,0.3592642514677481,6.2977775171626,7.1339443391944615,9,230.0,-0.8499999999999999
39585.0,8,120.0,4.0,6.880217859679479,8,8,120.0,0.3307019685158347,6.220279916392886,6.880217859679479,8,120.0,1.0999999999999999
39590.0,6,87.0,2.6363636363636362,6.5844550445090135,6,6,29.0,0.30510083280945066,5.492038260665633,6.5844550445090135,6,29.0,0.9099999999999999
39595.0,7,119.0,3.606060606060606,7.892940941570593,7,7,119.0,0.38462643874023916,6.939103043052221,7.892940941570593,7,119.0,-0.8999999999999999
39600.0,6,59.0,1.84375,8.17465841322764,6,6,59.0,0.38560734334085134,7.3813201657506635,8.17465841322764,6,59.0,0.6
39605.0,7,78.0,2.4375,7.813422640369996,7,7,39.0,0.3333805923457148,6.466672724764459,7.813422640369996,7,39.0,0.19999999999999996
39610.0,7,113.0,3.53125,8.534517396065528,7,7,113.0,0.39333938172839666,7.479776990178058,8.534517396065528,7,113.0,-0.7399999999999999
39615.0,7,88.0,2.5142857142857142,7.456918016005804,7,7,88.0,0.3058901523147356,5.86058073045088,7.456918016005804,7,88.0,0.2499999999999999
39620.0,6,116.0,3.3142857142857145,8.861616405815369,6,6,90.0,0.4185645166063948,7.972402458109865,8.861616405815369,6,90.0,-0.020000000000000018
39625.0,9,146.0,3.8421052631578947,8.104201696164699,9,9,146.0,0.35689841391591337,6.499771186482037,8.104201696164699,9,146.0,-0.5599999999999999
39630.0,5,92.0,2.5555555555555554,8.573799068121561,5,5,92.0,0.40065924156021576,7.791029051857113,8.573799068121561,5,92.0,0.5399999999999999
39635.0,3,85.0,2.4285714285714284,9.426172465520622,3,3,57.0,0.4956484212121353,9.408838278413537,9.426172465520622,3,57.0,0.3500000000000001
39640.0,5,105.0,3.0,8.617478899429162,5,5,105.0,0.4178581833428065,7.689312173758092,8.617478899429162,5,105.0,-0.4800000000000001
39645.0,5,63.0,1.9090909090909092,8.37432831993263,5,5,63.0,0.4171586319858532,7.902665503505594,8.37432831993263,5,63.0,0.42000000000000004
39650.0,5,88.0,2.588235294117647,7.2035621134535335,5,5,28.0,0.3096648509307448,5.7813551265370675,7.2035621134535335,5,28.0,0.35
39655.0,8,127.0,3.735294117647059,8.025968797423273,8,8,127.0,0.36366633425816786,6.872486887941148,8.025968797423273,8,127.0,-0.99
39660.0,8,167.0,5.0606060606060606,8.147738698735834,8,8,167.0,0.33267386362600376,6.683027052839096,8.147738698735834,8,167.0,-0.3999999999999999
39665.0,8,99.0,2.911764705882353,7.208186674596281,8,8,99.0,0.2869081766847893,5.8255596070403755,7.208186674596281,8,99.0,0.6799999999999999
39670.0,6,110.0,3.3333333333333335,8.07210800976882,6,6,64.0,0.37704618712471666,7.274292016204088,8.07210800976882,6,64.0,0.35
39675.0,8,144.0,4.0,7.480549277925986,8,8,144.0,0.34247939853118314,6.261735709794518,7.480549277925986,8,144.0,-0.7999999999999999
39680.0,6,102.0,2.8333333333333335,8.283124791167538,6,6,102.0,0.4161319388474687,7.683094721535649,8.283124791167538,6,102.0,0.41999999999999993
39685.0,7,120.0,3.4285714285714284,7.774743600385289,7,7,87.0,0.34869702427686283,6.325485465336649,7.774743600385289,7,87.0,0.15000000000000002
39690.0,7,152.0,4.75,8.050909036223054,7,7,152.0,0.37949904703611875,6.899783611764643,8.050909036223054,7,152.0,-0.65
39695.0,7,187.0,6.233333333333333,8.680078454924194,7,7,187.0,0.4419951816695419,7.928542495490943,8.680078454924194,7,187.0,-0.3500000000000001
39700.0,7,82.0,2.5625,6.623342495177643,7,7,82.0,0.28608870257172675,5.233751322286333,6.623342495177643,7,82.0,1.0500000000000003
39705.0,5,63.0,1.96875,8.25727179974423,5,5,11.0,0.395162194299076,7.344057362426543,8.25727179974423,5,11.0,0.71
39710.0,5,88.0,2.6666666666666665,7.715492239576961,5,5,88.0,0.3492047314618765,6.543756294409274,7.715492239576961,5,88.0,-0.77
39715.0,6,43.0,1.303030303030303,7.6912261409535985,6,6,43.0,0.3280224223838929,6.479272566916217,7.6912261409535985,6,43.0,0.45
39720.0,5,64.0,2.0,8.699642780800977,5,5,31.0,0.40535618398940493,7.789845672894232,8.699642780800977,5,31.0,0.12
39725.0,7,95.0,2.7941176470588234,8.23097802658851,7,7,95.0,0.36561540669179166,6.799084030328445,8.23097802658851,7,95.0,-0.6399999999999999
39730.0,5,76.0,2.375,8.689985116392162,4,5,75.0,0.4097406726692246,8.057040950201053,8.689985116392162,4,75.0,0.19999999999999996
39735.0,6,98.0,2.8,7.845597908782254,6,6,73.0,0.2967948754431891,5.690175921329551,7.845597908782254,6,73.0,0.020000000000000018
39740.0,6,128.0,3.657142857142857,9.071542272314609,6,6,128.0,0.41826286628224696,7.910448338241633,9.071542272314609,6,128.0,-0.55
39745.0,7,73.0,2.085714285714286,7.966427298425921,7,7,73.0,0.3537384512694287,6.822091986070127,7.966427298425921,7,73.0,0.55
39750.0,5,82.0,2.484848484848485,8.541142260230917,5,5,54.0,0.3832527495520051,7.692251980727629,8.541142260230917,5,54.0,0.18999999999999995
39755.0,5,107.0,3.34375,8.972594411381664,5,5,107.0,0.431158576131139,8.423007094878749,8.972594411381664,5,107.0,-0.53
39760.0,8,81.0,2.3823529411764706,7.309573436428933,8,8,81.0,0.3096313069212525,5.937489773115662,7.309573436428933,8,81.0,0.26
39765.0,9,122.0,3.588235294117647,8.109733051424357,8,9,65.0,0.3615580532390994,7.08232944705648,8.109733051424357,8,65.0,0.16000000000000003
39770.0,11,163.0,4.9393939393939394,6.362455364306813,11,11,107.0,0.24349164224341752,4.570836921064394,6.362455364306813,11,107.0,-0.42000000000000004
39775.0,8,132.0,4.0,7.582147936555701,8,8,132.0,0.35504214429624603,6.517712754978799,7.582147936555701,8,132.0,-0.25
39780.0,7,161.0,5.193548387096774,7.489268251645725,7,7,125.0,0.34284505062969994,6.234032863326513,7.489268251645725,7,125.0,0.07000000000000006
39785.0,9,203.0,6.151515151515151,7.11059873304691,9,9,203.0,0.328229945721082,5.747167741795142,7.11059873304691,9,203.0,-0.7799999999999998
39790.0,6,122.0,3.696969696969697,7.837668653750839,6,6,122.0,0.37089902571694805,6.8773278147989805,7.837668653750839,6,122.0,0.8099999999999998
39795.0,5,115.0,3.2857142857142856,7.642906951047506,5,5,71.0,0.3384596096520778,6.283496382563249,7.642906951047506,5,71.0,0.51
39800.0,6,142.0,4.303030303030303,8.57376610852656,6,6,142.0,0.4125560671016075,7.751958069305267,8.57376610852656,6,142.0,-0.71
39805.0,9,51.0,1.4166666666666667,7.721494929790999,9,9,51.0,0.35170421283735964,6.581089849141311,7.721494929790999,9,51.0,0.9099999999999999
39810.0,6,35.0,1.0294117647058822,8.11770432456122,6,6,-8.0,0.36780557146215703,7.048875545648899,8.11770432456122,6,-8.0,0.59
39815.0,5,59.0,1.84375,8.997287666214168,5,5,59.0,0.44605804233089114,8.305956563407761,8.997287666214168,5,59.0,-0.6699999999999999
39820.0,9,91.0,2.676470588235294,7.219977131996402,9,9,91.0,0.3035789074162605,5.407226003231251,7.219977131996402,9,91.0,-0.32000000000000006
39825.0,10,141.0,4.147058823529412,7.603896481489105,10,10,141.0,0.3249995474878971,5.942984353296539,7.603896481489105,10,141.0,-0.4999999999999999
39830.0,10,191.0,5.457142857142857,6.312986515370905,10,10,191.0,0.23887513566050322,4.318594089273462,6.312986515370905,10,191.0,-0.5
39835.0,10,176.0,5.0285714285714285,7.393023883928518,10,10,176.0,0.2891560635596422,5.40588801557316,7.393023883928518,10,176.0,0.1499999999999999
39840.0,9,216.0,6.75,7.847449997362922,9,9,184.0,0.36212752281237875,6.286973047303168,7.847449997362922,9,184.0,-0.08000000000000007
39845.0,11,268.0,7.882352941176471,7.1477818213344255,11,11,268.0,0.31416476450737346,5.451015880857363,7.1477818213344255,11,268.0,-0.8400000000000001
39850.0,9,184.0,5.75,7.629483318419587,8,9,183.0,0.3692222941868632,6.81318744207817,7.629483318419587,8,183.0,0.8500000000000001
39855.0,9,154.0,4.529411764705882,6.332942460398575,9,9,110.0,0.2571137955568167,4.669626917304186,6.332942460398575,9,110.0,0.73
39860.0,7,186.0,5.470588235294118,7.785305169113206,7,7,186.0,0.37971880813696524,6.793605228715944,7.785305169113206,7,186.0,-0.76
39865.0,13,231.0,6.6,6.62062379807232,13,13,231.0,0.2967069404260419,5.421598943401892,6.62062379807232,13,231.0,-0.44999999999999996
39870.0,14,297.0,8.485714285714286,6.639192381472868,14,14,297.0,0.27869268552316173,5.307184320890581,6.639192381472868,14,297.0,-0.6600000000000001
39875.0,14,367.0,11.46875,6.495499883380878,14,14,367.0,0.2956285950180798,5.5858011321663,6.495499883380878,14,367.0,-0.6999999999999997
39880.0,14,260.0,7.428571428571429,5.247709681646046,14,14,260.0,0.21145287163632767,4.133643916746926,5.247709681646046,14,260.0,1.0699999999999998
39885.0,10,178.0,5.085714285714285,6.236737744219644,10,10,121.0,0.27989128654321777,5.372728550981652,6.236737744219644,10,121.0,1.3900000000000001
39890.0,11,230.0,6.052631578947368,6.14773701284854,11,11,230.0,0.27523816414806895,5.15439844479719,6.14773701284854,11,230.0,-1.0899999999999999
39895.0,14,281.0,7.394736842105263,6.271753118167785,14,14,281.0,0.26356357101255373,5.232323990293574,6.271753118167785,14,281.0,-0.5100000000000002
39900.0,15,356.0,9.368421052631579,5.945482975307592,15,15,347.0,0.20417309647488352,4.035890057385035,5.945482975307592,15,347.0,-0.6600000000000001
39905.0,18,443.0,11.35897435897436,5.661478742550084,18,18,443.0,0.19578372586632686,3.93954890282372,5.661478742550084,18,443.0,-0.9599999999999995
39910.0,18,533.0,14.405405405405405,5.816112824234505,18,18,533.0,0.2082719712174411,4.204994537650113,5.816112824234505,18,533.0,-0.9000000000000004
39915.0,18,482.0,12.68421052631579,5.029654098224917,18,18,482.0,0.18025486604994226,3.6813841677344445,5.029654098224917,18,482.0,0.5099999999999998
39920.0,15,518.0,14.0,6.03792941350081,15,15,462.0,0.25926402527268627,5.074406610488974,6.03792941350081,15,462.0,0.20000000000000018
39925.0,19,595.0,14.875,5.623694255984591,19,19,595.0,0.2384613369883491,4.478695545268588,5.623694255984591,19,595.0,-1.33
39930.0,16,481.0,12.025,6.160921039449496,16,16,481.0,0.25982774165433203,5.06144264522353,6.160921039449496,16,481.0,1.1400000000000006
39935.0,12,283.0,7.447368421052632,5.961666808600339,12,12,219.0,0.2400790767572088,4.684902548410665,5.961666808600339,12,219.0,2.6199999999999997
39940.0,13,299.0,7.475,5.547798244936287,13,13,299.0,0.2262881616228202,4.237870441509737,5.547798244936287,13,299.0,-0.8000000000000003
39945.0,13,212.0,5.578947368421052,5.543442412662027,13,13,212.0,0.23276415146633164,4.447778955029915,5.543442412662027,13,212.0,0.8700000000000001
39950.0,14,116.0,2.8292682926829267,4.940970691474643,14,14,68.0,0.1899669112305047,3.622655435941405,4.940970691474643,14,68.0,1.44
39955.0,14,182.0,4.439024390243903,5.888795568126576,14,14,182.0,0.24898269600028058,4.598735688974042,5.888795568126576,14,182.0,-1.1400000000000001
39960.0,15,253.0,6.170731707317073,5.930020888891816,15,15,253.0,0.25061135445951666,4.402530896718721,5.930020888891816,15,253.0,-0.7099999999999997
39965.0,16,269.0,6.113636363636363,5.447625831138924,16,16,269.0,0.22070684492422032,3.947051913468773,5.447625831138924,16,269.0,-0.16000000000000014
39970.0,12,234.0,5.441860465116279,6.327128600195104,12,12,215.0,0.2779219802359157,5.019408977835225,6.327128600195104,12,215.0,0.54
39975.0,12,255.0,5.795454545454546,6.129741118907112,12,12,255.0,0.2677894382727745,4.881020519808672,6.129741118907112,12,255.0,-0.3999999999999999
39980.0,12,270.0,6.136363636363637,6.667299448648592,12,12,270.0,0.2874253903418225,5.391811168020047,6.667299448648592,12,270.0,-0.15000000000000036
39985.0,17,312.0,6.933333333333334,5.906059070575566,17,17,299.0,0.22554065636220524,4.360057000474678,5.906059070575566,17,299.0,-0.29000000000000004
39990.0,15,385.0,8.75,6.433265090342345,15,15,384.0,0.25301441162423205,4.966444377165255,6.433265090342345,15,384.0,-0.8499999999999996
39995.0,15,418.0,9.5,6.30459709958449,15,15,418.0,0.23535476820835877,4.5866769497507685,6.30459709958449,15,418.0,-0.33999999999999986
40000.0,14,430.0,9.347826086956522,6.0859383005909695,14,14,417.0,0.22094300012275017,4.24420317221379,6.0859383005909695,14,417.0,0.009999999999999787
40005.0,14,500.0,11.11111111111111,7.075157179155817,14,14,500.0,0.2918918587213084,5.479229326000353,7.075157179155817,14,500.0,-0.8300000000000001
40010.0,16,526.0,11.191489361702128,5.813386587462626,15,16,525.0,0.191587846707008,3.6658590005714786,5.813386587462626,15,525.0,-0.25
40015.0,16,588.0,12.782608695652174,6.595114751109326,16,16,574.0,0.22181291536453202,4.269852162023598,6.595114751109326,16,574.0,-0.4900000000000002
40020.0,15,661.0,15.738095238095237,6.459928930701512,15,15,661.0,0.2304473662543989,4.2851969154862735,6.459928930701512,15,661.0,-0.8700000000000001
40025.0,17,472.0,10.727272727272727,5.843191681925546,17,17,472.0,0.21396195506578042,3.98171196817145,5.843191681925546,17,472.0,1.8900000000000006
40030.0,12,274.0,6.523809523809524,6.53442676889862,12,12,181.0,0.2688397912416872,4.847513825301748,6.53442676889862,12,181.0,2.9099999999999997
40035.0,12,295.0,6.704545454545454,6.608524507063135,12,12,295.0,0.2814558389871226,4.882169627204722,6.608524507063135,12,295.0,-1.1400000000000001
40040.0,12,307.0,7.309523809523809,6.905324091932967,12,12,307.0,0.3096441608009388,5.485720493361532,6.905324091932967,12,307.0,-0.11999999999999966
40045.0,17,367.0,8.340909090909092,6.3886839922055625,17,17,353.0,0.25700517807549694,4.563819367481878,6.3886839922055625,17,353.0,-0.45999999999999996
40050.0,16,445.0,10.595238095238095,6.835625110950012,16,16,445.0,0.2939435126123487,5.201559757786282,6.835625110950012,16,445.0,-0.9200000000000004
40055.0,16,525.0,13.125,6.842623366665829,16,16,525.0,0.29650596397025736,5.3678152276580695,6.842623366665829,16,525.0,-0.7999999999999998
40060.0,15,544.0,12.952380952380953,5.883138182203205,15,15,544.0,0.21918554619787622,3.9347493594954583,5.883138182203205,15,544.0,-0.1900000000000004
40065.0,11,525.0,12.5,6.9813468318447,11,11,507.0,0.29616807316685045,5.2154245217482265,6.9813468318447,11,507.0,0.3700000000000001
40070.0,11,580.0,13.181818181818182,6.808565570440802,11,11,580.0,0.2831219879926162,4.929720838743493,6.808565570440802,11,580.0,-0.7299999999999995
40075.0,14,450.0,10.465116279069768,6.697579992203368,13,14,449.0,0.2561779818785186,4.727717543849422,6.697579992203368,13,449.0,1.3099999999999996
40080.0,11,291.0,7.097560975609756,6.639069501407765,11,11,228.0,0.24222188320746627,4.47651198487595,6.639069501407765,11,228.0,2.2100000000000004
40085.0,11,325.0,7.558139534883721,6.545581387749212,11,11,325.0,0.24959641078774872,4.59293185975583,6.545581387749212,11,325.0,-0.9700000000000002
40090.0,11,332.0,7.72093023255814,6.897828200533349,11,11,332.0,0.2772521570337737,5.260175379085307,6.897828200533349,11,332.0,-0.06999999999999984
40095.0,13,369.0,8.785714285714286,6.2358135445206795,13,13,356.0,0.2397001890221227,4.6760392937878805,6.2358135445206795,13,356.0,-0.2400000000000002
40100.0,14,438.0,10.682926829268293,7.1314009620948635,14,14,438.0,0.304370470661782,5.788275357053904,7.1314009620948635,14,438.0,-0.8199999999999998
40105.0,17,460.0,11.21951219512195,5.718762015193546,16,17,459.0,0.22553560986820442,4.404311792358119,5.718762015193546,16,459.0,-0.20999999999999996
40110.0,12,440.0,10.731707317073171,6.60179028788056,12,12,426.0,0.25950063034606624,5.148140891634945,6.60179028788056,12,426.0,0.33000000000000007
40115.0,9,475.0,11.585365853658537,7.09501662361316,9,9,475.0,0.29317296051996294,5.567291183954974,7.09501662361316,9,475.0,-0.4900000000000002
40120.0,13,427.0,9.930232558139535,5.930857917823464,13,13,427.0,0.21496105541118138,4.232709245955961,5.930857917823464,13,427.0,0.4800000000000004
40125.0,14,477.0,11.357142857142858,6.540048874207303,14,14,433.0,0.24929351622395302,4.912206316476074,6.540048874207303,14,433.0,-0.0600000000000005
40130.0,16,549.0,13.071428571428571,5.9604362848665735,16,16,549.0,0.2236805955811704,4.238518512332601,5.9604362848665735,16,549.0,-1.1600000000000001
40135.0,15,554.0,13.19047619047619,6.427958573347571,15,15,554.0,0.25308091167832397,4.875420367374685,6.427958573347571,15,554.0,-0.04999999999999982
40140.0,15,620.0,15.897435897435898,6.019463056096013,15,15,592.0,0.24019364102487104,4.298949811631357,6.019463056096013,15,592.0,-0.3799999999999999
40145.0,16,699.0,16.642857142857142,6.074105060837762,16,16,699.0,0.24980731351639154,4.437126952890207,6.074105060837762,16,699.0,-1.0700000000000003
40150.0,14,681.0,16.609756097560975,6.650179894835617,13,14,680.0,0.2888477113645927,5.370377340511748,6.650179894835617,13,680.0,0.1900000000000004
40155.0,12,586.0,13.952380952380953,6.020829724009339,12,12,557.0,0.21822414601866752,4.078135595450418,6.020829724009339,12,557.0,1.2299999999999995
40160.0,10,612.0,14.926829268292684,7.011343735832203,10,10,612.0,0.2994095419380885,5.54523298558703,7.011343735832203,10,612.0,-0.5499999999999998
40165.0,13,576.0,13.090909090909092,6.611023348274018,13,13,576.0,0.27150409477293563,5.140031129074121,6.611023348274018,13,576.0,0.3600000000000003
40170.0,14,628.0,15.317073170731707,6.49820497286542,14,14,600.0,0.25980995029172266,5.106372044796266,6.49820497286542,14,600.0,-0.2400000000000002
40175.0,14,698.0,17.024390243902438,6.477010903662285,14,14,698.0,0.2612022606827143,4.947406921394275,6.477010903662285,14,698.0,-0.9800000000000004
40180.0,16,728.0,16.930232558139537,5.562345368271763,16,16,728.0,0.20891494345200617,3.8838078925077184,5.562345368271763,16,728.0,-0.2999999999999998
40185.0,11,713.0,16.976190476190474,6.732386652536301,11,11,699.0,0.27968983882570386,5.337422977056184,6.732386652536301,11,699.0,0.29000000000000004
40190.0,10,754.0,17.136363636363637,6.981419412124888,10,10,754.0,0.29313583728278353,5.565271839713237,6.981419412124888,10,754.0,-0.5499999999999998
40195.0,12,729.0,17.78048780487805,6.575120206788374,12,12,729.0,0.25582368377304415,5.15206129265069,6.575120206788374,12,729.0,0.25
40200.0,13,790.0,20.789473684210527,6.3880340423648905,13,13,754.0,0.24864075581584266,4.800836298035622,6.3880340423648905,13,754.0,-0.25
40205.0,15,863.0,20.547619047619047,6.582347287802664,15,15,863.0,0.26859092251554295,4.920740715788464,6.582347287802664,15,863.0,-1.0900000000000007
40210.0,12,887.0,21.11904761904762,6.956648801669683,12,12,887.0,0.2847367083086405,5.3338091278943125,6.956648801669683,12,887.0,-0.23999999999999844
40215.0,11,897.0,19.933333333333334,6.585486451535903,11,11,884.0,0.24487354021071978,4.505452036626933,6.585486451535903,11,884.0,0.02999999999999936
40220.0,11,952.0,22.13953488372093,7.5595434931618355,11,11,952.0,0.34045675310889106,6.12318085845866,7.5595434931618355,11,952.0,-0.6799999999999997
40225.0,14,888.0,20.181818181818183,6.402787014499793,14,14,888.0,0.2570221588336391,4.645419661936123,6.402787014499793,14,888.0,0.6399999999999988
40230.0,12,905.0,20.568181818181817,6.830782367347994,12,12,862.0,0.2740546626613852,5.078814068620947,6.830782367347994,12,862.0,0.26000000000000156
40235.0,11,959.0,22.302325581395348,7.479468601076305,11,11,959.0,0.31112490299146806,5.7871243052275325,7.479468601076305,11,959.0,-0.9700000000000006
40240.0,14,975.0,23.78048780487805,6.311073549822481,14,14,975.0,0.2502204763942119,4.663639726321258,6.311073549822481,14,975.0,-0.16000000000000014
40245.0,13,1026.0,26.307692307692307,6.821823512117155,13,13,1012.0,0.29515248866263,5.553697302895015,6.821823512117155,13,1012.0,-0.3699999999999992
40250.0,15,1093.0,26.658536585365855,6.101217578362692,15,15,1093.0,0.24092743104588824,4.374772479247334,6.101217578362692,15,1093.0,-0.8100000000000005
40255.0,14,1118.0,28.666666666666668,6.4173953550112195,13,14,1117.0,0.2559185679816326,4.945783925871005,6.4173953550112195,13,1117.0,-0.2400000000000002
40260.0,12,1152.0,29.53846153846154,6.759550084594323,12,12,1138.0,0.24542510024222647,4.800926831053716,6.759550084594323,12,1138.0,-0.21000000000000085
40265.0,13,1210.0,29.51219512195122,6.404218738802666,13,13,1210.0,0.24825773678796823,4.815396713078075,6.404218738802666,13,1210.0,-0.7199999999999989
40270.0,13,471.0,11.775,6.541977349064473,13,13,471.0,0.26898168243889126,5.2364507059600065,6.541977349064473,13,471.0,7.39
40275.0,13,250.0,5.813953488372093,6.088759775971173,13,13,-76.0,0.2269819476081782,4.37557690514493,6.088759775971173,13,-76.0,5.47
40280.0,13,315.0,7.875,7.069581725050109,13,13,315.0,0.3060589496674684,5.741768506353772,7.069581725050109,13,315.0,-3.91
40285.0,15,331.0,7.6976744186046515,6.0051885189713525,15,15,331.0,0.2314697888685405,4.269437342119466,6.0051885189713525,15,331.0,-0.16000000000000014
40290.0,13,385.0,9.166666666666666,7.09027199994279,13,13,371.0,0.2975843835080148,5.5467412986063795,7.09027199994279,13,371.0,-0.3999999999999999
40295.0,13,450.0,11.538461538461538,7.371274497356419,13,13,450.0,0.3257609916862841,5.971669881954584,7.371274497356419,13,450.0,-0.79
40300.0,13,300.0,7.6923076923076925,5.932775003036629,13,13,300.0,0.22277862661930098,4.322125437074036,5.932775003036629,13,300.0,1.5
40305.0,9,208.0,5.333333333333333,7.164443911294628,9,9,127.0,0.29030907996134614,5.627763234246271,7.164443911294628,9,127.0,1.73
40310.0,9,253.0,6.170731707317073,7.020339940845467,9,9,253.0,0.2804641872538505,5.3520098106110146,7.020339940845467,9,253.0,-1.2599999999999998
40315.0,11,158.0,3.95,7.058012748423526,11,11,158.0,0.27898509836363244,5.522480086280943,7.058012748423526,11,158.0,0.9499999999999997
40320.0,10,153.0,4.026315789473684,6.7196648124517955,10,10,95.0,0.23363611216095148,4.649618644411442,6.7196648124517955,10,95.0,0.6300000000000001
40325.0,11,205.0,4.880952380952381,6.958845192621003,11,11,205.0,0.2634361242375508,5.055090644072658,6.958845192621003,11,205.0,-1.0999999999999999
40330.0,12,211.0,5.275,7.008753646814098,12,12,211.0,0.2791833395633044,5.371874488195661,7.008753646814098,12,211.0,-0.06000000000000005
40335.0,14,274.0,6.372093023255814,6.2919390775681725,14,14,249.0,0.22089248735269867,4.2668602614731865,6.2919390775681725,14,249.0,-0.38000000000000034
40340.0,14,344.0,8.6,7.095256729180629,14,14,344.0,0.2969503796201953,5.712503124352365,7.095256729180629,14,344.0,-0.9499999999999997
40345.0,14,243.0,5.926829268292683,5.966480685053915,14,14,243.0,0.23227714712002692,4.3815428147136,5.966480685053915,14,243.0,1.0099999999999998
40350.0,14,312.0,7.8,6.373759316217563,14,14,254.0,0.26067139662085337,5.01604738496897,6.373759316217563,14,254.0,-0.10999999999999988
40355.0,14,382.0,10.052631578947368,6.552545633993401,14,14,324.0,0.27540700650675265,5.220586982219899,6.552545633993401,14,324.0,-0.7000000000000002
40360.0,14,319.0,7.780487804878049,6.380731895035875,14,14,319.0,0.25820180299931683,4.870815970279744,6.380731895035875,14,319.0,0.050000000000000266
40365.0,11,239.0,6.2894736842105265,6.342352963972302,11,11,196.0,0.24675639980155525,4.9365209345469685,6.342352963972302,11,196.0,1.23
40370.0,13,292.0,7.3,5.468711786915286,13,13,291.0,0.2024052024939692,3.840604423371669,5.468711786915286,13,291.0,-0.9500000000000002
40375.0,13,217.0,5.564102564102564,6.188021380351972,13,13,217.0,0.25303231511343405,4.80876772670061,6.188021380351972,13,217.0,0.7400000000000002
40380.0,12,125.0,3.2051282051282053,6.047583275894634,12,12,81.0,0.22341691142749004,4.360721548579744,6.047583275894634,12,81.0,1.3599999999999999
40385.0,13,181.0,4.414634146341464,5.8147799521826835,13,13,180.0,0.225037882519432,4.267934702248652,5.8147799521826835,13,180.0,-0.99
40390.0,12,240.0,5.853658536585366,6.677538126815502,12,12,240.0,0.28606046330094725,5.363062565246861,6.677538126815502,12,240.0,-0.5999999999999999
40395.0,13,196.0,4.666666666666667,5.9963755520392175,13,13,196.0,0.2291454736999305,4.372810056451218,5.9963755520392175,13,196.0,0.43999999999999995
40400.0,14,247.0,6.175,6.399921535641224,14,14,203.0,0.2685077786030921,5.154420711020102,6.399921535641224,14,203.0,-0.06999999999999984
40405.0,16,313.0,7.4523809523809526,5.712676125011104,16,16,312.0,0.20950564662542132,3.9542721722766943,5.712676125011104,16,312.0,-1.0900000000000003
40410.0,14,277.0,6.595238095238095,6.480465531599335,14,14,277.0,0.26119844405710874,4.946776501745556,6.480465531599335,14,277.0,0.3500000000000001
40415.0,10,175.0,4.487179487179487,6.847335691959201,10,10,141.0,0.3128846194551937,5.831069575177104,6.847335691959201,10,141.0,1.36
40420.0,10,209.0,4.976190476190476,6.677934798933589,10,10,209.0,0.28085436215788323,5.285109814169999,6.677934798933589,10,209.0,-0.6799999999999999
40425.0,12,227.0,5.536585365853658,6.70815652556809,12,12,227.0,0.2746932725678226,5.27527249717702,6.70815652556809,12,227.0,-0.18000000000000016
40430.0,15,289.0,6.880952380952381,5.92204260598598,15,15,277.0,0.20602294105229008,3.9156775355527906,5.92204260598598,15,277.0,-0.5
40435.0,15,364.0,8.666666666666666,6.927964835316257,15,15,364.0,0.27871182543438916,5.1603202998553614,6.927964835316257,15,364.0,-0.8700000000000001
40440.0,12,388.0,9.463414634146341,6.671982795051144,12,12,388.0,0.24551007918476334,4.741037138573528,6.671982795051144,12,388.0,-0.23999999999999977
40445.0,10,397.0,8.822222222222223,7.153301423246215,10,10,384.0,0.2725542978252997,5.392321382261741,7.153301423246215,10,384.0,0.040000000000000036
40450.0,11,452.0,10.761904761904763,7.525166963173289,11,11,452.0,0.3114263313867808,5.845752041530779,7.525166963173289,11,452.0,-0.6799999999999997
40455.0,15,337.0,7.837209302325581,6.254463185165079,14,15,336.0,0.2336889962688649,4.334838872183945,6.254463185165079,14,336.0,1.1599999999999997
40460.0,10,193.0,4.488372093023256,7.21731992603809,10,10,136.0,0.28648042454300815,5.2938384564520495,7.21731992603809,10,136.0,1.9999999999999998
40465.0,11,218.0,5.190476190476191,6.89208441662367,11,11,218.0,0.2953607362046918,5.27800606351939,6.89208441662367,11,218.0,-0.8200000000000001
40470.0,10,216.0,5.142857142857143,7.0760818372850816,10,10,216.0,0.3004691177443718,5.594843009374889,7.0760818372850816,10,216.0,0.020000000000000018
40475.0,12,268.0,6.7,7.418871420246307,12,12,255.0,0.3259662850469804,5.8951311902345,7.418871420246307,12,255.0,-0.3899999999999997
40480.0,15,333.0,7.928571428571429,6.568658417239409,15,15,333.0,0.24796036922844944,4.420083765877467,6.568658417239409,15,333.0,-0.7800000000000002
40485.0,13,355.0,8.875,6.960421922334606,12,13,354.0,0.2869581919327719,5.353813614492968,6.960421922334606,12,354.0,-0.20999999999999996
40490.0,10,327.0,7.975609756097561,6.853289402822126,10,10,313.0,0.24957764598406318,4.833979941154984,6.853289402822126,10,313.0,0.41000000000000014
40495.0,9,363.0,9.075,7.308347539479017,9,9,363.0,0.292042089097714,5.569291560606284,7.308347539479017,9,363.0,-0.5
40500.0,10,285.0,7.5,6.69701943031797,10,10,285.0,0.2572983701843703,4.898090815529668,6.69701943031797,10,285.0,0.7799999999999998
40505.0,12,310.0,7.948717948717949,6.222099639098239,12,12,260.0,0.2420469985110222,4.55065540261043,6.222099639098239,12,260.0,0.25
40510.0,12,370.0,9.487179487179487,6.988079450657595,12,12,370.0,0.28868520904222594,5.338738749263542,6.988079450657595,12,370.0,-1.1
40515.0,14,405.0,9.878048780487806,6.018637812008546,14,14,405.0,0.22615151316419246,4.171885629249592,6.018637812008546,14,405.0,-0.34999999999999964
40520.0,14,475.0,12.179487179487179,7.0061365426327535,14,14,459.0,0.3056221205927238,5.5988388303535706,7.0061365426327535,14,459.0,-0.54
40525.0,17,546.0,14.0,6.52711071028955,17,17,546.0,0.2773647955568269,5.163429983613615,6.52711071028955,17,546.0,-0.8700000000000001
40530.0,13,525.0,13.461538461538462,6.5096437594298555,13,13,525.0,0.26147618678630224,5.159111761401631,6.5096437594298555,13,525.0,0.20999999999999996
40535.0,9,434.0,11.72972972972973,6.827764733165809,9,9,405.0,0.30337856001781555,5.6845156705285245,6.827764733165809,9,405.0,1.2000000000000002
40540.0,11,469.0,11.725,6.558291066648243,11,11,469.0,0.2852773763038122,5.257047469999116,6.558291066648243,11,469.0,-0.6400000000000006
40545.0,11,434.0,11.128205128205128,6.6526931590886464,11,11,434.0,0.28608910013902633,5.446708194065668,6.6526931590886464,11,434.0,0.35000000000000053
40550.0,11,463.0,11.292682926829269,5.7256473401787025,11,11,435.0,0.20366177013415318,3.821327807540937,5.7256473401787025,11,435.0,-0.009999999999999787
40555.0,13,528.0,12.878048780487806,6.935137747815045,13,13,528.0,0.28807732997339097,5.288590764338644,6.935137747815045,13,528.0,-0.9300000000000006
40560.0,12,539.0,13.475,6.678664212661545,12,12,539.0,0.2747086619723793,5.1232700198710015,6.678664212661545,12,539.0,-0.10999999999999943
40565.0,14,605.0,13.75,6.5524413795497445,14,14,580.0,0.2598942937850426,4.792338620949789,6.5524413795497445,14,580.0,-0.41000000000000014
40570.0,14,675.0,16.071428571428573,7.135624435729808,14,14,675.0,0.29825608981459295,5.356993527928661,7.135624435729808,14,675.0,-0.9500000000000002
40575.0,13,654.0,16.35,6.596628581951059,13,13,654.0,0.2504716598030679,4.815010986933569,6.596628581951059,13,654.0,0.20999999999999996
40580.0,9,595.0,14.875,7.310887284307389,9,9,567.0,0.29850227346969294,5.857480118523011,7.310887284307389,9,567.0,0.8700000000000001
40585.0,12,640.0,15.238095238095237,7.168148398086435,12,12,640.0,0.3093673200200154,5.847849480470779,7.168148398086435,12,640.0,-0.7300000000000004
40590.0,11,605.0,15.512820512820513,6.8344427657385625,11,11,605.0,0.29331064045907046,5.832222795703041,6.8344427657385625,11,605.0,0.35000000000000053
40595.0,10,633.0,16.23076923076923,6.742361707048683,10,10,604.0,0.2781786034320475,5.290846821843501,6.742361707048683,10,604.0,0.009999999999999787
40600.0,13,693.0,16.902439024390244,6.353106011825129,13,13,693.0,0.26428269215572164,4.664735747152585,6.353106011825129,13,693.0,-0.8899999999999997
40605.0,12,714.0,17.414634146341463,6.7317189672164215,12,12,714.0,0.2967879301604004,5.311413629211206,6.7317189672164215,12,714.0,-0.20999999999999996
40610.0,11,741.0,18.073170731707318,6.527035537599699,11,11,728.0,0.2876625979138632,5.066576840227599,6.527035537599699,11,728.0,-0.14000000000000057
40615.0,12,798.0,19.95,7.117313472113078,12,12,798.0,0.3157041191097927,5.515972806514263,7.117313472113078,12,798.0,-0.7000000000000002
40620.0,10,763.0,19.075,7.343179568224301,10,10,763.0,0.31133722360035865,5.700417112153523,7.343179568224301,10,763.0,0.35000000000000053
40625.0,10,801.0,18.627906976744185,7.2531669519504565,10,10,763.0,0.28798305609058983,5.28930257525937,7.2531669519504565,10,763.0,0.0
40630.0,11,855.0,21.375,7.828601135670747,11,11,855.0,0.34099515514207496,6.211376485097144,7.828601135670747,11,855.0,-0.9200000000000008
40635.0,10,270.0,6.585365853658536,7.136687223149098,10,10,270.0,0.28301890734993146,5.507184744404833,7.136687223149098,10,270.0,5.8500000000000005
40640.0,9,176.0,4.631578947368421,7.99170307826251,9,9,-92.0,0.34061289288881996,6.893958790271723,7.99170307826251,9,-92.0,3.62
40645.0,13,222.0,5.414634146341464,7.378818039836546,13,13,222.0,0.28816876120640555,5.73192557224596,7.378818039836546,13,222.0,-3.14
40650.0,9,144.0,3.6923076923076925,7.827019387151375,9,9,144.0,0.3229181025134633,6.748849624963027,7.827019387151375,9,144.0,0.7800000000000002
40655.0,6,126.0,3.4054054054054053,7.910820895825979,6,6,82.0,0.345329885291766,6.935590848349108,7.910820895825979,6,82.0,0.62
40660.0,9,164.0,4.1,7.512698942276165,9,9,164.0,0.3252631903058475,6.145406561757959,7.512698942276165,9,164.0,-0.82
40665.0,9,209.0,5.358974358974359,7.999232284995838,9,9,209.0,0.3694730448233174,6.984122813270996,7.999232284995838,9,209.0,-0.44999999999999996
40670.0,8,121.0,3.1025641025641026,6.555122621919049,8,8,121.0,0.2373068524561641,4.569955722515976,6.555122621919049,8,121.0,0.8799999999999999
40675.0,6,111.0,2.9210526315789473,7.916336383636694,6,6,63.0,0.37007839160746087,6.8693197313720376,7.916336383636694,6,63.0,0.58
40680.0,6,141.0,3.710526315789474,8.411350770185958,6,6,141.0,0.4214088587490041,7.422315666363666,8.411350770185958,6,141.0,-0.7799999999999999
40685.0,7,70.0,1.794871794871795,7.47105636612773,7,7,70.0,0.3188855328730761,5.839628803108932,7.47105636612773,7,70.0,0.71
40690.0,5,75.0,2.027027027027027,8.661627915462002,5,5,32.0,0.45160996361760924,8.148673323123944,8.661627915462002,5,32.0,0.37999999999999995
40695.0,7,102.0,2.55,7.856213698980087,7,7,102.0,0.3688459399897707,6.437459326497348,7.856213698980087,7,102.0,-0.7
40700.0,5,85.0,2.1794871794871793,8.582093460815633,5,5,85.0,0.43210214780751927,7.846654641433311,8.582093460815633,5,85.0,0.17000000000000004
40705.0,7,110.0,3.0555555555555554,8.309449820897964,7,7,85.0,0.4200387638516518,7.6103418901028945,8.309449820897964,7,85.0,0.0
40710.0,7,142.0,4.057142857142857,8.273169312706358,7,7,142.0,0.41824832831797093,7.558156693045133,8.273169312706358,7,142.0,-0.57
40715.0,6,120.0,3.4285714285714284,8.787824138955195,6,6,120.0,0.4653769348733356,8.771795083745715,8.787824138955195,6,120.0,0.21999999999999997
40720.0,8,153.0,4.026315789473684,7.66713281763098,8,8,101.0,0.29466586430527403,5.950931308644385,7.66713281763098,8,101.0,0.18999999999999995
40725.0,9,197.0,5.324324324324325,8.217479246170141,9,9,197.0,0.33935343619492875,6.903174574959953,8.217479246170141,9,197.0,-0.96
40730.0,8,114.0,3.1666666666666665,6.85406043431273,8,8,114.0,0.238117856445776,5.005518329549743,6.85406043431273,8,114.0,0.8300000000000001
40735.0,6,104.0,3.1515151515151514,8.277493871559667,6,6,61.0,0.3587297168741591,7.2557354062240424,8.277493871559667,6,61.0,0.5299999999999999
40740.0,6,134.0,4.1875,8.27414149181908,6,6,134.0,0.3669493850084407,7.051143621810219,8.27414149181908,6,134.0,-0.7300000000000001
40745.0,7,68.0,1.8888888888888888,7.506808227181462,7,7,68.0,0.29916381267039294,5.982530923814915,7.506808227181462,7,68.0,0.66
40750.0,5,75.0,2.2058823529411766,8.64318756226173,5,5,32.0,0.3963065470164663,7.542756297164848,8.64318756226173,5,32.0,0.36000000000000004
40755.0,7,102.0,3.1875,7.990570436837611,7,7,102.0,0.37747848381631727,6.8486462991135495,7.990570436837611,7,102.0,-0.7
40760.0,5,49.0,1.5806451612903225,8.680733910353974,5,5,49.0,0.4334069098411035,8.199381253499093,8.680733910353974,5,49.0,0.53
40765.0,7,65.0,1.911764705882353,7.897314413933545,7,7,29.0,0.3766174176424315,6.693404219527819,7.897314413933545,7,29.0,0.2
40770.0,6,93.0,2.90625,8.52557368002432,6,6,93.0,0.44887867491729894,7.690301585751896,8.52557368002432,6,93.0,-0.6400000000000001
40775.0,3,36.0,1.1612903225806452,9.253679446865776,3,3,36.0,0.5294713146584614,9.342160087957021,9.253679446865776,3,36.0,0.5700000000000001
40780.0,5,40.0,1.1764705882352942,7.895746586151125,5,5,12.0,0.35442280204853127,6.420871890960252,7.895746586151125,5,12.0,0.24
40785.0,5,65.0,1.9696969696969697,8.978254062357998,5,5,65.0,0.4572602695397047,8.335080408257856,8.978254062357998,5,65.0,-0.53
40790.0,4,79.0,2.1944444444444446,8.639293013042746,4,4,79.0,0.42690643904434794,8.047730063071224,8.639293013042746,4,79.0,-0.14
40795.0,7,106.0,3.1176470588235294,8.818757356448751,7,7,100.0,0.37965564911182964,7.314096815801764,8.818757356448751,7,100.0,-0.20999999999999996
40800.0,7,141.0,4.40625,8.680527606720512,7,7,141.0,0.36904114859911946,6.951220832123987,8.680527606720512,7,141.0,-0.4099999999999999
40805.0,7,73.0,2.085714285714286,7.820406837001583,7,7,73.0,0.31101291946733833,5.955502932411711,7.820406837001583,7,73.0,0.6799999999999999
40810.0,5,79.0,2.323529411764706,8.901528567075149,5,5,36.0,0.42177113424069246,7.863355509731726,8.901528567075149,5,36.0,0.37
40815.0,7,106.0,3.212121212121212,8.138123027850924,7,7,106.0,0.3746168336220143,6.6596035245586975,8.138123027850924,7,106.0,-0.7000000000000001
40820.0,5,94.0,3.032258064516129,8.432583299862028,5,5,94.0,0.4191896671364742,7.652768638696786,8.432583299862028,5,94.0,0.1200000000000001
40825.0,8,119.0,3.5,8.003143623958763,8,8,98.0,0.35904001038025035,6.555035493550792,8.003143623958763,8,98.0,-0.040000000000000036
40830.0,7,150.0,5.0,8.124392315770972,7,7,150.0,0.37906548940098894,7.014161774161826,8.124392315770972,7,150.0,-0.52
40835.0,6,162.0,5.785714285714286,8.655615861195256,6,6,162.0,0.44007983386400906,8.195442599630246,8.655615861195256,6,162.0,-0.1200000000000001
40840.0,9,197.0,6.354838709677419,6.92451410519575,9,9,184.0,0.3043519767189771,5.540334237855587,6.92451410519575,9,184.0,-0.21999999999999997
40845.0,9,242.0,8.066666666666666,8.03347433193144,9,9,242.0,0.3838248863255241,6.886965997517781,8.03347433193144,9,242.0,-0.5799999999999998
40850.0,9,277.0,8.65625,6.916295196218932,9,9,277.0,0.3035798490801101,5.548503465733017,6.916295196218932,9,277.0,-0.3500000000000001
40855.0,10,327.0,10.548387096774194,7.362144206192994,10,10,321.0,0.32151634716516797,5.945321509000102,7.362144206192994,10,321.0,-0.43999999999999995
40860.0,11,381.0,12.290322580645162,7.102481500870115,11,11,381.0,0.3006719050073182,5.5744791241622345,7.102481500870115,11,381.0,-0.6000000000000001
40865.0,10,224.0,6.787878787878788,6.164157025942869,10,10,224.0,0.24624972696511516,4.798231119025716,6.164157025942869,10,224.0,1.5699999999999998
40870.0,6,118.0,3.6875,7.386808421892161,6,6,37.0,0.3461584191189619,6.476190654905594,7.386808421892161,6,37.0,1.87
40875.0,8,151.0,4.4411764705882355,7.014068085884084,8,8,151.0,0.3282586143581844,6.0555580367995026,7.014068085884084,8,151.0,-1.1400000000000001
40880.0,8,191.0,5.617647058823529,8.222623118687489,8,8,191.0,0.40409187419636794,7.568990040410327,8.222623118687489,8,191.0,-0.3999999999999999
40885.0,9,98.0,2.6486486486486487,7.171875714180466,9,9,98.0,0.3217007320343867,5.867084180123921,7.171875714180466,9,98.0,0.9299999999999999
40890.0,6,92.0,2.7058823529411766,7.867285832869298,6,6,43.0,0.37059065169977107,7.035328306690764,7.867285832869298,6,43.0,0.55
40895.0,6,122.0,3.8125,8.78765985351103,6,6,122.0,0.4520705989311418,8.352715350842372,8.78765985351103,6,122.0,-0.79
40900.0,7,56.0,1.6470588235294117,6.902497628261735,7,7,56.0,0.29924418194538704,5.639577459369518,6.902497628261735,7,56.0,0.6599999999999999
40905.0,6,70.0,2.0588235294117645,8.339125893807404,6,6,31.0,0.40551686914015733,7.482328407682471,8.339125893807404,6,31.0,0.25000000000000006
40910.0,7,101.0,2.8055555555555554,7.575135621309152,7,7,101.0,0.33782004707574553,5.930898280069918,7.575135621309152,7,101.0,-0.7
40915.0,6,104.0,2.888888888888889,8.153196156653811,6,6,104.0,0.3743914654606715,6.881105655269504,8.153196156653811,6,104.0,-0.030000000000000027
40920.0,6,134.0,3.8285714285714287,8.305495565441346,6,6,121.0,0.366578347801882,7.110565134263708,8.305495565441346,6,121.0,-0.16999999999999993
40925.0,8,170.0,4.473684210526316,7.669554283662426,8,8,170.0,0.3141582339502961,5.989899917124715,7.669554283662426,8,170.0,-0.49
40930.0,6,91.0,2.5277777777777777,8.12108870194604,6,6,91.0,0.3735797003373629,7.153919942250407,8.12108870194604,6,91.0,0.7899999999999999
40935.0,5,83.0,2.128205128205128,7.3952626269050965,5,5,40.0,0.3048121572956028,5.790605862958057,7.3952626269050965,5,40.0,0.51
40940.0,6,113.0,3.138888888888889,8.57952418750489,6,6,113.0,0.4154727962115441,7.760060463497996,8.57952418750489,6,113.0,-0.7299999999999999
40945.0,10,99.0,2.75,7.230487993241261,10,10,99.0,0.315640540407565,5.730617649456092,7.230487993241261,10,99.0,0.1399999999999999
40950.0,10,147.0,4.323529411764706,7.40499507418708,10,10,105.0,0.32715951214153377,6.010684319511686,7.40499507418708,10,105.0,-0.06000000000000005
40955.0,10,197.0,5.96969696969697,8.0328434205507,10,10,155.0,0.3647910842874613,6.7502276415474585,8.0328434205507,10,155.0,-0.5
40960.0,9,140.0,4.0,6.8270858494857976,9,9,140.0,0.2667767141618447,5.143220142467122,6.8270858494857976,9,140.0,0.15000000000000013
40965.0,9,170.0,5.0,7.860488107968273,9,9,127.0,0.32874843483529337,6.374328802441848,7.860488107968273,9,127.0,0.1299999999999999
40970.0,9,215.0,6.323529411764706,6.942050561707571,9,9,215.0,0.277331949834529,5.352349383515597,6.942050561707571,9,215.0,-0.8799999999999999
40975.0,9,154.0,4.8125,7.2607470372265475,9,9,154.0,0.3224660146516997,6.267164628192788,7.2607470372265475,9,154.0,0.6099999999999999
40980.0,8,167.0,5.387096774193548,6.901376536006464,8,8,123.0,0.26546211290983773,5.334577593734809,6.901376536006464,8,123.0,0.31000000000000005
40985.0,9,210.0,6.0,7.249349705526271,9,9,210.0,0.3024158369328135,5.792417436943736,7.249349705526271,9,210.0,-0.8700000000000001
40990.0,8,121.0,3.6666666666666665,7.5197729661245125,8,8,121.0,0.3494820876426706,6.524761326087704,7.5197729661245125,8,121.0,0.8900000000000001
40995.0,7,87.0,2.4166666666666665,6.824921525378472,7,7,45.0,0.285483936270111,5.263861645475154,6.824921525378472,7,45.0,0.76
41000.0,7,122.0,3.588235294117647,8.103041665312775,7,7,80.0,0.3903585320209611,7.092016870345261,8.103041665312775,7,80.0,-0.35000000000000003
41005.0,11,116.0,3.2222222222222223,6.946204800576468,11,11,74.0,0.3144699737073075,5.691732927320046,6.946204800576468,11,74.0,0.06000000000000005
41010.0,11,167.0,4.638888888888889,7.217574487872115,11,11,128.0,0.30881850127494753,5.807149466406409,7.217574487872115,11,128.0,-0.54
41015.0,11,222.0,6.3428571428571425,7.6645471567207775,11,11,222.0,0.33017409419358834,6.120219505464051,7.6645471567207775,11,222.0,-0.9400000000000002
41020.0,12,171.0,4.75,6.276081599504234,12,12,171.0,0.2577717612730938,4.733080900154346,6.276081599504234,12,171.0,0.5100000000000002
41025.0,10,204.0,5.828571428571428,7.1786577120920985,10,10,161.0,0.3009541432151175,5.803038157913519,7.1786577120920985,10,161.0,0.09999999999999987
41030.0,11,256.0,6.7368421052631575,6.5807658776508005,11,11,256.0,0.2664634739906566,4.880871270961933,6.5807658776508005,11,256.0,-0.95
41035.0,11,231.0,6.416666666666667,6.832236514620524,11,11,231.0,0.2991028382994145,5.583881388183875,6.832236514620524,11,231.0,0.25
41040.0,9,253.0,7.4411764705882355,7.046225110260537,9,9,226.0,0.30037732127772687,5.644816057829161,7.046225110260537,9,226.0,0.050000000000000266
41045.0,11,307.0,8.527777777777779,7.012713493811527,11,11,307.0,0.29861608105512316,5.552862466771893,7.012713493811527,11,307.0,-0.81
41050.0,12,336.0,9.333333333333334,7.271802789691768,11,12,335.0,0.3107011649607211,6.009487994529195,7.271802789691768,11,335.0,-0.28000000000000025
41055.0,13,394.0,10.368421052631579,6.525246784962101,13,13,369.0,0.22950548783632457,4.506418755497296,6.525246784962101,13,369.0,-0.33999999999999986
41060.0,14,464.0,12.88888888888889,7.379861140125644,14,14,464.0,0.28347463512536797,5.699966136976035,7.379861140125644,14,464.0,-0.9499999999999997
41065.0,14,444.0,11.384615384615385,6.424584790581614,14,14,444.0,0.22542080130396266,4.529283930110307,6.424584790581614,14,444.0,0.1999999999999993
41070.0,12,492.0,12.947368421052632,7.377654856690779,12,12,463.0,0.30187857299667314,5.934930650606066,7.377654856690779,12,463.0,-0.1899999999999995
41075.0,12,552.0,15.771428571428572,7.181448022297865,12,12,552.0,0.3174056067738137,5.978695540549571,7.181448022297865,12,552.0,-0.8899999999999997
41080.0,13,353.0,9.289473684210526,6.1665693651488285,13,13,353.0,0.2323713638312469,4.596776670135358,6.1665693651488285,13,353.0,1.9899999999999998
41085.0,9,139.0,3.7567567567567566,6.733461160072383,9,9,52.0,0.2558009789314846,5.25310750927673,6.733461160072383,9,52.0,3.01
41090.0,8,141.0,3.810810810810811,6.150862536254486,8,8,141.0,0.23486568374787786,4.756049917801194,6.150862536254486,8,141.0,-0.8899999999999999
41095.0,9,71.0,1.9189189189189189,6.752278909661284,9,9,71.0,0.2702826495545643,5.543151929320929,6.752278909661284,9,71.0,0.7
41100.0,11,96.0,2.742857142857143,5.868218695848752,11,11,53.0,0.21844317462218396,4.396647094422686,5.868218695848752,11,53.0,0.17999999999999994
41105.0,13,159.0,4.184210526315789,6.155219810782705,13,13,159.0,0.24199051223231202,4.777061099007077,6.155219810782705,13,159.0,-1.06
41110.0,12,173.0,4.552631578947368,6.548749138050402,12,12,173.0,0.2661348223896616,5.161987561646551,6.548749138050402,12,173.0,-0.1399999999999999
41115.0,11,146.0,3.65,6.348447306813446,11,11,132.0,0.2627550808026952,4.915271717858462,6.348447306813446,11,132.0,0.4099999999999999
41120.0,8,167.0,4.175,7.876019450130697,8,8,167.0,0.3614877597050822,6.691491664635513,7.876019450130697,8,167.0,-0.34999999999999987
41125.0,10,110.0,2.75,6.798183557926694,10,10,110.0,0.27856666875690916,5.374744738922067,6.798183557926694,10,110.0,0.5699999999999998
41130.0,11,149.0,3.9210526315789473,7.169275445616648,11,11,108.0,0.32835934091362334,6.0736437998814425,7.169275445616648,11,108.0,0.020000000000000018
41135.0,11,204.0,5.368421052631579,7.6031409485883525,11,11,204.0,0.3470961797658017,6.124507543936008,7.6031409485883525,11,204.0,-0.96
41140.0,12,218.0,5.317073170731708,6.5149712129962305,12,12,218.0,0.26302355648544706,4.437400495821295,6.5149712129962305,12,218.0,-0.14000000000000012
41145.0,9,213.0,5.605263157894737,7.203248523961831,9,9,200.0,0.32254927342124706,5.579364197017204,7.203248523961831,9,200.0,0.18000000000000016
41150.0,8,252.0,6.146341463414634,6.970383552124756,8,8,252.0,0.2910146422918649,5.091881256125277,6.970383552124756,8,252.0,-0.52
41155.0,11,175.0,4.2682926829268295,6.812692137173722,11,11,175.0,0.2718557222239553,4.829833495558097,6.812692137173722,11,175.0,0.77
41160.0,9,170.0,4.358974358974359,7.412473152282332,9,9,128.0,0.33630878750928916,6.038479853912105,7.412473152282332,9,128.0,0.47
41165.0,11,219.0,5.475,6.460382792484668,11,11,219.0,0.26150411742699753,4.800625793647357,6.460382792484668,11,219.0,-0.9099999999999999
41170.0,10,223.0,5.575,7.099217272656,10,10,223.0,0.3142083799430408,5.734048044638199,7.099217272656,10,223.0,-0.040000000000000036
41175.0,10,228.0,5.7,6.44582287979083,10,10,214.0,0.27916127248187206,4.9873343789438325,6.44582287979083,10,214.0,0.08999999999999986
41180.0,10,278.0,7.128205128205129,7.788573235349476,10,10,278.0,0.3718652703396303,6.577833934477457,7.788573235349476,10,278.0,-0.6399999999999997
41185.0,11,285.0,7.5,6.777739918975007,11,11,285.0,0.2949040754318805,5.363288492745179,6.777739918975007,11,285.0,-0.07000000000000028
41190.0,11,322.0,8.702702702702704,6.922589031689746,11,11,310.0,0.298920378460248,5.558680138641387,6.922589031689746,11,310.0,-0.25
41195.0,10,371.0,10.027027027027026,7.8366687839564095,10,10,370.0,0.34496678113151164,6.318175972417623,7.8366687839564095,10,370.0,-0.6000000000000001
41200.0,12,285.0,7.125,6.824853005799301,12,12,285.0,0.2593900049915779,4.837992041067556,6.824853005799301,12,285.0,0.8500000000000001
41205.0,10,294.0,7.35,7.742767279510173,10,10,238.0,0.31186709199235735,5.969749830191476,7.742767279510173,10,238.0,0.4700000000000002
41210.0,13,346.0,8.65,6.886835168575374,13,13,346.0,0.26641583931699364,4.837005667332116,6.886835168575374,13,346.0,-1.08
41215.0,11,318.0,8.368421052631579,7.120465116056601,11,11,318.0,0.2932909234023098,5.458644370176987,7.120465116056601,11,318.0,0.2799999999999998
41220.0,10,342.0,9.5,7.146971166669995,10,10,314.0,0.2848820189586149,5.436972250543256,7.146971166669995,10,314.0,0.040000000000000036
41225.0,11,392.0,10.31578947368421,6.738443738430946,11,11,392.0,0.2743080575546674,5.153023542190594,6.738443738430946,11,392.0,-0.7799999999999998
41230.0,11,357.0,9.64864864864865,6.931942450464924,11,11,357.0,0.2908985907320178,5.589419026535651,6.931942450464924,11,357.0,0.3500000000000001
41235.0,11,376.0,9.64102564102564,5.987821633387556,11,11,347.0,0.22769600305852786,4.409523302739333,5.987821633387556,11,347.0,0.09999999999999964
41240.0,11,431.0,11.64864864864865,7.016580198099165,11,11,431.0,0.31059227230873254,5.950333183113413,7.016580198099165,11,431.0,-0.8399999999999994
41245.0,13,401.0,10.025,6.639520503337704,13,13,401.0,0.28305515268958786,5.471886213750288,6.639520503337704,13,401.0,0.2999999999999998
41250.0,11,441.0,11.025,7.398550362764136,11,11,413.0,0.33032054014661827,6.3417071258395,7.398550362764136,11,413.0,-0.1200000000000001
41255.0,11,496.0,12.717948717948717,7.506331942203435,11,11,496.0,0.3289277782036157,6.106268656380505,7.506331942203435,11,496.0,-0.8300000000000001
41260.0,13,463.0,11.871794871794872,6.189478773370681,13,13,463.0,0.24137641624576667,4.510034860200694,6.189478773370681,13,463.0,0.33000000000000007
41265.0,11,467.0,12.289473684210526,7.0017960824033025,10,11,436.0,0.31390186051851615,5.767280581575764,7.0017960824033025,10,436.0,0.2699999999999996
41270.0,10,510.0,13.076923076923077,5.796471607248835,10,10,510.0,0.22474512564499052,4.0490707738495075,5.796471607248835,10,510.0,-0.7399999999999993
41275.0,11,564.0,14.461538461538462,7.108335928485942,11,11,564.0,0.30331932040188997,5.570746218984669,7.108335928485942,11,564.0,-0.54
41280.0,11,520.0,13.68421052631579,6.863185360484332,10,11,518.0,0.3014296848238624,5.514839619415126,6.863185360484332,10,518.0,0.45999999999999996
41285.0,12,532.0,13.3,6.225337411087081,12,12,500.0,0.23758639035229226,4.4487674120513345,6.225337411087081,12,500.0,0.17999999999999972
41290.0,10,579.0,14.846153846153847,7.510752416550502,10,10,579.0,0.3277804168011162,6.1166071761867,7.510752416550502,10,579.0,-0.79
41295.0,12,169.0,4.225,6.546284989613438,12,12,169.0,0.2698498924861163,4.941819105521459,6.546284989613438,12,169.0,4.1
41300.0,12,190.0,4.871794871794871,6.831434672782286,12,12,-22.0,0.28938255831991233,5.508727327528131,6.831434672782286,12,-22.0,1.91
41305.0,15,250.0,5.9523809523809526,6.344649529597353,15,15,250.0,0.2567574164076302,4.6174698590573025,6.344649529597353,15,250.0,-2.72
41310.0,12,205.0,5.0,6.843676235702915,12,12,205.0,0.2927510693245253,5.390585429957393,6.843676235702915,12,205.0,0.4500000000000002
41315.0,11,237.0,6.2368421052631575,7.114511688972672,11,11,190.0,0.30799328671790627,5.744797942251896,7.114511688972672,11,190.0,0.1499999999999999
41320.0,12,292.0,7.487179487179487,6.316741446374862,12,12,292.0,0.2441825224036815,4.455068836616407,6.316741446374862,12,292.0,-1.02
41325.0,13,266.0,7.388888888888889,6.592388598710709,13,13,266.0,0.27784042111258084,5.1664189743436815,6.592388598710709,13,266.0,0.2599999999999998
41330.0,11,258.0,6.615384615384615,6.485170595493885,11,11,229.0,0.27014251534199396,4.984610257516202,6.485170595493885,11,229.0,0.3700000000000001
41335.0,12,315.0,8.289473684210526,7.244470254095539,12,12,315.0,0.32518758776700013,5.823459691917981,7.244470254095539,12,315.0,-0.8599999999999999
41340.0,11,326.0,8.81081081081081,6.609712150100509,11,11,326.0,0.2560362170655685,4.782309130684838,6.609712150100509,11,326.0,-0.10999999999999988
41345.0,12,377.0,9.425,6.6955324619561765,12,12,363.0,0.26028976805444287,4.8826033683267545,6.6955324619561765,12,363.0,-0.3700000000000001
41350.0,12,437.0,11.205128205128204,7.448314509541596,12,12,437.0,0.3143176878164075,5.748726512305223,7.448314509541596,12,437.0,-0.7400000000000002
41355.0,11,276.0,6.9,6.614238251744515,10,11,275.0,0.250411691134869,4.876549260607777,6.614238251744515,10,275.0,1.62
41360.0,9,123.0,3.236842105263158,7.370784811997514,9,9,50.0,0.2911970303515009,5.780685951200881,7.370784811997514,9,50.0,2.25
41365.0,9,141.0,3.525,7.016611083526952,9,9,141.0,0.2754008193411341,5.365432492953261,7.016611083526952,9,141.0,-0.9099999999999999
41370.0,11,141.0,3.525,7.430189545570556,11,11,141.0,0.305911867927144,6.152549429376114,7.430189545570556,11,141.0,0.0
41375.0,14,208.0,5.333333333333333,7.155459882431259,14,14,164.0,0.2774766795922697,5.466620904888174,7.155459882431259,14,164.0,-0.22999999999999998
41380.0,17,288.0,7.024390243902439,6.087653726988562,17,17,288.0,0.21115523082325288,3.9896768193752745,6.087653726988562,17,288.0,-1.24
41385.0,14,235.0,5.875,6.424813842669441,14,14,235.0,0.25136475304865874,4.679192091807955,6.424813842669441,14,235.0,0.5299999999999998
41390.0,12,233.0,5.9743589743589745,5.968695059416196,12,12,190.0,0.23204320963370606,4.092280377430855,5.968695059416196,12,190.0,0.4500000000000002
41395.0,13,298.0,8.054054054054054,6.644757944659761,13,13,298.0,0.3041329700312332,5.298976482182967,6.644757944659761,13,298.0,-1.08
41400.0,12,269.0,7.27027027027027,6.611390489054533,12,12,269.0,0.2836895498375311,5.154928191248067,6.611390489054533,12,269.0,0.29000000000000004
41405.0,10,171.0,4.275,6.52459566346293,10,10,142.0,0.2606369225816922,4.930163046364839,6.52459566346293,10,142.0,1.27
41410.0,8,191.0,5.026315789473684,7.595832097241477,8,8,191.0,0.35091143157446625,6.438386262310401,7.595832097241477,8,191.0,-0.49
41415.0,10,95.0,2.4358974358974357,6.294450631698873,10,10,95.0,0.25544106587431387,4.92023697320727,6.294450631698873,10,95.0,0.96
41420.0,10,101.0,2.58974358974359,7.466361651135992,10,10,47.0,0.3270745567921256,6.3404670022415095,7.466361651135992,10,47.0,0.48
41425.0,12,151.0,3.775,7.161852200769994,12,12,151.0,0.3071055213648677,5.849953924992928,7.161852200769994,12,151.0,-1.04
41430.0,12,211.0,5.410256410256411,7.304588313486961,12,12,211.0,0.32035080495244533,6.214767097178546,7.304588313486961,12,211.0,-0.5999999999999999
41435.0,9,205.0,5.256410256410256,7.278058016350028,9,9,205.0,0.2962635008545438,5.912729527104041,7.278058016350028,9,205.0,0.06000000000000005
41440.0,8,170.0,4.0476190476190474,6.933902614826983,8,8,152.0,0.2691915426901312,5.142933196265033,6.933902614826983,8,152.0,0.5299999999999998
41445.0,8,210.0,5.121951219512195,8.06841195059569,8,8,210.0,0.3655175276601571,6.889319392946991,8.06841195059569,8,210.0,-0.5800000000000001
41450.0,9,252.0,5.7272727272727275,7.4489509531520035,9,9,252.0,0.285255539395103,5.454757687034361,7.4489509531520035,9,252.0,-0.41999999999999993
41455.0,9,283.0,6.902439024390244,8.15574136265533,9,9,283.0,0.3466346919161865,6.581312411475124,8.15574136265533,9,283.0,-0.31000000000000005
41460.0,9,328.0,8.41025641025641,8.086873584594235,9,9,316.0,0.31745734132326464,6.274799205861681,8.086873584594235,9,316.0,-0.33000000000000007
41465.0,11,380.0,9.743589743589743,7.528052887135607,11,11,380.0,0.29564180373388643,5.6858716242673495,7.528052887135607,11,380.0,-0.6399999999999997
41470.0,10,403.0,10.333333333333334,7.725475730420347,10,10,403.0,0.3195646468519563,6.225174831587945,7.725475730420347,10,403.0,-0.23000000000000043
41475.0,14,458.0,11.45,6.733223641993854,14,14,431.0,0.2326921332343097,4.408308598888717,6.733223641993854,14,431.0,-0.27999999999999936
41480.0,13,523.0,14.135135135135135,7.178520917734189,13,13,523.0,0.2872988802282436,5.478379157448939,7.178520917734189,13,523.0,-0.9200000000000008
41485.0,14,333.0,9.0,6.3381168128451435,14,14,333.0,0.2520685255336399,4.922200635191306,6.3381168128451435,14,333.0,1.9000000000000004
41490.0,8,129.0,3.4864864864864864,7.38818965233787,8,8,46.0,0.3285604285528909,6.303676368097407,7.38818965233787,8,46.0,2.87
41495.0,6,135.0,3.6486486486486487,7.94842770111829,6,6,135.0,0.3822404071991227,6.984363276829433,7.94842770111829,6,135.0,-0.8900000000000001
41500.0,8,65.0,1.6666666666666667,6.934763059386892,8,8,65.0,0.30870439937594546,5.586309820064595,6.934763059386892,8,65.0,0.7000000000000001
41505.0,10,92.0,2.5555555555555554,7.463290881010263,10,10,49.0,0.3435136620525158,6.089382708422318,7.463290881010263,10,49.0,0.16000000000000003
41510.0,10,142.0,3.8378378378378377,7.044114415591147,10,10,142.0,0.31928758988897477,5.501205815485545,7.044114415591147,10,142.0,-0.9299999999999999
41515.0,10,151.0,4.575757575757576,6.759738379284281,10,10,151.0,0.3114100284818354,5.48783623071871,6.759738379284281,10,151.0,-0.09000000000000008
41520.0,6,135.0,4.090909090909091,7.543389204026786,6,6,122.0,0.3406331913129517,6.0626510073904925,7.543389204026786,6,122.0,0.29000000000000004
41525.0,8,171.0,4.75,7.127394290858504,8,8,171.0,0.31059495191883213,5.527561246683237,7.127394290858504,8,171.0,-0.49
41530.0,9,89.0,2.4722222222222223,7.403722747292496,9,9,89.0,0.3286409193098045,6.055382158613184,7.403722747292496,9,89.0,0.82
41535.0,8,98.0,2.5789473684210527,7.067882696090062,8,8,47.0,0.293217566844998,5.454098884965248,7.067882696090062,8,47.0,0.42000000000000004
41540.0,9,143.0,3.864864864864865,8.369996276684573,9,9,143.0,0.38509169696519036,7.1399152165340825,8.369996276684573,9,143.0,-0.96
41545.0,12,149.0,3.725,7.44462248172629,12,12,149.0,0.31134711502210255,5.802823944794864,7.44462248172629,12,149.0,-0.06000000000000005
41550.0,11,204.0,5.368421052631579,8.120773091025018,11,11,167.0,0.3245857279237039,6.497825289816268,8.120773091025018,11,167.0,-0.17999999999999994
41555.0,12,264.0,7.542857142857143,7.415567311273409,12,12,264.0,0.28540976590331485,5.63700975513067,7.415567311273409,12,264.0,-0.9700000000000002
41560.0,12,235.0,6.351351351351352,6.456995816897674,12,12,235.0,0.23930299557560888,4.545502377076711,6.456995816897674,12,235.0,0.29000000000000004
41565.0,8,204.0,5.828571428571428,7.569804558621572,8,8,175.0,0.3297489904069136,6.174507086593803,7.569804558621572,8,175.0,0.6000000000000001
41570.0,10,245.0,6.621621621621622,7.208621102350129,10,10,245.0,0.3115952806317054,5.712150572374657,7.208621102350129,10,245.0,-0.7000000000000002
41575.0,10,218.0,6.055555555555555,7.221657951521755,10,10,218.0,0.28851169382124503,5.818746650836843,7.221657951521755,10,218.0,0.27
41580.0,9,260.0,7.647058823529412,7.067738620557011,9,9,232.0,0.2923252777748011,5.558177000240002,7.067738620557011,9,232.0,-0.13999999999999968
41585.0,11,314.0,8.486486486486486,7.129159357009695,11,11,314.0,0.2968859086129399,5.515697526560529,7.129159357009695,11,314.0,-0.8200000000000003
41590.0,11,369.0,9.972972972972974,7.463287014816089,11,11,369.0,0.30694382561648204,5.898476632952072,7.463287014816089,11,369.0,-0.5499999999999998
41595.0,10,214.0,5.631578947368421,6.735339147837618,10,10,214.0,0.25121970274963934,5.041287032791153,6.735339147837618,10,214.0,1.5499999999999998
41600.0,6,111.0,3.0833333333333335,7.989319084224729,6,6,33.0,0.3598961007686339,7.0140476754035515,7.989319084224729,6,33.0,1.81
41605.0,10,142.0,3.8378378378378377,7.414835692794836,10,10,142.0,0.3357040502508123,6.37870156039265,7.414835692794836,10,142.0,-1.0899999999999999
41610.0,8,75.0,2.027027027027027,7.454711303267035,8,8,75.0,0.32496549597120167,6.416172678888398,7.454711303267035,8,75.0,0.6699999999999999
41615.0,6,54.0,1.5,7.846336347390296,6,6,21.0,0.35309511885164757,6.824866138714614,7.846336347390296,6,21.0,0.54
41620.0,9,90.0,2.3684210526315788,7.208159810371464,9,9,90.0,0.31176237541721014,5.732616579575272,7.208159810371464,9,90.0,-0.6900000000000001
41625.0,9,93.0,2.5135135135135136,7.365924136193543,9,9,93.0,0.3172137162273507,6.175615700699648,7.365924136193543,9,93.0,-0.030000000000000027
41630.0,9,107.0,2.8157894736842106,6.393414891637266,9,9,94.0,0.2574227946204581,4.7865393003527,6.393414891637266,9,94.0,-0.009999999999999898
41635.0,9,152.0,4.0,7.68135954477785,9,9,152.0,0.3600586538778873,6.582053962767529,7.68135954477785,9,152.0,-0.5800000000000001
41640.0,9,197.0,5.628571428571429,7.367574966596507,9,9,197.0,0.3371073842606054,6.036157192288508,7.367574966596507,9,197.0,-0.44999999999999996
41645.0,9,182.0,4.666666666666667,7.141591693155701,9,9,182.0,0.29870989974983453,5.3947997669101815,7.141591693155701,9,182.0,0.1499999999999999
41650.0,7,197.0,5.324324324324325,8.04132603454279,7,7,178.0,0.3814066693144254,6.790866532865517,8.04132603454279,7,178.0,0.040000000000000036
41655.0,9,236.0,6.051282051282051,7.477743503219132,9,9,236.0,0.34822546398431387,5.9597739399554825,7.477743503219132,9,236.0,-0.5799999999999998
41660.0,8,261.0,7.25,7.701033133415955,8,8,261.0,0.37538781316730163,6.8182405624132,7.701033133415955,8,261.0,-0.25
41665.0,12,302.0,7.947368421052632,7.409584607923773,12,12,291.0,0.34679803507664714,6.116153258744625,7.409584607923773,12,291.0,-0.30000000000000027
41670.0,10,350.0,9.210526315789474,8.056925938125028,10,10,350.0,0.38597480795642825,6.879161190925402,8.056925938125028,10,350.0,-0.5899999999999999
41675.0,9,376.0,9.894736842105264,7.957609278692521,9,9,376.0,0.3494363950557642,6.612665447723929,7.957609278692521,9,376.0,-0.2599999999999998
41680.0,11,427.0,10.414634146341463,7.0262673377884886,11,11,415.0,0.27792116475082257,4.945185763228507,7.0262673377884886,11,415.0,-0.39000000000000057
41685.0,12,487.0,13.162162162162161,7.493455794677627,12,12,487.0,0.3398521761352773,5.999746480025086,7.493455794677627,12,487.0,-0.7199999999999998
41690.0,11,299.0,8.794117647058824,5.951121976067141,11,11,299.0,0.2431398263139658,4.453881447451506,5.951121976067141,11,299.0,1.88
41695.0,7,144.0,4.235294117647059,7.14383289123252,7,7,54.0,0.34079704954550455,6.052257051170771,7.14383289123252,7,54.0,2.45
41700.0,6,168.0,4.9411764705882355,7.7479193400550725,6,6,168.0,0.39901974294803944,6.811306982005339,7.7479193400550725,6,168.0,-1.14
41705.0,9,195.0,5.416666666666667,6.358002181384025,9,9,195.0,0.300616314932834,5.116184720805789,6.358002181384025,9,195.0,-0.27
41710.0,11,249.0,7.545454545454546,7.184055095239913,11,11,241.0,0.3639983872626757,6.137991192834843,7.184055095239913,11,241.0,-0.4600000000000002
41715.0,13,306.0,8.5,6.460423950038006,13,13,306.0,0.3006647864181989,5.071696133613594,6.460423950038006,13,306.0,-0.6499999999999999
41720.0,11,322.0,9.2,6.982767712461647,11,11,322.0,0.31388345672958373,5.734015459158323,6.982767712461647,11,322.0,-0.16000000000000014
41725.0,11,327.0,8.837837837837839,7.022103901424908,11,11,314.0,0.3241006201992056,5.889646577666076,7.022103901424908,11,314.0,0.08000000000000007
41730.0,10,374.0,10.108108108108109,7.619927239195595,10,10,374.0,0.369523399415238,6.583099208217151,7.619927239195595,10,374.0,-0.6000000000000001
41735.0,10,404.0,10.91891891891892,7.454348839289262,10,10,404.0,0.35034372740018166,6.444509131367565,7.454348839289262,10,404.0,-0.2999999999999998
41740.0,13,461.0,11.820512820512821,6.588702505745238,13,13,449.0,0.26173402463597634,4.600874535933287,6.588702505745238,13,449.0,-0.4500000000000002
41745.0,13,526.0,14.216216216216216,7.414123738112713,13,13,526.0,0.3258060963653065,5.735467871453316,7.414123738112713,13,526.0,-0.7699999999999996
41750.0,11,385.0,10.694444444444445,6.343320196627817,11,11,385.0,0.24136736025365607,4.498337903321658,6.343320196627817,11,385.0,1.4099999999999997
41755.0,8,301.0,8.6,6.960201255337185,8,8,230.0,0.32716734545238485,5.71644585812075,6.960201255337185,8,230.0,1.5500000000000003
41760.0,8,341.0,9.742857142857142,7.476646917089624,8,8,341.0,0.37490073618916536,6.29744976647991,7.476646917089624,8,341.0,-1.1100000000000003
41765.0,10,133.0,3.5,6.138487996453474,10,10,133.0,0.2536877318479102,4.596445128843049,6.138487996453474,10,133.0,2.08
41770.0,11,188.0,5.081081081081081,7.105011248758779,11,11,47.0,0.33972547508570516,6.110379743359693,7.105011248758779,11,47.0,0.8600000000000001
41775.0,12,244.0,6.594594594594595,6.061407122302022,12,12,244.0,0.25976828512207417,4.778771980237904,6.061407122302022,12,244.0,-1.97
41780.0,11,177.0,4.783783783783784,6.682266493443318,11,11,177.0,0.305393895603315,5.927942380798805,6.682266493443318,11,177.0,0.6699999999999999
41785.0,12,165.0,4.125,6.787410064040055,12,12,122.0,0.31823807084259514,5.8458913557880035,6.787410064040055,12,122.0,0.55
41790.0,10,211.0,5.552631578947368,7.162708421430604,10,10,211.0,0.3667234811353141,6.4779167037906635,7.162708421430604,10,211.0,-0.8899999999999999
41795.0,9,170.0,4.473684210526316,7.0501741746710245,9,9,170.0,0.3461946068726929,6.294210874178354,7.0501741746710245,9,170.0,0.4099999999999999
41800.0,9,144.0,3.5121951219512195,6.196529641169755,9,9,116.0,0.24295998660202608,4.663176103295473,6.196529641169755,9,116.0,0.54
41805.0,9,188.0,4.947368421052632,7.194986542500089,9,9,188.0,0.3324172964338661,6.268183812659134,7.194986542500089,9,188.0,-0.72
41810.0,11,199.0,4.853658536585366,5.953050089113849,11,11,199.0,0.23176999617042998,4.380892964616916,5.953050089113849,11,199.0,-0.1100000000000001
41815.0,12,256.0,6.2439024390243905,6.688995847014071,12,12,243.0,0.2869725946406179,5.3549310982878024,6.688995847014071,12,243.0,-0.44000000000000017
41820.0,12,316.0,7.7073170731707314,7.120968175863785,12,12,316.0,0.3112422039924417,5.697852123075886,7.120968175863785,12,316.0,-0.73
41825.0,15,359.0,8.75609756097561,6.221286271597368,15,15,359.0,0.23317548831260912,4.7661730091595675,6.221286271597368,15,359.0,-0.4299999999999997
41830.0,14,429.0,11.0,6.517786890769179,14,14,408.0,0.24579006909874945,4.861461065377022,6.517786890769179,14,408.0,-0.4900000000000002
41835.0,17,506.0,12.65,5.712778114382209,17,17,506.0,0.20585698505065683,3.9523552436059015,5.712778114382209,17,506.0,-0.9799999999999995
41840.0,14,358.0,8.95,6.520087557168615,14,14,358.0,0.2599070976650669,5.027995857629171,6.520087557168615,14,358.0,1.4799999999999995
41845.0,14,255.0,6.375,6.033323658814649,14,14,170.0,0.256811197728401,4.758759110197565,6.033323658814649,14,170.0,1.8800000000000001
41850.0,11,306.0,8.052631578947368,7.0763193462241665,11,11,306.0,0.33783131822973683,6.214834881456243,7.0763193462241665,11,306.0,-1.36
41855.0,11,223.0,5.868421052631579,6.99333496790199,11,11,223.0,0.33548839067714104,6.088364713144674,6.99333496790199,11,223.0,0.8300000000000001
41860.0,10,107.0,2.675,6.207082615548986,10,10,63.0,0.2613093971075076,4.589378474264349,6.207082615548986,10,63.0,1.6
41865.0,10,157.0,4.131578947368421,7.30498230668878,10,10,157.0,0.35884908700368073,6.134730874115395,7.30498230668878,10,157.0,-0.9400000000000001
41870.0,10,162.0,4.05,5.826371901118863,10,10,162.0,0.2343900217298095,4.1348841907204,5.826371901118863,10,162.0,-0.050000000000000044
41875.0,12,189.0,4.846153846153846,6.462824372250165,12,12,176.0,0.2749691546605455,4.882994022441831,6.462824372250165,12,176.0,-0.1399999999999999
41880.0,11,243.0,6.75,6.784010370943797,11,11,242.0,0.2885280813385741,5.122415337792978,6.784010370943797,11,242.0,-0.6599999999999999
41885.0,14,262.0,6.55,6.101555502851798,14,14,262.0,0.2376093912547678,4.320837945832151,6.101555502851798,14,262.0,-0.20000000000000018
41890.0,11,285.0,7.125,7.170020801639302,11,11,272.0,0.31532734222472,5.624511924958095,7.170020801639302,11,272.0,-0.10000000000000009
41895.0,12,343.0,8.166666666666666,6.7785663872663315,12,12,343.0,0.28505209645435775,5.015323811338919,6.7785663872663315,12,343.0,-0.71
41900.0,13,408.0,9.951219512195122,7.432938904529473,13,13,408.0,0.33380158975120866,5.884953920808896,7.432938904529473,13,408.0,-0.6499999999999999
41905.0,15,407.0,9.926829268292684,6.7577576230018215,15,15,407.0,0.2791238606551502,4.9946628746467265,6.7577576230018215,15,407.0,0.009999999999999787
41910.0,11,419.0,10.475,7.201496598960861,11,11,417.0,0.2937246825351908,5.547773991257893,7.201496598960861,11,417.0,-0.09999999999999964
41915.0,10,467.0,11.675,7.692769658387998,10,10,466.0,0.34255789185794777,6.222676391685962,7.692769658387998,10,466.0,-0.4900000000000002
41920.0,11,271.0,6.775,6.155439526525462,11,11,271.0,0.250659610034158,4.470004492731442,6.155439526525462,11,271.0,1.9500000000000002
41925.0,8,124.0,3.263157894736842,7.192520799470018,8,8,33.0,0.3372720271401676,5.954834695557178,7.192520799470018,8,33.0,2.38
41930.0,7,150.0,3.8461538461538463,7.003720361573738,7,7,150.0,0.3115250084179247,5.309823217629548,7.003720361573738,7,150.0,-1.17
41935.0,9,153.0,3.923076923076923,6.992289414172801,9,9,153.0,0.3057062755770286,5.428809644797756,6.992289414172801,9,153.0,-0.030000000000000027
41940.0,10,197.0,5.051282051282051,7.612428236681162,10,10,185.0,0.33522877922359234,6.016362194662995,7.612428236681162,10,185.0,-0.32000000000000006
41945.0,11,251.0,5.976190476190476,7.2568186004788515,11,11,251.0,0.2961043657890649,5.3723841255015365,7.2568186004788515,11,251.0,-0.6599999999999997
41950.0,9,260.0,6.666666666666667,7.565695006560938,9,9,260.0,0.3277216444727523,6.2098012851446525,7.565695006560938,9,260.0,-0.0900000000000003
41955.0,8,258.0,6.45,7.136138544799103,8,8,245.0,0.2997066217839253,5.374198564568762,7.136138544799103,8,245.0,0.1499999999999999
41960.0,8,298.0,7.842105263157895,8.447635837305333,8,8,298.0,0.4181106001451388,7.355980494421586,8.447635837305333,8,298.0,-0.5299999999999998
41965.0,11,205.0,5.125,7.470884971661451,10,11,204.0,0.3316068577331054,6.273208151062233,7.470884971661451,10,204.0,0.94
41970.0,9,202.0,5.05,7.623368501803863,9,9,148.0,0.3161881063305161,6.098486401952099,7.623368501803863,9,148.0,0.56
41975.0,7,234.0,6.157894736842105,8.267876150441086,7,7,234.0,0.3754943924991964,7.033052916487279,8.267876150441086,7,234.0,-0.8599999999999999
41980.0,11,244.0,6.1,6.568626512291958,11,11,244.0,0.24672895155416147,4.641402049021643,6.568626512291958,11,244.0,-0.10000000000000009
41985.0,11,299.0,8.305555555555555,7.0367465464511625,11,11,278.0,0.2978241464177988,5.778261233068094,7.0367465464511625,11,278.0,-0.33999999999999986
41990.0,12,355.0,9.342105263157896,6.474253064651602,12,12,355.0,0.24872412105159905,4.816054602349117,6.474253064651602,12,355.0,-0.77
41995.0,10,328.0,9.11111111111111,6.821298206715039,10,10,328.0,0.30016555606932255,5.903396041260981,6.821298206715039,10,328.0,0.27
42000.0,8,344.0,9.82857142857143,7.112716132185012,8,8,316.0,0.3212704689658418,5.812379768817148,7.112716132185012,8,316.0,0.11999999999999966
42005.0,10,392.0,10.051282051282051,7.291844255256837,10,10,392.0,0.32657322936755206,5.788631381447204,7.291844255256837,10,392.0,-0.7599999999999998
42010.0,9,347.0,9.131578947368421,7.657535611827757,8,9,346.0,0.3589349767315057,6.686521766967851,7.657535611827757,8,346.0,0.45999999999999996
42015.0,9,316.0,7.9,6.619597733850401,9,9,287.0,0.25900632361824366,4.7954282724232575,6.619597733850401,9,287.0,0.5899999999999999
42020.0,7,348.0,9.157894736842104,8.060538356425845,7,7,348.0,0.38284107848351917,6.938490371224254,8.060538356425845,7,348.0,-0.6099999999999999
42025.0,10,383.0,10.078947368421053,7.161447395337446,10,10,383.0,0.343522218723845,6.125301456553006,7.161447395337446,10,383.0,-0.3500000000000001
42030.0,8,95.0,2.5,7.295908850654373,8,8,95.0,0.33305991967105686,6.193869762177056,7.295908850654373,8,95.0,2.88
42035.0,8,135.0,3.857142857142857,8.113443896941432,8,8,-31.0,0.408879120415722,7.520859692218015,8.113443896941432,8,-31.0,1.26
42040.0,10,179.0,4.837837837837838,7.134394929923345,10,10,179.0,0.3111109193143476,5.7044251940134965,7.134394929923345,10,179.0,-2.1
42045.0,8,140.0,3.888888888888889,7.850541982749129,8,8,140.0,0.35651991099524544,6.83489511094447,7.850541982749129,8,140.0,0.3900000000000001
42050.0,8,169.0,4.447368421052632,7.101286243751538,8,8,131.0,0.2885663777944357,5.333095957907773,7.101286243751538,8,131.0,0.08999999999999986
42055.0,9,213.0,5.605263157894737,7.973911365384807,9,9,213.0,0.37340920438009484,6.682098864639453,7.973911365384807,9,213.0,-0.8199999999999998
42060.0,6,172.0,4.526315789473684,7.8398511791138965,6,6,172.0,0.36086191441601717,6.438943633859357,7.8398511791138965,6,172.0,0.4099999999999999
42065.0,7,194.0,4.85,7.619362913801652,7,7,166.0,0.3291625907894973,5.877684201342176,7.619362913801652,7,166.0,0.06000000000000005
42070.0,7,229.0,6.1891891891891895,8.722268941724057,7,7,229.0,0.4219520874596962,7.4347793948840275,8.722268941724057,7,229.0,-0.6300000000000001
42075.0,5,88.0,2.3157894736842106,8.104953591733462,5,5,88.0,0.3475099114635519,6.589935610412614,8.104953591733462,5,88.0,1.4100000000000001
42080.0,3,25.0,0.6944444444444444,9.211242937794633,3,3,-38.0,0.42674815130287014,8.222500129945278,9.211242937794633,3,-38.0,1.26
42085.0,5,40.0,1.0810810810810811,9.310113024332617,5,5,40.0,0.4562614259504515,8.476767127070017,9.310113024332617,5,40.0,-0.78
42090.0,5,23.0,0.6764705882352942,8.811607635317491,5,5,23.0,0.416113448502548,8.097762298561152,8.811607635317491,5,23.0,0.17
42095.0,5,48.0,1.4545454545454546,9.042112742700388,5,5,26.0,0.42336621454192835,8.111849906129404,9.042112742700388,5,26.0,-0.03
42100.0,8,80.0,2.2857142857142856,7.862179887564329,8,8,80.0,0.33805524291107164,5.988552621616095,7.862179887564329,8,80.0,-0.54
42105.0,5,69.0,2.0294117647058822,8.623656765391907,5,5,69.0,0.40140106420696453,7.595222335591128,8.623656765391907,5,69.0,0.1100000000000001
42110.0,4,81.0,2.3823529411764706,7.999200737917734,4,4,68.0,0.348944083291557,6.558348882779383,7.999200737917734,4,68.0,0.009999999999999898
42115.0,6,110.0,3.3333333333333335,8.799836946696482,6,6,110.0,0.4265163192064274,7.96937161972677,8.799836946696482,6,110.0,-0.42000000000000004
42120.0,4,42.0,1.2727272727272727,8.885190787012752,3,4,41.0,0.4504045538308687,8.734408950414238,8.885190787012752,3,41.0,0.6900000000000002
42125.0,5,48.0,1.411764705882353,7.663733248859499,5,5,10.0,0.3160984407834791,5.958988879612131,7.663733248859499,5,10.0,0.30999999999999994
42130.0,4,67.0,2.09375,9.153993723263905,4,4,67.0,0.4551279820174307,8.539766039590575,9.153993723263905,4,67.0,-0.5700000000000001
42135.0,5,81.0,2.4545454545454546,7.470044067004619,5,5,81.0,0.3299538205436335,6.383548685385181,7.470044067004619,5,81.0,-0.14
42140.0,7,116.0,3.515151515151515,8.76844728037873,7,7,108.0,0.4201946199858276,8.018004556027401,8.76844728037873,7,108.0,-0.27
42145.0,8,151.0,4.4411764705882355,8.080527130293707,8,8,151.0,0.37441695250799334,6.7282546858348695,8.080527130293707,8,151.0,-0.42999999999999994
42150.0,6,144.0,4.363636363636363,7.9260915830051735,6,6,144.0,0.37299179257830206,7.094439583898441,7.9260915830051735,6,144.0,0.07000000000000006
42155.0,5,164.0,5.125,9.178606734759594,5,5,150.0,0.47142629778660783,8.942206449601043,9.178606734759594,5,150.0,-0.06000000000000005
42160.0,7,191.0,5.787878787878788,7.816439707144296,7,7,191.0,0.328544103621619,6.343717042415717,7.816439707144296,7,191.0,-0.4099999999999999
42165.0,8,231.0,7.7,8.142714498387555,8,8,231.0,0.35454208822354305,7.220483775962214,8.142714498387555,8,231.0,-0.40000000000000013
42170.0,6,131.0,4.09375,6.907511733998411,6,6,131.0,0.24855919393321962,5.095911895104822,6.907511733998411,6,131.0,1.0
42175.0,5,118.0,3.806451612903226,8.379270674832986,5,5,64.0,0.3786290619196573,7.418985730610278,8.379270674832986,5,64.0,0.67
42180.0,5,143.0,4.612903225806452,8.889892873751698,5,5,143.0,0.43114904589387115,8.137474307332468,8.889892873751698,5,143.0,-0.7899999999999999
42185.0,7,66.0,1.8857142857142857,7.646886428260165,7,7,66.0,0.33685404196863805,6.27918223216467,7.646886428260165,7,66.0,0.7699999999999999
42190.0,7,101.0,3.15625,8.478930156199894,7,7,19.0,0.3874167728492542,7.611987212237635,8.478930156199894,7,19.0,0.47000000000000003
42195.0,9,139.0,4.088235294117647,7.490374537454339,9,9,139.0,0.3048499682679442,5.855277140612488,7.490374537454339,9,139.0,-1.2
42200.0,7,100.0,3.125,8.118275889092153,7,7,100.0,0.3780533106741257,7.253044553733576,8.118275889092153,7,100.0,0.3899999999999999
42205.0,9,126.0,3.6,7.564506129086929,9,9,90.0,0.33516520335147676,6.2047554348633955,7.564506129086929,9,90.0,0.09999999999999998
42210.0,8,165.0,5.0,8.393300162497871,8,8,165.0,0.4125948842874908,7.366136405110495,8.393300162497871,8,165.0,-0.7499999999999999
42215.0,5,105.0,3.5,8.4832046722327,5,5,105.0,0.4440224184270158,7.923052023496427,8.4832046722327,5,105.0,0.5999999999999999
42220.0,8,122.0,3.696969696969697,6.904290300012857,8,8,82.0,0.2909753250956853,5.065175636294277,6.904290300012857,8,82.0,0.2300000000000001
42225.0,7,156.0,4.7272727272727275,8.245575129631721,7,7,156.0,0.3961823385055018,6.935181535945316,8.245575129631721,7,156.0,-0.7400000000000001
42230.0,6,67.0,1.9705882352941178,7.01378983295615,6,6,67.0,0.3030705671717035,5.375403827292868,7.01378983295615,6,67.0,0.89
42235.0,6,57.0,1.78125,7.3399125528127405,6,6,14.0,0.3323824790573945,5.990472514478261,7.3399125528127405,6,14.0,0.53
42240.0,6,87.0,2.806451612903226,8.153777256079717,6,6,87.0,0.40574762036639433,7.2173578585608835,8.153777256079717,6,87.0,-0.73
42245.0,9,95.0,2.7941176470588234,6.950638493034653,9,9,95.0,0.2963516064663108,5.4140478211721,6.950638493034653,9,95.0,-0.07999999999999996
42250.0,10,145.0,4.393939393939394,7.706019186808217,10,10,123.0,0.339605188327831,6.323580203981954,7.706019186808217,10,123.0,-0.28
42255.0,13,199.0,5.527777777777778,6.704569353277637,13,13,177.0,0.24441648510403824,4.692722356904907,6.704569353277637,13,177.0,-0.54
42260.0,10,178.0,5.393939393939394,7.543282454422404,10,10,178.0,0.33381365672573443,6.352270284418041,7.543282454422404,10,178.0,-0.010000000000000009
42265.0,12,218.0,6.411764705882353,7.190307805440507,12,12,182.0,0.31678047212247346,5.717318156259861,7.190307805440507,12,182.0,-0.040000000000000036
42270.0,11,271.0,7.970588235294118,7.664418261761906,11,11,271.0,0.35761380642681506,6.358119371010679,7.664418261761906,11,271.0,-0.8899999999999999
42275.0,8,186.0,5.8125,7.767246808672347,8,8,186.0,0.38025381654238566,6.855576282132796,7.767246808672347,8,186.0,0.8499999999999999
42280.0,9,154.0,4.529411764705882,6.2681334254315235,9,9,110.0,0.25283144806945296,4.608841160518123,6.2681334254315235,9,110.0,0.76
42285.0,8,193.0,5.676470588235294,7.712649125589386,8,8,193.0,0.3594118264333386,6.454697576905307,7.712649125589386,8,193.0,-0.8299999999999998
42290.0,7,98.0,2.7222222222222223,6.572143472970605,7,7,98.0,0.27791778282032414,4.995083095803853,6.572143472970605,7,98.0,0.95
42295.0,7,59.0,1.7352941176470589,7.114101991159849,7,7,17.0,0.3166269400273027,5.825630956110179,7.114101991159849,7,17.0,0.8099999999999999
42300.0,7,94.0,2.9375,7.6494268671019245,7,7,52.0,0.37446618262845793,6.772836730788248,7.6494268671019245,7,52.0,-0.35
42305.0,8,90.0,2.5,6.636945784398548,8,8,48.0,0.29264636132965594,5.511010780346297,6.636945784398548,8,48.0,0.040000000000000036
42310.0,7,107.0,2.9722222222222223,7.604046483204294,7,7,95.0,0.36585172212321115,6.8233938370737945,7.604046483204294,7,95.0,-0.47
42315.0,9,146.0,3.7435897435897436,7.392684406227067,9,9,146.0,0.3229715147071614,5.871310776994669,7.392684406227067,9,146.0,-0.51
42320.0,8,147.0,3.972972972972973,7.979366885920115,7,8,146.0,0.37777783023369993,7.122554529329467,7.979366885920115,7,146.0,0.0
42325.0,8,169.0,4.333333333333333,7.807161478701897,8,8,157.0,0.31911550026418467,6.097704346180357,7.807161478701897,8,157.0,-0.1100000000000001
42330.0,8,205.0,5.694444444444445,7.97847831581335,8,8,205.0,0.3592552508026534,6.799585831717523,7.97847831581335,8,205.0,-0.47999999999999976
42335.0,7,120.0,3.3333333333333335,7.91265590445014,7,7,120.0,0.3714825892943973,7.04592813197778,7.91265590445014,7,120.0,0.8499999999999999
42340.0,8,120.0,3.1578947368421053,7.239382868198004,8,8,69.0,0.30271857826509563,5.679871150629524,7.239382868198004,8,69.0,0.51
42345.0,8,160.0,4.324324324324325,8.352837070338357,8,8,160.0,0.40008570514648867,7.3448456419970665,8.352837070338357,8,160.0,-0.9100000000000001
42350.0,8,155.0,3.875,6.886200742043947,8,8,155.0,0.27630382577671075,4.895235145069898,6.886200742043947,8,155.0,0.050000000000000044
42355.0,8,194.0,5.105263157894737,7.904264958227033,8,8,180.0,0.34619525611239776,6.374718237250453,7.904264958227033,8,180.0,-0.25
42360.0,8,234.0,6.685714285714286,8.459150504882672,8,8,234.0,0.4013051926613628,7.307906458089517,8.459150504882672,8,234.0,-0.5399999999999998
42365.0,10,279.0,7.54054054054054,7.477617638353153,10,10,279.0,0.28651702428999243,5.541760641114634,7.477617638353153,10,279.0,-0.4500000000000002
42370.0,7,202.0,5.9411764705882355,8.194353147140882,7,7,202.0,0.37612551279446044,7.075087804743677,8.194353147140882,7,202.0,0.77
42375.0,6,200.0,5.555555555555555,7.6565931124041775,6,6,152.0,0.314035361675221,6.005560387891332,7.6565931124041775,6,152.0,0.5
42380.0,7,235.0,6.714285714285714,8.85087598314061,7,7,235.0,0.41670414817764356,7.8811339095581285,8.85087598314061,7,235.0,-0.8300000000000001
42385.0,9,263.0,7.108108108108108,8.074598714444372,9,9,263.0,0.3442640933338838,6.734477170976916,8.074598714444372,9,263.0,-0.2799999999999998
42390.0,9,305.0,8.472222222222221,8.298393346203778,9,9,300.0,0.34503901037513973,6.867438976216286,8.298393346203778,9,300.0,-0.3700000000000001
42395.0,9,350.0,10.294117647058824,8.720605281203028,9,9,350.0,0.37991802871516317,7.377378371692437,8.720605281203028,9,350.0,-0.5
42400.0,9,262.0,7.485714285714286,7.245146731009068,9,9,262.0,0.2887633132249409,5.4947919459767895,7.245146731009068,9,262.0,0.8799999999999999
42405.0,6,246.0,7.6875,8.361961282753285,6,6,198.0,0.380530001273945,7.330315528002612,8.361961282753285,6,198.0,0.6400000000000001
42410.0,7,276.0,8.363636363636363,7.279304261375493,7,7,276.0,0.31635270992942677,5.806961748656391,7.279304261375493,7,276.0,-0.7799999999999998
42415.0,7,244.0,7.393939393939394,7.773389832935555,7,7,244.0,0.35054373782696613,6.55386905439772,7.773389832935555,7,244.0,0.31999999999999984
42420.0,6,269.0,8.151515151515152,8.293046352478205,6,6,241.0,0.3685758760072844,6.9132492116313,8.293046352478205,6,241.0,0.029999999999999805
42425.0,8,302.0,8.628571428571428,7.465283160111422,8,8,302.0,0.3109305136822157,5.728383521284452,7.465283160111422,8,302.0,-0.6099999999999999
42430.0,8,342.0,10.058823529411764,8.517105942588577,8,8,342.0,0.40239507379628686,7.340242421992423,8.517105942588577,8,342.0,-0.3999999999999999
42435.0,7,95.0,2.7142857142857144,7.127834162980598,7,7,95.0,0.29975896644346295,5.59809558457416,7.127834162980598,7,95.0,2.4699999999999998
42440.0,8,135.0,3.9705882352941178,8.275966865555485,8,8,-17.0,0.3896755154226369,7.327618632410474,8.275966865555485,8,-17.0,1.1199999999999999
42445.0,10,175.0,5.147058823529412,7.718509125156803,10,10,175.0,0.3471951512687621,6.431012353322607,7.718509125156803,10,175.0,-1.92
42450.0,8,124.0,3.6470588235294117,7.810697731379077,8,8,124.0,0.33813851739269907,6.581394764369439,7.810697731379077,8,124.0,0.51
42455.0,6,134.0,4.0606060606060606,8.758389893941786,6,6,101.0,0.41352619168183863,7.862114612421391,8.758389893941786,6,101.0,0.22999999999999998
42460.0,9,169.0,4.828571428571428,7.421899026188814,9,9,169.0,0.3213885025873757,5.8484367089147336,7.421899026188814,9,169.0,-0.6799999999999999
42465.0,7,90.0,2.8125,7.768268627513994,7,7,90.0,0.36793194447301525,6.792891376322684,7.768268627513994,7,90.0,0.7899999999999999
42470.0,6,90.0,2.5714285714285716,7.543410800868055,6,6,40.0,0.3313298442622645,5.995411797239761,7.543410800868055,6,40.0,0.5
42475.0,7,122.0,3.588235294117647,8.561937036249187,7,7,122.0,0.4043694676815705,7.284773121631967,8.561937036249187,7,122.0,-0.82
42480.0,5,60.0,1.7647058823529411,8.72572556203315,5,5,60.0,0.4125247191299682,7.6433887302168095,8.72572556203315,5,60.0,0.62
42485.0,6,73.0,2.085714285714286,7.974101010246552,6,6,33.0,0.33467454624241,6.365700216890884,7.974101010246552,6,33.0,0.26999999999999996
42490.0,6,103.0,3.121212121212121,9.012289308042371,6,6,103.0,0.4232558624833378,7.995094670055238,9.012289308042371,6,103.0,-0.7
42495.0,6,99.0,2.75,8.061504020650732,6,6,99.0,0.32438753041647284,6.553671242198186,8.061504020650732,6,99.0,0.040000000000000036
42500.0,8,138.0,4.181818181818182,8.821726548518823,8,8,107.0,0.37262499207691846,7.650658494763773,8.821726548518823,8,107.0,-0.08000000000000007
42505.0,11,178.0,5.085714285714285,7.545057339021517,11,11,178.0,0.28064495367753817,5.723730933935968,7.545057339021517,11,178.0,-0.71
42510.0,8,119.0,3.5,8.211744057147119,8,8,119.0,0.3425079796168885,7.043899003769013,8.211744057147119,8,119.0,0.5900000000000001
42515.0,6,127.0,4.096774193548387,8.195033160792354,6,6,84.0,0.3775959700572763,7.216176655718708,8.195033160792354,6,84.0,0.35
42520.0,9,165.0,4.852941176470588,7.368757174722628,9,9,165.0,0.3316499915857442,5.915227341209163,7.368757174722628,9,165.0,-0.8099999999999999
42525.0,7,156.0,4.588235294117647,7.910225920517142,7,7,156.0,0.368288947658748,6.777583238682996,7.910225920517142,7,156.0,0.08999999999999986
42530.0,8,193.0,5.676470588235294,6.9891626628175585,8,8,168.0,0.2892394157114412,5.192938401810447,6.9891626628175585,8,168.0,-0.11999999999999988
42535.0,9,237.0,7.181818181818182,7.544501091144502,9,9,237.0,0.34221344954813104,6.123999831209669,7.544501091144502,9,237.0,-0.6900000000000002
42540.0,7,122.0,3.935483870967742,7.3958019757383315,7,7,122.0,0.3601534870223642,6.212455503062282,7.3958019757383315,7,122.0,1.1500000000000001
42545.0,6,75.0,2.4193548387096775,5.931341149899984,6,6,17.0,0.28025254028868946,5.023634355355219,5.931341149899984,6,17.0,1.05
42550.0,6,105.0,3.3870967741935485,7.539045295668855,6,6,105.0,0.38941120416972486,6.908729994950791,7.539045295668855,6,105.0,-0.88
42555.0,7,101.0,2.9705882352941178,6.732711729976573,7,7,101.0,0.3153941831191925,5.650528243585099,6.732711729976573,7,101.0,0.040000000000000036
42560.0,11,154.0,4.529411764705882,7.210653557388847,11,11,122.0,0.326867334019739,6.077889433232302,7.210653557388847,11,122.0,-0.20999999999999996
42565.0,14,209.0,5.648648648648648,6.811299500857901,14,14,177.0,0.2838101258844189,5.378536900849306,6.811299500857901,14,177.0,-0.55
42570.0,11,161.0,4.472222222222222,6.978958082725101,11,11,161.0,0.30562034708576014,5.832161519539615,6.978958082725101,11,161.0,0.15999999999999992
42575.0,9,190.0,5.277777777777778,7.67433610394303,9,9,147.0,0.3508253119773248,6.575160927867152,7.67433610394303,9,147.0,0.14000000000000012
42580.0,11,241.0,6.694444444444445,6.922752444618853,11,11,241.0,0.3086129807546122,5.5544090939329145,6.922752444618853,11,241.0,-0.9400000000000002
42585.0,12,300.0,8.571428571428571,7.176639840733462,12,12,300.0,0.3192879239564843,5.909355373546072,7.176639840733462,12,300.0,-0.5899999999999999
42590.0,11,227.0,6.485714285714286,5.794688035180393,11,11,227.0,0.22064918357471072,4.134697521733427,5.794688035180393,11,227.0,0.73
42595.0,9,235.0,6.714285714285714,7.247074718022185,9,9,186.0,0.3336848529282405,5.971891127561549,7.247074718022185,9,186.0,0.4099999999999999
42600.0,9,280.0,8.235294117647058,7.518409536142495,9,9,280.0,0.36716044001501896,6.210138893358886,7.518409536142495,9,280.0,-0.9399999999999997
42605.0,11,332.0,8.972972972972974,6.756636269265551,11,11,332.0,0.3144300040294039,5.270856059648323,6.756636269265551,11,332.0,-0.52
42610.0,9,220.0,6.111111111111111,7.355059554885397,9,9,220.0,0.3558506036133744,6.246290778042714,7.355059554885397,9,220.0,1.1199999999999997
42615.0,6,76.0,2.054054054054054,6.719382714160437,6,6,24.0,0.2846396856615669,5.186804898619145,6.719382714160437,6,24.0,1.9600000000000002
42620.0,5,96.0,2.5945945945945947,8.111457972582988,5,5,96.0,0.4114927435630754,7.408875965657259,8.111457972582988,5,96.0,-0.72
42625.0,11,122.0,3.128205128205128,6.967373996701938,11,11,122.0,0.32798942820199173,5.924219536079829,6.967373996701938,11,122.0,-0.26
42630.0,10,170.0,4.473684210526316,7.437653062492799,10,10,165.0,0.3565445923655642,6.3170081802207685,7.437653062492799,10,165.0,-0.42999999999999994
42635.0,11,224.0,6.054054054054054,7.580903122555223,11,11,224.0,0.3551549739589246,6.249969657602428,7.580903122555223,11,224.0,-0.5900000000000003
42640.0,11,232.0,6.27027027027027,6.67383548497607,10,11,231.0,0.2694764518535544,4.805936783861839,6.67383548497607,10,231.0,-0.06999999999999984
42645.0,9,221.0,5.972972972972973,7.317844823055455,9,9,207.0,0.3034444841964162,5.461273948892366,7.317844823055455,9,207.0,0.2400000000000002
42650.0,7,253.0,6.487179487179487,7.092870246589412,7,7,253.0,0.28987360132720846,5.187220995584848,7.092870246589412,7,253.0,-0.45999999999999996
42655.0,10,148.0,4.0,6.99970362297303,10,10,148.0,0.2878764403881279,5.263746144326933,6.99970362297303,10,148.0,1.0499999999999998
42660.0,8,143.0,4.205882352941177,7.461134204081525,8,8,83.0,0.32719069007249885,5.833733781028449,7.461134204081525,8,83.0,0.65
42665.0,10,189.0,5.108108108108108,7.339219351721593,10,10,189.0,0.3316004924607304,5.647325597617044,7.339219351721593,10,189.0,-1.06
42670.0,10,239.0,6.828571428571428,7.786177646653598,10,10,239.0,0.3919726183077145,6.744265614691121,7.786177646653598,10,239.0,-0.5000000000000002
42675.0,7,220.0,5.945945945945946,6.791791025700897,7,7,220.0,0.2966275555477979,5.405771183066676,6.791791025700897,7,220.0,0.18999999999999995
42680.0,6,195.0,5.27027027027027,8.027484619746838,6,6,176.0,0.39616328768905545,7.095475011733817,8.027484619746838,6,176.0,0.44000000000000017
42685.0,9,225.0,5.921052631578948,7.691074145323081,9,9,225.0,0.3765016722998625,6.592820316465192,7.691074145323081,9,225.0,-0.49
42690.0,8,187.0,5.194444444444445,7.373860739181258,8,8,187.0,0.34629269933905876,6.318115585078114,7.373860739181258,8,187.0,0.3799999999999999
42695.0,7,217.0,6.027777777777778,8.520891502563279,7,7,183.0,0.4297193344140681,7.781356874510839,8.520891502563279,7,183.0,0.040000000000000036
42700.0,9,256.0,6.7368421052631575,7.535110398765288,9,9,256.0,0.31647246242445365,5.706077376635121,7.535110398765288,9,256.0,-0.73
42705.0,8,256.0,6.918918918918919,7.905429800444724,7,8,255.0,0.3687295853962364,6.990620374622186,7.905429800444724,7,255.0,0.010000000000000231
42710.0,8,280.0,7.368421052631579,6.907855337024653,8,8,267.0,0.26609948063364713,4.935518007921534,6.907855337024653,8,267.0,-0.1200000000000001
42715.0,8,317.0,8.567567567567568,7.803495730010402,8,8,317.0,0.3499933926285476,6.41698769958015,7.803495730010402,8,317.0,-0.5
42720.0,7,265.0,7.361111111111111,7.526687471137821,7,7,265.0,0.34290922263470924,6.349787824223317,7.526687471137821,7,265.0,0.52
42725.0,8,289.0,7.225,7.343643480400653,8,8,249.0,0.3157465376460235,5.7560396990071245,7.343643480400653,8,249.0,0.1599999999999997
42730.0,8,329.0,8.435897435897436,8.45046178731975,8,8,329.0,0.41960649972113806,7.552993970388423,8.45046178731975,8,329.0,-0.7999999999999998
42735.0,10,370.0,9.487179487179487,7.367983723801927,10,10,370.0,0.316679897585003,5.870719818116196,7.367983723801927,10,370.0,-0.41000000000000014
42740.0,7,120.0,3.4285714285714284,8.0404961219599,7,7,120.0,0.3675147639955192,7.098571843352374,8.0404961219599,7,120.0,2.5
42745.0,10,155.0,4.1891891891891895,7.560452898092182,10,10,1.0,0.31743535087700964,6.022573299002175,7.560452898092182,10,1.0,1.19
42750.0,10,202.0,5.771428571428571,7.9947850804281435,10,10,202.0,0.35200738921902597,6.63119921807525,7.9947850804281435,10,202.0,-2.0100000000000002
42755.0,10,252.0,7.636363636363637,7.780187767717984,10,10,252.0,0.3268458114382249,6.332190371227908,7.780187767717984,10,252.0,-0.5
42760.0,10,186.0,5.166666666666667,6.841328405689269,10,10,186.0,0.2591698015011248,5.040896466822946,6.841328405689269,10,186.0,0.6599999999999999
42765.0,8,184.0,5.257142857142857,7.793998342774448,8,8,145.0,0.3510996755880739,6.562192169129116,7.793998342774448,8,145.0,0.41000000000000014
42770.0,10,226.0,6.457142857142857,6.8818414454629835,10,10,226.0,0.31473327586639754,5.581507738418456,6.8818414454629835,10,226.0,-0.8099999999999998
42775.0,9,122.0,3.4857142857142858,6.99690204895062,9,9,122.0,0.322267241195932,5.7411139040761805,6.99690204895062,9,122.0,1.0399999999999998
42780.0,6,98.0,2.8823529411764706,8.043431712363578,6,6,40.0,0.37972036486413846,7.048917829319625,8.043431712363578,6,40.0,0.82
42785.0,8,133.0,3.8,7.528041401581631,8,8,133.0,0.3414293747971262,6.320630225711075,7.528041401581631,8,133.0,-0.93
42790.0,9,148.0,4.484848484848484,7.609974386566809,9,9,148.0,0.3495493225007712,6.691129160163598,7.609974386566809,9,148.0,-0.1499999999999999
42795.0,12,198.0,5.5,6.62894026316045,12,12,173.0,0.2576364029412711,4.761262229159681,6.62894026316045,12,173.0,-0.25
42800.0,12,258.0,7.371428571428571,7.388425419676948,12,12,258.0,0.3165239069605463,5.943001359594462,7.388425419676948,12,258.0,-0.8500000000000001
42805.0,11,272.0,7.555555555555555,7.030771362704183,11,11,272.0,0.28469002998989507,5.554261886047318,7.030771362704183,11,272.0,-0.14000000000000012
42810.0,11,325.0,9.027777777777779,7.385316191853099,11,11,312.0,0.32499560607547107,6.205368814414325,7.385316191853099,11,312.0,-0.3999999999999999
42815.0,11,380.0,10.857142857142858,7.7472038116211985,11,11,380.0,0.371216918003807,6.788275034860724,7.7472038116211985,11,380.0,-0.6799999999999997
42820.0,11,310.0,8.378378378378379,6.096443200935454,11,11,310.0,0.24402103597621103,4.521310450971856,6.096443200935454,11,310.0,0.6999999999999997
42825.0,8,308.0,8.555555555555555,7.484924495048767,8,8,265.0,0.3458951440915251,6.475555308165172,7.484924495048767,8,265.0,0.4500000000000002
42830.0,9,349.0,9.432432432432432,6.856960653964293,9,9,349.0,0.30148013204541674,5.532794142279261,6.856960653964293,9,349.0,-0.8400000000000003
42835.0,10,182.0,5.055555555555555,6.911385228286697,10,10,182.0,0.2948856646129446,5.572554323616853,6.911385228286697,10,182.0,1.6700000000000002
42840.0,5,57.0,1.7272727272727273,7.533419397829056,5,5,-27.0,0.3225477211726343,6.031698578211861,7.533419397829056,5,-27.0,2.09
42845.0,6,86.0,2.388888888888889,7.805614275827621,6,6,86.0,0.3549503784358794,6.534203002542436,7.805614275827621,6,86.0,-1.13
42850.0,7,69.0,1.9166666666666667,7.851386830109994,7,7,69.0,0.3495411629489274,6.62815252333566,7.851386830109994,7,69.0,0.17000000000000004
42855.0,9,99.0,2.675675675675676,7.328015222234379,9,9,84.0,0.30511651118775024,5.682307067063154,7.328015222234379,9,84.0,-0.15000000000000002
42860.0,9,144.0,3.891891891891892,8.54798055206696,9,9,144.0,0.4107837819505748,7.339778139962652,8.54798055206696,9,144.0,-0.6
42865.0,9,138.0,3.45,7.637615668774247,9,9,138.0,0.3302858471928016,5.895189659909903,7.637615668774247,9,138.0,0.06000000000000005
42870.0,6,140.0,3.6842105263157894,8.250823505774155,6,6,127.0,0.3961406758490653,6.989878827306477,8.250823505774155,6,127.0,0.10999999999999988
42875.0,6,170.0,4.722222222222222,9.4441626307651,6,6,170.0,0.49329315987892175,8.610308172391584,9.4441626307651,6,170.0,-0.42999999999999994
42880.0,8,99.0,2.675675675675676,7.174281970690045,7,8,98.0,0.2930535634573478,5.2719452012526755,7.174281970690045,7,98.0,0.72
42885.0,7,113.0,3.2285714285714286,8.039386125554842,7,7,69.0,0.3451753182506674,6.331241476866316,8.039386125554842,7,69.0,0.29000000000000004
42890.0,6,141.0,3.810810810810811,7.9690105983767525,6,6,141.0,0.3420325157296573,6.256833115248302,7.9690105983767525,6,141.0,-0.72
42895.0,9,94.0,2.6857142857142855,7.670349609600727,9,9,94.0,0.3330802954060135,6.2948711238628245,7.670349609600727,9,94.0,0.47
42900.0,9,139.0,4.212121212121212,7.633592908328282,9,9,68.0,0.3241755566421193,5.90740420373738,7.633592908328282,9,68.0,0.2599999999999999
42905.0,12,194.0,5.243243243243243,7.060261168963549,12,12,194.0,0.2865448564932656,5.114109418494598,7.060261168963549,12,194.0,-1.2599999999999998
42910.0,9,172.0,4.914285714285715,7.722268310023087,9,9,172.0,0.34231087396330795,6.338331542296719,7.722268310023087,9,172.0,0.21999999999999997
42915.0,10,206.0,5.722222222222222,6.8071152930129895,10,10,178.0,0.2893833983677853,5.200766403612108,6.8071152930129895,10,178.0,-0.06000000000000005
42920.0,10,256.0,7.529411764705882,7.815762737670923,10,10,256.0,0.38602781277538334,6.817321464638729,7.815762737670923,10,256.0,-0.78
42925.0,11,208.0,5.942857142857143,6.5771936213849225,10,11,207.0,0.30216898123218505,5.554520165004662,6.5771936213849225,10,207.0,0.4900000000000002
42930.0,9,207.0,6.2727272727272725,6.934479573698992,9,9,178.0,0.3119237957550465,5.8416693748828585,6.934479573698992,9,178.0,0.2899999999999998
42935.0,7,239.0,7.242424242424242,7.972083156380567,7,7,239.0,0.38913631992261716,7.003202149142125,7.972083156380567,7,239.0,-0.6100000000000001
42940.0,9,105.0,2.9166666666666665,6.603501987462076,9,9,105.0,0.28347363793725217,5.249597610314192,6.603501987462076,9,105.0,1.34
42945.0,7,56.0,1.6,7.276391939130904,7,7,-13.0,0.32567504472575926,6.185688342232467,7.276391939130904,7,-13.0,1.1800000000000002
42950.0,9,93.0,2.5833333333333335,6.129365120162544,9,9,93.0,0.2523022446661181,4.497821515059012,6.129365120162544,9,93.0,-1.06
42955.0,9,90.0,2.6470588235294117,6.587570628973922,9,9,90.0,0.29993246759580605,5.451573512625738,6.587570628973922,9,90.0,0.030000000000000027
42960.0,8,108.0,3.176470588235294,7.581295929930944,8,8,94.0,0.3481235954648941,6.459522858915747,7.581295929930944,8,94.0,-0.039999999999999925
42965.0,10,154.0,4.162162162162162,7.325351346238796,10,10,154.0,0.32440957471032855,6.080560112639741,7.325351346238796,10,154.0,-0.6000000000000001
42970.0,8,156.0,4.333333333333333,7.562963193469685,8,8,156.0,0.3218328925230434,6.423090549741534,7.562963193469685,8,156.0,-0.020000000000000018
42975.0,8,167.0,4.282051282051282,7.164861821975937,8,8,154.0,0.27235167593529946,5.4123930296661715,7.164861821975937,8,154.0,0.020000000000000018
42980.0,8,207.0,5.594594594594595,8.52058370835527,8,8,207.0,0.38513526259638603,7.419775482948847,8.52058370835527,8,207.0,-0.5299999999999998
42985.0,10,117.0,3.0789473684210527,6.7662232110371265,10,10,117.0,0.27230926370297753,5.215078633698169,6.7662232110371265,10,117.0,0.8999999999999999
42990.0,7,115.0,3.108108108108108,8.022933145024664,7,7,63.0,0.37626291141048973,6.95124669955105,8.022933145024664,7,63.0,0.5399999999999999
42995.0,7,150.0,4.285714285714286,8.762739651789794,7,7,150.0,0.43771925466128503,7.845241005390554,8.762739651789794,7,150.0,-0.87
43000.0,9,146.0,3.8421052631578947,7.2322103625263505,9,9,146.0,0.2863837856248054,5.281937882851628,7.2322103625263505,9,146.0,0.040000000000000036
43005.0,8,184.0,4.972972972972973,8.27123344275024,8,8,170.0,0.3793839108646767,6.999649877929961,8.27123344275024,8,170.0,-0.24
43010.0,9,225.0,6.081081081081081,7.267004844580529,9,9,225.0,0.3164233623311971,5.62686905433736,7.267004844580529,9,225.0,-0.55
43015.0,7,156.0,4.333333333333333,7.701504202736729,7,7,156.0,0.3503567405666622,6.542395758105151,7.701504202736729,7,156.0,0.69
43020.0,5,157.0,4.757575757575758,8.174229299805287,5,5,114.0,0.40473104929651593,7.293335111672079,8.174229299805287,5,114.0,0.42000000000000015
43025.0,7,187.0,5.054054054054054,7.870991253988218,7,7,187.0,0.3635777947188612,6.473165521954559,7.870991253988218,7,187.0,-0.7300000000000002
43030.0,5,140.0,3.7837837837837838,8.547468763271675,5,5,140.0,0.4125539489629745,7.901377759524032,8.547468763271675,5,140.0,0.4700000000000002
43035.0,5,153.0,4.25,7.93925697683381,5,5,125.0,0.3466973614014644,6.715542448226678,7.93925697683381,5,125.0,0.1499999999999999
43040.0,6,183.0,5.083333333333333,8.82278803664414,6,6,183.0,0.4314067446809239,8.300502084063325,8.82278803664414,6,183.0,-0.5800000000000001
43045.0,7,180.0,4.7368421052631575,7.962818736477887,7,7,180.0,0.36258130112498865,7.149998713087851,7.962818736477887,7,180.0,0.030000000000000027
43050.0,6,209.0,5.5,8.781689445130262,6,6,192.0,0.4112305991410818,8.23523739652866,8.781689445130262,6,192.0,-0.11999999999999988
43055.0,6,239.0,6.828571428571428,8.913016240503234,6,6,239.0,0.4159360603024555,7.951326241037811,8.913016240503234,6,239.0,-0.4700000000000002
43060.0,6,93.0,2.735294117647059,7.343525346660149,6,6,93.0,0.3081754823344533,5.835662280837252,7.343525346660149,6,93.0,1.46
43065.0,6,123.0,3.727272727272727,8.602212551601733,6,6,8.0,0.41048077319497783,7.829353142185288,8.602212551601733,6,8.0,0.8500000000000001
43070.0,6,153.0,4.371428571428571,7.523332244229521,6,6,153.0,0.3260558454586151,6.162215264975931,7.523332244229521,6,153.0,-1.45
43075.0,6,77.0,2.2,8.202568758055472,6,6,77.0,0.3565737344690954,7.194409259502588,8.202568758055472,6,77.0,0.76
43080.0,4,74.0,2.1142857142857143,8.375522107153914,4,4,31.0,0.37768513459077363,7.0856142494390735,8.375522107153914,4,31.0,0.46
43085.0,6,101.0,2.8857142857142857,8.25050387095538,6,6,101.0,0.37993907670480925,6.890113990742331,8.25050387095538,6,101.0,-0.7
43090.0,5,107.0,3.4516129032258065,8.757798389222609,5,5,107.0,0.44271459446139527,8.298482563921802,8.757798389222609,5,107.0,-0.06000000000000005
43095.0,5,132.0,4.0,7.7505881200190005,5,5,118.0,0.33970513344076436,6.237858500312272,7.7505881200190005,5,118.0,-0.10999999999999988
43100.0,7,166.0,5.03030303030303,8.878438546914873,7,7,166.0,0.42513139400332856,7.709915919153293,8.878438546914873,7,166.0,-0.48
43105.0,7,61.0,1.8484848484848484,7.781370677099632,7,7,61.0,0.3549610301359548,6.602866286242359,7.781370677099632,7,61.0,1.0499999999999998
43110.0,4,43.0,1.303030303030303,8.642830024685956,4,4,-11.0,0.41786979566275284,7.88144722741026,8.642830024685956,4,-11.0,0.72
43115.0,4,63.0,1.96875,10.136182684525949,4,4,63.0,0.5367488587010851,10.019135711162006,10.136182684525949,4,63.0,-0.74
43120.0,8,77.0,2.40625,7.600437322554729,8,8,77.0,0.3199252171843304,6.066733650870613,7.600437322554729,8,77.0,-0.14
43125.0,7,112.0,3.6129032258064515,8.95100316603585,7,7,104.0,0.3989303980462815,7.532063788348877,8.95100316603585,7,104.0,-0.27
43130.0,8,148.0,4.484848484848484,7.752398442056954,8,8,148.0,0.31231797584698945,5.668821604103618,7.752398442056954,8,148.0,-0.43999999999999995
43135.0,6,77.0,2.4838709677419355,8.394020600553945,6,6,77.0,0.35813764079186744,6.966948561204078,8.394020600553945,6,77.0,0.71
43140.0,4,74.0,2.466666666666667,9.030901260241103,4,4,31.0,0.4063279860981635,7.682535789469004,9.030901260241103,4,31.0,0.46
43145.0,6,101.0,3.0606060606060606,8.518128947995235,6,6,101.0,0.38315843537745276,6.995109501778823,8.518128947995235,6,101.0,-0.7
43150.0,6,126.0,4.064516129032258,8.972153265394239,6,6,126.0,0.41974385104793643,8.169314963998454,8.972153265394239,6,126.0,-0.25
43155.0,7,158.0,4.787878787878788,8.34111188085194,7,7,155.0,0.3487916002777337,6.734318598355195,8.34111188085194,7,155.0,-0.29000000000000004
43160.0,8,195.0,6.5,8.677190872890264,8,8,195.0,0.3901984772235081,7.6138242443908695,8.677190872890264,8,195.0,-0.3999999999999999
43165.0,11,190.0,5.9375,7.443434843136602,11,11,190.0,0.3268890676150289,6.192481231113506,7.443434843136602,11,190.0,0.050000000000000044
43170.0,10,237.0,7.645161290322581,7.82024671330815,10,10,196.0,0.3374161316794589,6.5155046815137965,7.82024671330815,10,196.0,-0.06000000000000005
43175.0,10,287.0,9.258064516129032,8.040388449870182,10,10,287.0,0.35285057404598447,6.807782670673427,8.040388449870182,10,287.0,-0.9100000000000001
43180.0,10,171.0,5.34375,6.493111443300089,10,10,171.0,0.2614006074271083,5.043790653698224,6.493111443300089,10,171.0,1.1600000000000001
43185.0,6,115.0,3.7096774193548385,7.61187862651206,6,6,57.0,0.3458669833758405,6.608483114495441,7.61187862651206,6,57.0,1.1400000000000001
43190.0,9,148.0,4.484848484848484,5.746181163697007,9,9,148.0,0.24476001212764367,4.480183450041934,5.746181163697007,9,148.0,-0.91
43195.0,9,148.0,4.484848484848484,6.881001876079758,9,9,148.0,0.30943110905448123,5.670382253521423,6.881001876079758,9,148.0,0.0
43200.0,10,198.0,6.6,6.843586897070982,10,10,176.0,0.3280366058298912,5.702144950412265,6.843586897070982,10,176.0,-0.28
43205.0,12,256.0,8.0,6.328877637820628,12,12,256.0,0.30511652760548413,5.2113403890328955,6.328877637820628,12,256.0,-0.8
43210.0,12,316.0,10.193548387096774,7.055740272017755,12,12,316.0,0.33388382864708904,6.029420612664053,7.055740272017755,12,316.0,-0.6000000000000001
43215.0,14,380.0,11.176470588235293,5.8338991246383385,14,14,380.0,0.2225671032837875,4.133993948261837,5.8338991246383385,14,380.0,-0.6399999999999997
43220.0,15,455.0,13.787878787878787,6.468357601697487,15,15,455.0,0.28051248517907695,5.226400043760446,6.468357601697487,15,455.0,-0.75
43225.0,15,431.0,11.972222222222221,5.719347063860997,15,15,431.0,0.23580236343028635,4.483805586887962,5.719347063860997,15,431.0,0.2400000000000002
43230.0,10,383.0,10.63888888888889,6.72417658558836,10,10,354.0,0.305176121435229,5.73717685329936,6.72417658558836,10,354.0,0.7699999999999996
43235.0,10,433.0,12.371428571428572,7.084747484990414,10,10,433.0,0.341201921536603,6.198068398987914,7.084747484990414,10,433.0,-0.79
43240.0,12,246.0,6.648648648648648,5.704245179941062,12,12,246.0,0.24711428638752833,4.521100807179003,5.704245179941062,12,246.0,1.87
43245.0,10,97.0,2.6216216216216215,6.641179841122128,10,10,9.0,0.2825887588411826,5.3260972673724005,6.641179841122128,10,9.0,2.37
43250.0,11,128.0,3.3684210526315788,5.981235404746702,11,11,128.0,0.23642884998233568,4.421483535618917,5.981235404746702,11,128.0,-1.19
43255.0,11,137.0,3.7027027027027026,6.496619670922403,11,11,137.0,0.27081463497813596,5.1315149005481215,6.496619670922403,11,137.0,-0.09000000000000008
43260.0,12,173.0,5.088235294117647,5.949770743010412,12,12,160.0,0.24934947622991768,4.596684417674086,5.949770743010412,12,160.0,-0.22999999999999998
43265.0,14,242.0,6.368421052631579,6.372267568053894,14,14,242.0,0.27272215662854477,4.882651005342188,6.372267568053894,14,242.0,-0.8199999999999998
43270.0,12,184.0,4.842105263157895,6.724263753393442,12,12,184.0,0.28115162758654344,5.279888284206724,6.724263753393442,12,184.0,0.5799999999999998
43275.0,12,208.0,5.073170731707317,6.683043137972711,12,12,158.0,0.2645722215651355,4.948004232716754,6.683043137972711,12,158.0,0.26
43280.0,12,268.0,6.871794871794871,7.684153309738222,12,12,268.0,0.3507259600744615,6.385747732603279,7.684153309738222,12,268.0,-1.1
43285.0,13,233.0,5.825,6.698178581301766,13,13,233.0,0.2782529504695941,5.157068435071361,6.698178581301766,13,233.0,0.3500000000000001
43290.0,8,128.0,3.282051282051282,7.480745268098208,8,8,99.0,0.33947863920884136,6.199685067636029,7.480745268098208,8,99.0,1.34
43295.0,6,134.0,3.4358974358974357,8.12856818771869,6,6,134.0,0.3986524217783415,6.879789206259866,8.12856818771869,6,134.0,-0.3500000000000001
43300.0,8,169.0,4.023809523809524,7.581338886950623,8,8,169.0,0.34816823497476357,5.8877980328701325,7.581338886950623,8,169.0,-0.34999999999999987
43305.0,9,130.0,3.1707317073170733,7.62384165611032,9,9,130.0,0.3496931047300919,6.012686368228972,7.62384165611032,9,130.0,0.3899999999999999
43310.0,8,163.0,3.975609756097561,7.285542560334524,8,8,130.0,0.3116045615578551,5.484628342611448,7.285542560334524,8,130.0,0.0
43315.0,10,210.0,5.25,7.883290202193413,10,10,210.0,0.35479883408919705,6.338159202431894,7.883290202193413,10,210.0,-0.8
43320.0,8,210.0,5.384615384615385,7.914044508925248,7,8,209.0,0.35150439592786864,6.444630870250722,7.914044508925248,7,209.0,0.010000000000000231
43325.0,9,237.0,5.925,7.095661503294542,9,9,224.0,0.2680972714129312,4.8919077293092075,7.095661503294542,9,224.0,-0.15000000000000036
43330.0,8,275.0,7.4324324324324325,8.177752201438768,8,8,275.0,0.37862342239233393,6.811612170344372,8.177752201438768,8,275.0,-0.5099999999999998
43335.0,9,185.0,4.743589743589744,6.772069463643597,9,9,185.0,0.27474791152174893,5.028779896497246,6.772069463643597,9,185.0,0.8999999999999999
43340.0,7,183.0,4.6923076923076925,7.904739674914217,7,7,135.0,0.3540131801391188,6.585075289034751,7.904739674914217,7,135.0,0.5
43345.0,10,218.0,5.45,7.550071782882493,10,10,218.0,0.31846668395898453,6.0146693162111236,7.550071782882493,10,218.0,-0.8300000000000001
43350.0,9,214.0,5.487179487179487,7.642229950453279,9,9,214.0,0.3314857071723902,6.31341622882536,7.642229950453279,9,214.0,0.040000000000000036
43355.0,8,250.0,6.756756756756757,8.349043256799208,8,8,236.0,0.39094288399098076,7.360407101533938,8.349043256799208,8,236.0,-0.21999999999999975
43360.0,11,296.0,7.7894736842105265,7.396222906849396,11,11,296.0,0.2931253035801318,5.591576037632268,7.396222906849396,11,296.0,-0.6000000000000001
43365.0,9,301.0,8.36111111111111,7.597917222881699,8,9,300.0,0.3299176794586707,6.686448772135989,7.597917222881699,8,300.0,-0.040000000000000036
43370.0,9,331.0,8.945945945945946,6.580945559630693,9,9,318.0,0.2268616065313309,4.55419749444487,6.580945559630693,9,318.0,-0.18000000000000016
43375.0,9,375.0,10.714285714285714,7.635183602771043,9,9,375.0,0.33086719556935695,6.383918535937294,7.635183602771043,9,375.0,-0.5699999999999998
43380.0,8,291.0,8.558823529411764,6.932340043259724,8,8,291.0,0.2943122362672649,5.680996601788177,6.932340043259724,8,291.0,0.8399999999999999
43385.0,8,294.0,8.166666666666666,7.00122789203014,8,8,241.0,0.308704842065163,5.800829844515814,7.00122789203014,8,241.0,0.5
43390.0,8,334.0,9.277777777777779,8.194347498164298,8,8,334.0,0.4040774700399615,7.365469514207274,8.194347498164298,8,334.0,-0.9299999999999997
43395.0,9,342.0,8.76923076923077,6.876442687051279,9,9,342.0,0.2921879679863961,5.315950777356716,6.876442687051279,9,342.0,-0.08000000000000007
43400.0,9,387.0,9.923076923076923,7.867248677568855,9,9,367.0,0.35681060089467875,6.612249143574665,7.867248677568855,9,367.0,-0.25
43405.0,12,432.0,11.076923076923077,7.415466474637918,12,12,432.0,0.3247592850540351,5.877122796560518,7.415466474637918,12,432.0,-0.6500000000000004
43410.0,9,157.0,4.243243243243243,7.499245290840591,9,9,157.0,0.3383176285890727,6.2133178006950125,7.499245290840591,9,157.0,2.75
43415.0,9,202.0,5.9411764705882355,7.904479559898088,9,9,38.0,0.39472662453176544,6.910828335481043,7.904479559898088,9,38.0,1.19
43420.0,11,252.0,7.0,6.862414191899852,11,11,252.0,0.3036343211188303,5.116919004000846,6.862414191899852,11,252.0,-2.14
43425.0,9,171.0,4.885714285714286,7.529618082545546,9,9,171.0,0.3299835991092315,6.117867431850887,7.529618082545546,9,171.0,0.81
43430.0,7,140.0,3.7837837837837838,7.323477100765463,7,7,96.0,0.2991269654206931,5.710894329696614,7.323477100765463,7,96.0,0.75
43435.0,8,177.0,5.057142857142857,7.95580120010312,8,8,177.0,0.3504427463602008,6.817385535986835,7.95580120010312,8,177.0,-0.81
43440.0,7,96.0,2.742857142857143,7.610841460228083,7,7,96.0,0.3172567933826617,6.2502157423490745,7.610841460228083,7,96.0,0.81
43445.0,7,98.0,2.7222222222222223,7.693253598884973,7,7,55.0,0.31150279324213237,6.190228953832883,7.693253598884973,7,55.0,0.4099999999999999
43450.0,7,133.0,3.8,8.56793921446995,7,7,133.0,0.3896611715609679,7.340924350034768,8.56793921446995,7,133.0,-0.78
43455.0,8,70.0,1.9444444444444444,7.26565994626597,8,8,70.0,0.3141668387694787,5.726998589771113,7.26565994626597,8,70.0,0.6300000000000001
43460.0,7,85.0,2.4285714285714284,8.294579788286546,7,7,42.0,0.37659737639609875,7.249111164163049,8.294579788286546,7,42.0,0.27999999999999997
43465.0,9,114.0,3.0,7.704750447739004,9,9,114.0,0.33682588807769626,6.107169398720825,7.704750447739004,9,114.0,-0.72
43470.0,7,62.0,1.6756756756756757,8.065145661600393,7,7,62.0,0.37786028023908164,6.845337963921835,8.065145661600393,7,62.0,0.5199999999999999
43475.0,5,65.0,1.7567567567567568,8.952484241905234,5,5,37.0,0.43348921077219515,8.047104145969328,8.952484241905234,5,37.0,0.25
43480.0,8,94.0,2.764705882352941,7.497949971679153,8,8,66.0,0.32431956343909973,5.882340426093172,7.497949971679153,8,66.0,-0.29000000000000004
43485.0,8,130.0,3.9393939393939394,7.67350443615054,8,8,102.0,0.35183957968849566,6.625149416518367,7.67350443615054,8,102.0,-0.36
43490.0,10,171.0,4.885714285714286,6.2874125922298605,10,10,170.0,0.22627757432174714,4.485679079500624,6.2874125922298605,10,170.0,-0.6799999999999999
43495.0,11,225.0,6.617647058823529,7.022143667086465,11,11,225.0,0.2679173082398607,5.370285491585986,7.022143667086465,11,225.0,-0.55
43500.0,9,154.0,4.666666666666667,7.064477223950204,9,9,154.0,0.28664910947206285,5.506987413415829,7.064477223950204,9,154.0,0.71
43505.0,8,160.0,4.444444444444445,6.946059268080374,8,8,117.0,0.2635392709818316,5.2896949919385525,6.946059268080374,8,117.0,0.3700000000000001
43510.0,8,200.0,5.882352941176471,8.150654538929059,8,8,200.0,0.37280113865512204,7.1280182142756345,8.150654538929059,8,200.0,-0.8300000000000001
43515.0,9,121.0,3.361111111111111,7.168639891958989,9,9,121.0,0.31103724680769934,6.07264324431451,7.168639891958989,9,121.0,0.79
43520.0,7,110.0,3.142857142857143,7.690258206144074,7,7,68.0,0.3313053009665283,6.651847952127045,7.690258206144074,7,68.0,0.5299999999999999
43525.0,10,145.0,3.918918918918919,7.497622796019102,10,10,145.0,0.3086646409686722,6.024930312601622,7.497622796019102,10,145.0,-0.7699999999999999
43530.0,9,79.0,2.257142857142857,7.655538885461734,9,9,79.0,0.3327400993442357,6.545559058980227,7.655538885461734,9,79.0,0.6599999999999999
43535.0,8,93.0,2.8181818181818183,7.3472129508906905,8,8,51.0,0.30812347165262693,6.067432416400634,7.3472129508906905,8,51.0,0.28
43540.0,10,135.0,3.857142857142857,6.725197196022157,10,10,135.0,0.26188276807192357,4.994132047500183,6.725197196022157,10,135.0,-0.8400000000000001
43545.0,10,101.0,3.0606060606060606,7.168401680611113,10,10,101.0,0.3157260402929636,5.925992861159615,7.168401680611113,10,101.0,0.3400000000000001
43550.0,9,116.0,3.2222222222222223,6.620589755754313,9,9,87.0,0.2777604524912709,4.959816022849573,6.620589755754313,9,87.0,0.14
43555.0,10,166.0,4.742857142857143,7.774664948709382,10,10,166.0,0.3660467288229143,6.392867448787376,7.774664948709382,10,166.0,-0.7899999999999999
43560.0,9,124.0,3.6470588235294117,7.235156303695909,8,9,123.0,0.3074565753679563,5.6326482275151495,7.235156303695909,8,123.0,0.42999999999999994
43565.0,10,129.0,3.4864864864864864,6.623585012010743,10,10,101.0,0.24958851816802682,4.666643213193892,6.623585012010743,10,101.0,0.21999999999999997
43570.0,8,166.0,4.742857142857143,7.9175981200687175,8,8,166.0,0.362784706685517,6.736226583540938,7.9175981200687175,8,166.0,-0.6499999999999999
43575.0,9,118.0,3.189189189189189,6.530307359220157,9,9,118.0,0.26829174842878395,5.193135652067927,6.530307359220157,9,118.0,0.48
43580.0,8,116.0,3.2222222222222223,7.599258196064895,8,8,87.0,0.33784754651321014,6.667106866397356,7.599258196064895,8,87.0,0.30999999999999994
43585.0,11,156.0,4.105263157894737,6.823805862570596,11,11,156.0,0.28762542756110837,5.364472124008907,6.823805862570596,11,156.0,-0.6900000000000001
43590.0,10,136.0,3.5789473684210527,7.280609043511348,10,10,136.0,0.32603911264187374,6.083967066137013,7.280609043511348,10,136.0,0.19999999999999996
43595.0,9,176.0,4.888888888888889,7.854139540561783,9,9,148.0,0.3707498268926637,6.691439273342391,7.854139540561783,9,148.0,-0.11999999999999988
43600.0,12,227.0,5.973684210526316,6.944680501375818,12,12,227.0,0.2910545841707915,5.074566850586238,6.944680501375818,12,227.0,-0.79
43605.0,10,189.0,5.108108108108108,7.624829859946904,9,10,188.0,0.3398120444771906,6.238521414360124,7.624829859946904,9,188.0,0.3900000000000001
43610.0,8,165.0,4.230769230769231,6.745295281057774,8,8,136.0,0.2432790804233339,4.475236979739543,6.745295281057774,8,136.0,0.5199999999999998
43615.0,8,201.0,5.742857142857143,7.584011167933425,8,8,201.0,0.33019186696576275,5.97698078847759,7.584011167933425,8,201.0,-0.6499999999999997
43620.0,9,155.0,4.428571428571429,7.4285063530304924,9,9,155.0,0.3197150444839718,5.894999799733254,7.4285063530304924,9,155.0,0.45999999999999974
43625.0,8,161.0,4.351351351351352,6.71596665317028,8,8,133.0,0.26874200412749716,5.1978369713306085,6.71596665317028,8,133.0,0.21999999999999997
43630.0,9,206.0,5.722222222222222,7.586441018868257,9,9,206.0,0.3358329086603005,6.374383248067443,7.586441018868257,9,206.0,-0.73
43635.0,11,206.0,5.5675675675675675,6.180124963755331,11,11,206.0,0.25157880264311866,4.760099441004492,6.180124963755331,11,206.0,0.0
43640.0,8,215.0,5.972222222222222,7.585725571270471,8,8,201.0,0.3512276128082195,6.610151501694683,7.585725571270471,8,201.0,0.050000000000000266
43645.0,11,255.0,6.538461538461538,7.473243585046602,11,11,255.0,0.33133532275014327,6.194031268389909,7.473243585046602,11,255.0,-0.54
43650.0,9,259.0,6.641025641025641,7.816858823017845,9,9,259.0,0.32804747636342174,6.590033367805222,7.816858823017845,9,259.0,-0.040000000000000036
43655.0,8,295.0,7.972972972972973,7.798158012879471,8,8,282.0,0.32535180869932584,6.395827327699736,7.798158012879471,8,282.0,-0.22999999999999998
43660.0,11,343.0,9.27027027027027,7.001124030022211,11,11,343.0,0.28718309959654115,5.184567276366282,7.001124030022211,11,343.0,-0.6100000000000003
43665.0,9,359.0,9.972222222222221,7.365659852968532,9,9,359.0,0.32915602082099144,6.124139695865316,7.365659852968532,9,359.0,-0.1599999999999997
43670.0,9,404.0,10.631578947368421,6.982510128086156,9,9,391.0,0.2997781458232333,5.38801257340922,6.982510128086156,9,391.0,-0.3200000000000003
43675.0,11,457.0,12.35135135135135,7.586423969333872,11,11,457.0,0.33378387429493195,5.996087457826246,7.586423969333872,11,457.0,-0.6600000000000001
43680.0,11,512.0,14.222222222222221,7.501376086248677,11,11,512.0,0.301553235696345,5.7068097211838005,7.501376086248677,11,512.0,-0.5499999999999998
43685.0,11,387.0,10.45945945945946,6.679756705547195,11,11,387.0,0.2527639415279694,4.808863009164939,6.679756705547195,11,387.0,1.25
43690.0,6,332.0,8.972972972972974,7.952556512164005,6,6,262.0,0.3671617982167339,6.7580355310994635,7.952556512164005,6,262.0,1.25
43695.0,7,363.0,9.307692307692308,7.728537822684544,7,7,363.0,0.35465023749423136,6.32488878147064,7.728537822684544,7,363.0,-1.0099999999999998
43700.0,8,103.0,2.861111111111111,7.8987349660876545,8,8,103.0,0.36834614449436826,6.8534877831832945,7.8987349660876545,8,103.0,2.5999999999999996
43705.0,11,143.0,3.763157894736842,7.13012499227479,11,11,-14.0,0.30594981719958714,5.501230587641561,7.13012499227479,11,-14.0,1.17
43710.0,11,197.0,5.184210526315789,7.7260052593677315,11,11,197.0,0.3493928993797118,6.214437835937003,7.7260052593677315,11,197.0,-2.11
43715.0,8,201.0,5.583333333333333,8.319261524161082,8,8,201.0,0.39359834246547337,7.282774851764006,8.319261524161082,8,201.0,-0.039999999999999813
43720.0,10,231.0,6.416666666666667,7.04286745761291,10,10,218.0,0.3009119577421442,5.384768129544804,7.04286745761291,10,218.0,-0.17000000000000037
43725.0,10,281.0,7.805555555555555,7.831041065169988,10,10,281.0,0.3630949543111645,6.469411298227385,7.831041065169988,10,281.0,-0.6299999999999999
43730.0,10,321.0,8.916666666666666,6.7228916607307605,10,10,321.0,0.2707932644742873,5.255137233999149,6.7228916607307605,10,321.0,-0.3999999999999999
43735.0,12,378.0,10.8,7.135445119655815,12,12,372.0,0.28228480120862504,5.6346063202950125,7.135445119655815,12,372.0,-0.5100000000000002
43740.0,12,438.0,12.882352941176471,6.770766121726934,12,12,438.0,0.2489579775594474,4.937219868726823,6.770766121726934,12,438.0,-0.6599999999999997
43745.0,12,287.0,7.552631578947368,6.5638090350068605,12,12,287.0,0.23124451906911347,4.783166893965439,6.5638090350068605,12,287.0,1.5099999999999998
43750.0,7,185.0,5.0,7.545134869542037,7,7,106.0,0.3156575944682007,6.218880596031458,7.545134869542037,7,106.0,1.81
43755.0,9,223.0,6.194444444444445,6.950142106569782,9,9,223.0,0.31072062452841936,5.838393684199199,6.950142106569782,9,223.0,-1.17
43760.0,9,112.0,3.2,7.293314972651639,9,9,112.0,0.3354450043976229,6.437246205520606,7.293314972651639,9,112.0,1.1099999999999999
43765.0,11,93.0,2.5135135135135136,6.717683209847266,11,11,32.0,0.2784580872330861,5.25288500037997,6.717683209847266,11,32.0,0.8
43770.0,9,138.0,3.72972972972973,8.080190364477785,9,9,138.0,0.3764469009252738,6.960217865060788,8.080190364477785,9,138.0,-1.0599999999999998
43775.0,9,183.0,5.083333333333333,8.257806477887625,9,9,183.0,0.39368460061295907,7.13458395113745,8.257806477887625,9,183.0,-0.4500000000000002
43780.0,12,235.0,6.527777777777778,6.766765518939115,12,12,235.0,0.2664375365154175,4.806706836407279,6.766765518939115,12,235.0,-0.52
43785.0,9,214.0,6.294117647058823,7.612792986545633,9,9,214.0,0.3287875909718202,6.226262089773754,7.612792986545633,9,214.0,0.20999999999999996
43790.0,6,192.0,5.1891891891891895,7.176223960732492,6,6,169.0,0.28322146302518403,5.3239381859597765,7.176223960732492,6,169.0,0.4500000000000002
43795.0,8,231.0,6.243243243243243,8.305853773318853,8,8,231.0,0.38325260071872513,7.006069044648651,8.305853773318853,8,231.0,-0.6200000000000001
43800.0,7,105.0,3.0,7.435791381639155,7,7,105.0,0.321728974294328,5.9428603260128945,7.435791381639155,7,105.0,1.26
43805.0,6,62.0,1.631578947368421,7.3723199635336485,6,6,-1.0,0.3235480640874763,5.831466303216621,7.3723199635336485,6,-1.0,1.06
43810.0,6,92.0,2.4210526315789473,8.761346146012075,6,6,92.0,0.4383489552147485,7.78107620663953,8.761346146012075,6,92.0,-0.93
43815.0,8,92.0,2.4210526315789473,7.548357271994691,8,8,92.0,0.32458991036822255,6.0237198842303314,7.548357271994691,8,92.0,0.0
43820.0,8,130.0,3.611111111111111,8.072135036158887,8,8,111.0,0.36237909283988257,6.917750944686,8.072135036158887,8,111.0,-0.19000000000000006
43825.0,11,170.0,4.358974358974359,7.459573884671654,11,11,170.0,0.3207041902097435,5.861301346052935,7.459573884671654,11,170.0,-0.5899999999999999
43830.0,8,127.0,3.5277777777777777,7.686946580018361,8,8,127.0,0.3352348647310547,6.393760939986787,7.686946580018361,8,127.0,0.42999999999999994
43835.0,6,140.0,4.117647058823529,8.020453006365251,6,6,112.0,0.3779503366082722,7.261302547249315,8.020453006365251,6,112.0,0.1499999999999999
43840.0,8,174.0,4.702702702702703,7.181403845507787,8,8,174.0,0.29551878675541904,5.67518499985458,7.181403845507787,8,174.0,-0.6199999999999999
43845.0,8,126.0,3.6,7.7832965006595165,8,8,126.0,0.3630638225792635,6.874568205337606,7.7832965006595165,8,126.0,0.48
43850.0,8,130.0,3.7142857142857144,6.584679542224231,8,8,102.0,0.2994705928947489,5.306507140055581,6.584679542224231,8,102.0,0.24
43855.0,8,170.0,4.857142857142857,7.958768693033713,8,8,170.0,0.3766325304827793,6.790601648687392,7.958768693033713,8,170.0,-0.6799999999999999
43860.0,6,149.0,4.382352941176471,7.828920545785546,6,6,149.0,0.3730573190207786,6.889768038550714,7.828920545785546,6,149.0,0.20999999999999996
43865.0,10,187.0,5.3428571428571425,6.814544817695604,9,10,158.0,0.29693938301454964,5.358812581452778,6.814544817695604,9,158.0,-0.09000000000000008
43870.0,8,224.0,6.588235294117647,7.671842564706403,8,8,224.0,0.3650692828103025,6.675581286883084,7.671842564706403,8,224.0,-0.6600000000000001
43875.0,9,184.0,5.111111111111111,6.903455359502219,9,9,184.0,0.277948225967147,5.207979738273171,6.903455359502219,9,184.0,0.40000000000000013
43880.0,7,203.0,5.638888888888889,7.735906105950702,7,7,200.0,0.3558846178323161,6.666806559618224,7.735906105950702,7,200.0,-0.15999999999999992
43885.0,10,238.0,6.4324324324324325,7.748759397359663,10,10,237.0,0.3619834182869121,6.645467392352942,7.748759397359663,10,237.0,-0.3700000000000001
43890.0,8,203.0,5.486486486486487,7.583809905338417,8,8,203.0,0.346248733318553,6.52206079885558,7.583809905338417,8,203.0,0.3400000000000003
43895.0,7,235.0,6.351351351351352,8.606517963941943,7,7,207.0,0.42311204485091125,7.886694288940315,8.606517963941943,7,207.0,-0.040000000000000036
43900.0,9,273.0,7.378378378378378,7.395843842467096,9,9,273.0,0.30624846126998784,5.610516458277075,7.395843842467096,9,273.0,-0.6600000000000001
43905.0,8,244.0,6.9714285714285715,8.006719426566878,7,8,243.0,0.3623990464459366,6.981689422727606,8.006719426566878,7,243.0,0.2999999999999998
43910.0,6,266.0,7.6,6.830482481059396,6,6,237.0,0.24893983133655134,4.823100852601645,6.830482481059396,6,237.0,0.06000000000000005
43915.0,8,305.0,8.970588235294118,7.985057811440296,8,8,305.0,0.34793213854502386,6.537881348808115,7.985057811440296,8,305.0,-0.6799999999999997
43920.0,7,269.0,8.40625,7.416981848948716,7,7,269.0,0.3210167935072822,6.112784802906117,7.416981848948716,7,269.0,0.3599999999999999
43925.0,8,296.0,8.457142857142857,6.975836592523067,8,8,269.0,0.2824907963969072,5.442977548235393,6.975836592523067,8,269.0,0.0
43930.0,8,336.0,9.6,8.131411542087578,8,8,336.0,0.3657897848108976,7.042136117543962,8.131411542087578,8,336.0,-0.6699999999999999
43935.0,7,92.0,2.4210526315789473,7.117340044214776,7,7,92.0,0.2944354203567798,5.5596749951667075,7.117340044214776,7,92.0,2.44
43940.0,10,137.0,3.8055555555555554,7.8471089503642695,9,10,-16.0,0.3538375438966445,6.673142063146131,7.8471089503642695,9,-16.0,1.08
43945.0,12,181.0,5.027777777777778,6.729856356793392,12,12,29.0,0.2879501631670894,5.238878953803468,6.729856356793392,12,29.0,-0.44999999999999996
43950.0,9,158.0,4.647058823529412,7.37628392971748,9,9,158.0,0.3639596283800513,6.490339908368485,7.37628392971748,9,158.0,-1.29
43955.0,9,194.0,5.878787878787879,7.412526395317788,9,9,159.0,0.35917567767679154,6.57780360246633,7.412526395317788,9,159.0,-0.010000000000000009
43960.0,10,238.0,6.8,6.264708519043674,10,10,237.0,0.26327086568573554,4.721533046449514,6.264708519043674,10,237.0,-0.78
43965.0,10,158.0,4.647058823529412,6.92020381600017,10,10,158.0,0.3227270224184187,5.808884902314808,6.92020381600017,10,158.0,0.79
43970.0,8,137.0,3.7027027027027026,6.536997405859101,8,8,93.0,0.27629197528177224,5.105583480656509,6.536997405859101,8,93.0,0.65
43975.0,9,177.0,5.057142857142857,7.00308358738244,9,9,176.0,0.29539465267518455,5.630718907068779,7.00308358738244,9,176.0,-0.83
43980.0,10,104.0,2.9714285714285715,6.659855785242925,10,10,104.0,0.26464511048664024,5.010270007440539,6.659855785242925,10,104.0,0.72
43985.0,11,121.0,3.27027027027027,6.241483860140713,11,11,78.0,0.24079916597897646,4.692484559748188,6.241483860140713,11,78.0,0.26
43990.0,10,170.0,4.722222222222222,7.200166780524359,10,10,169.0,0.30068399426616155,5.837006323924422,7.200166780524359,10,169.0,-0.9099999999999999
43995.0,12,144.0,3.891891891891892,6.129079670477572,12,12,144.0,0.23038250709663494,4.680079410224757,6.129079670477572,12,144.0,0.25
44000.0,11,183.0,4.945945945945946,7.4968996190835355,11,11,154.0,0.31649481033192095,6.321736665056707,7.4968996190835355,11,154.0,-0.10000000000000009
44005.0,16,240.0,6.315789473684211,6.636820729772086,16,16,240.0,0.27596495723912123,5.123307455701563,6.636820729772086,16,240.0,-0.8599999999999999
44010.0,11,209.0,5.648648648648648,7.2675381707114965,11,11,209.0,0.32171011281058143,6.059809978960374,7.2675381707114965,11,209.0,0.31000000000000005
44015.0,8,164.0,4.685714285714286,7.001484307862763,8,8,135.0,0.2912797238076766,5.532673228256329,7.001484307862763,8,135.0,0.7399999999999998
44020.0,10,207.0,5.447368421052632,6.463786007970156,10,10,207.0,0.2534789484523845,4.6523044994533285,6.463786007970156,10,207.0,-0.7199999999999998
44025.0,11,168.0,4.54054054054054,6.635737121605577,11,11,168.0,0.2689882626841523,5.068844792354119,6.635737121605577,11,168.0,0.3899999999999999
44030.0,10,154.0,4.052631578947368,6.292822931290126,10,10,125.0,0.25901115629429133,4.970669866237977,6.292822931290126,10,125.0,0.42999999999999994
44035.0,11,205.0,5.54054054054054,6.909928610225691,11,11,205.0,0.2877072242727281,5.7115741311234105,6.909928610225691,11,205.0,-0.7999999999999998
44040.0,10,209.0,5.805555555555555,6.1468871106359835,10,10,209.0,0.2545467950343568,4.686344258494181,6.1468871106359835,10,209.0,-0.040000000000000036
44045.0,10,214.0,5.631578947368421,6.21566142550161,10,10,200.0,0.284329171611641,5.145055637642069,6.21566142550161,10,200.0,0.08999999999999986
44050.0,10,264.0,7.135135135135135,7.3993993000118925,10,10,264.0,0.3590048703452534,6.507135874920086,7.3993993000118925,10,264.0,-0.6400000000000001
44055.0,13,192.0,4.8,6.080000938116168,13,13,192.0,0.2500391780476402,4.606348053233647,6.080000938116168,13,192.0,0.7200000000000002
44060.0,13,257.0,6.425,7.162117141220904,13,13,168.0,0.31649657818728943,5.826095543011413,7.162117141220904,13,168.0,0.24
44065.0,16,322.0,7.488372093023256,6.448748222766493,16,16,322.0,0.25128869361967543,4.676476037110396,6.448748222766493,16,322.0,-1.5400000000000003
44070.0,13,350.0,8.536585365853659,6.9288830085557,13,13,350.0,0.27037185968502087,5.278526836716582,6.9288830085557,13,350.0,-0.2799999999999998
44075.0,12,405.0,10.657894736842104,7.299320942678426,12,12,392.0,0.30822127769412644,5.915366286833147,7.299320942678426,12,392.0,-0.41999999999999993
44080.0,15,472.0,11.8,6.392902543298355,15,15,472.0,0.24457722805492985,4.651222346225964,6.392902543298355,15,472.0,-0.7999999999999998
44085.0,15,547.0,14.025641025641026,6.544435853429189,15,15,547.0,0.2504836156271657,4.811190349622634,6.544435853429189,15,547.0,-0.75
44090.0,14,474.0,11.285714285714286,6.276333065269617,14,14,474.0,0.20558477214901527,3.9425897546931603,6.276333065269617,14,474.0,0.7299999999999995
44095.0,10,394.0,10.102564102564102,7.098674882255827,10,10,347.0,0.28365248701418255,5.393487060756689,7.098674882255827,10,347.0,1.27
44100.0,10,444.0,12.0,7.248262332167473,10,10,444.0,0.30771964364182475,5.705319532657434,7.248262332167473,10,444.0,-0.9700000000000002
44105.0,12,250.0,6.097560975609756,6.4423667968219585,12,12,250.0,0.25479758737817365,4.661316238779222,6.4423667968219585,12,250.0,1.9400000000000004
44110.0,8,92.0,2.4210526315789473,7.527579399012465,8,8,-1.0,0.33065155835596594,6.043551686182979,7.527579399012465,8,-1.0,2.51
44115.0,9,121.0,3.1025641025641026,7.154227792185104,9,9,121.0,0.31689527033585324,5.62931160320127,7.154227792185104,9,121.0,-1.22
44120.0,9,121.0,3.1842105263157894,7.419908200312858,9,9,121.0,0.34829906202270117,6.217326528454149,7.419908200312858,9,121.0,0.0
44125.0,12,143.0,3.575,6.860800791430615,12,12,130.0,0.30172371717002894,5.361849989976007,6.860800791430615,12,130.0,-0.09000000000000008
44130.0,11,195.0,5.131578947368421,7.384057489263383,11,11,195.0,0.3419694951757395,6.14801314290993,7.384057489263383,11,195.0,-0.6499999999999999
44135.0,9,202.0,5.45945945945946,7.529417539695877,9,9,202.0,0.3573502337860875,6.62243382978285,7.529417539695877,9,202.0,-0.07000000000000006
44140.0,8,196.0,5.0256410256410255,6.859276903006159,8,8,183.0,0.2986536326576623,5.453399139707827,6.859276903006159,8,183.0,0.18999999999999995
44145.0,9,240.0,6.315789473684211,7.872990711728649,9,9,240.0,0.3754243368985543,6.819865264158682,7.872990711728649,9,240.0,-0.5699999999999998
44150.0,10,150.0,3.658536585365854,6.405538021512963,9,10,149.0,0.23081013395988076,4.455872633406024,6.405538021512963,9,149.0,0.9099999999999999
44155.0,10,160.0,3.902439024390244,7.227169776816479,10,10,107.0,0.2738987058114805,5.362557902127654,7.227169776816479,10,107.0,0.41999999999999993
44160.0,8,197.0,4.925,7.708075848862697,8,8,197.0,0.32616003982962655,6.062784856863098,7.708075848862697,8,197.0,-0.8999999999999999
44165.0,12,141.0,3.525,6.609809278512475,12,12,141.0,0.2598590685403096,5.023841663706354,6.609809278512475,12,141.0,0.56
44170.0,12,201.0,5.025,7.503094359606604,12,12,120.0,0.3190706832342048,5.992611097426956,7.503094359606604,12,120.0,0.20999999999999996
44175.0,14,265.0,6.162790697674419,6.562224668452634,14,14,265.0,0.24681141144511673,4.4621668218492925,6.562224668452634,14,265.0,-1.45
44180.0,12,245.0,6.621621621621622,7.0406677313511095,12,12,245.0,0.2917858945305221,5.611952149414538,7.0406677313511095,12,245.0,0.19999999999999973
44185.0,13,272.0,7.157894736842105,6.457885463761624,13,13,244.0,0.27118001954309884,5.126793114912658,6.457885463761624,13,244.0,0.010000000000000231
44190.0,12,331.0,8.710526315789474,7.389668062316054,12,12,331.0,0.33843839716572105,6.2925555527811605,7.389668062316054,12,331.0,-0.8700000000000001
44195.0,11,296.0,8.0,7.012440730519351,10,11,295.0,0.31087496312561125,5.971708227506692,7.012440730519351,10,295.0,0.3599999999999999
44200.0,13,279.0,7.54054054054054,5.869778888997742,13,13,250.0,0.21973134707424258,4.218872037695369,5.869778888997742,13,250.0,0.4500000000000002
44205.0,10,326.0,9.055555555555555,7.11989414477652,10,10,326.0,0.3078399820287496,5.799354551617093,7.11989414477652,10,326.0,-0.7599999999999998
44210.0,12,178.0,4.564102564102564,5.64632618127067,12,12,178.0,0.20585866524636376,3.9074347709743567,5.64632618127067,12,178.0,1.4799999999999998
44215.0,9,97.0,2.6216216216216215,6.576770876792339,9,9,24.0,0.2647783187826562,5.239467426510297,6.576770876792339,9,24.0,1.54
44220.0,9,142.0,3.9444444444444446,6.505610340266908,9,9,142.0,0.2647068168432281,5.083172927050403,6.505610340266908,9,142.0,-1.18
44225.0,11,147.0,3.8684210526315788,6.024309149486413,11,11,147.0,0.25711762578572384,4.918737791572815,6.024309149486413,11,147.0,-0.050000000000000044
44230.0,10,161.0,4.2368421052631575,7.096147202637321,10,10,147.0,0.31617539886415524,5.945601167863992,7.096147202637321,10,147.0,0.0
44235.0,11,214.0,5.219512195121951,6.905694020419768,11,11,214.0,0.29813341921096237,5.423252356987221,6.905694020419768,11,214.0,-0.6700000000000002
44240.0,11,227.0,5.82051282051282,7.2099437866795295,11,11,227.0,0.31346774375798,5.948843857610417,7.2099437866795295,11,227.0,-0.1299999999999999
44245.0,12,235.0,5.875,6.699137672493828,12,12,222.0,0.25973380368113486,5.0859025602407675,6.699137672493828,12,222.0,0.04999999999999982
44250.0,10,283.0,7.256410256410256,7.694034943179725,10,10,283.0,0.3304932118206542,6.457013724704034,7.694034943179725,10,283.0,-0.6099999999999999
44255.0,10,177.0,4.538461538461538,7.170973255452139,10,10,177.0,0.30525552670417905,5.754943051127147,7.170973255452139,10,177.0,1.06
44260.0,10,150.0,3.5714285714285716,6.904062805411203,10,10,92.0,0.27028750082265607,5.006405075159956,6.904062805411203,10,92.0,0.85
44265.0,10,200.0,5.0,8.052992208140907,10,10,200.0,0.35606993419548877,6.643067584154927,8.052992208140907,10,200.0,-1.08
44270.0,12,252.0,6.146341463414634,6.936261200814075,12,12,252.0,0.2659449391015211,4.969153336769695,6.936261200814075,12,252.0,-0.52
44275.0,10,210.0,5.526315789473684,7.127853008914665,10,10,210.0,0.28692672748565645,5.585462468976093,7.127853008914665,10,210.0,0.41999999999999993
44280.0,10,228.0,6.162162162162162,7.060501199168866,10,10,228.0,0.27730553062982166,5.356568818074967,7.060501199168866,10,228.0,-0.17999999999999972
44285.0,9,264.0,6.769230769230769,7.051626857166275,9,9,231.0,0.27481697027066593,5.248099119817658,7.051626857166275,9,231.0,-0.03000000000000025
44290.0,12,311.0,7.9743589743589745,7.682150844292812,12,12,311.0,0.32536827546355934,6.142802851397765,7.682150844292812,12,311.0,-0.7999999999999998
44295.0,14,375.0,9.615384615384615,6.67513457441447,14,14,372.0,0.2578867057626545,4.970247339766483,6.67513457441447,14,372.0,-0.6100000000000003
44300.0,14,445.0,11.41025641025641,7.41962507351185,14,14,445.0,0.29878194424691507,5.863988630759111,7.41962507351185,14,445.0,-0.73
44305.0,16,358.0,8.731707317073171,6.264076002814854,16,16,358.0,0.216815192666509,4.274089423148461,6.264076002814854,16,358.0,0.8700000000000001
44310.0,9,281.0,7.205128205128205,7.405621458249393,9,9,232.0,0.3133052513027288,5.9204870536518674,7.405621458249393,9,232.0,1.2600000000000002
44315.0,9,326.0,8.81081081081081,8.08472547606272,9,9,326.0,0.3759815882943149,6.910320457212624,8.08472547606272,9,326.0,-0.94
44320.0,12,195.0,5.27027027027027,6.184899164476363,12,12,195.0,0.2509497685776772,4.637785577377601,6.184899164476363,12,195.0,1.3099999999999998
44325.0,13,260.0,7.428571428571429,6.513940584120277,13,13,143.0,0.2704151439430031,5.066737462632243,6.513940584120277,13,143.0,0.52
44330.0,15,328.0,8.864864864864865,5.4535574764329215,15,15,328.0,0.2057721027125931,3.630050701605831,5.4535574764329215,15,328.0,-1.8499999999999999
44335.0,13,357.0,9.64864864864865,6.313002288216947,13,13,357.0,0.2611948222188067,4.712714928240401,6.313002288216947,13,357.0,-0.29000000000000004
44340.0,11,391.0,11.17142857142857,6.714947754688733,11,11,378.0,0.3038716014885371,5.331077246195043,6.714947754688733,11,378.0,-0.20999999999999996
44345.0,13,451.0,11.868421052631579,6.486372891041373,13,13,451.0,0.2761756027405459,4.91962313133986,6.486372891041373,13,451.0,-0.73
44350.0,13,516.0,13.945945945945946,7.069667933061086,13,13,516.0,0.2999693783016406,5.560910349205816,7.069667933061086,13,516.0,-0.6500000000000004
44355.0,11,473.0,11.825,6.657775275864384,11,11,473.0,0.25057893143627197,4.890291891371918,6.657775275864384,11,473.0,0.4299999999999997
44360.0,11,513.0,12.825,7.70689242787594,11,11,469.0,0.31622313293565746,6.0655076205263505,7.70689242787594,11,469.0,0.040000000000000036
44365.0,14,570.0,14.25,7.352388290709577,14,14,570.0,0.29752466055900406,5.507667377003194,7.352388290709577,14,570.0,-1.0099999999999998
44370.0,11,388.0,10.210526315789474,7.330435134625567,11,11,388.0,0.31068773845335446,5.841968239195529,7.330435134625567,11,388.0,1.8200000000000003
44375.0,7,102.0,2.6842105263157894,7.751567903491371,7,7,23.0,0.30442080897139406,5.982065242844894,7.751567903491371,7,23.0,3.65
44380.0,7,56.0,1.435897435897436,6.929774052770913,7,7,56.0,0.2618542093495717,4.981881767557019,6.929774052770913,7,56.0,-0.33000000000000007
44385.0,6,85.0,2.236842105263158,7.921638381400793,6,6,85.0,0.35428634123019154,6.501259493527908,7.921638381400793,6,85.0,-0.2899999999999999
44390.0,7,116.0,2.9,7.770966993561504,7,7,116.0,0.3528590247411495,6.344140202122836,7.770966993561504,7,116.0,-0.30999999999999994
44395.0,9,80.0,2.2222222222222223,7.201114504882144,9,9,80.0,0.28952097322882414,5.716156154352604,7.201114504882144,9,80.0,0.3599999999999999
44400.0,10,123.0,3.5142857142857142,6.47777294557991,10,10,90.0,0.24879530474087125,4.994647730421885,6.47777294557991,10,90.0,-0.09999999999999998
44405.0,10,171.0,4.384615384615385,6.717267915564461,10,10,138.0,0.2599780338407377,5.117031918580777,6.717267915564461,10,138.0,-0.47999999999999987
44410.0,10,135.0,3.5526315789473686,7.106451791372739,10,10,135.0,0.2990305854890616,5.760062374531319,7.106451791372739,10,135.0,0.029999999999999805
44415.0,11,178.0,4.684210526315789,6.5468738739579795,11,11,140.0,0.2685939658981733,5.007041212738213,6.5468738739579795,11,140.0,-0.04999999999999982
44420.0,11,233.0,6.131578947368421,7.5949335905906095,11,11,233.0,0.351751866686689,6.424389927965131,7.5949335905906095,11,233.0,-0.9300000000000002
44425.0,14,243.0,6.075,7.036203547050823,14,14,243.0,0.2992519653014907,5.628500022389961,7.036203547050823,14,243.0,-0.10000000000000009
44430.0,12,302.0,7.55,7.912703764308685,12,12,261.0,0.33904502778117046,6.437300786146992,7.912703764308685,12,261.0,-0.17999999999999972
44435.0,13,363.0,9.307692307692308,7.488739232426737,13,13,363.0,0.30782063778780483,5.760561943756046,7.488739232426737,13,363.0,-1.02
44440.0,13,344.0,8.6,6.450124933580088,13,13,344.0,0.22370522967761705,4.210469503469155,6.450124933580088,13,344.0,0.18999999999999995
44445.0,11,382.0,10.324324324324325,7.230569563495568,11,11,354.0,0.32234704161096084,5.868586356607612,7.230569563495568,11,354.0,-0.10000000000000009
44450.0,12,439.0,10.975,6.87386903728665,12,12,439.0,0.2896090793456958,5.15659767884846,6.87386903728665,12,439.0,-0.8499999999999996
44455.0,10,315.0,8.289473684210526,7.079082942022817,10,10,315.0,0.2938722840074609,5.4823110580183325,7.079082942022817,10,315.0,1.2399999999999998
44460.0,6,98.0,2.8,7.1667461092033635,6,6,39.0,0.3270292434359884,5.838410679371529,7.1667461092033635,6,39.0,2.76
44465.0,6,89.0,2.282051282051282,7.664554636652377,6,6,89.0,0.3605435061674233,6.338423728326993,7.664554636652377,6,89.0,-0.5
44470.0,6,37.0,1.0277777777777777,7.558697034926429,6,6,37.0,0.3578811718200543,6.622078120713379,7.558697034926429,6,37.0,0.52
44475.0,10,67.0,1.8108108108108107,6.544979040359226,10,10,36.0,0.2794935379441121,5.1943910044035935,6.544979040359226,10,36.0,0.010000000000000009
44480.0,10,117.0,3.1621621621621623,7.580305996406798,10,10,117.0,0.3617999510526307,6.577976287928891,7.580305996406798,10,117.0,-0.8099999999999999
44485.0,11,117.0,3.0,7.090264708446068,11,11,117.0,0.34150764936647326,6.134967913717443,7.090264708446068,11,117.0,0.0
44490.0,6,83.0,2.1842105263157894,7.399193812284696,6,6,70.0,0.33875733272757214,6.3646974202958635,7.399193812284696,6,70.0,0.47
44495.0,5,107.0,2.8157894736842106,8.040204548125553,5,5,107.0,0.38784013546381507,7.063377716899445,8.040204548125553,5,107.0,-0.3700000000000001
44500.0,8,137.0,3.341463414634146,7.274784748134775,8,8,137.0,0.3322681761527733,5.754804973684272,7.274784748134775,8,137.0,-0.30000000000000004
44505.0,8,177.0,4.538461538461538,8.126961328647266,8,8,177.0,0.41646104268476025,7.050626698185287,8.126961328647266,8,177.0,-0.3999999999999999
44510.0,8,208.0,5.333333333333333,7.272066837683686,8,8,208.0,0.32819413201731557,5.871138813441434,7.272066837683686,8,208.0,-0.31000000000000005
44515.0,11,253.0,6.487179487179487,7.148761556393303,11,11,247.0,0.3037092555724728,5.478102042371591,7.148761556393303,11,247.0,-0.3900000000000001
44520.0,10,301.0,7.717948717948718,7.3774679041686015,10,10,299.0,0.3108395907100168,5.605973520566534,7.3774679041686015,10,299.0,-0.52
44525.0,10,179.0,4.475,6.847857074439115,10,10,179.0,0.25709365306284965,4.826045753237172,6.847857074439115,10,179.0,1.2000000000000002
44530.0,6,128.0,3.5555555555555554,8.161893516284787,6,6,63.0,0.3756658634934757,6.890913176371268,8.161893516284787,6,63.0,1.1600000000000001
44535.0,7,160.0,4.324324324324325,7.805436131110178,7,7,160.0,0.3631525559921707,6.598545105306813,7.805436131110178,7,160.0,-0.9700000000000001
44540.0,8,79.0,2.1944444444444446,7.9664102883684835,8,8,79.0,0.36380725200848174,7.041630162411854,7.9664102883684835,8,79.0,0.81
44545.0,9,84.0,2.210526315789474,7.320524288397129,9,9,36.0,0.30161739879131855,5.902175104594835,7.320524288397129,9,36.0,0.43000000000000005
44550.0,8,124.0,3.4444444444444446,8.33045239772362,8,8,124.0,0.3910101145506059,7.472816855706193,8.33045239772362,8,124.0,-0.88
44555.0,8,164.0,4.685714285714286,8.12353806793522,8,8,164.0,0.3706663847790252,7.142851218550997,8.12353806793522,8,164.0,-0.3999999999999999
44560.0,11,213.0,5.756756756756757,7.067518560146442,11,11,213.0,0.272084320235022,5.198935631237139,7.067518560146442,11,213.0,-0.49
44565.0,8,187.0,5.194444444444445,7.794109941684795,8,8,187.0,0.34150828067911904,6.593031025312595,7.794109941684795,8,187.0,0.2599999999999998
44570.0,7,190.0,5.277777777777778,6.901110208286355,7,7,167.0,0.2721369261607736,5.03911463566999,6.901110208286355,7,167.0,0.20000000000000018
44575.0,8,230.0,6.571428571428571,8.14397192953044,8,8,230.0,0.3774203815643368,6.946844586770801,8.14397192953044,8,230.0,-0.6299999999999999
44580.0,6,105.0,3.0,7.740685573813312,6,6,105.0,0.3414136008791664,6.335087780840677,7.740685573813312,6,105.0,1.2499999999999998
44585.0,4,54.0,1.4594594594594594,8.004144788944613,4,4,-8.0,0.3804174613777712,6.875354759074368,8.004144788944613,4,-8.0,1.1300000000000001
44590.0,5,76.0,2.111111111111111,9.157027969629153,5,5,76.0,0.45875673630427344,8.489433919619835,9.157027969629153,5,76.0,-0.84
44595.0,8,71.0,1.868421052631579,7.675513152785542,8,8,71.0,0.3017675824557168,5.861552775660755,7.675513152785542,8,71.0,0.050000000000000044
44600.0,9,116.0,3.411764705882353,8.355075587082506,9,9,84.0,0.37551441977046524,7.224996700395236,8.355075587082506,9,84.0,-0.13
44605.0,12,161.0,4.6,6.84504074107207,12,12,161.0,0.2801236497510461,5.2191514386928155,6.84504074107207,12,161.0,-0.7700000000000001
44610.0,9,171.0,5.029411764705882,7.447234789881276,9,9,171.0,0.3358693980499119,6.322689298443686,7.447234789881276,9,171.0,-0.09999999999999987
44615.0,8,206.0,6.242424242424242,8.049150744475968,8,8,193.0,0.3929251050186346,7.260196808423835,8.049150744475968,8,193.0,-0.21999999999999997
44620.0,11,251.0,6.972222222222222,6.779471047682603,11,11,251.0,0.28843285813809205,5.178416136012914,6.779471047682603,11,251.0,-0.5799999999999998
44625.0,9,184.0,5.411764705882353,7.330204434246753,8,9,183.0,0.34205547017454896,6.4617162621850905,7.330204434246753,8,183.0,0.6799999999999997
44630.0,8,188.0,5.529411764705882,6.73986954848166,8,8,145.0,0.2700616445996015,5.172320372869579,6.73986954848166,8,145.0,0.3800000000000001
44635.0,8,226.0,6.647058823529412,7.690228718434136,8,8,226.0,0.33152117196952047,6.452915477319112,7.690228718434136,8,226.0,-0.8099999999999998
44640.0,8,107.0,3.1470588235294117,7.022960753547573,8,8,107.0,0.28841021260336874,5.63472508333913,7.022960753547573,8,107.0,1.1899999999999997
44645.0,7,72.0,2.0,7.092056865691762,7,7,7.0,0.3039441547819636,5.681272956440965,7.092056865691762,7,7.0,1.0
44650.0,7,107.0,3.242424242424242,8.399490602115556,7,7,107.0,0.4093229882731506,7.394102196583032,8.399490602115556,7,107.0,-1.0
44655.0,10,114.0,3.257142857142857,6.813681663692963,10,10,114.0,0.2821728189355761,5.285110718885065,6.813681663692963,10,114.0,-0.06999999999999984
44660.0,11,169.0,4.828571428571428,7.848435550177083,11,11,137.0,0.33503376516466443,6.478803823456673,7.848435550177083,11,137.0,-0.2300000000000002
44665.0,14,224.0,6.222222222222222,6.411281357311433,14,14,224.0,0.24799914362490358,4.737627125192951,6.411281357311433,14,224.0,-0.8700000000000001
44670.0,11,243.0,6.75,7.052661700714577,11,11,243.0,0.29477167806307564,5.71168919945961,7.052661700714577,11,243.0,-0.18999999999999995
44675.0,10,289.0,8.757575757575758,7.416528119678484,10,10,276.0,0.3485534594502615,6.495734555303677,7.416528119678484,10,276.0,-0.3299999999999996
44680.0,11,343.0,9.527777777777779,6.746224874357559,11,11,343.0,0.29421944022124136,5.454433135012001,6.746224874357559,11,343.0,-0.6700000000000004
44685.0,11,278.0,8.176470588235293,6.5088764760272975,10,11,277.0,0.29179786149730613,5.609559982863844,6.5088764760272975,10,277.0,0.6600000000000001
44690.0,11,297.0,8.25,5.827348307102854,11,11,247.0,0.23500543027583773,4.4525607464954415,5.827348307102854,11,247.0,0.2999999999999998
44695.0,10,342.0,9.771428571428572,6.831954819025871,10,10,342.0,0.3079450746119646,5.782000763172221,6.831954819025871,10,342.0,-0.9499999999999997
44700.0,10,212.0,6.057142857142857,6.4123280086323,10,10,212.0,0.27713301219570535,5.226157077159008,6.4123280086323,10,212.0,1.2999999999999998
44705.0,8,70.0,1.794871794871795,6.394770717513461,8,8,11.0,0.2609018331678913,5.074606964942758,6.394770717513461,8,11.0,2.0100000000000002
44710.0,7,100.0,2.6315789473684212,7.178329820223762,7,7,100.0,0.32960547983510896,6.133584199163253,7.178329820223762,7,100.0,-0.89
44715.0,8,90.0,2.3076923076923075,6.413136265247407,8,8,90.0,0.2707446559948209,5.118215521445516,6.413136265247407,8,90.0,0.09999999999999998
44720.0,10,121.0,3.27027027027027,7.449405074745028,10,10,107.0,0.33554724627680765,6.329601237229593,7.449405074745028,10,107.0,-0.17000000000000004
44725.0,14,172.0,4.3,7.109571382936247,14,14,172.0,0.3135090581164391,5.700866103370094,7.109571382936247,14,172.0,-0.6499999999999999
44730.0,10,182.0,4.55,7.52538911866894,10,10,182.0,0.31728025242086166,6.1837912121812115,7.52538911866894,10,182.0,-0.10000000000000009
44735.0,6,164.0,4.4324324324324325,7.688201090828942,6,6,151.0,0.33229523732485505,6.38663716986147,7.688201090828942,6,151.0,0.31000000000000005
44740.0,9,200.0,5.405405405405405,6.88204632888655,9,9,200.0,0.29279285299801067,5.44590276489305,6.88204632888655,9,200.0,-0.49
44745.0,10,130.0,3.5135135135135136,7.008700230025242,10,10,130.0,0.3104191310855904,5.786805968562466,7.008700230025242,10,130.0,0.7
44750.0,9,144.0,3.789473684210526,6.341847553572661,9,9,96.0,0.26976187545063,4.815733719797728,6.341847553572661,9,96.0,0.3400000000000001
44755.0,10,193.0,5.078947368421052,7.5664237738227245,10,10,193.0,0.34678792733282193,6.134063056150706,7.5664237738227245,10,193.0,-0.97
44760.0,9,147.0,3.972972972972973,7.60005522019483,9,9,147.0,0.3436025979997432,6.240125430707077,7.60005522019483,9,147.0,0.45999999999999996
44765.0,12,200.0,5.0,6.997040228849802,12,12,127.0,0.27561710461493133,5.128624335111,6.997040228849802,12,127.0,0.19999999999999996
44770.0,12,260.0,6.666666666666667,7.441790818372122,12,12,260.0,0.32487458703643385,5.966840441700793,7.441790818372122,12,260.0,-1.33
44775.0,11,225.0,5.487804878048781,6.540356087755191,11,11,225.0,0.2355976777370522,4.536749865776543,6.540356087755191,11,225.0,0.3500000000000001
44780.0,8,192.0,4.8,7.77884946803358,8,8,163.0,0.34333605206669576,6.461715273439574,7.77884946803358,8,163.0,0.6200000000000001
44785.0,10,232.0,5.948717948717949,7.743773977628107,10,10,232.0,0.3498913226254875,6.488911352772828,7.743773977628107,10,232.0,-0.69
44790.0,10,132.0,3.473684210526316,7.3126403702537415,10,10,132.0,0.31125772318367784,6.120381990270169,7.3126403702537415,10,132.0,0.9999999999999998
44795.0,7,121.0,3.4571428571428573,7.6248996168843295,7,7,64.0,0.35219558318226085,6.578528196424355,7.6248996168843295,7,64.0,0.68
44800.0,9,162.0,4.2631578947368425,7.224065495008561,9,9,162.0,0.31079592631334757,5.595784044102936,7.224065495008561,9,162.0,-0.9800000000000001
44805.0,9,166.0,4.486486486486487,7.683989423954321,9,9,166.0,0.3253468550119307,6.244333686162311,7.683989423954321,9,166.0,-0.039999999999999813
44810.0,10,199.0,5.378378378378378,6.580677436410011,10,10,186.0,0.2288205421937909,4.586634806163404,6.580677436410011,10,186.0,-0.20000000000000018
44815.0,10,249.0,7.114285714285714,7.62337913926157,10,10,249.0,0.3206421564858655,6.2227448231189495,7.62337913926157,10,249.0,-0.6300000000000001
44820.0,11,284.0,8.114285714285714,7.139548452027282,10,11,283.0,0.2949112010238684,5.795508939718517,7.139548452027282,10,283.0,-0.33999999999999986
44825.0,13,342.0,9.0,6.66557067322523,13,13,342.0,0.25040820136181646,4.9851808265419635,6.66557067322523,13,342.0,-0.5899999999999999
44830.0,13,407.0,11.0,7.102885046375755,13,13,392.0,0.27240116334175796,5.283564391307727,7.102885046375755,13,392.0,-0.5
44835.0,14,389.0,10.513513513513514,5.880041036201758,14,14,389.0,0.22017258321066582,4.219911938317908,5.880041036201758,14,389.0,0.029999999999999805
44840.0,11,427.0,11.86111111111111,7.184359410897266,11,11,399.0,0.31427943021547367,6.034941572531536,7.184359410897266,11,399.0,-0.10000000000000009
44845.0,14,482.0,12.35897435897436,6.939683959670671,14,14,482.0,0.2930818434703634,5.599203108801738,6.939683959670671,14,482.0,-0.8300000000000001
44850.0,12,471.0,12.394736842105264,7.150052823845409,11,12,470.0,0.30003049919094765,6.040149588539729,7.150052823845409,11,470.0,0.1200000000000001
44855.0,10,516.0,14.333333333333334,6.855806764406639,10,10,487.0,0.2716641023161394,5.275538318226011,6.855806764406639,10,487.0,-0.16999999999999993
44860.0,13,576.0,15.157894736842104,6.302357316708606,13,13,576.0,0.25357144378084595,4.664895671766194,6.302357316708606,13,576.0,-0.8899999999999997
44865.0,14,641.0,18.314285714285713,6.37614971329847,14,14,641.0,0.2935490423741187,5.405261186802869,6.37614971329847,14,641.0,-0.6500000000000004
44870.0,15,712.0,19.77777777777778,5.050740040547579,15,15,710.0,0.20144583225646817,3.6214118678629297,5.050740040547579,15,710.0,-0.6899999999999995
44875.0,17,796.0,22.11111111111111,5.762041210516997,17,17,796.0,0.23493588029856666,4.279685268459245,5.762041210516997,17,796.0,-0.8600000000000003
44880.0,15,818.0,22.72222222222222,5.843289535186098,15,15,818.0,0.23798805889531352,4.374358291835749,5.843289535186098,15,818.0,-0.21999999999999975
44885.0,16,896.0,22.974358974358974,5.60812990582511,16,16,869.0,0.23319020927542736,4.23614538149025,5.60812990582511,16,869.0,-0.5099999999999998
44890.0,16,976.0,25.025641025641026,6.1820505893663045,16,16,976.0,0.27248822752206076,4.887420088292756,6.1820505893663045,16,976.0,-1.0700000000000003
44895.0,18,1062.0,25.285714285714285,5.608818943327979,18,18,1062.0,0.21068828841186268,3.9580985583521335,5.608818943327979,18,1062.0,-0.8599999999999994
44900.0,19,1156.0,29.641025641025642,5.8645129678154495,19,19,1156.0,0.2207620433336098,4.32535727423096,5.8645129678154495,19,1156.0,-0.9400000000000013
44905.0,23,1254.0,31.35,5.085948968219721,23,23,1254.0,0.18821177774601613,3.749948241193417,5.085948968219721,23,1254.0,-0.9799999999999986
44910.0,20,1344.0,33.6,5.506330325096831,20,20,1344.0,0.21821274131927626,4.340935767036337,5.506330325096831,20,1344.0,-0.9000000000000004
44915.0,21,1445.0,39.054054054054056,4.901126096602402,21,21,1436.0,0.2182518913979336,4.066237102811847,4.901126096602402,21,1436.0,-0.9199999999999999
44920.0,23,1556.0,38.9,4.316354521090394,23,23,1556.0,0.1947416912257611,3.469564314165492,4.316354521090394,23,1556.0,-1.200000000000001
44925.0,20,1489.0,38.17948717948718,4.708258031224949,20,20,1489.0,0.20233450196411212,3.8479262068785687,4.708258031224949,20,1489.0,0.6699999999999999
44930.0,18,1471.0,35.023809523809526,4.425343763646257,18,18,1412.0,0.1778168036625794,3.273847350238527,4.425343763646257,18,1412.0,0.7700000000000014
44935.0,18,1561.0,37.166666666666664,5.4060576659914386,18,18,1561.0,0.23771904996528656,4.265108400577203,5.4060576659914386,18,1561.0,-1.4900000000000002
44940.0,21,1649.0,40.21951219512195,5.310414763814344,21,21,1649.0,0.22879276974347118,4.118775412003273,5.310414763814344,21,1649.0,-0.879999999999999
44945.0,22,1756.0,40.83720930232558,5.1091417563366575,22,22,1750.0,0.20680642296518562,3.755181957512886,5.1091417563366575,22,1750.0,-1.0100000000000016
44950.0,23,1867.0,44.45238095238095,4.978277965863813,23,23,1867.0,0.19664552513983596,3.6034690293479064,4.978277965863813,23,1867.0,-1.1700000000000017
44955.0,24,1985.0,44.111111111111114,4.909614967055405,24,24,1985.0,0.1812147440122556,3.261151718614691,4.909614967055405,24,1985.0,-1.1799999999999997
44960.0,21,1519.0,33.75555555555555,5.396949107694124,21,21,1519.0,0.21037154399505958,3.798948608580521,5.396949107694124,21,1519.0,4.660000000000002
44965.0,20,851.0,17.729166666666668,5.565638051217383,20,20,653.0,0.21894035217550498,3.9343546252309824,5.565638051217383,20,653.0,8.66
44970.0,14,433.0,9.212765957446809,6.356758179283146,14,14,433.0,0.2767640256079037,4.880500937582676,6.356758179283146,14,433.0,2.2
44975.0,10,154.0,3.422222222222222,6.538439292456859,10,10,154.0,0.29377495023531536,5.281599292108397,6.538439292456859,10,154.0,2.79
44980.0,11,114.0,2.4782608695652173,6.080040798228188,11,11,81.0,0.25964277463230795,4.642638171756102,6.080040798228188,11,81.0,0.73
44985.0,17,188.0,4.177777777777778,6.250154059480107,17,17,188.0,0.269498386852753,4.7101038870478,6.250154059480107,17,188.0,-1.0699999999999998
44990.0,19,239.0,5.311111111111111,4.8010655439081225,19,19,239.0,0.17870257697198363,3.2479428061491737,4.8010655439081225,19,239.0,-0.5100000000000002
44995.0,16,253.0,5.622222222222222,5.656110481529465,16,16,240.0,0.2148113203801214,3.9142470427173532,5.656110481529465,16,240.0,-0.009999999999999787
45000.0,12,246.0,5.466666666666667,6.714741056050529,12,12,246.0,0.2910874356951929,5.164738615144334,6.714741056050529,12,246.0,-0.06000000000000005
45005.0,10,202.0,4.208333333333333,6.390821143565778,10,10,202.0,0.2550189151441527,4.844088542010061,6.390821143565778,10,202.0,0.43999999999999995
45010.0,14,261.0,5.553191489361702,6.612622247885824,14,14,248.0,0.27374726911169955,4.987074767427313,6.612622247885824,14,248.0,-0.45999999999999996
45015.0,21,348.0,7.25,5.746795802660482,21,21,348.0,0.22452647104493423,3.8477925886719464,5.746795802660482,21,348.0,-1.0
45020.0,17,322.0,6.708333333333333,6.3358467602942055,17,17,322.0,0.2492391951339164,4.617775341690815,6.3358467602942055,17,322.0,0.2599999999999998
45025.0,19,374.0,7.791666666666667,5.928823940258876,19,19,325.0,0.22539032843414014,4.250575253833954,5.928823940258876,19,325.0,-0.029999999999999805
45030.0,17,457.0,9.520833333333334,6.670509015974621,17,17,457.0,0.2744846046408461,5.057882182780159,6.670509015974621,17,457.0,-1.3200000000000003
45035.0,17,375.0,8.152173913043478,6.295062162674201,17,17,375.0,0.24224938397263893,4.53195887717863,6.295062162674201,17,375.0,0.8200000000000003
45040.0,18,462.0,9.625,6.079847577259465,18,18,350.0,0.21590583493444981,3.9669775391298514,6.079847577259465,18,350.0,0.25
45045.0,19,556.0,12.08695652173913,6.252954994288094,19,19,556.0,0.2305311221506851,4.228001886250597,6.252954994288094,19,556.0,-2.0599999999999996
45050.0,18,516.0,11.217391304347826,5.777607739463536,18,18,516.0,0.18963162680934628,3.5921938111854987,5.777607739463536,18,516.0,0.39999999999999947
45055.0,14,369.0,8.021739130434783,6.35174493849311,14,14,326.0,0.2395827360784843,4.425000125251657,6.35174493849311,14,326.0,1.9000000000000004
45060.0,10,201.0,4.466666666666667,6.852756746003162,10,10,201.0,0.280680103951328,5.079761359280721,6.852756746003162,10,201.0,1.25
45065.0,8,88.0,1.8333333333333333,6.592574334487953,8,8,88.0,0.2668240058476304,4.926387446831652,6.592574334487953,8,88.0,1.13
45070.0,12,135.0,3.0,6.860605273814483,12,12,102.0,0.28592222190655864,5.137550743872928,6.860605273814483,12,102.0,-0.14
45075.0,18,212.0,4.51063829787234,6.358788964698631,18,18,212.0,0.260707257202361,4.488290328047399,6.358788964698631,18,212.0,-1.1
45080.0,16,183.0,4.255813953488372,6.346940453819355,16,16,183.0,0.25147861187447734,4.714705879056948,6.346940453819355,16,183.0,0.29000000000000004
45085.0,17,231.0,5.372093023255814,6.376725527887928,17,17,188.0,0.2567838536077617,4.790596522109585,6.376725527887928,17,188.0,-0.04999999999999982
45090.0,16,308.0,7.162790697674419,6.495281040897217,16,16,308.0,0.280285500822024,5.059663388427063,6.495281040897217,16,308.0,-1.2000000000000002
45095.0,18,393.0,9.357142857142858,6.413568430913014,18,18,393.0,0.2643123374227694,4.8404525050875105,6.413568430913014,18,393.0,-0.8500000000000001
45100.0,19,484.0,11.0,5.642031798212498,19,19,484.0,0.19109289995053275,3.5502492915010624,5.642031798212498,19,484.0,-0.9099999999999997
45105.0,20,584.0,13.581395348837209,5.690424207030326,20,20,584.0,0.2009559968824815,3.6806624788628803,5.690424207030326,20,584.0,-1.0
45110.0,19,548.0,12.177777777777777,5.174545048306837,19,19,548.0,0.1653384476897376,3.1084615451978395,5.174545048306837,19,548.0,0.35999999999999943
45115.0,15,407.0,9.465116279069768,5.90143943115655,15,15,364.0,0.23406505411333184,4.2723042184594595,5.90143943115655,15,364.0,1.8400000000000003
45120.0,11,244.0,5.809523809523809,6.5801294192635496,11,11,244.0,0.2862847015414555,5.16976109135949,6.5801294192635496,11,244.0,1.2000000000000002
45125.0,8,98.0,2.1777777777777776,6.377388871356605,8,8,98.0,0.27096360105911477,5.108968140589418,6.377388871356605,8,98.0,1.46
45130.0,12,129.0,2.9318181818181817,6.5272157993125255,12,12,87.0,0.2659432634357772,5.0153297999339905,6.5272157993125255,12,87.0,0.10999999999999999
45135.0,18,206.0,4.681818181818182,5.856337149348624,18,18,206.0,0.233387222653761,4.237314398604531,5.856337149348624,18,206.0,-1.19
45140.0,18,296.0,7.0476190476190474,6.020734314221273,18,18,296.0,0.24188360294198125,4.594847061994627,6.020734314221273,18,296.0,-0.8999999999999999
45145.0,22,389.0,9.046511627906977,5.720718064827311,22,22,389.0,0.22323546380876533,4.350417596103236,5.720718064827311,22,389.0,-0.9300000000000002
45150.0,17,340.0,7.906976744186046,6.075148816750627,17,17,340.0,0.2374260666548246,4.694429348526409,6.075148816750627,17,340.0,0.4900000000000002
45155.0,15,365.0,8.69047619047619,6.059904232406086,15,15,312.0,0.2612888941710174,4.827714677237799,6.059904232406086,15,312.0,0.2799999999999998
45160.0,17,443.0,9.844444444444445,5.829794872833212,17,17,443.0,0.2442557455589688,4.299909129778914,5.829794872833212,17,443.0,-1.3099999999999996
45165.0,16,407.0,9.044444444444444,5.86955367997428,16,16,407.0,0.21996997651493508,4.0940445630834,5.86955367997428,16,407.0,0.35999999999999943
45170.0,13,277.0,5.8936170212765955,6.10573767560559,13,13,239.0,0.23603430472606535,4.372623929309245,6.10573767560559,13,239.0,1.6800000000000002
45175.0,9,130.0,2.9545454545454546,6.842314912742463,9,9,130.0,0.29743173353057084,5.500467168346618,6.842314912742463,9,130.0,1.09
45180.0,6,57.0,1.3255813953488371,6.802915108374026,6,6,57.0,0.29063627246650625,5.5297755273106866,6.802915108374026,6,57.0,0.7300000000000001
45185.0,12,105.0,2.234042553191489,6.208207652361356,12,12,92.0,0.23759198572963544,4.610395652726518,6.208207652361356,12,92.0,-0.3500000000000001
45190.0,16,179.0,3.8085106382978724,6.366203954736961,16,16,179.0,0.24431824994337822,4.640350235535939,6.366203954736961,16,179.0,-0.87
45195.0,17,219.0,4.659574468085107,5.701422843437817,17,17,219.0,0.2019853306873047,3.83456741117543,5.701422843437817,17,219.0,-0.3999999999999999
45200.0,12,214.0,4.863636363636363,6.4710918843818925,12,12,201.0,0.2787792409744553,5.113553754032059,6.4710918843818925,12,201.0,0.18000000000000016
45205.0,11,189.0,4.108695652173913,6.670283245599042,11,11,189.0,0.299526504744232,5.290851205384974,6.670283245599042,11,189.0,0.11999999999999988
45210.0,9,116.0,2.6363636363636362,6.838996647097531,9,9,116.0,0.3019278318149737,5.699387240471552,6.838996647097531,9,116.0,0.73
45215.0,12,145.0,3.372093023255814,6.767724691784966,12,12,98.0,0.2919115618868347,5.4094870255948,6.767724691784966,12,98.0,0.17999999999999994
45220.0,15,216.0,4.909090909090909,6.6202501264598315,15,15,216.0,0.283791252038909,5.11454813701087,6.6202501264598315,15,216.0,-1.1800000000000002
45225.0,14,212.0,4.818181818181818,6.742870437926521,14,14,212.0,0.26370086841785134,5.194451178775432,6.742870437926521,14,212.0,0.040000000000000036
45230.0,16,279.0,6.2,6.040195763706869,16,16,250.0,0.20833266630325573,3.9253745847524057,6.040195763706869,16,250.0,-0.3799999999999999
45235.0,15,354.0,8.232558139534884,6.836319082865045,15,15,354.0,0.2815028030805428,5.080794500214258,6.836319082865045,15,354.0,-1.04
45240.0,13,334.0,7.9523809523809526,6.672909231663594,13,13,334.0,0.2589410392820643,4.747163514596895,6.672909231663594,13,334.0,0.20000000000000018
45245.0,10,240.0,5.454545454545454,6.817591158527119,10,10,212.0,0.2701027821305251,5.1016283948784045,6.817591158527119,10,212.0,1.2199999999999998
45250.0,6,189.0,4.395348837209302,7.76162211274581,6,6,189.0,0.35304552266451383,6.411086106903301,7.76162211274581,6,189.0,0.2300000000000002
45255.0,9,94.0,2.088888888888889,6.800070297964904,9,9,94.0,0.2794109982441903,5.139930179881326,6.800070297964904,9,94.0,0.95
45260.0,14,154.0,3.6666666666666665,7.107462898592836,14,14,63.0,0.3028794402864257,5.501301514977753,7.107462898592836,14,63.0,0.30999999999999994
45265.0,17,224.0,5.209302325581396,6.541064331333132,17,17,224.0,0.2649746161585797,4.867602559546292,6.541064331333132,17,224.0,-1.6100000000000003
45270.0,14,255.0,5.930232558139535,6.8607015327921586,14,14,255.0,0.2702504014360617,5.131227349855392,6.8607015327921586,14,255.0,-0.3099999999999996
45275.0,9,235.0,5.7317073170731705,7.284423586407103,9,9,222.0,0.3107868324167851,5.7013364562833715,7.284423586407103,9,222.0,0.3299999999999996
45280.0,11,273.0,6.658536585365853,6.650503378889667,11,11,273.0,0.2889316652790293,5.180015035595998,6.650503378889667,11,273.0,-0.5099999999999998
45285.0,11,171.0,4.275,6.610887107523263,11,11,171.0,0.28436851173678257,5.288374185855201,6.610887107523263,11,171.0,1.02
45290.0,11,162.0,3.857142857142857,6.3514088443868655,11,11,104.0,0.2554295735141964,4.694352300331202,6.3514088443868655,11,104.0,0.6699999999999999
45295.0,12,220.0,5.365853658536586,7.2259260529037235,12,12,220.0,0.30789575699441135,5.776981338137912,7.2259260529037235,12,220.0,-1.1600000000000001
45300.0,11,234.0,5.7073170731707314,6.897764029192398,11,11,234.0,0.2736257559243191,5.0852350633958965,6.897764029192398,11,234.0,-0.13999999999999968
45305.0,11,240.0,5.714285714285714,6.820217489992672,11,11,227.0,0.26980662486693113,5.025941756812156,6.820217489992672,11,227.0,0.06999999999999984
45310.0,10,290.0,7.435897435897436,7.7475553906728605,10,10,290.0,0.3540683886884879,6.31888277118029,7.7475553906728605,10,290.0,-0.6299999999999999
45315.0,11,303.0,7.575,6.35825926739508,11,11,303.0,0.2579499445609216,4.613684391871312,6.35825926739508,11,303.0,-0.1299999999999999
45320.0,11,356.0,8.9,7.649451409976055,11,11,343.0,0.3479120929153418,6.2113268297699955,7.649451409976055,11,343.0,-0.40000000000000036
45325.0,14,412.0,10.048780487804878,7.1105349497115915,14,14,412.0,0.3133809389137557,5.278952504840496,7.1105349497115915,14,412.0,-0.69
45330.0,10,427.0,10.675,7.182016555581479,10,10,427.0,0.3218488748460743,5.56717088538668,7.182016555581479,10,427.0,-0.14999999999999947
45335.0,9,467.0,11.974358974358974,8.09847190174051,9,9,454.0,0.3979201117236343,6.885111678918114,8.09847190174051,9,454.0,-0.27000000000000046
45340.0,10,515.0,12.560975609756097,7.70665451036419,10,10,515.0,0.3378040560546844,5.832080794957744,7.70665451036419,10,515.0,-0.6100000000000003
45345.0,10,300.0,7.6923076923076925,7.4998414384151095,9,10,299.0,0.3284389280188974,5.872486242181289,7.4998414384151095,9,299.0,2.16
45350.0,7,106.0,2.65,6.977570858413003,7,7,9.0,0.26179105918159556,4.776882345437293,6.977570858413003,7,9.0,2.9000000000000004
45355.0,6,112.0,2.9473684210526314,7.705090110794465,6,6,112.0,0.32806359799411083,5.9633298503747385,7.705090110794465,6,112.0,-1.03
45360.0,5,135.0,3.6486486486486487,8.402824252449623,5,5,135.0,0.40813901558822724,7.308064766721501,8.402824252449623,5,135.0,-0.22999999999999998
45365.0,6,161.0,4.025,8.006390659320783,6,6,161.0,0.3594099625282479,6.7106909543988325,8.006390659320783,6,161.0,-0.26
45370.0,8,78.0,2.0526315789473686,7.9602278513061915,8,8,78.0,0.3543236339576104,6.671584889543809,7.9602278513061915,8,78.0,0.8300000000000001
45375.0,10,121.0,3.1025641025641026,7.122907677421444,10,10,34.0,0.2995390973149963,5.402243659861816,7.122907677421444,10,34.0,0.44
45380.0,11,176.0,4.756756756756757,7.993250762087174,11,11,176.0,0.3697193759460881,6.617249832400099,7.993250762087174,11,176.0,-1.42
45385.0,11,139.0,3.7567567567567566,6.660869779181103,11,11,139.0,0.26748574636906985,4.973229987949712,6.660869779181103,11,139.0,0.3700000000000001
45390.0,9,173.0,4.675675675675675,7.6061159189114615,9,9,137.0,0.3472959467741295,6.272869011272967,7.6061159189114615,9,137.0,0.019999999999999796
45395.0,9,218.0,6.228571428571429,8.236677599772499,9,9,218.0,0.4161724699672826,7.348712720183008,8.236677599772499,9,218.0,-0.81
45400.0,9,158.0,4.157894736842105,6.645404698182828,9,9,158.0,0.2723678407252023,5.032512897595508,6.645404698182828,9,158.0,0.6000000000000001
45405.0,8,182.0,5.055555555555555,7.748739974896872,8,8,138.0,0.3643552402461573,6.719496637149786,7.748739974896872,8,138.0,0.20000000000000018
45410.0,9,223.0,6.027027027027027,6.82776991600488,9,9,223.0,0.30951941520265697,5.426400042086056,6.82776991600488,9,223.0,-0.8500000000000001
45415.0,9,256.0,7.111111111111111,7.24215758721148,9,9,256.0,0.33962148413943477,6.120828120047796,7.24215758721148,9,256.0,-0.33000000000000007
45420.0,9,301.0,8.36111111111111,7.875233472616547,9,9,291.0,0.36098690098960307,6.579350953110461,7.875233472616547,9,291.0,-0.3500000000000001
45425.0,11,353.0,9.289473684210526,7.1209502669567,11,11,353.0,0.3018031013537538,5.504642247552501,7.1209502669567,11,353.0,-0.6199999999999997
45430.0,11,408.0,11.657142857142857,7.4023955586553205,11,11,408.0,0.31861335903965177,6.064348729237553,7.4023955586553205,11,408.0,-0.5500000000000003
45435.0,13,467.0,12.621621621621621,6.396557980003199,13,13,467.0,0.25392105368823625,4.630087694718612,6.396557980003199,13,467.0,-0.5899999999999999
45440.0,10,316.0,8.54054054054054,7.294874401543669,10,10,316.0,0.3243247028057062,6.074504757874849,7.294874401543669,10,316.0,1.5099999999999998
45445.0,9,126.0,3.230769230769231,7.15769342192483,9,9,58.0,0.32600681558921524,5.926659072492524,7.15769342192483,9,58.0,2.58
45450.0,6,138.0,3.6315789473684212,8.099853362781417,6,6,138.0,0.40384635791787327,7.327423833086249,8.099853362781417,6,138.0,-0.7999999999999999
45455.0,6,78.0,2.108108108108108,7.936613602189511,6,6,78.0,0.3828661494612741,7.182661784325105,7.936613602189511,6,78.0,0.5999999999999999
45460.0,10,108.0,2.918918918918919,6.695651702547034,10,10,70.0,0.27821421894880194,5.070413729995288,6.695651702547034,10,70.0,0.08000000000000007
45465.0,10,158.0,4.514285714285714,7.733909306394964,10,10,158.0,0.3647647474220129,6.510689032738598,7.733909306394964,10,158.0,-0.8800000000000001
45470.0,8,158.0,4.388888888888889,6.637748917656198,8,8,158.0,0.2841223663824165,5.1293113520997125,6.637748917656198,8,158.0,0.0
45475.0,7,144.0,4.114285714285714,7.27596735867424,7,7,131.0,0.3076529559666879,5.83753608200594,7.27596735867424,7,131.0,0.27
45480.0,6,173.0,5.242424242424242,7.792744215344678,6,6,173.0,0.3540919703293968,6.42340760694632,7.792744215344678,6,173.0,-0.41999999999999993
45485.0,8,210.0,5.833333333333333,7.43878369056494,8,8,210.0,0.3398137288236282,6.109505232520673,7.43878369056494,8,210.0,-0.3700000000000001
45490.0,7,163.0,4.527777777777778,8.068303141933825,7,7,163.0,0.38925052738900645,7.197492169935445,8.068303141933825,7,163.0,0.4700000000000002
45495.0,7,186.0,4.769230769230769,7.295295853682492,7,7,150.0,0.2932573499524598,5.538743689115051,7.295295853682492,7,150.0,0.1299999999999999
45500.0,8,224.0,5.894736842105263,7.933250710848936,8,8,224.0,0.347741822934022,6.752676372861218,7.933250710848936,8,224.0,-0.7400000000000002
45505.0,9,111.0,3.0,6.886293144561396,9,9,111.0,0.29899488026678295,5.787491976378519,6.886293144561396,9,111.0,1.1300000000000001
45510.0,10,153.0,4.25,7.393597468594747,10,10,52.0,0.32194028919481643,6.347857606589217,7.393597468594747,10,52.0,0.5900000000000001
45515.0,10,198.0,5.6571428571428575,7.282235422360021,10,10,97.0,0.3233347559751745,6.330173894472735,7.282235422360021,10,97.0,-0.44999999999999996
45520.0,11,236.0,6.555555555555555,6.209013789084512,11,11,234.0,0.24731152579547352,4.617820880091173,6.209013789084512,11,234.0,-1.3699999999999999
45525.0,11,291.0,8.314285714285715,7.53258059260513,11,11,284.0,0.3347871240454605,6.140953994100446,7.53258059260513,11,284.0,-0.5
45530.0,13,348.0,9.405405405405405,6.242680769226669,13,13,348.0,0.268544605157979,4.632327064760612,6.242680769226669,13,348.0,-0.6400000000000001
45535.0,10,257.0,7.138888888888889,7.020334593307165,10,10,257.0,0.30271259280763535,5.6631401136672155,7.020334593307165,10,257.0,0.9100000000000001
45540.0,7,240.0,7.0588235294117645,7.676925217366152,7,7,182.0,0.34126944155571437,6.230559231028313,7.676925217366152,7,182.0,0.7499999999999998
45545.0,9,280.0,7.777777777777778,7.480325147261626,9,9,280.0,0.3320669665581668,6.068888239299315,7.480325147261626,9,280.0,-0.9799999999999998
45550.0,9,325.0,9.027777777777779,7.973985635257979,9,9,325.0,0.3676002661227281,6.797192822678635,7.973985635257979,9,325.0,-0.4500000000000002
45555.0,9,180.0,4.615384615384615,6.929675028399261,9,9,180.0,0.2740121224389857,5.150882209756289,6.929675028399261,9,180.0,1.45
45560.0,5,68.0,1.7894736842105263,8.007551793367622,5,5,5.0,0.3602086078800015,6.778498091985683,8.007551793367622,5,5.0,1.75
45565.0,6,87.0,2.3513513513513513,8.323941921011976,6,6,86.0,0.3993161001438764,7.255946283272042,8.323941921011976,6,86.0,-0.8099999999999999
45570.0,6,113.0,3.054054054054054,8.839756279272954,6,6,113.0,0.44974264387979823,8.009499341356163,8.839756279272954,6,113.0,-0.2699999999999999
45575.0,7,90.0,2.5,8.100008124716824,7,7,90.0,0.4037702755004995,7.328379049120388,8.100008124716824,7,90.0,0.22999999999999987
45580.0,10,132.0,3.5675675675675675,6.803257230894618,10,10,81.0,0.2780138968583972,4.908184137911333,6.803257230894618,10,81.0,0.08999999999999997
45585.0,10,182.0,5.2,7.512938765815787,10,10,182.0,0.33720086085992174,6.086460144724022,7.512938765815787,10,182.0,-1.01
45590.0,8,165.0,4.342105263157895,7.0987008900262865,8,8,165.0,0.29432869679709434,5.357281513221445,7.0987008900262865,8,165.0,0.17000000000000015
45595.0,9,207.0,5.594594594594595,7.7993913870577245,9,9,178.0,0.3478982782580036,6.244816461756893,7.7993913870577245,9,178.0,-0.13000000000000012
45600.0,9,252.0,7.411764705882353,7.827793482165492,9,9,252.0,0.3800718540943605,6.488599004728103,7.827793482165492,9,252.0,-0.74
45605.0,9,154.0,4.4,6.651779876324117,9,9,154.0,0.2913647374051042,5.251779771950335,6.651779876324117,9,154.0,0.98
45610.0,6,141.0,4.147058823529412,7.931003651202637,6,6,85.0,0.400485284078805,7.190033607273004,7.931003651202637,6,85.0,0.6900000000000001
45615.0,7,172.0,4.648648648648648,7.474506470646974,7,7,172.0,0.3509159465609346,6.284086006427063,7.474506470646974,7,172.0,-0.87
45620.0,7,81.0,2.189189189189189,7.8487278770211395,7,7,81.0,0.38270990377229147,6.99186284899111,7.8487278770211395,7,81.0,0.9099999999999999
45625.0,7,47.0,1.205128205128205,7.863945191578444,7,7,5.0,0.36286370658893735,7.003845982855093,7.863945191578444,7,5.0,0.76
45630.0,6,73.0,1.972972972972973,8.543876041198962,6,6,73.0,0.41511152879903995,7.996984012358767,8.543876041198962,6,73.0,-0.6799999999999999
45635.0,8,108.0,3.272727272727273,8.356890881394262,8,8,108.0,0.378325865618687,7.681119452936487,8.356890881394262,8,108.0,-0.3500000000000001
45640.0,11,155.0,4.428571428571429,7.190413246467936,11,11,155.0,0.2542790788386509,5.361146036003345,7.190413246467936,11,155.0,-0.47
45645.0,11,210.0,6.0,7.844587635032001,11,11,210.0,0.2985113428157004,6.188513963996658,7.844587635032001,11,210.0,-0.55
45650.0,11,181.0,5.027777777777778,6.723677823564195,11,11,181.0,0.22475871368480513,4.4370843375488755,6.723677823564195,11,181.0,0.29000000000000004
45655.0,9,211.0,6.0285714285714285,7.558658803713279,9,9,183.0,0.3159083286891175,6.023169349946176,7.558658803713279,9,183.0,-0.020000000000000018
45660.0,9,256.0,7.529411764705882,7.709378036221257,9,9,256.0,0.3355854689159942,6.164565111499934,7.709378036221257,9,256.0,-0.73
45665.0,9,220.0,5.7894736842105265,7.087325418798429,9,9,220.0,0.2717656000510831,5.328480859619136,7.087325418798429,9,220.0,0.3599999999999999
45670.0,7,236.0,6.742857142857143,7.888022228955098,7,7,208.0,0.35028500546114816,6.566319090211984,7.888022228955098,7,208.0,0.1200000000000001
45675.0,8,274.0,7.611111111111111,7.570589440883562,8,8,274.0,0.3280585982019764,6.042563964325683,7.570589440883562,8,274.0,-0.6600000000000001
45680.0,7,127.0,3.8484848484848486,8.035593727065967,7,7,127.0,0.35908923484884236,7.122664106814729,8.035593727065967,7,127.0,1.4700000000000002
45685.0,5,40.0,1.2121212121212122,8.192290477900835,5,5,-31.0,0.38135122044317704,7.519108749377907,8.192290477900835,5,-31.0,1.58
45690.0,4,58.0,1.7575757575757576,8.997293866152196,4,4,58.0,0.44356366037392225,8.744921346831184,8.997293866152196,4,58.0,-0.8899999999999999
45695.0,8,88.0,2.6666666666666665,8.164619557237277,8,8,88.0,0.3688460793835524,7.296448849790787,8.164619557237277,8,88.0,-0.30000000000000004
45700.0,11,136.0,3.7777777777777777,7.046232079787385,11,11,136.0,0.2515424028147721,5.055328715918109,7.046232079787385,11,136.0,-0.4800000000000001
45705.0,11,191.0,5.305555555555555,7.676628642728641,11,11,191.0,0.30324862493366356,6.067837044635477,7.676628642728641,11,191.0,-0.5499999999999998
45710.0,10,147.0,3.972972972972973,6.432105346429292,10,10,147.0,0.21716274750883532,4.359034807247486,6.432105346429292,10,147.0,0.43999999999999995
45715.0,9,178.0,5.085714285714285,7.5883238263698605,9,9,136.0,0.33023086046672234,6.324398016437337,7.5883238263698605,9,136.0,0.10999999999999988
45720.0,9,223.0,6.5588235294117645,7.549375713081177,9,9,223.0,0.3524831658638623,6.232203671906624,7.549375713081177,9,223.0,-0.8699999999999999
45725.0,9,164.0,4.315789473684211,6.926548693301452,9,9,164.0,0.2973279807823396,5.422252837636722,6.926548693301452,9,164.0,0.5900000000000001
45730.0,7,181.0,5.027777777777778,8.108135245240128,7,7,138.0,0.38347383098609017,6.98953918853786,8.108135245240128,7,138.0,0.26
45735.0,9,219.0,6.083333333333333,7.415624038003854,9,9,219.0,0.3379161718694818,5.86582685188917,7.415624038003854,9,219.0,-0.81
45740.0,7,126.0,3.7058823529411766,7.999172955205423,7,7,126.0,0.38174850716261177,6.980889590672487,7.999172955205423,7,126.0,0.9299999999999999
45745.0,6,41.0,1.2058823529411764,8.150427360627184,6,6,-2.0,0.38501149933415435,7.122049420583073,8.150427360627184,6,-2.0,1.28
45750.0,5,60.0,1.8181818181818181,8.814903752427185,5,5,60.0,0.4258966973473707,8.025091878135594,8.814903752427185,5,60.0,-0.62
45755.0,6,67.0,2.0303030303030303,8.876524367149374,6,6,67.0,0.43502685318200124,8.19516236857173,8.876524367149374,6,67.0,-0.07000000000000006
45760.0,9,103.0,2.861111111111111,7.4865163002752,9,9,90.0,0.27793452100101546,5.377525988597569,7.4865163002752,9,90.0,-0.22999999999999998
45765.0,9,148.0,4.228571428571429,8.373982777530872,9,9,148.0,0.3590102929084532,6.7063661157474375,8.373982777530872,9,148.0,-0.58
45770.0,7,88.0,2.3783783783783785,7.4691711569182155,7,7,88.0,0.28249432515516915,5.3188270823430726,7.4691711569182155,7,88.0,0.6
45775.0,7,110.0,3.235294117647059,7.655970968468057,7,7,68.0,0.3231670101261552,6.1656435831201595,7.655970968468057,7,68.0,0.19999999999999996
45780.0,7,145.0,4.393939393939394,7.708339846602944,7,7,145.0,0.33304720068551735,6.1432194972830665,7.708339846602944,7,145.0,-0.7699999999999999
45785.0,8,94.0,2.6857142857142855,6.937650820074811,8,8,94.0,0.29503373983707787,5.400953702153632,6.937650820074811,8,94.0,0.51
45790.0,5,72.0,2.1818181818181817,8.12613316902847,5,5,44.0,0.4031265793318643,7.308182863988264,8.12613316902847,5,44.0,0.49999999999999994
45795.0,6,98.0,2.8823529411764706,7.84828879277652,6,6,98.0,0.3738961917605829,6.7282504301112365,7.84828879277652,6,98.0,-0.54
45800.0,6,86.0,2.6875,8.130952672528196,6,6,86.0,0.3984224205543364,7.457157698900097,8.130952672528196,6,86.0,0.12
45805.0,8,116.0,3.411764705882353,8.10380691528613,8,8,92.0,0.3688217789769712,7.1271737116071705,8.10380691528613,8,92.0,-0.06000000000000005
45810.0,8,151.0,4.4411764705882355,8.131953264920181,8,8,151.0,0.36480014624558726,6.88873950589357,8.131953264920181,8,151.0,-0.59
45815.0,8,138.0,4.0588235294117645,8.435951219610933,8,8,138.0,0.3938034943773521,7.540185773256444,8.435951219610933,8,138.0,0.13000000000000012
45820.0,11,185.0,5.138888888888889,7.214341268299326,11,11,133.0,0.29154329241950644,5.395010149443419,7.214341268299326,11,133.0,0.04999999999999982
45825.0,11,240.0,6.666666666666667,8.055992552598754,11,11,240.0,0.3503154273027753,6.471855119719751,8.055992552598754,11,240.0,-1.0699999999999998
45830.0,11,169.0,4.5675675675675675,6.4223834445713095,11,11,169.0,0.21830612101193358,3.964068356223868,6.4223834445713095,11,169.0,0.71
45835.0,8,171.0,5.029411764705882,7.451251271262244,8,8,129.0,0.3292132064982028,5.927704719860217,7.451251271262244,8,129.0,0.3999999999999999
45840.0,8,211.0,6.59375,8.088986033589688,8,8,211.0,0.3905474129301143,6.950544151758676,8.088986033589688,8,211.0,-0.8199999999999998
45845.0,8,184.0,5.411764705882353,7.17287707049084,8,8,184.0,0.3343522842451559,6.073226975271802,7.17287707049084,8,184.0,0.2699999999999998
45850.0,8,218.0,6.606060606060606,7.921835669953928,8,8,189.0,0.36863850307948004,6.773701133244352,7.921835669953928,8,189.0,-0.04999999999999982
45855.0,10,262.0,7.485714285714286,7.094430693143148,10,10,262.0,0.306401740901728,5.371648127769833,7.094430693143148,10,262.0,-0.7300000000000002
45860.0,7,136.0,4.0,7.96002092268098,7,7,136.0,0.3805563210008816,6.933751151305138,7.96002092268098,7,136.0,1.26
45865.0,6,51.0,1.4166666666666667,7.61470701342655,6,6,-7.0,0.34748893747748566,6.335158354677643,7.61470701342655,6,-7.0,1.4300000000000002
45870.0,5,73.0,2.085714285714286,8.794210841968521,5,5,73.0,0.43615240517951304,7.898715704062528,8.794210841968521,5,73.0,-0.8
45875.0,8,104.0,3.1515151515151514,8.879694653998916,8,8,104.0,0.4323649873237218,7.937102218982824,8.879694653998916,8,104.0,-0.31000000000000005
45880.0,9,146.0,4.055555555555555,7.666969738186718,9,9,146.0,0.3099391469825654,5.748417637559745,7.666969738186718,9,146.0,-0.41999999999999993
45885.0,11,201.0,5.583333333333333,8.111262558285839,11,11,201.0,0.3428790057247505,6.349018586993781,8.111262558285839,11,201.0,-0.5499999999999998
45890.0,11,224.0,6.4,6.488319293998455,11,11,224.0,0.22941805876281865,4.210971361180564,6.488319293998455,11,224.0,-0.23000000000000043
45895.0,11,279.0,8.205882352941176,7.1339837316216395,11,11,261.0,0.3076244146419106,5.510472662945085,7.1339837316216395,11,261.0,-0.36999999999999966
45900.0,11,334.0,9.823529411764707,7.674881393870292,11,11,334.0,0.3456616440523425,6.251544191855448,7.674881393870292,11,334.0,-0.73
45905.0,10,299.0,8.305555555555555,6.653239075322204,10,10,299.0,0.2608365819489363,5.007139353923027,6.653239075322204,10,299.0,0.34999999999999964
45910.0,7,290.0,8.285714285714286,7.806788336495809,7,7,262.0,0.35317439295306635,6.5198892738975625,7.806788336495809,7,262.0,0.3700000000000001
45915.0,8,328.0,9.11111111111111,7.403354581677523,8,8,328.0,0.3331344842960481,5.979540663481889,7.403354581677523,8,328.0,-0.6599999999999997
45920.0,8,162.0,4.909090909090909,7.496644890964046,8,8,162.0,0.36798767018587125,6.721156992971007,7.496644890964046,8,162.0,1.6599999999999997
45925.0,6,26.0,0.7647058823529411,7.818048794644563,6,6,-47.0,0.366945237499446,6.894428643559212,7.818048794644563,6,-47.0,2.09
45930.0,5,45.0,1.3235294117647058,8.676528017179159,5,5,45.0,0.4301353171016357,7.990904386726925,8.676528017179159,5,45.0,-0.9199999999999999
45935.0,5,34.0,1.0,8.316127424960852,5,5,34.0,0.375239252506105,7.411102020562095,8.316127424960852,5,34.0,0.10999999999999999
45940.0,9,70.0,1.9444444444444444,7.499157869988647,9,9,57.0,0.29366403802698954,5.7253726976022525,7.499157869988647,9,57.0,-0.22999999999999993
45945.0,9,115.0,3.2857142857142856,8.16548934028325,9,9,115.0,0.36618820803402324,6.9896114834209,8.16548934028325,9,115.0,-0.58
45950.0,8,94.0,2.611111111111111,6.733638312551322,8,8,94.0,0.2566842637150763,5.06528207826734,6.733638312551322,8,94.0,0.20999999999999996
45955.0,8,132.0,3.7714285714285714,7.793895014393019,8,8,102.0,0.3524340400405891,6.7786775520958,7.793895014393019,8,102.0,-0.08000000000000007
45960.0,8,172.0,4.914285714285715,8.13667608984172,8,8,172.0,0.37924587694715706,7.028937546246925,8.13667608984172,8,172.0,-0.7
45965.0,8,124.0,3.3513513513513513,7.141111752406038,7,8,123.0,0.30426074957965005,5.916683587845842,7.141111752406038,7,123.0,0.49
45970.0,5,62.0,1.7222222222222223,8.007555171690333,5,5,34.0,0.3471696028839337,6.823157478276231,8.007555171690333,5,34.0,0.8899999999999999
45975.0,4,75.0,2.027027027027027,7.591908423271563,4,4,75.0,0.3308643968085244,6.383042188483869,7.591908423271563,4,75.0,-0.41
45980.0,8,68.0,1.8888888888888888,7.882086758817427,8,8,68.0,0.3688802551623357,7.2964503302129256,7.882086758817427,8,68.0,0.06999999999999995
45985.0,12,113.0,2.8974358974358974,6.947506456287394,12,12,76.0,0.26472887059955513,5.294768356497023,6.947506456287394,12,76.0,-0.07999999999999996
45990.0,12,172.0,4.410256410256411,7.610739068048304,12,12,172.0,0.3032615509203671,6.1450354238356,7.610739068048304,12,172.0,-0.96
45995.0,9,134.0,3.7222222222222223,7.548771361633346,9,9,134.0,0.30468790847694593,6.116508231347387,7.548771361633346,9,134.0,0.3799999999999999
46000.0,11,173.0,4.942857142857143,6.627443955779082,11,11,134.0,0.26467591199569646,5.063864359070997,6.627443955779082,11,134.0,0.0
46005.0,11,228.0,6.705882352941177,7.3852073591922185,11,11,228.0,0.3312502198552147,6.148980626416256,7.3852073591922185,11,228.0,-0.9399999999999997
46010.0,12,285.0,8.142857142857142,6.334286396425207,12,12,285.0,0.23318228959949536,4.4755410414025,6.334286396425207,12,285.0,-0.5700000000000003
46015.0,10,262.0,7.9393939393939394,7.030339459992739,10,10,262.0,0.29374994092488943,5.745269420983964,7.030339459992739,10,262.0,0.22999999999999998
46020.0,9,302.0,9.741935483870968,7.096291880691605,9,9,267.0,0.30453692617994066,5.788976855020524,7.096291880691605,9,267.0,-0.04999999999999982
46025.0,11,354.0,10.114285714285714,7.125671322742434,11,11,354.0,0.30698741777598154,5.667043414907343,7.125671322742434,11,354.0,-0.8700000000000001
46030.0,8,250.0,7.142857142857143,7.535969700352845,8,8,250.0,0.3350709604055053,6.29372252017978,7.535969700352845,8,250.0,1.04
46035.0,5,69.0,1.9166666666666667,6.95230647479005,5,5,20.0,0.28561428208349016,5.250838548922249,6.95230647479005,5,20.0,2.3
46040.0,4,70.0,2.0,8.417499373021021,4,4,70.0,0.4048700142244027,7.426669435317722,8.417499373021021,4,70.0,-0.49999999999999994
46045.0,9,68.0,1.7894736842105263,7.683395663356519,9,9,68.0,0.34292714284319675,6.461110926747293,7.683395663356519,9,68.0,0.019999999999999907
46050.0,10,113.0,3.054054054054054,7.878715827662981,10,10,96.0,0.34348409439774286,6.402856127393264,7.878715827662981,10,96.0,-0.2799999999999999
46055.0,10,163.0,4.6571428571428575,8.483366280660796,10,10,163.0,0.3900333361820538,7.259637034835658,8.483366280660796,10,163.0,-0.6699999999999999
46060.0,11,165.0,4.583333333333333,6.822851973487056,11,11,165.0,0.25269380190363727,4.915165376810609,6.822851973487056,11,165.0,-0.020000000000000018
46065.0,5,129.0,3.6857142857142855,7.947280055183158,5,5,115.0,0.3571108995981111,6.634089763748717,7.947280055183158,5,115.0,0.5
46070.0,5,154.0,4.052631578947368,7.63127853556573,5,5,154.0,0.3364041327815888,5.985145359579382,7.63127853556573,5,154.0,-0.3900000000000001
46075.0,7,109.0,3.0277777777777777,7.509350101648416,7,7,109.0,0.32866006978667706,5.969299114091853,7.509350101648416,7,109.0,0.44999999999999996
46080.0,7,139.0,4.212121212121212,8.177376857182567,7,7,103.0,0.38436554472933915,6.907250802278512,8.177376857182567,7,103.0,0.06000000000000005
46085.0,9,179.0,4.837837837837838,7.721676162613771,9,9,179.0,0.3291216469636153,5.823135044387641,7.721676162613771,9,179.0,-0.76
46090.0,7,174.0,4.9714285714285715,8.450853843003461,6,7,173.0,0.3981871843183374,7.47634090923855,8.450853843003461,6,173.0,0.06000000000000005
46095.0,5,172.0,4.777777777777778,8.001155161749523,5,5,159.0,0.3149525414249562,6.135317086443936,8.001155161749523,5,159.0,0.1399999999999999
46100.0,6,198.0,5.5,8.915219239244918,6,6,198.0,0.39272929230893333,7.619284427017506,8.915219239244918,6,198.0,-0.3899999999999999
46105.0,10,84.0,2.27027027027027,7.482946854470543,10,10,84.0,0.29959338847798117,5.977821856897163,7.482946854470543,10,84.0,1.1400000000000001
46110.0,10,131.0,3.638888888888889,8.068467587920757,10,10,29.0,0.32621670052800605,6.644380186432535,8.068467587920757,10,29.0,0.55
46115.0,10,181.0,5.323529411764706,8.111224357352803,10,10,181.0,0.3266052893720799,6.543362275126108,8.111224357352803,10,181.0,-1.52
46120.0,12,129.0,3.7941176470588234,6.660362815546043,11,12,128.0,0.2696424569140351,5.178643849672183,6.660362815546043,11,128.0,0.53
46125.0,8,151.0,4.71875,7.317905915849506,8,8,106.0,0.3089987238503294,6.101411692196662,7.317905915849506,8,106.0,0.21999999999999997
46130.0,10,194.0,5.542857142857143,6.697925284948577,10,10,194.0,0.27497713850950106,5.078370242852197,6.697925284948577,10,194.0,-0.8799999999999999
46135.0,9,150.0,4.411764705882353,7.21940355347647,9,9,150.0,0.30697706658336305,5.910321254869928,7.21940355347647,9,150.0,0.43999999999999995
46140.0,6,126.0,3.9375,7.623292887025507,6,6,97.0,0.32824141018685127,6.228320951982738,7.623292887025507,6,97.0,0.53
46145.0,8,162.0,4.628571428571429,7.673660406430443,8,8,162.0,0.33584254239441713,6.329780389538823,7.673660406430443,8,162.0,-0.6500000000000001
46150.0,7,164.0,4.823529411764706,8.189240910629595,7,7,164.0,0.37709876791054275,7.225972770500429,8.189240910629595,7,164.0,-0.019999999999999796
46155.0,9,202.0,5.611111111111111,7.522086835377828,9,9,189.0,0.31559297970450434,5.972006089623605,7.522086835377828,9,189.0,-0.25
46160.0,9,247.0,7.057142857142857,8.631542876547666,9,9,247.0,0.4004677101443942,7.358604401303538,8.631542876547666,9,247.0,-0.5800000000000003
46165.0,10,119.0,3.3055555555555554,7.648795498271614,10,10,119.0,0.31895937015162035,6.042904760782679,7.648795498271614,10,119.0,1.2800000000000002
46170.0,6,70.0,2.0,8.200338142924961,6,6,7.0,0.35532805732219447,6.703350509957029,8.200338142924961,6,7.0,1.1199999999999999
46175.0,5,94.0,2.6857142857142855,9.257656767290376,5,5,94.0,0.4588312974737158,8.367013118505719,9.257656767290376,5,94.0,-0.8699999999999999
46180.0,9,43.0,1.162162162162162,7.059159609881722,9,9,43.0,0.28068346317840864,5.31402045591038,7.059159609881722,9,43.0,0.51
46185.0,7,62.0,1.7714285714285714,7.6780534958915085,7,7,34.0,0.33430853849640907,6.558030048012542,7.6780534958915085,7,34.0,0.08999999999999997
46190.0,8,98.0,2.7222222222222223,6.947576662178762,8,8,98.0,0.2733194668129578,5.24437633290641,6.947576662178762,8,98.0,-0.6399999999999999
46195.0,9,143.0,3.9722222222222223,7.775647330204702,9,9,143.0,0.3506225631965228,6.523836142302816,7.775647330204702,9,143.0,-0.44999999999999996
46200.0,8,167.0,5.0606060606060606,7.634961433457573,8,8,167.0,0.3399619848572917,6.609696154690473,7.634961433457573,8,167.0,-0.24
46205.0,11,216.0,6.171428571428572,6.693144537411259,11,11,200.0,0.25529494412041653,5.062170821411152,6.693144537411259,11,200.0,-0.33000000000000007
46210.0,11,271.0,7.742857142857143,7.550951192394793,11,11,271.0,0.30214912830757507,6.07495450205804,7.550951192394793,11,271.0,-0.71
46215.0,11,217.0,6.2,6.443195499967944,11,11,217.0,0.24237469603969952,4.842170738844184,6.443195499967944,11,217.0,0.54
46220.0,7,176.0,5.0285714285714285,7.99557463652153,7,7,142.0,0.3596109533663354,6.882834890364788,7.99557463652153,7,142.0,0.75
46225.0,10,211.0,5.552631578947368,7.446032880530927,10,10,211.0,0.32647245826092486,6.028536796932135,7.446032880530927,10,211.0,-0.69
46230.0,9,105.0,2.8378378378378377,7.63252521240591,9,9,105.0,0.3264053499539889,6.346689470999712,7.63252521240591,9,105.0,1.0599999999999998
46235.0,6,84.0,2.5454545454545454,8.38382719609641,6,6,25.0,0.384899982132644,7.344719595314357,8.38382719609641,6,25.0,0.8
46240.0,9,121.0,3.4571428571428573,7.431946353348996,9,9,121.0,0.32520115745070705,5.988972264972715,7.431946353348996,9,121.0,-0.96
46245.0,8,78.0,2.2941176470588234,7.8044523182547625,8,8,78.0,0.3563528400307691,6.783881144123514,7.8044523182547625,8,78.0,0.42999999999999994
46250.0,9,107.0,2.9722222222222223,7.108617775741964,9,9,69.0,0.2854064765197318,5.3619066324759155,7.108617775741964,9,69.0,0.09000000000000008
46255.0,9,152.0,4.3428571428571425,8.136021796232402,9,9,152.0,0.36431873767037265,6.65227675620978,8.136021796232402,9,152.0,-0.8300000000000001
46260.0,8,176.0,5.333333333333333,7.85018384310323,8,8,176.0,0.3442642225091057,6.336741827985808,7.85018384310323,8,176.0,-0.24
46265.0,11,226.0,6.108108108108108,7.360572486545284,11,11,210.0,0.28387514882279025,5.110383634887766,7.360572486545284,11,210.0,-0.3400000000000001
46270.0,11,281.0,7.594594594594595,8.02618630900489,11,11,281.0,0.3402836176831554,5.980776663111185,8.02618630900489,11,281.0,-0.71
46275.0,10,199.0,5.2368421052631575,7.042867436844438,10,10,199.0,0.2745275240433451,4.8151690231454936,7.042867436844438,10,199.0,0.8200000000000001
46280.0,7,153.0,4.371428571428571,8.02799593816625,7,7,110.0,0.38011820757072595,6.607421140937529,8.02799593816625,7,110.0,0.8899999999999999
46285.0,10,188.0,5.081081081081081,7.988285844797274,10,10,188.0,0.39007172401998635,6.728052450180569,7.988285844797274,10,188.0,-0.7799999999999998
46290.0,9,98.0,2.8823529411764706,7.3208674296856096,9,9,98.0,0.3378393384446999,6.121625004175544,7.3208674296856096,9,98.0,0.8999999999999999
46295.0,6,80.0,2.4242424242424243,8.407774601991235,6,6,37.0,0.42062889879671567,7.451118419310047,8.407774601991235,6,37.0,0.61
46300.0,8,113.0,3.323529411764706,7.268446412770238,8,8,113.0,0.3412725904289462,5.872924063451885,7.268446412770238,8,113.0,-0.7599999999999999
46305.0,8,112.0,3.393939393939394,7.666679646661135,8,8,112.0,0.3623728469413417,6.555227684766031,7.666679646661135,8,112.0,0.009999999999999787
46310.0,7,142.0,4.057142857142857,6.731199706951576,7,7,129.0,0.2726622001109797,5.031711679674328,6.731199706951576,7,129.0,-0.16999999999999993
46315.0,9,185.0,5.4411764705882355,7.520345700156036,9,9,185.0,0.3366535302140047,6.096465878313671,7.520345700156036,9,185.0,-0.56
46320.0,8,103.0,3.121212121212121,7.2964214896565025,8,8,103.0,0.3215539165583647,5.859075511884994,7.2964214896565025,8,103.0,0.8200000000000001
46325.0,8,108.0,2.918918918918919,6.717291201286147,8,8,55.0,0.2790996842054289,5.1336590703731195,6.717291201286147,8,55.0,0.48
46330.0,8,148.0,4.0,7.76558456892368,8,8,148.0,0.36559563374823295,6.479269567520546,7.76558456892368,8,148.0,-0.9299999999999999
46335.0,8,104.0,2.736842105263158,6.809304559536862,8,8,104.0,0.2988802150992869,5.2628023176859395,6.809304559536862,8,104.0,0.43999999999999995
46340.0,8,128.0,3.657142857142857,7.789279597385459,8,8,100.0,0.39069058171402166,6.9199319311961345,7.789279597385459,8,100.0,0.040000000000000036
46345.0,11,168.0,4.54054054054054,7.469301110018802,11,11,168.0,0.3543050131632599,6.236061096583849,7.469301110018802,11,168.0,-0.6799999999999999
46350.0,7,169.0,4.5675675675675675,7.645408481766893,7,7,169.0,0.348091942912422,6.6048304212689395,7.645408481766893,7,169.0,-0.010000000000000009
46355.0,7,200.0,5.714285714285714,8.527101765069833,7,7,188.0,0.42239025294358196,7.887967964237871,8.527101765069833,7,188.0,-0.18999999999999995
46360.0,10,241.0,6.694444444444445,7.339157044029114,10,10,241.0,0.31452555182790093,5.716934056767411,7.339157044029114,10,241.0,-0.5300000000000002
46365.0,7,152.0,4.3428571428571425,7.858717208547797,7,7,152.0,0.356810807541294,6.846540227967315,7.858717208547797,7,152.0,0.8900000000000001
46370.0,4,116.0,3.135135135135135,7.333941130677382,4,4,72.0,0.32374335454484543,5.929038586828928,7.333941130677382,4,72.0,0.8
46375.0,6,145.0,4.027777777777778,8.40261185859448,6,6,145.0,0.419425980504602,7.502114695087104,8.40261185859448,6,145.0,-0.73
46380.0,7,170.0,4.857142857142857,7.832496764023009,7,7,170.0,0.3780268096221427,6.821595537559177,7.832496764023009,7,170.0,-0.25
46385.0,9,213.0,5.461538461538462,6.972721122287367,9,9,208.0,0.2859098134910731,5.342716505045045,6.972721122287367,9,208.0,-0.3800000000000001
46390.0,9,258.0,6.7894736842105265,8.062820983450791,9,9,258.0,0.36391949367638554,6.904472974501995,8.062820983450791,9,258.0,-0.5
46395.0,9,171.0,4.384615384615385,7.172385915303086,9,9,171.0,0.28811152187907985,5.618128230681942,7.172385915303086,9,171.0,0.8700000000000001
46400.0,10,220.0,5.945945945945946,7.981271242529142,10,10,128.0,0.34927219225904177,6.834978693672324,7.981271242529142,10,128.0,0.42999999999999994
46405.0,14,271.0,7.324324324324325,6.642778038662777,14,14,271.0,0.2706888759069337,5.140070641626124,6.642778038662777,14,271.0,-1.43
46410.0,10,240.0,6.666666666666667,7.296673390138995,10,10,240.0,0.30698657207413,6.11623271500996,7.296673390138995,10,240.0,0.31000000000000005
46415.0,8,258.0,7.818181818181818,7.703137180151847,8,8,230.0,0.3504208277662394,6.721273498861063,7.703137180151847,8,230.0,0.10000000000000009
46420.0,11,306.0,8.742857142857142,6.772804002425665,11,11,306.0,0.29413349152707813,5.4305134399795065,6.772804002425665,11,306.0,-0.7600000000000002
46425.0,9,168.0,4.8,7.361853750342594,9,9,168.0,0.3233962293710836,6.246248412838322,7.361853750342594,9,168.0,1.3800000000000001
46430.0,6,91.0,2.4594594594594597,7.122888862933851,6,6,21.0,0.29721888022922127,5.448542312293929,7.122888862933851,6,21.0,1.47
46435.0,7,126.0,3.6,8.28140263425655,7,7,126.0,0.3979873967102306,7.204698609720261,8.28140263425655,7,126.0,-1.05
46440.0,7,67.0,2.09375,7.249801314178758,7,7,67.0,0.32918349324535995,5.928180575110244,7.249801314178758,7,67.0,0.59
46445.0,8,93.0,2.657142857142857,7.066903577955547,8,8,54.0,0.32351300510937936,5.6878387332883324,7.066903577955547,8,54.0,0.13
46450.0,8,133.0,4.03030303030303,8.092399322739384,8,8,133.0,0.43028600920414,7.379855856885009,8.092399322739384,8,133.0,-0.79
46455.0,6,123.0,3.4166666666666665,7.1109779381212475,6,6,123.0,0.34653044172173936,5.957279967979673,7.1109779381212475,6,123.0,0.10000000000000009
46460.0,6,139.0,3.861111111111111,8.354612392516986,6,6,126.0,0.44283407845575135,7.633667877021632,8.354612392516986,6,126.0,-0.030000000000000027
46465.0,9,169.0,4.333333333333333,7.849325414073707,9,9,169.0,0.3904027448651577,6.562636971398658,7.849325414073707,9,169.0,-0.42999999999999994
46470.0,7,93.0,2.5135135135135136,7.668946715634427,6,7,92.0,0.3785573583834337,6.646717017220228,7.668946715634427,6,92.0,0.7699999999999999
46475.0,5,95.0,2.7941176470588234,8.546553092987443,5,5,52.0,0.44150133870231234,7.888856738931135,8.546553092987443,5,52.0,0.4
46480.0,5,114.0,3.081081081081081,8.013123106755545,5,5,114.0,0.36701755154371396,6.754393482647988,8.013123106755545,5,114.0,-0.6199999999999999
46485.0,8,84.0,2.27027027027027,7.92096469262562,8,8,84.0,0.35942647254368915,7.005871187393436,7.92096469262562,8,84.0,0.29999999999999993
46490.0,10,125.0,3.2051282051282053,6.918097880968554,10,10,63.0,0.2559704969584947,4.873465532402443,6.918097880968554,10,63.0,0.20999999999999996
46495.0,11,180.0,5.0,7.6726827023208175,11,11,180.0,0.318742626001142,6.0317766733964815,7.6726827023208175,11,180.0,-1.17
46500.0,8,135.0,3.9705882352941178,7.397837553320221,8,8,135.0,0.2824696650752967,5.632762260763124,7.397837553320221,8,135.0,0.44999999999999996
46505.0,9,168.0,4.8,7.160744500912468,9,9,127.0,0.29207870625817717,5.647851654941115,7.160744500912468,9,127.0,0.08000000000000007
46510.0,9,213.0,6.454545454545454,7.823147220273177,9,9,213.0,0.3629809458210779,6.8379735691483,7.823147220273177,9,213.0,-0.8599999999999999
46515.0,9,158.0,4.388888888888889,6.771700842895749,9,9,158.0,0.2865837514167412,5.367465739574343,6.771700842895749,9,158.0,0.5499999999999998
46520.0,7,177.0,5.057142857142857,8.318056537241178,7,7,135.0,0.3920774713316436,7.424847057850458,8.318056537241178,7,135.0,0.22999999999999998
46525.0,9,212.0,6.057142857142857,7.9945978530740405,9,9,212.0,0.3708389858714167,6.7225890504332275,7.9945978530740405,9,212.0,-0.77
46530.0,7,114.0,3.3529411764705883,8.046956443185636,7,7,114.0,0.3733346255593119,7.111151074558573,8.046956443185636,7,114.0,0.9800000000000002
46535.0,4,38.0,1.1875,8.30441985776585,4,4,-6.0,0.39871866445493753,7.627348249420659,8.30441985776585,4,-6.0,1.2
46540.0,6,58.0,1.7058823529411764,7.000625556657984,6,6,58.0,0.3087268599586634,5.622699330620978,7.000625556657984,6,58.0,-0.6399999999999999
46545.0,6,88.0,2.588235294117647,8.321893983328964,6,6,88.0,0.41983999630870866,7.631001933362218,8.321893983328964,6,88.0,-0.30000000000000004
46550.0,7,112.0,3.111111111111111,7.073401950825859,7,7,112.0,0.31227148277883965,5.807367754896011,7.073401950825859,7,112.0,-0.2400000000000001
46555.0,10,160.0,4.571428571428571,7.433246547659127,10,10,154.0,0.3300844416757271,6.142978305380487,7.433246547659127,10,154.0,-0.41999999999999993
46560.0,10,210.0,6.176470588235294,7.271219651696477,10,10,210.0,0.3046396999965378,5.6576716428580065,7.271219651696477,10,210.0,-0.56
46565.0,10,221.0,5.972972972972973,6.588788269725729,10,10,221.0,0.2525446212933055,4.788936161339037,6.588788269725729,10,221.0,-0.10999999999999988
46570.0,9,263.0,7.514285714285714,7.658763962938583,9,9,250.0,0.3602645149411548,6.679845252248123,7.658763962938583,9,250.0,-0.29000000000000004
46575.0,10,309.0,8.35135135135135,6.93345718615112,10,10,309.0,0.29928683566782427,5.5248481892195995,6.93345718615112,10,309.0,-0.5899999999999999
46580.0,9,203.0,5.486486486486487,7.599024763221214,8,9,202.0,0.35744537194878157,6.921276000277779,7.599024763221214,8,202.0,1.0699999999999998
46585.0,10,177.0,4.783783783783784,7.378572097267806,10,10,116.0,0.3091120023543576,5.862439378486853,7.378572097267806,10,116.0,0.8600000000000001
46590.0,7,205.0,5.694444444444445,7.896493839843548,7,7,205.0,0.3651249089308206,6.79628748777846,7.896493839843548,7,205.0,-0.8899999999999999
46595.0,8,81.0,2.3142857142857145,7.453054290139117,8,8,81.0,0.3471231781845059,6.442523891668522,7.453054290139117,8,81.0,1.2399999999999998
46600.0,8,46.0,1.2777777777777777,6.774500476522191,8,8,-17.0,0.2891948215945283,5.2190368658525905,6.774500476522191,8,-17.0,0.9800000000000001
46605.0,8,86.0,2.6875,7.886429879759956,8,8,86.0,0.3786050865228049,6.78982726436821,7.886429879759956,8,86.0,-1.03
46610.0,8,79.0,2.257142857142857,6.743770827114197,8,8,79.0,0.3060676707169745,5.197347779639069,6.743770827114197,8,79.0,0.06999999999999995
46615.0,6,78.0,2.2285714285714286,8.258570827623577,6,6,64.0,0.40370520465171633,7.047086659644043,8.258570827623577,6,64.0,0.15000000000000002
46620.0,7,110.0,3.235294117647059,8.624939795589613,7,7,110.0,0.42007172040030716,7.435286198118081,8.624939795589613,7,110.0,-0.4600000000000001
46625.0,11,129.0,3.4864864864864864,7.0668407609000115,10,11,128.0,0.29468064197928406,5.354383897217525,7.0668407609000115,10,128.0,-0.17999999999999994
46630.0,10,178.0,5.085714285714285,7.853196629540395,10,10,157.0,0.3394280979787634,6.2581437545920675,7.853196629540395,10,157.0,-0.29000000000000004
46635.0,12,231.0,6.243243243243243,6.928946672741422,12,12,231.0,0.24982219370839048,4.744490827957704,6.928946672741422,12,231.0,-0.74
46640.0,10,181.0,5.171428571428572,7.455657956355591,10,10,181.0,0.3173762061270859,6.10604630294763,7.455657956355591,10,181.0,0.5
46645.0,11,198.0,5.351351351351352,7.193596518047516,11,11,152.0,0.30856807339434716,5.813010671316752,7.193596518047516,11,152.0,0.29000000000000004
46650.0,10,245.0,6.621621621621622,8.023921751473265,10,10,245.0,0.3659876958317965,6.833282732424936,8.023921751473265,10,245.0,-0.9300000000000002
46655.0,8,215.0,6.142857142857143,7.639896273269465,8,8,215.0,0.3374713421949408,6.510907926321166,7.639896273269465,8,215.0,0.30000000000000027
46660.0,10,250.0,6.944444444444445,6.4678163318819255,10,10,222.0,0.2539826829841514,4.860299598106218,6.4678163318819255,10,222.0,-0.07000000000000028
46665.0,10,300.0,8.571428571428571,7.556005945216943,10,10,300.0,0.35012814228917777,6.488092584356375,7.556005945216943,10,300.0,-0.7799999999999998
46670.0,12,345.0,9.583333333333334,5.722984743505143,12,12,345.0,0.23546519794293608,4.290983657430076,5.722984743505143,12,345.0,-0.4500000000000002
46675.0,13,409.0,12.393939393939394,6.116087924708859,13,13,402.0,0.2665285037693935,4.941638484706551,6.116087924708859,13,402.0,-0.5699999999999994
46680.0,13,474.0,14.363636363636363,6.229480769309253,13,13,474.0,0.25411243003732703,4.7488111977208165,6.229480769309253,13,474.0,-0.7200000000000006
46685.0,13,320.0,8.88888888888889,5.6637357668267105,13,13,320.0,0.22987321122949061,4.328307536686769,5.6637357668267105,13,320.0,1.54
46690.0,8,160.0,4.444444444444445,7.0649060138439275,8,8,87.0,0.32681633155507256,6.0899927220786765,7.0649060138439275,8,87.0,2.33
46695.0,8,186.0,4.894736842105263,6.991460425319548,8,8,186.0,0.32813989581267256,6.029131522345908,6.991460425319548,8,186.0,-0.9900000000000001
46700.0,9,155.0,4.1891891891891895,7.158426801490682,9,9,155.0,0.3464315158806371,6.3935832115853195,7.158426801490682,9,155.0,0.31000000000000005
46705.0,14,201.0,5.025,6.507769986313792,14,14,172.0,0.2678290831244514,4.821217888671303,6.507769986313792,14,172.0,-0.16999999999999993
46710.0,12,261.0,6.6923076923076925,7.3381187949480475,12,12,261.0,0.33623656701602805,5.919619078128864,7.3381187949480475,12,261.0,-0.8899999999999999
46715.0,9,270.0,7.105263157894737,7.807841825267369,9,9,270.0,0.36675168693242965,6.763007566772614,7.807841825267369,9,270.0,-0.0900000000000003
46720.0,9,264.0,6.439024390243903,7.064973857250204,9,9,251.0,0.2816668108103738,5.224134953401964,7.064973857250204,9,251.0,0.1900000000000004
46725.0,9,309.0,8.35135135135135,8.201411543102829,9,9,309.0,0.3717836864718166,6.755886685902849,8.201411543102829,9,309.0,-0.5800000000000001
46730.0,11,151.0,3.973684210526316,6.556135796183054,10,11,150.0,0.23858372336208392,4.495724693318465,6.556135796183054,10,150.0,1.5899999999999999
46735.0,8,59.0,1.5945945945945945,7.352695585839608,8,8,-14.0,0.28754592604204826,5.459613800940511,7.352695585839608,8,-14.0,1.6400000000000001
46740.0,6,86.0,2.388888888888889,7.755354887368148,6,6,86.0,0.3275188081158959,5.952073085339026,7.755354887368148,6,86.0,-1.0
46745.0,7,120.0,3.076923076923077,7.433795796798395,7,7,120.0,0.32249819891012604,5.866205968397861,7.433795796798395,7,120.0,-0.33999999999999997
46750.0,8,101.0,2.72972972972973,7.621371208078395,8,8,101.0,0.338615699737721,6.268548845387176,7.621371208078395,8,101.0,0.18999999999999995
46755.0,8,132.0,3.3846153846153846,7.277539946299392,8,8,114.0,0.31230868923193034,5.654558386181925,7.277539946299392,8,114.0,-0.1299999999999999
46760.0,9,177.0,4.657894736842105,8.394194061192454,9,9,177.0,0.39911995858088894,7.1455312416176575,8.394194061192454,9,177.0,-0.6300000000000001
46765.0,9,172.0,4.526315789473684,7.736135119789743,8,9,171.0,0.3452378253934916,6.4603369122484855,7.736135119789743,8,171.0,0.06000000000000005
46770.0,8,193.0,5.216216216216216,7.852608414639178,8,8,180.0,0.32366248635217004,6.30536725411379,7.852608414639178,8,180.0,-0.09000000000000008
46775.0,7,226.0,6.277777777777778,8.655288703436115,7,7,226.0,0.39920690815457827,7.607235310748189,8.655288703436115,7,226.0,-0.45999999999999974
46780.0,11,213.0,5.756756756756757,6.672176165500064,11,11,213.0,0.2525936475013077,4.940155968574476,6.672176165500064,11,213.0,0.1299999999999999
46785.0,11,268.0,7.444444444444445,7.583269746818672,11,11,212.0,0.3146708057951754,6.018864787724241,7.583269746818672,11,212.0,0.009999999999999787
46790.0,13,326.0,8.35897435897436,6.586750799178776,13,13,326.0,0.24011420875272008,4.488652062741382,6.586750799178776,13,326.0,-1.1399999999999997
46795.0,11,201.0,5.583333333333333,7.0162228509667175,11,11,201.0,0.2741892675459367,5.4719380636919,7.0162228509667175,11,201.0,1.25
46800.0,7,143.0,4.085714285714285,7.2417918171934845,7,7,72.0,0.3115187265797411,5.774012802636986,7.2417918171934845,7,72.0,1.2899999999999998
46805.0,9,185.0,5.138888888888889,7.001994078071416,9,9,185.0,0.32744487001170985,5.922022365415682,7.001994078071416,9,185.0,-1.1300000000000001
46810.0,9,138.0,3.942857142857143,6.971069775277614,9,9,138.0,0.328315425032085,5.970574453577115,6.971069775277614,9,138.0,0.4700000000000002
46815.0,8,145.0,3.918918918918919,6.775199063461407,8,8,116.0,0.2929106225762925,5.415258125737644,6.775199063461407,8,116.0,0.21999999999999997
46820.0,9,189.0,5.108108108108108,7.99780758562468,9,9,189.0,0.3826754001191194,7.008513569492666,7.99780758562468,9,189.0,-0.73
46825.0,10,186.0,4.894736842105263,7.084777968528997,10,10,186.0,0.3104856594594871,5.7408201690632845,7.084777968528997,10,186.0,0.029999999999999805
46830.0,8,216.0,5.837837837837838,7.686171632953062,8,8,203.0,0.3389239529356609,6.424890239045729,7.686171632953062,8,203.0,-0.1699999999999997
46835.0,8,256.0,7.314285714285714,8.52626229709564,8,8,256.0,0.4108202855154478,7.687945822478471,8.52626229709564,8,256.0,-0.5300000000000002
46840.0,9,122.0,3.388888888888889,6.492439486468985,9,9,122.0,0.2621850916017569,5.008467486169793,6.492439486468985,9,122.0,1.34
46845.0,6,69.0,1.9166666666666667,8.021984655124042,6,6,2.0,0.3751653458874614,6.9768120136994005,8.021984655124042,6,2.0,1.2
46850.0,7,100.0,2.5641025641025643,7.701467333213423,7,7,100.0,0.32675750237430906,6.00367766406222,7.701467333213423,7,100.0,-0.98
46855.0,8,67.0,1.8611111111111112,7.771244696921305,8,8,67.0,0.34282415051238196,6.436133029986897,7.771244696921305,8,67.0,0.32999999999999996
46860.0,7,96.0,2.6666666666666665,7.612363385308764,7,7,68.0,0.30599344851159554,5.688216564349289,7.612363385308764,7,68.0,-0.010000000000000009
46865.0,9,139.0,3.6578947368421053,7.3278406210928235,9,9,139.0,0.2987418171698355,5.392065725939167,7.3278406210928235,9,139.0,-0.7099999999999999
46870.0,8,106.0,2.9444444444444446,7.722014635196134,8,8,106.0,0.3495249022686192,6.289732020498609,7.722014635196134,8,106.0,0.32999999999999985
46875.0,8,134.0,3.526315789473684,6.916282384637707,8,8,105.0,0.28327312990882897,5.052785729685228,6.916282384637707,8,105.0,0.010000000000000009
46880.0,9,178.0,4.944444444444445,7.8641551546378405,9,9,178.0,0.36348958389744507,6.5046021128740845,7.8641551546378405,9,178.0,-0.73
46885.0,11,130.0,3.611111111111111,7.182052357953284,11,11,130.0,0.3423864442004653,6.017465263884706,7.182052357953284,11,130.0,0.48
46890.0,7,122.0,3.388888888888889,7.776111081882125,7,7,94.0,0.3758383862017896,6.763153220796201,7.776111081882125,7,94.0,0.3600000000000001
46895.0,7,157.0,4.485714285714286,8.97073151518101,7,7,157.0,0.4576905390976961,8.176899890589505,8.97073151518101,7,157.0,-0.6300000000000001
46900.0,7,108.0,3.0,7.0195103438447655,7,7,108.0,0.29691022410049706,5.572087062181497,7.0195103438447655,7,108.0,0.49
46905.0,9,129.0,3.909090909090909,7.545052640462579,8,9,98.0,0.3561625106982115,6.673651926587491,7.545052640462579,8,98.0,0.10000000000000009
46910.0,7,161.0,4.472222222222222,6.553348113903734,7,7,161.0,0.2602419035212467,4.935010956332041,6.553348113903734,7,161.0,-0.6300000000000001
46915.0,9,206.0,6.0588235294117645,7.659107362105384,9,9,206.0,0.3575664517766114,6.608068983302696,7.659107362105384,9,206.0,-0.44999999999999996
46920.0,7,165.0,5.0,7.219485435941474,7,7,164.0,0.339550129053009,6.01467287722359,7.219485435941474,7,164.0,0.42000000000000015
46925.0,9,192.0,5.1891891891891895,6.668073174906651,9,9,160.0,0.27750620846165935,5.086888621497077,6.668073174906651,9,160.0,0.039999999999999813
46930.0,8,231.0,6.243243243243243,7.7523575712091715,8,8,231.0,0.3672765266244674,6.5492151122112885,7.7523575712091715,8,231.0,-0.71
46935.0,8,184.0,4.6,6.808260078761253,8,8,184.0,0.2948020676884293,5.169449724621059,6.808260078761253,8,184.0,0.47
46940.0,8,209.0,5.5,7.81577346536986,8,8,176.0,0.3724221695700636,6.731265744319059,7.81577346536986,8,176.0,0.08000000000000007
46945.0,11,249.0,6.72972972972973,7.77109298159409,11,11,249.0,0.3756827147801314,6.739499764666731,7.77109298159409,11,249.0,-0.7300000000000002
46950.0,10,295.0,7.972972972972973,7.713231405942175,10,10,295.0,0.35058062000180895,6.598245861472827,7.713231405942175,10,295.0,-0.45999999999999996
46955.0,7,254.0,7.696969696969697,7.831826011000923,7,7,254.0,0.3591228701584221,6.948054450127193,7.831826011000923,7,254.0,0.41000000000000014
46960.0,9,281.0,8.028571428571428,7.010521863441108,9,9,248.0,0.2956325681460937,5.606166565081785,7.010521863441108,9,248.0,0.06000000000000005
46965.0,9,326.0,9.314285714285715,8.074361294458212,9,9,326.0,0.3767657676050348,6.975927862519998,8.074361294458212,9,326.0,-0.7799999999999998
46970.0,7,261.0,6.868421052631579,6.93692819919355,7,7,261.0,0.27308013707396483,5.129313970240991,6.93692819919355,7,261.0,0.6499999999999999
46975.0,6,252.0,6.8108108108108105,7.797224417788968,6,6,218.0,0.33617576472188615,6.419564814963107,7.797224417788968,6,218.0,0.4299999999999997
46980.0,6,282.0,8.057142857142857,8.463054551418887,6,6,282.0,0.40003393708761964,7.440412224367794,8.463054551418887,6,282.0,-0.6399999999999997
46985.0,8,68.0,1.7894736842105263,7.091409544213875,8,8,68.0,0.28285781403947596,5.446126788510584,7.091409544213875,8,68.0,2.1399999999999997
46990.0,8,108.0,3.0,7.665179821760049,8,8,-32.0,0.340582303340204,6.5904997224251405,7.665179821760049,8,-32.0,1.0
46995.0,12,152.0,4.222222222222222,6.631688831969157,12,12,152.0,0.26131158110487734,4.96848203503375,6.631688831969157,12,152.0,-1.84
47000.0,8,120.0,3.3333333333333335,7.67960332194894,8,8,120.0,0.34812610088468315,6.694140309353469,7.67960332194894,8,120.0,0.32000000000000006
47005.0,9,148.0,4.0,7.077103150180682,9,9,112.0,0.28269895633009906,5.6753831020996515,7.077103150180682,9,112.0,0.07999999999999985
47010.0,9,192.0,5.333333333333333,7.8460423820565275,9,9,192.0,0.34284564744876816,6.825515121621339,7.8460423820565275,9,192.0,-0.7999999999999998
47015.0,7,141.0,4.0285714285714285,7.632477917212178,7,7,141.0,0.34131322946203685,6.597368925727054,7.632477917212178,7,141.0,0.51
47020.0,9,167.0,4.638888888888889,6.58985455225177,8,9,126.0,0.2651760208068409,5.222397530705709,6.58985455225177,8,126.0,0.1499999999999999
47025.0,9,211.0,6.205882352941177,7.498648483561933,9,9,171.0,0.3280675485741431,6.3466469640990715,7.498648483561933,9,171.0,-0.44999999999999996
47030.0,9,119.0,3.4,5.9631087664259885,9,9,119.0,0.2511777643761827,4.443877455668345,5.9631087664259885,9,119.0,0.52
47035.0,8,82.0,2.342857142857143,6.52588946271177,8,8,38.0,0.28940875803906346,5.250142923929333,6.52588946271177,8,38.0,0.8099999999999999
47040.0,7,116.0,3.411764705882353,7.590636091042118,7,7,116.0,0.3590797209735547,6.456259443994033,7.590636091042118,7,116.0,-0.7799999999999999
47045.0,12,139.0,3.7567567567567566,6.335080324867821,12,12,139.0,0.2769592757792059,5.013124033962308,6.335080324867821,12,139.0,-0.22999999999999998
47050.0,13,203.0,5.638888888888889,6.660816434254858,13,13,181.0,0.28455140481034813,5.2185475990402415,6.660816434254858,13,181.0,-0.42000000000000015
47055.0,15,272.0,7.351351351351352,5.994923551702893,15,15,272.0,0.22094417291115745,4.153050383467834,5.994923551702893,15,272.0,-0.9100000000000001
47060.0,13,233.0,6.472222222222222,6.832507991844852,13,13,233.0,0.2822244960797775,5.379237797851909,6.832507991844852,13,233.0,0.3900000000000001
47065.0,14,266.0,7.0,6.272815630557461,14,14,223.0,0.25518847660114974,4.6672968212595976,6.272815630557461,14,223.0,0.10000000000000009
47070.0,13,330.0,9.166666666666666,7.053058868751964,13,13,330.0,0.31689011188775035,5.7486772439860125,7.053058868751964,13,330.0,-1.0699999999999998
47075.0,11,258.0,7.371428571428571,7.404334948855074,11,11,258.0,0.34882595961908913,6.394851426011122,7.404334948855074,11,258.0,0.7199999999999998
47080.0,12,240.0,6.486486486486487,6.077553123982003,12,12,197.0,0.22482740759946246,4.379972291702224,6.077553123982003,12,197.0,0.6100000000000001
47085.0,11,294.0,8.166666666666666,6.87470371801388,11,11,294.0,0.29297358448404565,5.524787676317605,6.87470371801388,11,294.0,-0.97
47090.0,15,351.0,9.236842105263158,5.351759009747325,15,15,351.0,0.20322576352747032,3.7223562618563086,5.351759009747325,15,351.0,-0.5699999999999998
47095.0,17,436.0,11.783783783783784,5.896196701003862,17,17,430.0,0.24366138363707143,4.388364445764814,5.896196701003862,17,430.0,-0.79
47100.0,17,521.0,14.885714285714286,5.553030854357655,17,17,521.0,0.2227998399826313,4.051314197209836,5.553030854357655,17,521.0,-0.9100000000000001
47105.0,17,429.0,11.0,5.3927201284182065,17,17,429.0,0.20272878100795577,3.79385523688636,5.3927201284182065,17,429.0,0.9199999999999999
47110.0,12,250.0,6.410256410256411,6.229076950925631,12,12,191.0,0.26763542370786186,4.806900766775287,6.229076950925631,12,191.0,2.38
47115.0,11,270.0,6.428571428571429,6.456610631888662,11,11,270.0,0.2840170292742825,5.062831350415623,6.456610631888662,11,270.0,-0.7900000000000003
47120.0,12,330.0,8.461538461538462,7.219370832819959,12,12,330.0,0.34423191081481797,6.264025156799964,7.219370832819959,12,330.0,-0.5999999999999996
47125.0,15,261.0,6.365853658536586,6.013443353439532,15,15,261.0,0.25704512797231693,4.586341791083046,6.013443353439532,15,261.0,0.69
47130.0,12,287.0,7.0,6.9204313517061165,12,12,239.0,0.29140853234960634,5.439422435622213,6.9204313517061165,12,239.0,0.21999999999999975
47135.0,12,347.0,9.131578947368421,7.381952559851411,12,12,347.0,0.3408095941091245,6.270739218021939,7.381952559851411,12,347.0,-1.08
47140.0,14,258.0,6.45,6.051924772193553,14,14,258.0,0.23646243898770186,4.471194821237954,6.051924772193553,14,258.0,0.8900000000000001
47145.0,10,121.0,3.025,6.801721711210422,10,10,72.0,0.25466493394049416,5.0475893281219575,6.801721711210422,10,72.0,1.86
47150.0,10,157.0,3.738095238095238,6.351138619280763,10,10,157.0,0.2301567794193945,4.376677583304099,6.351138619280763,10,157.0,-0.8500000000000001
47155.0,9,113.0,2.6904761904761907,7.263634394912974,9,9,113.0,0.3018691689248057,5.7621564892521535,7.263634394912974,9,113.0,0.44000000000000017
47160.0,10,103.0,2.5121951219512195,6.781350570205733,10,10,75.0,0.25039755324560026,4.777314326103722,6.781350570205733,10,75.0,0.3799999999999999
47165.0,12,160.0,3.7209302325581395,6.732446558317847,12,12,132.0,0.2670243820207776,4.955591924357768,6.732446558317847,12,132.0,-0.5700000000000001
47170.0,11,175.0,4.166666666666667,6.991516465019795,11,11,147.0,0.2877248255586776,5.441419474345464,6.991516465019795,11,147.0,-0.1499999999999999
47175.0,8,164.0,3.813953488372093,6.811184547596583,8,8,152.0,0.2835655119553894,5.224979584091925,6.811184547596583,8,152.0,-0.050000000000000044
47180.0,9,209.0,5.097560975609756,8.145820857595568,9,9,209.0,0.38386982562631317,7.022038180866879,8.145820857595568,9,209.0,-0.5699999999999998
47185.0,12,131.0,3.1951219512195124,6.569750557366211,12,12,131.0,0.26106561797617955,4.742794787411147,6.569750557366211,12,131.0,0.7799999999999998
47190.0,9,140.0,3.5,7.793945818088856,9,9,97.0,0.34834463493672363,6.173571538135036,7.793945818088856,9,97.0,0.3400000000000001
47195.0,9,185.0,4.625,8.430082344511378,9,9,185.0,0.41803008248598944,7.165666510134337,8.430082344511378,9,185.0,-0.8800000000000001
47200.0,10,189.0,4.609756097560975,6.8142333789032,10,10,189.0,0.2865463624142417,4.87001320186745,6.8142333789032,10,189.0,-0.039999999999999813
47205.0,10,219.0,5.475,7.483641984675387,10,10,206.0,0.32463627561071223,5.706951316055394,7.483641984675387,10,206.0,-0.17000000000000015
47210.0,9,263.0,6.414634146341464,6.896828779488275,9,9,263.0,0.27821141748124684,4.869117989258181,6.896828779488275,9,263.0,-0.5699999999999998
47215.0,11,192.0,4.682926829268292,7.060856215635936,11,11,192.0,0.2822730493328841,5.053433251406283,7.060856215635936,11,192.0,0.71
47220.0,8,180.0,4.7368421052631575,7.427175557038641,8,8,138.0,0.3211082641912949,5.860188571211208,7.427175557038641,8,138.0,0.54
47225.0,9,222.0,5.6923076923076925,6.7389434328893145,9,9,222.0,0.2722683103177663,5.087454625612863,6.7389434328893145,9,222.0,-0.8400000000000003
47230.0,9,193.0,5.216216216216216,7.192288620272128,9,9,193.0,0.31757386868486137,5.98751262002467,7.192288620272128,9,193.0,0.29000000000000026
47235.0,10,233.0,5.9743589743589745,6.717091645428145,10,10,205.0,0.288378608087842,5.237782938690547,6.717091645428145,10,205.0,-0.11999999999999988
47240.0,11,288.0,7.384615384615385,8.073448763191255,11,11,288.0,0.37731174182146193,6.701445248861639,8.073448763191255,11,288.0,-0.8300000000000001
47245.0,11,245.0,6.447368421052632,6.909490530466781,11,11,245.0,0.2887820391972881,5.172041371632064,6.909490530466781,11,245.0,0.4299999999999997
47250.0,11,254.0,7.055555555555555,7.189245609907023,10,11,223.0,0.32809688788233715,5.877771857792518,7.189245609907023,10,223.0,0.2200000000000002
47255.0,8,291.0,8.083333333333334,7.7298445018433535,8,8,291.0,0.3612328979869231,6.436137810282221,7.7298445018433535,8,291.0,-0.6800000000000002
47260.0,10,335.0,8.81578947368421,7.051382809095003,10,10,335.0,0.302564367489878,5.273558058814522,7.051382809095003,10,335.0,-0.43999999999999995
47265.0,11,287.0,7.972222222222222,7.036792632704809,10,11,285.0,0.3111303415146685,5.634921022408131,7.036792632704809,10,285.0,0.5
47270.0,9,266.0,7.0,6.1430710674090365,9,9,234.0,0.22689854007177485,4.196073860714176,6.1430710674090365,9,234.0,0.5100000000000002
47275.0,9,307.0,8.297297297297296,7.260523167263274,9,9,307.0,0.3136492341324478,5.818018923584198,7.260523167263274,9,307.0,-0.73
47280.0,10,299.0,8.08108108108108,7.425848143386108,10,10,299.0,0.3360186706936658,6.278696624969902,7.425848143386108,10,299.0,0.07999999999999963
47285.0,11,351.0,9.236842105263158,6.57017905860522,11,11,322.0,0.2743982352839486,5.247591850039715,6.57017905860522,11,322.0,-0.22999999999999998
47290.0,12,410.0,10.789473684210526,7.298235353933391,12,12,410.0,0.32627137250747423,6.028606784473342,7.298235353933391,12,410.0,-0.8799999999999994
47295.0,12,386.0,9.897435897435898,6.387874046791609,12,12,386.0,0.2463875170712937,4.7963002156655214,6.387874046791609,12,386.0,0.23999999999999977
47300.0,10,422.0,11.722222222222221,7.48427054310997,10,10,394.0,0.33745230747450816,6.503883101917736,7.48427054310997,10,394.0,-0.08000000000000007
47305.0,14,473.0,12.128205128205128,6.884280949978573,14,14,473.0,0.2983182591272039,5.458830889682677,6.884280949978573,14,473.0,-0.7900000000000005
47310.0,11,437.0,11.205128205128204,7.259072729852766,10,11,436.0,0.31436987068557204,6.065182617878495,7.259072729852766,10,436.0,0.3700000000000001
47315.0,8,390.0,10.54054054054054,7.562040613451698,8,8,361.0,0.3116462820297945,5.986240972243851,7.562040613451698,8,361.0,0.7500000000000004
47320.0,9,423.0,10.575,6.958040201682428,9,9,423.0,0.2734766462065784,5.148936965083173,6.958040201682428,9,423.0,-0.6200000000000006
47325.0,10,420.0,11.052631578947368,7.239345225438788,10,10,420.0,0.31378220053376965,6.004752443934727,7.239345225438788,10,420.0,0.03000000000000025
47330.0,11,475.0,11.875,6.522534574720356,11,11,450.0,0.25142187575042696,4.602409805116839,6.522534574720356,11,450.0,-0.2999999999999998
47335.0,13,539.0,14.567567567567568,6.999974504845179,13,13,539.0,0.30164184595702587,5.443588008247043,6.999974504845179,13,539.0,-0.8899999999999997
47340.0,10,550.0,14.864864864864865,7.216986294461681,10,10,550.0,0.30414593068833856,5.687680146992116,7.216986294461681,10,550.0,-0.11000000000000032
47345.0,9,548.0,14.421052631578947,6.943994976931966,9,9,534.0,0.2838368056636178,5.332538280068349,6.943994976931966,9,534.0,0.16000000000000014
47350.0,9,593.0,16.027027027027028,7.807289480963712,9,9,593.0,0.3680843857778364,6.702178487315226,7.807289480963712,9,593.0,-0.5899999999999999
47355.0,10,538.0,13.45,6.596445765161141,10,10,538.0,0.2710904361425606,4.93023801743333,6.596445765161141,10,538.0,0.5499999999999998
47360.0,9,568.0,15.35135135135135,7.731330785754553,9,9,526.0,0.3769786882112676,6.743244448774949,7.731330785754553,9,526.0,0.1200000000000001
47365.0,12,613.0,15.717948717948717,7.301981654684309,12,12,613.0,0.343350674328741,5.838355984126522,7.301981654684309,12,613.0,-0.8700000000000001
47370.0,9,618.0,15.846153846153847,7.429720619194573,9,9,618.0,0.3324033496073814,5.864040165914433,7.429720619194573,9,618.0,-0.04999999999999982
47375.0,8,655.0,17.7027027027027,8.343347372379153,8,8,642.0,0.3981665128553,7.217987638632968,8.343347372379153,8,642.0,-0.2400000000000002
47380.0,10,698.0,17.897435897435898,7.412653241769811,10,10,698.0,0.31108345715924557,5.729321506716035,7.412653241769811,10,698.0,-0.5600000000000005
47385.0,9,664.0,17.945945945945947,7.462549889950106,9,9,664.0,0.32849329285466944,6.122797397394904,7.462549889950106,9,664.0,0.34000000000000075
47390.0,8,698.0,18.36842105263158,6.931121430496821,8,8,662.0,0.30436550903268395,5.254380158615673,6.931121430496821,8,662.0,0.019999999999999574
47395.0,10,747.0,19.657894736842106,7.92655800352338,10,10,747.0,0.37030685954130343,6.286974182219914,7.92655800352338,10,747.0,-0.8499999999999996
47400.0,8,770.0,20.81081081081081,7.967801734461504,8,8,770.0,0.37075957066672066,6.4174021633605705,7.967801734461504,8,770.0,-0.23000000000000043
47405.0,10,816.0,21.473684210526315,7.247901250485381,10,10,803.0,0.31388048157817894,5.246611643141765,7.247901250485381,10,803.0,-0.3299999999999992
47410.0,10,866.0,23.405405405405407,8.151436597855536,10,10,866.0,0.39526325970672893,6.640951450062718,8.151436597855536,10,866.0,-0.6300000000000008
47415.0,7,809.0,21.289473684210527,7.232611844638353,7,7,809.0,0.3168376636637796,5.4205246015418105,7.232611844638353,7,809.0,0.5700000000000003
47420.0,8,835.0,23.857142857142858,7.92348710650972,8,8,792.0,0.3910310550085263,6.759580579615359,7.92348710650972,8,792.0,0.16999999999999993
47425.0,11,875.0,23.64864864864865,7.814488707470558,11,11,875.0,0.4000791932597507,6.841134337273007,7.814488707470558,11,875.0,-0.8300000000000001
47430.0,10,918.0,25.5,7.445454590726336,10,10,918.0,0.3458920626736472,6.211614867666859,7.445454590726336,10,918.0,-0.4299999999999997
47435.0,10,968.0,27.65714285714286,8.00642881012856,10,10,968.0,0.3860799405211217,6.978672192525789,8.00642881012856,10,968.0,-0.5
47440.0,10,299.0,7.868421052631579,6.617915888526394,10,10,299.0,0.25646153983497694,4.851092225682626,6.617915888526394,10,299.0,6.6899999999999995
47445.0,8,154.0,4.162162162162162,7.661581432798689,8,8,-143.0,0.35788481541770084,6.640893299034119,7.661581432798689,8,-143.0,4.42
47450.0,9,195.0,5.27027027027027,6.631883444388418,9,9,195.0,0.2933768444338413,5.241488713170055,6.631883444388418,9,195.0,-3.38
47455.0,9,133.0,3.8,6.922515961574201,9,9,133.0,0.3236256055007225,5.893024662006675,6.922515961574201,9,133.0,0.6199999999999999
47460.0,8,147.0,4.2,7.3703719503681295,8,8,100.0,0.31783619612922853,6.053536149782145,7.3703719503681295,8,100.0,0.33000000000000007
47465.0,10,187.0,5.194444444444445,6.867446702046684,10,10,187.0,0.2926641325775923,5.474756865916031,6.867446702046684,10,187.0,-0.8700000000000001
47470.0,9,232.0,6.628571428571429,7.529694016271365,9,9,232.0,0.3585333849428778,6.544928832098534,7.529694016271365,9,232.0,-0.44999999999999973
47475.0,8,137.0,3.6052631578947367,6.508888206442364,8,8,137.0,0.28486756964759596,5.111630217092838,6.508888206442364,8,137.0,0.9499999999999997
47480.0,6,127.0,3.4324324324324325,8.045555282601818,6,6,72.0,0.3983920718037991,7.186835917711904,8.045555282601818,6,72.0,0.6500000000000001
47485.0,9,157.0,4.131578947368421,7.818862608982559,9,9,157.0,0.3839344687381916,6.599813414074649,7.818862608982559,9,157.0,-0.8500000000000001
47490.0,7,84.0,2.210526315789474,8.080812923554149,7,7,84.0,0.385684546213133,6.91579478319471,8.080812923554149,7,84.0,0.7300000000000001
47495.0,5,87.0,2.4857142857142858,8.845536649208945,5,5,42.0,0.46196760213501803,8.33620802641403,8.845536649208945,5,42.0,0.42
47500.0,6,115.0,3.108108108108108,8.002220942855304,6,6,115.0,0.37815991165842633,6.665000393572985,8.002220942855304,6,115.0,-0.73
47505.0,7,98.0,2.7222222222222223,8.187565255033014,7,7,98.0,0.3899523976450575,7.164157347348178,8.187565255033014,7,98.0,0.16999999999999993
47510.0,7,133.0,3.5945945945945947,7.405139397762763,7,7,85.0,0.31507544249343883,5.624526235140498,7.405139397762763,7,85.0,0.13
47515.0,10,180.0,5.0,7.6859317121457265,10,10,180.0,0.3386789634552901,6.151566363258811,7.6859317121457265,10,180.0,-0.9500000000000001
47520.0,7,143.0,4.085714285714285,7.859898679023339,7,7,143.0,0.33246905509560515,6.522484996128542,7.859898679023339,7,143.0,0.3700000000000001
47525.0,8,172.0,4.526315789473684,7.4193467904742825,8,8,144.0,0.3095073681876903,5.951110462577958,7.4193467904742825,8,144.0,-0.010000000000000009
47530.0,8,212.0,6.057142857142857,8.13394768491428,8,8,212.0,0.3884842119603519,7.280816578854779,8.13394768491428,8,212.0,-0.6800000000000002
47535.0,7,113.0,3.054054054054054,6.9756193578575125,7,7,113.0,0.27440030309614666,5.6280888231187856,6.9756193578575125,7,113.0,0.9900000000000002
47540.0,5,98.0,2.7222222222222223,8.474251119905302,5,5,43.0,0.3908852230376013,8.04472716288944,8.474251119905302,5,43.0,0.7
47545.0,9,124.0,3.4444444444444446,7.811053965384279,9,9,124.0,0.34150540036820903,6.810906948311763,7.811053965384279,9,124.0,-0.81
47550.0,6,47.0,1.3055555555555556,8.401888413182386,6,6,47.0,0.38607643427516014,7.90719178176662,8.401888413182386,6,47.0,0.77
47555.0,5,45.0,1.3636363636363635,8.184542241922307,5,5,2.0,0.3468830120808607,7.210500284940916,8.184542241922307,5,2.0,0.44999999999999996
47560.0,7,72.0,2.1176470588235294,7.462777500520005,7,7,72.0,0.303129971492815,5.99284166822253,7.462777500520005,7,72.0,-0.7
47565.0,9,109.0,3.2058823529411766,7.926822040839949,9,9,109.0,0.34418149596273456,6.8350466264394,7.926822040839949,9,109.0,-0.3700000000000001
47570.0,11,156.0,4.457142857142857,6.582759510831554,11,11,154.0,0.23544837927641799,4.658186576195755,6.582759510831554,11,154.0,-0.44999999999999996
47575.0,12,216.0,6.352941176470588,7.277593133687334,12,12,216.0,0.2827426173042127,5.626650841915409,7.277593133687334,12,216.0,-0.6200000000000001
47580.0,9,188.0,5.529411764705882,7.0959809077929314,9,9,188.0,0.2660597385055539,5.278342711286106,7.0959809077929314,9,188.0,0.28000000000000025
47585.0,10,224.0,5.894736842105263,7.184964417458677,10,10,196.0,0.2874955110291063,5.464520339623218,7.184964417458677,10,196.0,-0.08000000000000007
47590.0,10,274.0,8.058823529411764,7.6807606737138014,10,10,274.0,0.3515766205713769,6.401315856540051,7.6807606737138014,10,274.0,-0.7800000000000002
47595.0,9,230.0,6.764705882352941,6.548673397137068,9,9,230.0,0.286579848722665,5.305609145535112,6.548673397137068,9,230.0,0.4400000000000004
47600.0,8,224.0,6.787878787878788,7.5174209926711955,8,8,195.0,0.34562843399101556,6.540276265677875,7.5174209926711955,8,195.0,0.34999999999999987
47605.0,10,258.0,7.371428571428571,6.955436864593287,10,10,258.0,0.29920014162148856,5.542448574913203,6.955436864593287,10,258.0,-0.6300000000000001
47610.0,8,113.0,3.323529411764706,7.435662012437125,8,8,113.0,0.33821473442129607,6.266114409923811,7.435662012437125,8,113.0,1.4500000000000002
47615.0,5,47.0,1.46875,8.22981068154223,5,5,-23.0,0.3992320206946411,7.384128449441272,8.22981068154223,5,-23.0,1.3599999999999999
47620.0,8,78.0,2.2941176470588234,7.118077553507386,8,8,8.0,0.3141678060530673,5.63579173346439,7.118077553507386,8,8.0,-0.31
47625.0,7,73.0,2.1470588235294117,7.68431413668218,7,7,3.0,0.35275315588040357,6.429133191173821,7.68431413668218,7,3.0,0.05
47630.0,9,103.0,2.7837837837837838,6.873772016950853,9,9,91.0,0.2933264913384205,5.078445314021741,6.873772016950853,9,91.0,-0.88
47635.0,9,148.0,4.111111111111111,8.101765977778053,9,9,148.0,0.368597591328942,6.371272252771017,8.101765977778053,9,148.0,-0.57
47640.0,7,146.0,4.171428571428572,8.459824063963369,6,7,145.0,0.3917302355091096,7.039503585459856,8.459824063963369,6,145.0,0.030000000000000027
47645.0,8,165.0,4.583333333333333,7.488510858120723,8,8,153.0,0.2787286163126803,5.190045524085612,7.488510858120723,8,153.0,-0.08000000000000007
47650.0,7,198.0,5.6571428571428575,8.463285928369531,7,7,198.0,0.3854914984500425,6.917562820511865,8.463285928369531,7,198.0,-0.44999999999999996
47655.0,10,205.0,5.694444444444445,7.123458828470125,10,10,205.0,0.3061689627683777,5.614871199398871,7.123458828470125,10,205.0,-0.06999999999999984
47660.0,11,258.0,7.371428571428571,7.753162957243683,11,11,226.0,0.329430713668027,6.261675384514278,7.753162957243683,11,226.0,-0.20999999999999996
47665.0,14,314.0,8.722222222222221,7.002422186714178,14,14,314.0,0.2754905285771993,5.180564219353123,7.002422186714178,14,314.0,-0.8800000000000003
47670.0,11,190.0,5.277777777777778,7.0456658798056075,11,11,190.0,0.2855513631082833,5.585669692351603,7.0456658798056075,11,190.0,1.2400000000000002
47675.0,7,134.0,3.7222222222222223,7.98481971148156,7,7,64.0,0.35929292512460914,6.830894327156403,7.98481971148156,7,64.0,1.2599999999999998
47680.0,9,172.0,4.648648648648648,7.209804369624024,9,9,172.0,0.3066420227760026,5.81661747536634,7.209804369624024,9,172.0,-1.08
47685.0,12,222.0,6.529411764705882,6.863892221551057,12,12,222.0,0.2936001160433097,5.688247651146116,6.863892221551057,12,222.0,-0.5000000000000002
47690.0,14,285.0,8.142857142857142,5.643924405148554,14,14,284.0,0.19824823172461525,3.824591975326423,5.643924405148554,14,284.0,-0.6199999999999997
47695.0,15,360.0,10.588235294117647,6.400042829044168,15,15,360.0,0.24585978781404205,4.826456825717314,6.400042829044168,15,360.0,-0.7600000000000002
47700.0,15,435.0,13.181818181818182,6.166828910952745,15,15,435.0,0.22653272159387958,4.562646368580052,6.166828910952745,15,435.0,-0.7499999999999996
47705.0,15,454.0,12.61111111111111,5.581081636453221,15,15,454.0,0.2060830837152757,4.228729917137596,5.581081636453221,15,454.0,-0.1900000000000004
47710.0,13,501.0,13.916666666666666,6.507887631900147,13,13,483.0,0.2701783623983365,5.376184452537473,6.507887631900147,13,483.0,-0.29000000000000004
47715.0,15,571.0,15.432432432432432,5.979178504801982,15,15,571.0,0.2524157410501174,4.906887168408778,5.979178504801982,15,571.0,-0.8799999999999999
47720.0,14,456.0,12.324324324324325,6.452367363406733,13,14,455.0,0.274753585147536,5.556322351953837,6.452367363406733,13,455.0,1.1600000000000001
47725.0,15,409.0,10.225,5.764204962460255,15,15,338.0,0.21202446352992804,4.243267357194784,5.764204962460255,15,338.0,1.17
47730.0,11,460.0,12.432432432432432,6.9530616243328565,11,11,460.0,0.30850834268159943,5.9382943601737805,6.9530616243328565,11,460.0,-1.2199999999999998
47735.0,12,277.0,7.694444444444445,6.107372236330508,12,12,277.0,0.26251182255889866,4.936006225225684,6.107372236330508,12,277.0,1.8299999999999996
47740.0,12,100.0,2.7027027027027026,5.2903950449715875,12,12,21.0,0.21682336233950478,4.092570110148884,5.2903950449715875,12,21.0,2.56
47745.0,10,129.0,3.4864864864864864,6.511314302373172,10,10,129.0,0.2918377240002772,5.528899957080508,6.511314302373172,10,129.0,-1.08
47750.0,11,133.0,3.325,5.348691341516696,11,11,133.0,0.21918578006990458,4.054925257397147,5.348691341516696,11,133.0,-0.040000000000000036
47755.0,12,141.0,3.525,6.452995445136594,12,12,127.0,0.2822682824901343,5.156540999929727,6.452995445136594,12,127.0,0.06000000000000005
47760.0,13,202.0,5.05,6.873391814274099,13,13,202.0,0.29642987870847526,5.322341931297322,6.873391814274099,13,202.0,-0.75
47765.0,14,270.0,6.27906976744186,6.658330858980965,14,14,270.0,0.2651204162210083,4.963925486820016,6.658330858980965,14,270.0,-0.6800000000000002
47770.0,13,277.0,6.925,6.968599254215318,13,13,277.0,0.30294675350861155,5.6127275102631335,6.968599254215318,13,277.0,-0.06999999999999984
47775.0,11,228.0,5.428571428571429,6.18483569525048,11,11,226.0,0.2326002300086598,4.427026319397005,6.18483569525048,11,226.0,0.5100000000000002
47780.0,8,263.0,6.261904761904762,7.613396985475378,8,8,262.0,0.34595383836244487,6.517927372172869,7.613396985475378,8,262.0,-0.3600000000000003
47785.0,11,132.0,3.0,6.6790468564369485,11,11,132.0,0.2882100190785424,5.454931011864606,6.6790468564369485,11,132.0,1.3
47790.0,9,97.0,2.255813953488372,7.3248934786309,9,9,34.0,0.33124971824672866,6.21970804270336,7.3248934786309,9,34.0,0.98
47795.0,9,142.0,3.4634146341463414,7.921031647018184,9,9,142.0,0.372343751963403,6.836108172702116,7.921031647018184,9,142.0,-1.0799999999999998
47800.0,13,137.0,3.261904761904762,6.420798815442584,13,13,137.0,0.256706947100524,4.538966744931369,6.420798815442584,13,137.0,0.04999999999999982
47805.0,13,202.0,4.809523809523809,7.473492770140651,13,13,146.0,0.30859760998047897,5.586022198297822,7.473492770140651,13,146.0,-0.08999999999999986
47810.0,14,268.0,5.955555555555556,6.546887138320424,14,14,268.0,0.2263889306735619,4.081737898604866,6.546887138320424,14,268.0,-1.2200000000000002
47815.0,16,348.0,8.093023255813954,6.974085742637027,16,16,348.0,0.24428548164631997,4.606735896032107,6.974085742637027,16,348.0,-0.7999999999999998
47820.0,13,320.0,8.0,6.689195210758908,13,13,320.0,0.22057220942347355,4.175551824207498,6.689195210758908,13,320.0,0.2799999999999998
47825.0,11,240.0,6.153846153846154,6.618207365039293,11,11,208.0,0.25572894154032144,4.719232560223147,6.618207365039293,11,208.0,1.12
47830.0,10,285.0,7.5,7.243223320147074,10,10,285.0,0.3230330461612301,5.8414908090892865,7.243223320147074,10,285.0,-0.77
47835.0,11,337.0,8.64102564102564,6.840801894872266,11,11,337.0,0.3111330965246726,5.453420574217277,6.840801894872266,11,337.0,-0.52
47840.0,11,275.0,7.2368421052631575,6.816796056069124,11,11,275.0,0.29999016148939117,5.5626885432471855,6.816796056069124,11,275.0,0.6200000000000001
47845.0,11,260.0,6.842105263157895,6.521173380552623,11,11,222.0,0.288665705465066,5.126488282238513,6.521173380552623,11,222.0,0.5299999999999998
47850.0,10,308.0,8.105263157894736,7.474773308631012,10,10,308.0,0.3481494435464224,6.238160995290868,7.474773308631012,10,308.0,-0.8599999999999999
47855.0,9,157.0,4.361111111111111,7.8992326783708995,9,9,157.0,0.38518321441508635,7.038544235086611,7.8992326783708995,9,157.0,1.51
47860.0,8,76.0,2.0,6.986001142661273,8,8,0.0,0.2784720863604109,5.383704111027048,6.986001142661273,8,0.0,1.57
47865.0,8,111.0,2.9210526315789473,7.4943463385687386,8,8,111.0,0.32300119840491964,5.932495930917547,7.4943463385687386,8,111.0,-1.11
47870.0,9,73.0,1.7804878048780488,6.551105051729881,9,9,73.0,0.24051863099275472,4.533436556229715,6.551105051729881,9,73.0,0.3800000000000001
47875.0,11,114.0,2.85,6.952826599100047,11,11,86.0,0.2665258573527201,5.1505842962373665,6.952826599100047,11,86.0,-0.13
47880.0,11,169.0,4.333333333333333,7.322200545157184,11,11,169.0,0.29707775763948696,5.5426506788754075,7.322200545157184,11,169.0,-0.83
47885.0,12,142.0,3.302325581395349,6.762464425039969,12,12,142.0,0.25558286161023,4.813397906267898,6.762464425039969,12,142.0,0.27
47890.0,10,175.0,4.375,7.579590693161995,10,10,147.0,0.33199022754649604,6.11812273651826,7.579590693161995,10,147.0,-0.050000000000000044
47895.0,12,228.0,5.7,7.039331394401839,12,12,228.0,0.29418489290145333,5.294030763360594,7.039331394401839,12,228.0,-0.8099999999999998
47900.0,10,252.0,6.8108108108108105,7.475237149224528,10,10,252.0,0.34161055881960817,6.321224322490707,7.475237149224528,10,252.0,-0.2400000000000002
47905.0,14,303.0,7.973684210526316,6.679759465094122,14,14,291.0,0.2789899353052839,5.135221017556001,6.679759465094122,14,291.0,-0.3900000000000001
47910.0,12,362.0,9.783783783783784,7.373216436454885,12,12,362.0,0.3332057134802328,6.006962067659378,7.373216436454885,12,362.0,-0.71
47915.0,9,278.0,7.513513513513513,7.603189364210306,9,9,278.0,0.33956832875707604,6.333122353016747,7.603189364210306,9,278.0,0.8400000000000003
47920.0,6,115.0,2.875,7.328883369202989,6,6,71.0,0.2925805847419369,5.4875862973783525,7.328883369202989,6,71.0,2.07
47925.0,6,125.0,3.289473684210526,8.203297478389837,6,6,125.0,0.3878523971327232,7.008085740961671,8.203297478389837,6,125.0,-0.54
47930.0,6,155.0,3.7804878048780486,7.682560994890156,6,6,155.0,0.3422423853269925,6.122474069065169,7.682560994890156,6,155.0,-0.30000000000000004
47935.0,8,116.0,2.9743589743589745,7.5135184935564325,8,8,116.0,0.33586519639544526,6.100562877333413,7.5135184935564325,8,116.0,0.3900000000000001
47940.0,7,146.0,4.171428571428572,7.73257504851603,7,7,113.0,0.3527377854267073,6.601094375086932,7.73257504851603,7,113.0,0.030000000000000027
47945.0,9,186.0,4.769230769230769,7.538199936523179,9,9,186.0,0.3290580543184146,6.234096700910836,7.538199936523179,9,186.0,-0.7300000000000002
47950.0,7,181.0,4.7631578947368425,8.08125916078594,6,7,180.0,0.3711643777091676,7.327116513593432,8.08125916078594,6,180.0,0.06000000000000005
47955.0,8,202.0,5.17948717948718,7.122018451829901,8,8,189.0,0.2639832402996523,5.13924165583731,7.122018451829901,8,189.0,-0.08999999999999986
47960.0,7,235.0,6.527777777777778,8.384468106002238,7,7,235.0,0.377592449649261,7.312300782305747,8.384468106002238,7,235.0,-0.4600000000000002
47965.0,10,131.0,3.4473684210526314,7.403674167389594,10,10,131.0,0.3108821938784885,6.17789970108704,7.403674167389594,10,131.0,1.04
47970.0,10,177.0,4.657894736842105,8.059856279631148,10,10,81.0,0.3385414562168361,6.7389461101166965,8.059856279631148,10,81.0,0.5
47975.0,10,227.0,6.305555555555555,8.088381674280045,10,10,227.0,0.3448728407388812,6.694314325415648,8.088381674280045,10,227.0,-1.46
47980.0,10,140.0,3.58974358974359,7.190260480126508,10,10,140.0,0.2692504490181505,5.261039060483411,7.190260480126508,10,140.0,0.8700000000000001
47985.0,7,131.0,3.358974358974359,8.407052966019435,7,7,76.0,0.3689405772025156,7.049753976734014,8.407052966019435,7,76.0,0.6399999999999999
47990.0,8,167.0,4.513513513513513,7.6844479009176805,8,8,167.0,0.3197720994288387,5.84310920601633,7.6844479009176805,8,167.0,-0.9099999999999999
47995.0,8,121.0,3.4571428571428573,7.621421005378763,8,8,121.0,0.3328561175378225,6.238279807159519,7.621421005378763,8,121.0,0.45999999999999996
48000.0,6,127.0,4.096774193548387,7.752249949938071,6,6,98.0,0.34983215804665535,6.536788145608942,7.752249949938071,6,98.0,0.22999999999999998
48005.0,8,164.0,4.685714285714286,7.624843917378363,8,8,164.0,0.3378425542984729,6.17311574762266,7.624843917378363,8,164.0,-0.6599999999999999
48010.0,6,75.0,2.2058823529411766,8.098968830234512,6,6,75.0,0.375161190610051,7.116083931005628,8.098968830234512,6,75.0,0.8899999999999999
48015.0,5,68.0,2.0,7.542721122866751,5,5,17.0,0.3338942229400667,6.263994685857211,7.542721122866751,5,17.0,0.58
48020.0,6,98.0,2.8823529411764706,8.970181692670252,6,6,98.0,0.4467912249946709,8.231051463395461,8.970181692670252,6,98.0,-0.8099999999999999
48025.0,9,128.0,3.4594594594594597,8.579319629577983,9,9,128.0,0.41611981642611273,7.6415573441766265,8.579319629577983,9,128.0,-0.30000000000000004
48030.0,8,162.0,4.628571428571429,8.406691330297075,8,8,162.0,0.35680359010343476,6.871907164486944,8.406691330297075,8,162.0,-0.3400000000000001
48035.0,5,84.0,2.4,9.033709385486105,5,5,84.0,0.42079748969932335,8.13661549501013,9.033709385486105,5,84.0,0.7800000000000001
48040.0,7,75.0,2.0833333333333335,7.960765702447124,7,7,37.0,0.321118454149634,6.090641642317017,7.960765702447124,7,37.0,0.47
48045.0,6,105.0,3.088235294117647,9.136491298365275,6,6,105.0,0.42773899963658946,7.961558539114564,9.136491298365275,6,105.0,-0.68
48050.0,5,38.0,1.0555555555555556,7.614155065687594,5,5,38.0,0.3080633015832607,5.636140933418117,7.614155065687594,5,38.0,0.67
48055.0,5,49.0,1.4848484848484849,8.711214993632682,5,5,11.0,0.39449933572373247,7.3354463594570944,8.711214993632682,5,11.0,0.27
48060.0,5,74.0,2.466666666666667,9.205954376602095,5,5,74.0,0.46320190790027954,8.2724855638251,9.205954376602095,5,74.0,-0.63
48065.0,5,69.0,2.0294117647058822,8.055726499961024,5,5,69.0,0.3502398335468084,6.5727484253887765,8.055726499961024,5,69.0,0.050000000000000044
48070.0,5,94.0,2.8484848484848486,9.111119919540316,5,5,81.0,0.4343105775187236,8.175143094009112,9.111119919540316,5,81.0,-0.1200000000000001
48075.0,6,119.0,3.606060606060606,8.513872068778799,6,6,119.0,0.3895542433690253,7.061179644279119,8.513872068778799,6,119.0,-0.3799999999999999
48080.0,7,111.0,3.5806451612903225,8.479802817102643,6,7,110.0,0.42215644579389505,7.8042628688570055,8.479802817102643,6,110.0,0.08999999999999986
48085.0,9,140.0,4.117647058823529,8.055520513846822,9,9,140.0,0.3530609516468612,6.652658459598555,8.055520513846822,9,140.0,-0.2999999999999998
48090.0,9,181.0,5.65625,8.21787251543963,9,9,145.0,0.3505317557182773,6.668506272120036,8.21787251543963,9,145.0,-0.050000000000000044
48095.0,6,95.0,3.064516129032258,8.50914680707558,6,6,95.0,0.38859027767041826,7.43753026154719,8.50914680707558,6,95.0,0.5
48100.0,6,92.0,2.787878787878788,7.505623615099674,6,6,41.0,0.3107096707292751,5.95692862500541,7.505623615099674,6,41.0,0.54
48105.0,7,127.0,4.096774193548387,8.627705116984325,7,7,127.0,0.40952479209754944,7.750539808421641,8.627705116984325,7,127.0,-0.8600000000000001
48110.0,5,60.0,1.8181818181818181,7.218991500162463,5,5,60.0,0.2993955362205555,5.857952562078393,7.218991500162463,5,60.0,0.67
48115.0,7,77.0,2.566666666666667,7.791371997918156,7,7,35.0,0.3248160600811409,6.709766962456205,7.791371997918156,7,35.0,0.25
48120.0,6,106.0,3.6551724137931036,7.822613636077002,6,6,106.0,0.3387132384910197,6.580487397104776,7.822613636077002,6,106.0,-0.7100000000000001
48125.0,10,127.0,3.96875,6.879858595313948,10,10,127.0,0.28222239277324157,5.6029857868866815,6.879858595313948,10,127.0,-0.20999999999999996
48130.0,10,177.0,5.9,7.462640208760619,10,10,157.0,0.32333297078978757,6.442828886591594,7.462640208760619,10,157.0,-0.30000000000000004
48135.0,13,233.0,7.0606060606060606,6.361618901839788,13,13,233.0,0.23886083294014135,4.793006765637592,6.361618901839788,13,233.0,-0.76
48140.0,10,216.0,6.75,7.36634752177315,10,10,216.0,0.3082822793569382,6.3835102744717656,7.36634752177315,10,216.0,0.16999999999999993
48145.0,12,254.0,7.257142857142857,6.502228858753138,12,12,226.0,0.25884294644212213,5.200608670374252,6.502228858753138,12,226.0,-0.09999999999999964
48150.0,11,309.0,9.088235294117647,7.650961544312143,11,11,309.0,0.34448848826629264,6.790360694784687,7.650961544312143,11,309.0,-0.8300000000000001
48155.0,8,265.0,8.030303030303031,7.000296796322852,8,8,265.0,0.3142294278136265,6.158649355235595,7.000296796322852,8,265.0,0.43999999999999995
48160.0,10,272.0,7.771428571428571,6.439568460169001,9,10,241.0,0.26949642445192273,5.1399522901886066,6.439568460169001,9,241.0,0.23999999999999977
48165.0,9,314.0,9.8125,6.944199365075951,9,9,314.0,0.31699216433621774,6.018515709790101,6.944199365075951,9,314.0,-0.73
48170.0,12,159.0,4.542857142857143,5.866735239449457,12,12,159.0,0.22006370039982392,4.131960031977594,5.866735239449457,12,159.0,1.55
48175.0,9,69.0,1.9714285714285715,6.932239764834091,9,9,66.0,0.28823814464098807,5.453874303927409,6.932239764834091,9,66.0,0.93
48180.0,7,101.0,3.0606060606060606,7.5422462157333,7,7,100.0,0.33682468683552913,6.167051593330277,7.5422462157333,7,100.0,-0.33999999999999997
48185.0,8,103.0,2.861111111111111,6.599918640591662,8,8,103.0,0.2849994680831494,5.2567184891939585,6.599918640591662,8,103.0,-0.030000000000000027
48190.0,11,155.0,4.305555555555555,7.631389724361999,11,11,135.0,0.34647343825604016,6.345797047466412,7.631389724361999,11,135.0,-0.32000000000000006
48195.0,13,214.0,5.487179487179487,6.938956885103262,13,13,214.0,0.2790051874821192,5.085047398755746,6.938956885103262,13,214.0,-0.79
48200.0,11,181.0,5.171428571428572,7.212303714298811,11,11,181.0,0.3167867813128072,6.101845276540655,7.212303714298811,11,181.0,0.33000000000000007
48205.0,11,160.0,4.324324324324325,6.764635610106545,11,11,131.0,0.26660776350773596,5.329208203587223,6.764635610106545,11,131.0,0.5
48210.0,9,203.0,5.638888888888889,7.937031581580694,9,9,203.0,0.35266886106450224,6.839247803272454,7.937031581580694,9,203.0,-0.7199999999999998
48215.0,9,164.0,4.555555555555555,7.429627627271178,9,9,164.0,0.320046325845702,6.28769010884939,7.429627627271178,9,164.0,0.3899999999999999
48220.0,8,106.0,2.789473684210526,6.575633415935847,8,8,79.0,0.24597193887116872,4.891774955894504,6.575633415935847,8,79.0,0.8499999999999999
48225.0,8,146.0,3.945945945945946,7.761268909553491,8,8,146.0,0.32967721119961857,6.3958344844004325,7.761268909553491,8,146.0,-0.6699999999999999
48230.0,11,189.0,4.846153846153846,6.894097808941162,11,11,189.0,0.28288556829523565,5.144490523537384,6.894097808941162,11,189.0,-0.42999999999999994
48235.0,10,176.0,4.888888888888889,6.859608441613698,10,10,176.0,0.2887952382673524,5.372083457339708,6.859608441613698,10,176.0,0.1299999999999999
48240.0,8,191.0,5.305555555555555,7.531959968509867,8,8,172.0,0.33329912124901784,6.036383547313119,7.531959968509867,8,172.0,0.040000000000000036
48245.0,10,237.0,6.076923076923077,7.436048801764253,10,10,237.0,0.3179879128537883,5.687406722464053,7.436048801764253,10,237.0,-0.6500000000000001
48250.0,9,240.0,6.486486486486487,8.023201441839271,8,9,239.0,0.3586256830428143,6.64510131973538,8.023201441839271,8,239.0,-0.020000000000000018
48255.0,9,268.0,6.871794871794871,7.147096654577779,9,9,255.0,0.2596944994662984,4.783718208552188,7.147096654577779,9,255.0,-0.1599999999999997
48260.0,9,311.0,8.63888888888889,8.07491825185889,9,9,311.0,0.3640907631992511,6.6416812016958096,8.07491825185889,9,311.0,-0.56
48265.0,11,222.0,5.842105263157895,6.943584424844343,11,11,222.0,0.29880580375956195,5.491720830371246,6.943584424844343,11,222.0,0.8899999999999997
48270.0,8,226.0,5.947368421052632,7.850789250349397,8,8,173.0,0.3573341361374691,6.477133655805654,7.850789250349397,8,173.0,0.4900000000000002
48275.0,8,266.0,7.388888888888889,8.39065984854176,8,8,266.0,0.40661537092365024,7.109967408420221,8.39065984854176,8,266.0,-0.9300000000000002
48280.0,11,314.0,8.263157894736842,7.222463894217316,11,11,314.0,0.3081680405123865,5.4003781874295615,7.222463894217316,11,314.0,-0.48
48285.0,8,283.0,7.861111111111111,7.85548780909264,8,8,283.0,0.3367368501084516,6.35840321210995,7.85548780909264,8,283.0,0.31000000000000005
48290.0,9,315.0,8.076923076923077,7.105281212518989,9,9,282.0,0.26776217585432316,5.03594852579932,7.105281212518989,9,282.0,0.010000000000000231
48295.0,10,365.0,10.428571428571429,7.761897972869232,10,10,365.0,0.3344382986612755,6.2752865741786445,7.761897972869232,10,365.0,-0.8300000000000001
48300.0,10,415.0,12.575757575757576,7.789930553004471,10,10,415.0,0.32385508057099605,6.336463495955864,7.789930553004471,10,415.0,-0.5000000000000004
48305.0,9,211.0,5.702702702702703,7.376600488906979,9,9,211.0,0.27253973495221323,5.581900448739209,7.376600488906979,9,211.0,2.0400000000000005
48310.0,9,256.0,7.314285714285714,7.827930044381523,9,9,114.0,0.3358205955595978,6.583896438923686,7.827930044381523,9,114.0,0.97
48315.0,12,307.0,8.297297297297296,6.854569079619646,12,12,307.0,0.2736497189671313,5.133911472955882,6.854569079619646,12,307.0,-1.93
48320.0,9,196.0,5.297297297297297,7.7651695674955565,9,9,196.0,0.3319891219869408,6.4763755600255,7.7651695674955565,9,196.0,1.1099999999999999
48325.0,8,119.0,3.2162162162162162,7.3822234394645285,8,8,65.0,0.31190161850090564,5.9042716947367495,7.3822234394645285,8,65.0,1.31
48330.0,7,152.0,4.108108108108108,8.400207379081241,7,7,152.0,0.3886215167828199,7.334025518748192,8.400207379081241,7,152.0,-0.87
48335.0,7,67.0,1.9142857142857144,8.29909556622819,7,7,67.0,0.38728513928643016,7.315492005120392,8.29909556622819,7,67.0,0.85
48340.0,8,66.0,1.8333333333333333,7.464713115973268,8,8,22.0,0.31105655589024395,5.771264193777475,7.464713115973268,8,22.0,0.45000000000000007
48345.0,8,106.0,3.0285714285714285,8.692290915400417,8,8,106.0,0.4097691212680686,7.503474041630677,8.692290915400417,8,106.0,-0.8400000000000001
48350.0,8,100.0,2.7777777777777777,6.766012906480677,8,8,100.0,0.27191324870201783,4.881373827127729,6.766012906480677,8,100.0,0.06000000000000005
48355.0,7,123.0,3.5142857142857142,7.784842963789586,7,7,110.0,0.36467480940662733,6.6859153102500075,7.784842963789586,7,110.0,-0.10000000000000009
48360.0,7,158.0,4.787878787878788,8.277697378724334,7,7,158.0,0.41634876320368247,7.328617814246009,8.277697378724334,7,158.0,-0.48
48365.0,7,82.0,2.342857142857143,6.8730157878286695,7,7,82.0,0.30842387791120185,5.6675435885934125,6.8730157878286695,7,82.0,0.7600000000000001
48370.0,5,87.0,2.4857142857142858,8.34715793595875,5,5,41.0,0.407721439780829,7.5846233469368585,8.34715793595875,5,41.0,0.41
48375.0,5,112.0,3.027027027027027,7.925248624384305,5,5,112.0,0.3613695874312907,6.693348066955945,7.925248624384305,5,112.0,-0.7100000000000002
48380.0,5,69.0,2.0294117647058822,8.231237344088058,5,5,69.0,0.4054586865838735,7.848356273610288,8.231237344088058,5,69.0,0.43000000000000016
48385.0,7,85.0,2.361111111111111,8.220854311470614,7,7,57.0,0.3876576902093112,7.294096359627242,8.220854311470614,7,57.0,0.12
48390.0,6,112.0,3.111111111111111,8.955707938668063,6,6,112.0,0.44187812168204976,8.203836599678295,8.955707938668063,6,112.0,-0.5500000000000002
48395.0,6,142.0,3.9444444444444446,9.326670711267306,6,6,142.0,0.46491773588086616,8.984392927847756,9.326670711267306,6,142.0,-0.2999999999999998
48400.0,7,143.0,3.6666666666666665,7.888212190560455,7,7,143.0,0.30364167633533073,5.9865097020725395,7.888212190560455,7,143.0,-0.010000000000000009
48405.0,7,178.0,4.8108108108108105,8.643784684349395,7,7,160.0,0.402376535506291,7.595307137192655,8.643784684349395,7,160.0,-0.17000000000000015
48410.0,7,213.0,5.756756756756757,7.863195776279017,7,7,213.0,0.34411069793138604,6.175046542106114,7.863195776279017,7,213.0,-0.5299999999999998
48415.0,7,137.0,4.029411764705882,7.850156204527347,7,7,137.0,0.3565355596474717,6.591185873135364,7.850156204527347,7,137.0,0.7599999999999998
48420.0,4,133.0,4.290322580645161,8.55813373133273,4,4,87.0,0.4109622169245934,7.438657373364546,8.55813373133273,4,87.0,0.5000000000000001
48425.0,6,158.0,4.9375,7.797793523414462,6,6,158.0,0.3739037403295863,6.492855924588709,7.797793523414462,6,158.0,-0.7100000000000001
48430.0,6,72.0,2.3225806451612905,8.216854424991661,6,6,72.0,0.4236114886613377,7.599745063163119,8.216854424991661,6,72.0,0.8600000000000001
48435.0,8,104.0,3.0588235294117645,6.811066744877993,8,8,18.0,0.278301727245064,5.090369465963356,6.811066744877993,8,18.0,0.54
48440.0,9,149.0,4.65625,7.882284584922709,9,9,149.0,0.3544039888072692,6.563849018000947,7.882284584922709,9,149.0,-1.31
48445.0,9,146.0,4.294117647058823,7.800051335273988,9,9,146.0,0.3608881781366788,6.811775103441081,7.800051335273988,9,146.0,0.030000000000000027
48450.0,7,180.0,5.454545454545454,8.433971950244793,7,7,166.0,0.38727269000018116,7.51639481867745,8.433971950244793,7,166.0,-0.19999999999999996
48455.0,8,220.0,7.096774193548387,8.501069513550126,8,8,220.0,0.4119631666458266,7.693101941594942,8.501069513550126,8,220.0,-0.5400000000000003
48460.0,7,118.0,3.4705882352941178,7.0513366267088635,7,7,118.0,0.306915085377001,5.5886685980602255,7.0513366267088635,7,118.0,1.0200000000000002
48465.0,5,99.0,3.09375,8.340638625936304,5,5,43.0,0.41117086861380037,7.465565635570312,8.340638625936304,5,43.0,0.75
48470.0,5,124.0,3.6470588235294117,7.963943846962491,5,5,124.0,0.37592983800695073,6.724945886804248,7.963943846962491,5,124.0,-0.81
48475.0,6,45.0,1.3636363636363635,7.9943780667054956,6,6,45.0,0.36767238322486606,6.905692191222989,7.9943780667054956,6,45.0,0.79
48480.0,4,43.0,1.4333333333333333,8.326061408594457,4,4,-4.0,0.3871824919123845,7.136206102906292,8.326061408594457,4,-4.0,0.49
48485.0,6,69.0,2.0294117647058822,7.980659009881499,6,6,69.0,0.3725519945951925,6.575506396375154,7.980659009881499,6,69.0,-0.73
48490.0,7,77.0,2.40625,8.382522374542617,7,7,77.0,0.42479640764667304,7.759810503146292,8.382522374542617,7,77.0,-0.08000000000000007
48495.0,9,114.0,3.257142857142857,7.2629705137099245,9,9,90.0,0.2882127189533825,5.533841647063725,7.2629705137099245,9,90.0,-0.13
48500.0,10,164.0,4.685714285714286,8.065819063980856,10,10,164.0,0.3493490653822426,6.718375936480689,8.065819063980856,10,164.0,-0.7399999999999999
48505.0,10,127.0,3.6285714285714286,7.363597305886635,10,10,127.0,0.3177219473190967,5.999796054081422,7.363597305886635,10,127.0,0.3699999999999999
48510.0,8,151.0,4.314285714285714,7.967101156885214,8,8,123.0,0.3674481601693445,6.87530685622863,7.967101156885214,8,123.0,0.040000000000000036
48515.0,8,191.0,5.617647058823529,8.26071706869489,8,8,191.0,0.4018214353059819,7.195491406659038,8.26071706869489,8,191.0,-0.6799999999999999
48520.0,9,148.0,4.352941176470588,6.455666807167629,8,9,147.0,0.2781348626528408,5.04842707953752,6.455666807167629,8,147.0,0.43999999999999995
48525.0,8,168.0,5.25,7.279568574749861,8,8,139.0,0.322857345243633,5.866346188147061,7.279568574749861,8,139.0,0.08000000000000007
48530.0,8,203.0,5.970588235294118,7.102764707783199,8,8,203.0,0.3155647800841051,5.54409816951221,7.102764707783199,8,203.0,-0.6399999999999999
48535.0,10,236.0,7.151515151515151,7.236123411459575,10,10,236.0,0.32474627664902006,6.063944867273456,7.236123411459575,10,236.0,-0.33000000000000007
48540.0,10,286.0,9.225806451612904,7.255613887337517,10,10,275.0,0.3302153933962178,5.977328162198819,7.255613887337517,10,275.0,-0.3900000000000001
48545.0,11,341.0,9.742857142857142,6.6381056527316895,11,11,341.0,0.28368360951434884,5.118537010926233,6.6381056527316895,11,341.0,-0.6600000000000001
48550.0,9,347.0,9.914285714285715,7.338723627070261,9,9,347.0,0.30939055765287243,6.130418924053924,7.338723627070261,9,347.0,-0.06000000000000005
48555.0,9,385.0,10.694444444444445,6.987887122168932,9,9,371.0,0.2837373422951432,5.54332814056711,6.987887122168932,9,371.0,-0.23999999999999977
48560.0,10,435.0,12.428571428571429,8.048588149933106,10,10,435.0,0.3709152468340982,7.131345197755971,8.048588149933106,10,435.0,-0.6399999999999997
48565.0,11,238.0,6.611111111111111,6.588728137371879,11,11,238.0,0.27196528612468895,5.359225510528069,6.588728137371879,11,238.0,1.9699999999999998
48570.0,5,80.0,2.3529411764705883,7.485674846260494,5,5,-9.0,0.34416420722437985,6.86333744719466,7.485674846260494,5,-9.0,2.4699999999999998
48575.0,4,94.0,2.764705882352941,8.102186690049901,4,4,94.0,0.3974579473333159,7.498030768330938,8.102186690049901,4,94.0,-1.03
48580.0,8,88.0,2.3783783783783785,6.586797497953825,8,8,88.0,0.2783868474003704,5.361661954444552,6.586797497953825,8,88.0,0.05999999999999994
48585.0,10,137.0,3.7027027027027026,7.470665685986723,10,10,117.0,0.348028410303335,6.502112047761376,7.470665685986723,10,117.0,-0.2899999999999999
48590.0,12,189.0,5.25,6.280134310524613,12,12,189.0,0.26538915292726745,4.749400890263513,6.280134310524613,12,189.0,-0.72
48595.0,10,199.0,5.527777777777778,6.8900458954486385,10,10,199.0,0.3031548352873633,5.682640048060964,6.8900458954486385,10,199.0,-0.10000000000000009
48600.0,9,243.0,6.75,7.266297866993909,9,9,219.0,0.3022772986958235,5.729266343296101,7.266297866993909,9,219.0,-0.19999999999999996
48605.0,11,296.0,7.4,7.318995311919073,11,11,295.0,0.29768079088078864,5.551226386201211,7.318995311919073,11,295.0,-0.7600000000000002
48610.0,8,252.0,6.631578947368421,7.870981906975021,8,8,252.0,0.34042978724983014,6.578009258477209,7.870981906975021,8,252.0,0.43000000000000016
48615.0,9,155.0,4.078947368421052,7.004962463914244,9,9,126.0,0.2716222569605838,5.226949927661777,7.004962463914244,9,126.0,1.26
48620.0,8,179.0,4.7105263157894735,7.939395984373398,8,8,176.0,0.3408282617598492,6.639921472752109,7.939395984373398,8,176.0,-0.5
48625.0,7,198.0,5.351351351351352,7.724903408713919,7,7,196.0,0.33504734285735477,6.182865355526009,7.724903408713919,7,196.0,-0.19999999999999996
48630.0,6,186.0,5.166666666666667,7.696397231794297,6,6,186.0,0.36049410286405853,6.5904149972169535,7.696397231794297,6,186.0,0.09999999999999987
48635.0,9,228.0,6.705882352941177,7.955597772314777,9,9,205.0,0.38384811534321234,6.8457432407193615,7.955597772314777,9,205.0,-0.18999999999999972
48640.0,13,281.0,8.264705882352942,6.5562126467158475,13,13,281.0,0.29038980076948445,4.895320841296377,6.5562126467158475,13,281.0,-0.7600000000000002
48645.0,9,141.0,4.147058823529412,7.480497305762722,9,9,141.0,0.34067605262435297,5.992590175449918,7.480497305762722,9,141.0,1.4000000000000001
48650.0,9,186.0,5.166666666666667,6.908728576867711,9,9,66.0,0.2765642852476374,4.790691091244592,6.908728576867711,9,66.0,0.7499999999999999
48655.0,12,243.0,6.75,7.356156142153346,12,12,243.0,0.3030994196454331,5.353629783031207,7.356156142153346,12,243.0,-1.77
48660.0,9,210.0,6.176470588235294,7.701123105284516,9,9,210.0,0.32861853913663663,6.057166102929783,7.701123105284516,9,210.0,0.33000000000000007
48665.0,6,147.0,3.972972972972973,7.451924415700571,6,6,120.0,0.3175513024681167,5.784792103292815,7.451924415700571,6,120.0,0.9000000000000001
48670.0,7,181.0,5.027777777777778,8.432787544954332,7,7,181.0,0.41675202196817535,7.3524703135243445,8.432787544954332,7,181.0,-0.6100000000000001
48675.0,9,77.0,2.026315789473684,7.159169295731973,9,9,77.0,0.31187680402429013,5.687417265793218,7.159169295731973,9,77.0,1.04
48680.0,7,70.0,2.0,8.08380429788719,7,7,14.0,0.3759777380304103,7.0810716476874855,8.08380429788719,7,14.0,0.63
48685.0,9,105.0,2.9166666666666665,7.991899732521972,9,9,105.0,0.37146896254027895,6.853947291711026,7.991899732521972,9,105.0,-0.91
48690.0,8,102.0,2.914285714285714,7.5776318036956765,8,8,102.0,0.3440499585545395,6.578903985922004,7.5776318036956765,8,102.0,0.030000000000000027
48695.0,6,115.0,3.3823529411764706,8.263169452117484,6,6,102.0,0.3760768655851673,7.189756306611265,8.263169452117484,6,102.0,0.0
48700.0,9,151.0,4.081081081081081,7.409920138283499,9,9,151.0,0.3051094304302466,5.574238830679498,7.409920138283499,9,151.0,-0.49
48705.0,8,81.0,2.3142857142857145,7.599848939230388,8,8,81.0,0.3397979943923236,6.3164870344643385,7.599848939230388,8,81.0,0.7
48710.0,6,85.0,2.2972972972972974,7.13901575963362,6,6,38.0,0.3034619321810177,5.393086797747663,7.13901575963362,6,38.0,0.43000000000000005
48715.0,8,125.0,3.4722222222222223,8.258885110654418,8,8,125.0,0.388196503822964,6.8981352904543725,8.258885110654418,8,125.0,-0.87
48720.0,6,81.0,2.3142857142857145,8.191084995320276,6,6,81.0,0.38025337744213744,6.924024444928821,8.191084995320276,6,81.0,0.43999999999999995
48725.0,7,100.0,2.6315789473684212,7.353560672657439,7,7,72.0,0.2916325017267144,5.524097495326579,7.353560672657439,7,72.0,0.09000000000000008
48730.0,7,134.0,3.8285714285714287,8.31367775509257,7,7,134.0,0.39330057344050584,7.336530648754392,8.31367775509257,7,134.0,-0.6200000000000001
48735.0,9,88.0,2.5142857142857142,6.621779698665149,9,9,88.0,0.2791673632382914,5.213881574604728,6.621779698665149,9,88.0,0.4600000000000001
48740.0,7,111.0,3.1714285714285713,7.676742285616464,7,7,82.0,0.35969679885565,6.799890112206604,7.676742285616464,7,82.0,0.06000000000000005
48745.0,10,146.0,3.945945945945946,7.075538156985888,10,10,146.0,0.3084824691393458,5.679044837442473,7.075538156985888,10,146.0,-0.64
48750.0,8,116.0,3.2222222222222223,7.495618431643201,8,8,116.0,0.349143720167365,6.419554668320842,7.495618431643201,8,116.0,0.30000000000000004
48755.0,7,146.0,4.171428571428572,8.376021946975511,7,7,118.0,0.42676085420251925,7.68172402401922,8.376021946975511,7,118.0,-0.020000000000000018
48760.0,10,186.0,5.166666666666667,7.587427504139092,10,10,186.0,0.3265481573547845,5.942629620285638,7.587427504139092,10,186.0,-0.6800000000000002
48765.0,7,137.0,3.8055555555555554,7.95140666327063,7,7,137.0,0.3666023963764764,6.909326502131653,7.95140666327063,7,137.0,0.49
48770.0,8,136.0,3.7777777777777777,6.812587069377404,8,8,107.0,0.2741586033009984,4.907053714375447,6.812587069377404,8,107.0,0.30000000000000004
48775.0,7,170.0,5.0,7.525984078091267,7,7,170.0,0.3279270465552009,5.869667166019411,7.525984078091267,7,170.0,-0.6299999999999999
48780.0,9,204.0,6.181818181818182,8.100789101890973,9,9,204.0,0.37573470587953667,6.6904458835642355,8.100789101890973,9,204.0,-0.3400000000000001
48785.0,11,255.0,7.285714285714286,6.869381992829219,11,11,249.0,0.29014874254247763,5.055252088441307,6.869381992829219,11,249.0,-0.4500000000000002
48790.0,11,310.0,8.857142857142858,7.744000988353913,11,11,310.0,0.33459251468700296,6.05645619487673,7.744000988353913,11,310.0,-0.6099999999999999
48795.0,9,238.0,6.4324324324324325,7.062496288784058,9,9,238.0,0.2833213901480837,5.238300352093277,7.062496288784058,9,238.0,0.7200000000000002
48800.0,8,237.0,6.583333333333333,8.002608700663483,8,8,195.0,0.3655656597416307,6.58743413291177,8.002608700663483,8,195.0,0.42999999999999994
48805.0,10,277.0,7.914285714285715,7.818401296011234,10,10,277.0,0.37765314754358287,6.6632150820584775,7.818401296011234,10,277.0,-0.8200000000000001
48810.0,10,324.0,9.529411764705882,7.611120353309074,10,10,324.0,0.36507450097995664,6.534112660015552,7.611120353309074,10,324.0,-0.4700000000000002
48815.0,7,260.0,7.878787878787879,8.177044103855957,7,7,260.0,0.38739864163309157,7.342727622990651,8.177044103855957,7,260.0,0.6400000000000001
48820.0,6,216.0,6.0,7.365583030501134,6,6,182.0,0.3025258672917657,5.843154899245967,7.365583030501134,6,182.0,0.78
48825.0,7,250.0,7.575757575757576,8.321691345727597,7,7,250.0,0.3942904690565426,7.579363102655171,8.321691345727597,7,250.0,-0.6799999999999999
48830.0,7,82.0,2.2777777777777777,6.792647733857679,7,7,82.0,0.2591990019998857,5.094541004473604,6.792647733857679,7,82.0,1.6800000000000002
48835.0,9,127.0,3.735294117647059,7.788072781009218,9,9,1.0,0.33537268034100143,6.462893317163706,7.788072781009218,9,1.0,0.8099999999999999
48840.0,9,172.0,5.0588235294117645,8.006582084970226,9,9,172.0,0.3386564062440144,6.422237586632548,8.006582084970226,9,172.0,-1.71
48845.0,9,117.0,3.1621621621621623,7.333744928727004,9,9,117.0,0.2730401383289793,5.563275320863686,7.333744928727004,9,117.0,0.55
48850.0,7,134.0,3.6216216216216215,8.242495370032861,7,7,92.0,0.36245478771378653,6.883608601097856,8.242495370032861,7,92.0,0.2499999999999999
48855.0,10,173.0,4.552631578947368,7.537608494388064,10,10,173.0,0.329543057646863,5.946899912365075,7.537608494388064,10,173.0,-0.8099999999999999
48860.0,7,131.0,3.638888888888889,8.21960435340823,7,7,131.0,0.40077258144261035,7.299613688835895,8.21960435340823,7,131.0,0.41999999999999993
48865.0,9,156.0,4.105263157894737,7.745269114433123,9,9,120.0,0.3578649769032704,6.135891129072656,7.745269114433123,9,120.0,0.1100000000000001
48870.0,8,194.0,5.388888888888889,8.130758717422376,8,8,194.0,0.40811275982658174,6.795676134604586,8.130758717422376,8,194.0,-0.74
48875.0,8,234.0,7.3125,8.136045545471793,8,8,234.0,0.421704898285172,7.153870416581607,8.136045545471793,8,234.0,-0.3999999999999999
48880.0,6,123.0,3.6176470588235294,7.244670560128646,6,6,123.0,0.3305264217252004,5.72684961830083,7.244670560128646,6,123.0,1.1099999999999999
48885.0,5,58.0,1.7058823529411764,8.232928712257458,5,5,10.0,0.4030683087232963,7.083537424361623,8.232928712257458,5,10.0,1.13
48890.0,5,83.0,2.3055555555555554,7.966341323110565,5,5,83.0,0.38384097772104336,6.597978305463954,7.966341323110565,5,83.0,-0.73
48895.0,6,39.0,1.1142857142857143,7.882463960402614,6,6,39.0,0.364776928751786,6.597728438398933,7.882463960402614,6,39.0,0.43999999999999995
48900.0,6,69.0,2.0294117647058822,8.8500754621332,6,6,36.0,0.4347419889573386,7.892065524595978,8.8500754621332,6,36.0,0.030000000000000027
48905.0,8,103.0,2.7837837837837838,8.001394780146535,8,8,103.0,0.35497758004334196,6.2629781408245435,8.001394780146535,8,103.0,-0.67
48910.0,6,93.0,2.657142857142857,8.612825134864854,5,6,92.0,0.41493537184616813,7.766927425405738,8.612825134864854,5,92.0,0.10999999999999999
48915.0,6,107.0,2.9722222222222223,7.776911999698176,6,6,94.0,0.3070192709934882,5.933127534459011,7.776911999698176,6,94.0,-0.019999999999999907
48920.0,6,135.0,4.090909090909091,8.809970850631908,6,6,135.0,0.4248491679079748,7.977788036295242,8.809970850631908,6,135.0,-0.41000000000000014
48925.0,8,73.0,2.1470588235294117,7.019787099157519,8,8,73.0,0.3127175319237898,5.836194191410696,7.019787099157519,8,73.0,0.6200000000000001
48930.0,6,89.0,2.6176470588235294,7.9674180347494765,6,6,51.0,0.37477707377294867,6.992146990013824,7.9674180347494765,6,51.0,0.21999999999999997
48935.0,6,119.0,3.606060606060606,8.698257714736314,6,6,119.0,0.43562387443790646,7.9651808498951935,8.698257714736314,6,119.0,-0.6799999999999999
48940.0,8,97.0,2.8529411764705883,7.208862026952628,8,8,97.0,0.31886932539576635,5.897154182947983,7.208862026952628,8,97.0,0.21999999999999997
48945.0,10,142.0,4.4375,7.491132239379366,10,10,87.0,0.32372863743023245,6.204906003107548,7.491132239379366,10,87.0,0.09999999999999998
48950.0,10,187.0,5.5,6.311370382864266,10,10,187.0,0.2608600192019507,4.894887786141245,6.311370382864266,10,187.0,-1.0
48955.0,9,149.0,4.382352941176471,7.096006585644006,9,9,149.0,0.2995907186593393,5.916708349764461,7.096006585644006,9,149.0,0.3800000000000001
48960.0,7,164.0,4.96969696969697,7.436785941824386,7,7,135.0,0.330037911617664,6.264376463885499,7.436785941824386,7,135.0,0.1399999999999999
48965.0,9,207.0,5.75,7.463852879892534,9,9,207.0,0.33653602123339327,6.243920140650767,7.463852879892534,9,207.0,-0.7199999999999998
48970.0,7,124.0,3.6470588235294117,7.335354345436071,7,7,124.0,0.3380460218358634,6.4318624767330075,7.335354345436071,7,124.0,0.8299999999999998
48975.0,7,123.0,3.5142857142857142,6.985389926629079,7,7,74.0,0.30680845465482837,5.541185110647964,6.985389926629079,7,74.0,0.5
48980.0,7,158.0,4.647058823529412,8.330083190176179,7,7,158.0,0.4137877677570053,7.494384401631224,8.330083190176179,7,158.0,-0.8400000000000001
48985.0,8,69.0,1.864864864864865,7.853317434389661,8,8,69.0,0.37967380710777426,7.002555559076909,7.853317434389661,8,69.0,0.8900000000000001
48990.0,5,53.0,1.4324324324324325,8.494827460392976,5,5,10.0,0.40519129706180335,7.740376961314345,8.494827460392976,5,10.0,0.59
48995.0,5,78.0,2.2285714285714286,9.311116563692968,5,5,78.0,0.48277292984821757,8.901255015323349,9.311116563692968,5,78.0,-0.68
49000.0,8,110.0,3.142857142857143,7.183020267713466,8,8,110.0,0.30674516791992423,5.780938582166227,7.183020267713466,8,110.0,-0.32000000000000006
49005.0,9,155.0,4.5588235294117645,7.922009267663185,9,9,155.0,0.3338168035720839,6.471028644931353,7.922009267663185,9,155.0,-0.44999999999999996
49010.0,10,201.0,5.4324324324324325,6.84005671620661,10,10,201.0,0.24548459307585827,4.663326086423879,6.84005671620661,10,201.0,-0.45999999999999974
49015.0,9,182.0,5.352941176470588,7.306362083305357,9,9,182.0,0.30599183611871605,5.927800268377321,7.306362083305357,9,182.0,0.18999999999999972
49020.0,8,216.0,6.545454545454546,7.27460879516891,8,8,188.0,0.30922059746166697,5.6742446094233765,7.27460879516891,8,188.0,-0.05999999999999983
49025.0,10,265.0,7.162162162162162,7.1283062174176814,10,10,265.0,0.310184168884684,5.558690378431424,7.1283062174176814,10,265.0,-0.77
49030.0,7,232.0,6.628571428571429,7.861863314289388,7,7,232.0,0.3752781687175739,7.053461199570779,7.861863314289388,7,232.0,0.33000000000000007
49035.0,7,254.0,7.470588235294118,7.9780978073048985,7,7,226.0,0.3798929182730754,7.011966908900087,7.9780978073048985,7,226.0,0.06000000000000005
49040.0,8,291.0,8.818181818181818,8.411910941259276,8,8,291.0,0.40773929406222964,7.5273971539214966,8.411910941259276,8,291.0,-0.6500000000000004
49045.0,11,331.0,9.194444444444445,7.420573632704434,11,11,331.0,0.3172614917224332,5.91563901969105,7.420573632704434,11,331.0,-0.3999999999999999
49050.0,7,159.0,4.416666666666667,8.089621523957554,7,7,159.0,0.36550311721540585,7.047268308887115,8.089621523957554,7,159.0,1.72
49055.0,2,26.0,0.7878787878787878,8.771986336566803,2,2,-52.0,0.4242070807578262,8.006937596657249,8.771986336566803,2,-52.0,2.1100000000000003
49060.0,5,41.0,1.2058823529411764,8.107910903044566,5,5,41.0,0.3632999779796351,6.784278307003173,8.107910903044566,5,41.0,-0.9299999999999999
49065.0,7,66.0,1.9411764705882353,8.226723769830738,7,7,66.0,0.37396229781519785,7.219943350622428,8.226723769830738,7,66.0,-0.25000000000000006
49070.0,9,106.0,3.0285714285714285,7.347937114057272,9,9,105.0,0.28559707319495214,5.623930171425369,7.347937114057272,9,105.0,-0.39
49075.0,11,157.0,4.757575757575758,7.336807631144509,11,11,157.0,0.29490894360307973,5.906989609867347,7.336807631144509,11,157.0,-0.52
49080.0,8,113.0,3.53125,7.016918260175604,8,8,113.0,0.2803897678602097,5.5945930792221885,7.016918260175604,8,113.0,0.44000000000000017
49085.0,9,144.0,4.0,7.112479914954763,9,9,107.0,0.30860771846764334,5.827884466713382,7.112479914954763,9,107.0,0.05999999999999983
49090.0,9,189.0,5.25,7.734742177906822,9,9,189.0,0.371426975417858,6.624952104003669,7.734742177906822,9,189.0,-0.8199999999999998
49095.0,10,144.0,3.891891891891892,6.608432308953159,10,10,144.0,0.2942132882949847,5.121815500627476,6.608432308953159,10,144.0,0.44999999999999996
49100.0,6,98.0,2.8,7.648158088571445,6,6,70.0,0.3733178139936924,6.612976548870843,7.648158088571445,6,70.0,0.74
49105.0,8,122.0,3.588235294117647,7.204152691167213,8,8,122.0,0.3585614970097802,6.265051605743799,7.204152691167213,8,122.0,-0.52
49110.0,9,144.0,4.235294117647059,7.032457783106698,9,9,144.0,0.3363024722575613,5.933334904165253,7.032457783106698,9,144.0,-0.21999999999999997
49115.0,10,194.0,5.705882352941177,7.731981507902117,10,10,183.0,0.392664884890887,6.755190293578283,7.731981507902117,10,183.0,-0.3900000000000001
49120.0,12,248.0,7.085714285714285,6.624286670692486,12,12,248.0,0.31003808466251104,5.093526053120888,6.624286670692486,12,248.0,-0.6499999999999999
49125.0,10,154.0,4.666666666666667,7.106129485359658,10,10,154.0,0.33837433651750676,5.906275673724022,7.106129485359658,10,154.0,0.94
49130.0,8,133.0,3.6944444444444446,6.960107043699889,8,8,72.0,0.3062602252935094,5.41748507396323,6.960107043699889,8,72.0,0.8200000000000001
49135.0,9,174.0,4.833333333333333,7.694629699115223,9,9,174.0,0.3561195490033739,6.311968669232384,7.694629699115223,9,174.0,-1.02
49140.0,8,125.0,3.5714285714285716,7.7689075407861035,8,8,125.0,0.34968648598555696,6.525977436691154,7.7689075407861035,8,125.0,0.49
49145.0,6,57.0,1.5833333333333333,7.364407925780004,6,6,28.0,0.3049387776843631,5.881097702782888,7.364407925780004,6,28.0,0.97
49150.0,6,87.0,2.5588235294117645,8.458879382180038,6,6,87.0,0.41156033823588045,7.529072529594912,8.458879382180038,6,87.0,-0.59
49155.0,10,88.0,2.3783783783783785,6.920137630092705,10,10,88.0,0.2719321724160325,5.351922969271043,6.920137630092705,10,88.0,-0.010000000000000009
49160.0,11,143.0,3.9722222222222223,7.928052549177644,11,11,111.0,0.3376641241694657,6.572402426112339,7.928052549177644,11,111.0,-0.2300000000000001
49165.0,14,199.0,5.527777777777778,6.73690851848667,14,14,199.0,0.24722588488837494,4.793538280160884,6.73690851848667,14,199.0,-0.8799999999999999
49170.0,11,191.0,5.305555555555555,7.240163595162084,11,11,191.0,0.291093132382329,5.76114103524863,7.240163595162084,11,191.0,0.08000000000000007
49175.0,10,236.0,6.555555555555555,7.774820507362929,10,10,205.0,0.3358481083426138,6.34069948845253,7.774820507362929,10,205.0,-0.1399999999999999
49180.0,13,295.0,7.7631578947368425,6.95114116646706,13,13,295.0,0.26822948024426446,4.976290442726386,6.95114116646706,13,295.0,-0.9000000000000004
49185.0,10,222.0,6.166666666666667,7.254309965446753,10,10,222.0,0.2951048182932681,5.861653561738077,7.254309965446753,10,222.0,0.73
49190.0,8,199.0,5.378378378378378,6.718310987906752,8,8,156.0,0.2610312091931306,4.923995934974438,6.718310987906752,8,156.0,0.6600000000000001
49195.0,9,244.0,6.9714285714285715,7.837128981145513,9,9,244.0,0.3708523185995215,6.789462380116197,7.837128981145513,9,244.0,-0.8799999999999999
49200.0,8,153.0,4.5,7.025184723448576,8,8,153.0,0.3133385984298353,5.645549438293498,7.025184723448576,8,153.0,0.9099999999999999
49205.0,6,64.0,1.8285714285714285,6.751060663563581,6,6,21.0,0.3161935897282761,5.575160180842696,6.751060663563581,6,21.0,1.32
49210.0,6,94.0,2.6857142857142855,8.251915309981193,6,6,94.0,0.43183037651875017,7.56865220680065,8.251915309981193,6,94.0,-0.73
49215.0,9,94.0,2.473684210526316,6.907823691797142,9,9,94.0,0.30238054690131927,5.503799627002582,6.907823691797142,9,94.0,0.0
49220.0,11,147.0,3.972972972972973,7.506709382127027,11,11,115.0,0.33620208376317645,6.250446254831326,7.506709382127027,11,115.0,-0.20999999999999996
49225.0,14,202.0,5.05,6.738680165282713,14,14,202.0,0.2703574901385925,5.0908818914104215,6.738680165282713,14,202.0,-0.8700000000000001
49230.0,11,184.0,4.717948717948718,7.010132813780383,11,11,184.0,0.29271554432450214,5.687205245463108,7.010132813780383,11,184.0,0.17999999999999994
49235.0,10,231.0,6.416666666666667,7.298958907843515,10,10,196.0,0.3386341933635831,6.35728618192158,7.298958907843515,10,196.0,-0.11999999999999988
49240.0,12,287.0,7.552631578947368,6.852885124701791,12,12,287.0,0.3125058105189,5.690357020596306,6.852885124701791,12,287.0,-0.9100000000000001
49245.0,10,211.0,5.702702702702703,6.973451282383472,10,10,211.0,0.3149497921345297,5.99553306048091,6.973451282383472,10,211.0,0.7600000000000002
49250.0,8,192.0,5.1891891891891895,6.435578925892724,8,8,149.0,0.26426714214010466,4.749976797087092,6.435578925892724,8,149.0,0.6199999999999999
49255.0,9,237.0,6.583333333333333,7.430034661872767,9,9,237.0,0.3507927811322799,6.262526805867562,7.430034661872767,9,237.0,-0.8800000000000001
49260.0,8,146.0,4.055555555555555,7.4219382118826225,8,8,146.0,0.3317995491895783,6.086714721201436,7.4219382118826225,8,146.0,0.9100000000000001
49265.0,5,55.0,1.375,7.543033830937125,5,5,12.0,0.31445556110347334,6.0830795801714395,7.543033830937125,5,12.0,1.3399999999999999
49270.0,6,84.0,2.27027027027027,8.507115465493774,6,6,84.0,0.39925277924852504,7.551022083678732,8.507115465493774,6,84.0,-0.72
49275.0,10,90.0,2.4324324324324325,6.969475487383822,10,10,90.0,0.26591893005767014,5.264343023999934,6.969475487383822,10,90.0,-0.06000000000000005
49280.0,11,145.0,3.918918918918919,8.13934209281539,11,11,118.0,0.3386175935518364,6.60158010352032,8.13934209281539,11,118.0,-0.2799999999999999
49285.0,15,201.0,5.2894736842105265,6.919915965570508,15,15,201.0,0.2679743395338263,5.061610676390261,6.919915965570508,15,201.0,-0.8299999999999998
49290.0,11,184.0,4.972972972972973,7.311980726031491,11,11,184.0,0.2994445543606341,5.7804040328541175,7.311980726031491,11,184.0,0.1699999999999997
49295.0,10,231.0,6.243243243243243,7.663484926044372,10,10,196.0,0.33314167809589806,6.259675927752104,7.663484926044372,10,196.0,-0.11999999999999988
49300.0,12,287.0,7.552631578947368,6.71788197453266,12,12,287.0,0.27276616261032927,4.952417655020621,6.71788197453266,12,287.0,-0.9100000000000001
49305.0,10,218.0,6.228571428571429,7.092385544512394,10,10,218.0,0.3171167453391106,5.933617504801584,7.092385544512394,10,218.0,0.69
49310.0,8,197.0,5.324324324324325,6.6876085908695675,8,8,154.0,0.26597395812596597,4.856304123711165,6.6876085908695675,8,154.0,0.6400000000000001
49315.0,9,241.0,6.885714285714286,7.886025938633401,9,9,241.0,0.3589428072520909,6.474750636389488,7.886025938633401,9,241.0,-0.8700000000000001
49320.0,8,150.0,4.411764705882353,7.60036845270984,8,8,150.0,0.33352638265110757,6.094140192600342,7.60036845270984,8,150.0,0.9100000000000001
49325.0,6,60.0,1.6666666666666667,7.2451897408900185,6,6,17.0,0.3002873808916932,5.705416539848145,7.2451897408900185,6,17.0,1.33
49330.0,6,90.0,2.5714285714285716,8.620434221148258,6,6,90.0,0.41136232295281716,7.683761575082226,8.620434221148258,6,90.0,-0.73
49335.0,7,88.0,2.3157894736842106,7.233920771579881,7,7,88.0,0.2844415203719376,5.592769200472954,7.233920771579881,7,88.0,0.020000000000000018
49340.0,9,132.0,3.6666666666666665,8.142543894024504,9,9,113.0,0.3635602649277208,7.039969492591992,8.142543894024504,9,113.0,-0.2499999999999999
49345.0,12,177.0,4.657894736842105,7.394161998981504,12,12,177.0,0.28287976415350774,5.385883611996379,7.394161998981504,12,177.0,-0.6400000000000001
49350.0,10,182.0,5.055555555555555,7.754343178211524,10,10,182.0,0.34951116039549196,6.659554825659071,7.754343178211524,10,182.0,-0.050000000000000044
49355.0,10,232.0,6.628571428571429,7.851752399215492,10,10,187.0,0.35127802244355194,6.60401815555426,7.851752399215492,10,187.0,-0.050000000000000044
49360.0,13,291.0,7.657894736842105,6.784312611872733,13,13,291.0,0.2612854110508104,4.65761665837815,6.784312611872733,13,291.0,-1.04
49365.0,10,219.0,6.083333333333333,7.4825618361256385,10,10,219.0,0.3151474075582366,5.899742018944495,7.4825618361256385,10,219.0,0.7200000000000002
49370.0,7,195.0,5.0,7.039831210025855,7,7,152.0,0.28120169225471636,5.15681459655443,7.039831210025855,7,152.0,0.6699999999999999
49375.0,9,238.0,6.102564102564102,7.9182544787290565,9,9,238.0,0.35411629394338123,6.483506472023821,7.9182544787290565,9,238.0,-0.8599999999999999
49380.0,8,147.0,4.323529411764706,7.431587703635719,8,8,147.0,0.3222284307030246,6.115890903139517,7.431587703635719,8,147.0,0.9099999999999999
49385.0,6,63.0,1.8,7.162953057978307,6,6,20.0,0.30883597311598404,5.90875925322635,7.162953057978307,6,20.0,1.27
49390.0,6,93.0,2.657142857142857,8.433367083062508,6,6,93.0,0.4061473546673607,7.3666222997485304,8.433367083062508,6,93.0,-0.73
49395.0,11,132.0,3.7714285714285714,6.59761515546127,11,11,132.0,0.26394298317846504,4.902497490675352,6.59761515546127,11,132.0,-0.39
49400.0,12,192.0,5.647058823529412,7.49713205607678,12,12,192.0,0.3198951658082302,6.062427102144135,7.49713205607678,12,192.0,-0.5999999999999999
49405.0,15,252.0,6.8108108108108105,6.447574631715869,15,15,252.0,0.24420388347929106,4.524913534466924,6.447574631715869,15,252.0,-0.6000000000000001
49410.0,12,207.0,5.75,6.944013519684619,12,12,207.0,0.2940581866647288,5.452760966276057,6.944013519684619,12,207.0,0.4500000000000002
49415.0,10,237.0,6.771428571428571,7.371469420303168,10,10,190.0,0.34463341361409167,6.18260201446417,7.371469420303168,10,190.0,0.16999999999999993
49420.0,12,293.0,7.918918918918919,6.508826138630943,12,12,293.0,0.29133306172970286,5.081861552014805,6.508826138630943,12,293.0,-1.0300000000000002
49425.0,13,356.0,9.88888888888889,6.764185254776108,13,13,356.0,0.3111342165515812,5.519338431289388,6.764185254776108,13,356.0,-0.6299999999999999
49430.0,15,422.0,11.722222222222221,6.070411043537691,15,15,422.0,0.24673336654673805,4.539190791794109,6.070411043537691,15,422.0,-0.6599999999999997
49435.0,16,498.0,14.228571428571428,6.150066803294972,16,16,498.0,0.24218153967266515,4.666146598348869,6.150066803294972,16,498.0,-0.7600000000000007
49440.0,16,578.0,17.0,5.592472435793427,16,16,578.0,0.19677208780243485,3.9008951823535822,5.592472435793427,16,578.0,-0.7999999999999998
49445.0,16,473.0,12.783783783783784,5.347468625193363,16,16,473.0,0.20246895660419745,3.9835503259366734,5.347468625193363,16,473.0,1.0499999999999998
49450.0,11,390.0,11.142857142857142,6.014408044527005,11,11,327.0,0.2648268832877652,5.031177614059187,6.014408044527005,11,327.0,1.4600000000000004
49455.0,13,450.0,11.842105263157896,6.125025404286753,13,13,450.0,0.2770050242898977,5.081184497379206,6.125025404286753,13,450.0,-1.23
49460.0,13,437.0,11.5,6.5587537239331395,13,13,437.0,0.29503168678178787,5.568693812644841,6.5587537239331395,13,437.0,0.1299999999999999
49465.0,17,496.0,12.717948717948717,5.7275970512454215,17,17,463.0,0.24200211373853933,4.369742033678991,5.7275970512454215,17,463.0,-0.2599999999999998
49470.0,15,571.0,14.64102564102564,6.740961064296261,15,15,571.0,0.3045173120848578,5.361831558194995,6.740961064296261,15,571.0,-1.08
49475.0,13,401.0,10.837837837837839,6.583370807041851,12,13,400.0,0.29094657660885737,5.41015968738117,6.583370807041851,12,400.0,1.71
49480.0,12,157.0,4.0256410256410255,5.853682646148037,12,12,79.0,0.22412218984384008,4.243021669371925,5.853682646148037,12,79.0,3.21
49485.0,10,147.0,3.8684210526315788,6.6347034603195825,10,10,147.0,0.2812429804093516,5.14639898147427,6.6347034603195825,10,147.0,-0.6799999999999999
49490.0,10,100.0,2.4390243902439024,5.909087357896957,10,10,100.0,0.23788687503868183,4.343585376163892,5.909087357896957,10,100.0,0.47
49495.0,12,79.0,1.9268292682926829,6.425312443490408,12,12,51.0,0.2615213494905643,4.8730446527924265,6.425312443490408,12,51.0,0.49
49500.0,13,140.0,3.5,6.297254600524643,13,13,140.0,0.2694906224830555,4.6491277294027915,6.297254600524643,13,140.0,-0.8899999999999999
49505.0,14,161.0,3.926829268292683,5.66109116086791,14,14,161.0,0.24387614194038548,4.168152980151146,5.66109116086791,14,161.0,-0.2100000000000002
49510.0,10,141.0,3.525,6.483870710746539,10,10,127.0,0.30745243477316714,5.400538464027963,6.483870710746539,10,127.0,0.3400000000000001
49515.0,9,155.0,3.604651162790698,6.595897303573463,9,9,155.0,0.29878154774498544,5.32327626424278,6.595897303573463,9,155.0,-0.28
49520.0,10,159.0,3.7857142857142856,6.884809389384226,10,10,159.0,0.3078025337627822,5.68887435093302,6.884809389384226,10,159.0,-0.040000000000000036
49525.0,13,192.0,4.363636363636363,6.5631622103451575,13,13,179.0,0.25200043813712447,4.740407238831857,6.5631622103451575,13,179.0,-0.19999999999999996
49530.0,13,257.0,6.119047619047619,7.11943118437729,13,13,257.0,0.294226203472457,5.547910511400247,7.11943118437729,13,257.0,-0.7799999999999998
49535.0,13,322.0,8.05,7.237401015521115,13,13,322.0,0.3311168978580107,5.991672878484054,7.237401015521115,13,322.0,-0.6500000000000004
49540.0,12,246.0,5.72093023255814,6.584224542987651,12,12,246.0,0.2675940175009069,4.902037848194351,6.584224542987651,12,246.0,0.7600000000000002
49545.0,11,259.0,6.023255813953488,7.271086548189907,11,11,205.0,0.3014094897823232,5.59081474560718,7.271086548189907,11,205.0,0.41000000000000014
49550.0,12,316.0,7.181818181818182,6.812919921519534,12,12,316.0,0.2619745227977435,4.735750136004275,6.812919921519534,12,316.0,-1.1100000000000003
49555.0,13,381.0,9.292682926829269,7.134733122772494,13,13,381.0,0.28707559742079186,5.441834893317989,7.134733122772494,13,381.0,-0.6499999999999999
49560.0,11,321.0,8.23076923076923,7.102688356653007,11,11,321.0,0.271892272450211,5.429222367633497,7.102688356653007,11,321.0,0.6000000000000001
49565.0,8,179.0,4.365853658536586,6.906406308732048,8,8,141.0,0.26510564012601023,5.320771821081376,6.906406308732048,8,141.0,1.8
49570.0,6,186.0,4.65,7.978288925545698,6,6,186.0,0.35674796006792403,6.900850910416527,7.978288925545698,6,186.0,-0.4500000000000002
49575.0,7,218.0,5.317073170731708,7.625475074283741,7,7,218.0,0.32646409002798776,6.439803489227663,7.625475074283741,7,218.0,-0.32000000000000006
49580.0,10,181.0,4.414634146341464,8.147893224695386,10,10,181.0,0.349521852129732,6.842124466900489,8.147893224695386,10,181.0,0.3700000000000001
49585.0,10,206.0,4.904761904761905,6.914517182047167,10,10,204.0,0.2465906754447127,4.818379521763797,6.914517182047167,10,204.0,-0.22999999999999998
49590.0,9,251.0,5.976190476190476,7.863131805112313,9,9,249.0,0.33806398112690444,6.5097779400483935,7.863131805112313,9,249.0,-0.4500000000000002
49595.0,8,250.0,6.097560975609756,8.008170625073706,8,8,250.0,0.3598384846189547,6.823393204868336,8.008170625073706,8,250.0,-0.009999999999999787
49600.0,9,280.0,6.511627906976744,7.1324016550528375,9,9,267.0,0.2808497749137951,5.315788791318881,7.1324016550528375,9,267.0,-0.16999999999999993
49605.0,10,330.0,8.25,7.9720170635880265,10,10,330.0,0.3477379494427279,6.5456819897955905,7.9720170635880265,10,330.0,-0.6299999999999999
49610.0,8,274.0,7.0256410256410255,7.35767407493217,8,8,274.0,0.28096877366685336,5.507883852736804,7.35767407493217,8,274.0,0.5599999999999996
49615.0,8,298.0,7.842105263157895,8.086218414882854,8,8,256.0,0.3441017432302364,6.5872840720426495,8.086218414882854,8,256.0,0.18000000000000016
49620.0,8,338.0,9.657142857142857,7.930377062349964,8,8,338.0,0.3513831987887483,6.257005438000521,7.930377062349964,8,338.0,-0.8199999999999998
49625.0,8,296.0,8.0,7.065144147232708,8,8,296.0,0.29624633498942327,5.371405851857313,7.065144147232708,8,296.0,0.41999999999999993
49630.0,6,307.0,8.527777777777779,8.471471853932023,6,6,279.0,0.4013321136243186,7.3758441343506735,8.471471853932023,6,279.0,0.16999999999999993
49635.0,7,338.0,9.135135135135135,7.925874488979744,7,7,338.0,0.3580400187181921,6.408102584190539,7.925874488979744,7,338.0,-0.5899999999999999
49640.0,6,329.0,8.891891891891891,8.422598431106591,6,6,329.0,0.3997836824139053,7.378956771937493,8.422598431106591,6,329.0,0.08999999999999986
49645.0,9,359.0,8.975,8.594983531090481,9,9,336.0,0.3933479825333093,7.220865714699213,8.594983531090481,9,336.0,-0.06999999999999984
49650.0,7,393.0,10.621621621621621,8.88117026327605,7,7,393.0,0.40455916826148314,7.407186608854307,8.88117026327605,7,393.0,-0.5700000000000003
49655.0,7,411.0,12.454545454545455,8.946369112335557,7,7,411.0,0.4280628504410007,8.178240184484004,8.946369112335557,7,411.0,-0.18000000000000016
49660.0,7,442.0,12.628571428571428,7.6568539801030076,7,7,429.0,0.3009194071794742,5.931884545339068,7.6568539801030076,7,429.0,-0.17999999999999972
49665.0,9,486.0,13.885714285714286,8.43302592571007,9,9,486.0,0.3622714652759804,6.963984616857866,8.43302592571007,9,486.0,-0.5700000000000003
49670.0,7,139.0,3.861111111111111,7.194146528334755,7,7,139.0,0.27596875524842773,5.45658939038288,7.194146528334755,7,139.0,3.4700000000000006
49675.0,8,168.0,5.090909090909091,8.199765877865104,8,8,-18.0,0.36257955440583894,7.078465231213265,8.199765877865104,8,-18.0,1.5699999999999998
49680.0,8,208.0,6.709677419354839,7.48927655085488,8,8,208.0,0.33695979717851393,6.005049977031489,7.48927655085488,8,208.0,-2.2600000000000002
49685.0,11,261.0,7.676470588235294,6.693726388290821,11,11,261.0,0.27120710942443543,4.966596868382456,6.693726388290821,11,261.0,-0.5299999999999998
49690.0,8,149.0,4.515151515151516,7.905578124852508,8,8,149.0,0.3504385268322333,6.647617060986951,7.905578124852508,8,149.0,1.1199999999999999
49695.0,6,112.0,3.2,7.482188721357837,6,6,50.0,0.32067295618913977,6.202623805369468,7.482188721357837,6,50.0,0.99
49700.0,7,146.0,4.171428571428572,8.681470515171812,7,7,146.0,0.41463623289135626,7.942315124754781,8.681470515171812,7,146.0,-0.96
49705.0,9,84.0,2.3333333333333335,6.98654413265729,9,9,84.0,0.295735897709441,5.609444577333858,6.98654413265729,9,84.0,0.62
49710.0,8,108.0,3.176470588235294,7.769806342574039,8,8,69.0,0.33127374895503425,6.441714632173143,7.769806342574039,8,69.0,0.15000000000000002
49715.0,7,142.0,4.303030303030303,8.545601765334823,7,7,142.0,0.3836801557518888,7.393297586389538,8.545601765334823,7,142.0,-0.73
49720.0,10,79.0,2.323529411764706,6.796808114087334,10,10,79.0,0.25543138261039716,5.092582803514035,6.796808114087334,10,79.0,0.6299999999999999
49725.0,8,102.0,3.090909090909091,7.52997213064998,8,8,57.0,0.3146802186805583,6.317267323340012,7.52997213064998,8,57.0,0.22000000000000008
49730.0,10,144.0,4.235294117647059,6.400423774022672,10,10,144.0,0.24956563562082468,4.768807576788328,6.400423774022672,10,144.0,-0.87
49735.0,9,103.0,3.121212121212121,7.151328322473493,9,9,103.0,0.31189656325820736,6.0231393210846385,7.151328322473493,9,103.0,0.4099999999999999
49740.0,7,114.0,3.4545454545454546,7.475066706196232,7,7,86.0,0.33777536199434294,6.211161931159815,7.475066706196232,7,86.0,0.17000000000000004
49745.0,9,157.0,4.485714285714286,7.3134231029115355,9,9,157.0,0.33542046668475967,5.972795300513019,7.3134231029115355,9,157.0,-0.7100000000000001
49750.0,7,106.0,3.1176470588235294,7.7806889352157915,7,7,106.0,0.3777674391101501,6.950117909105039,7.7806889352157915,7,106.0,0.51
49755.0,8,106.0,3.0285714285714285,6.941880596894591,7,8,75.0,0.31317290350863686,5.640254174259765,6.941880596894591,7,75.0,0.31000000000000005
49760.0,7,137.0,3.914285714285714,7.754245186477468,7,7,137.0,0.36672035651336116,6.62883673334366,7.754245186477468,7,137.0,-0.6200000000000001
49765.0,12,97.0,2.5526315789473686,7.255352221502991,12,12,97.0,0.3046935437705745,5.570412093733196,7.255352221502991,12,97.0,0.40000000000000013
49770.0,8,120.0,3.1578947368421053,7.697516642817769,8,8,117.0,0.3365812647942741,6.200319318140151,7.697516642817769,8,117.0,-0.19999999999999996
49775.0,8,160.0,4.571428571428571,8.470659131518383,8,8,159.0,0.39786134574274246,7.2522007589970485,8.470659131518383,8,159.0,-0.42000000000000015
49780.0,9,153.0,4.25,6.801072554852466,9,9,153.0,0.2889507874233057,5.2744860900791855,6.801072554852466,9,153.0,0.06000000000000005
49785.0,8,175.0,5.0,7.813795484365524,8,8,161.0,0.3645741793439157,6.691171172379294,7.813795484365524,8,161.0,-0.08000000000000007
49790.0,10,217.0,5.7105263157894735,7.342044085951573,10,10,217.0,0.31803634314320206,5.576717813985966,7.342044085951573,10,217.0,-0.5599999999999998
49795.0,8,153.0,4.371428571428571,7.649094050829407,8,8,153.0,0.33215177141134683,6.158762550785725,7.649094050829407,8,153.0,0.6399999999999999
49800.0,6,160.0,5.0,8.158310405297545,6,6,117.0,0.3695870413692608,6.734933789182102,8.158310405297545,6,117.0,0.3600000000000001
49805.0,8,196.0,5.444444444444445,7.831642558828706,8,8,196.0,0.3497811248093446,6.1644783937224705,7.831642558828706,8,196.0,-0.79
49810.0,6,155.0,4.5588235294117645,8.385104547124858,6,6,155.0,0.4054504819063235,7.350500553626906,8.385104547124858,6,155.0,0.4099999999999999
49815.0,6,174.0,4.833333333333333,8.159493684756782,6,6,147.0,0.3758817003472188,6.7575548941429116,8.159493684756782,6,147.0,0.08000000000000007
49820.0,7,205.0,5.694444444444445,8.998915875599286,7,7,205.0,0.43651847484148865,7.8495538758771914,8.998915875599286,7,205.0,-0.5799999999999998
49825.0,8,92.0,2.4210526315789473,8.49693477001278,7,8,91.0,0.39847707930638077,7.359633080071141,8.49693477001278,7,91.0,1.1399999999999997
49830.0,8,127.0,3.5277777777777777,8.315188750708309,8,8,26.0,0.35950030629313806,6.7291872409503934,8.315188750708309,8,26.0,0.65
49835.0,8,167.0,4.911764705882353,8.708555324355912,8,8,167.0,0.4051757131954328,7.403420835251799,8.708555324355912,8,167.0,-1.41
49840.0,8,101.0,2.8857142857142857,7.058993920995586,8,8,101.0,0.2844887907135637,5.176728337760399,7.058993920995586,8,101.0,0.6599999999999999
49845.0,6,113.0,3.323529411764706,8.343619530964759,6,6,71.0,0.4057633274627507,7.347133557850467,8.343619530964759,6,71.0,0.30000000000000004
49850.0,7,144.0,4.114285714285714,7.754500465972914,7,7,144.0,0.3668974965270767,6.438872972994649,7.754500465972914,7,144.0,-0.73
49855.0,6,71.0,2.088235294117647,7.9039222240937645,6,6,71.0,0.37013161025534946,6.902462449290047,7.9039222240937645,6,71.0,0.73
49860.0,4,68.0,2.193548387096774,8.631571961646465,4,4,25.0,0.4610710419358903,8.306162873039359,8.631571961646465,4,25.0,0.45999999999999996
49865.0,6,94.0,2.6857142857142855,7.920812390227413,6,6,94.0,0.3972734118840898,6.854923435550471,7.920812390227413,6,94.0,-0.69
49870.0,4,37.0,1.0571428571428572,8.725957973242412,4,4,37.0,0.4726629647292909,8.42152109408644,8.725957973242412,4,37.0,0.57
49875.0,4,44.0,1.2941176470588236,7.963128992265634,4,4,7.0,0.39736835281411387,6.919127167465262,7.963128992265634,4,7.0,0.3
49880.0,5,69.0,2.090909090909091,8.783586070594508,5,5,69.0,0.48871642434696017,8.403837108794955,8.783586070594508,5,69.0,-0.6199999999999999
49885.0,7,94.0,2.6857142857142855,8.26775033400764,7,7,94.0,0.4130336694065477,7.3425474837178815,8.26775033400764,7,94.0,-0.25
49890.0,8,128.0,3.657142857142857,7.86367930273209,8,8,128.0,0.35184294192992177,6.581958029231192,7.86367930273209,8,128.0,-0.3400000000000001
49895.0,8,168.0,4.8,8.604775962545677,8,8,168.0,0.41607528686261774,7.883101905133976,8.604775962545677,8,168.0,-0.3999999999999999
49900.0,9,101.0,2.8055555555555554,6.788961822039048,9,9,101.0,0.2498643926234198,5.010606721274181,6.788961822039048,9,101.0,0.6699999999999999
49905.0,7,122.0,3.588235294117647,8.032071700843225,7,7,79.0,0.3800868714056752,7.25060672127417,8.032071700843225,7,79.0,0.21999999999999997
49910.0,7,157.0,4.617647058823529,7.306774837440859,7,7,157.0,0.34397713757622683,6.296370161641101,7.306774837440859,7,157.0,-0.78
49915.0,7,86.0,2.606060606060606,7.405984282489771,7,7,86.0,0.34776675294766213,6.60926533177621,7.405984282489771,7,86.0,0.7100000000000001
49920.0,5,93.0,2.90625,8.2818713300612,5,5,50.0,0.4082655099256934,7.629590913058237,8.2818713300612,5,50.0,0.36
49925.0,7,121.0,3.6666666666666665,7.563081762411967,7,7,121.0,0.35727965022027786,6.48604137366258,7.563081762411967,7,121.0,-0.71
49930.0,7,156.0,4.875,8.262102712471595,7,7,156.0,0.4027758885248338,7.643114551123095,8.262102712471595,7,156.0,-0.3500000000000001
49935.0,5,83.0,2.4411764705882355,7.415458244843032,5,5,83.0,0.31281450597512966,6.146368480241334,7.415458244843032,5,83.0,0.7300000000000001
49940.0,5,96.0,3.0,8.86920798555304,5,5,53.0,0.4396736851335657,8.36990463763209,8.86920798555304,5,53.0,0.29999999999999993
49945.0,8,121.0,3.5588235294117645,8.185692799744603,8,8,121.0,0.38651240481299465,6.964659063100312,8.185692799744603,8,121.0,-0.6799999999999999
49950.0,7,107.0,3.1470588235294117,8.522792120064762,7,7,107.0,0.4215150954175927,7.62026698633687,8.522792120064762,7,107.0,0.1399999999999999
49955.0,7,142.0,4.303030303030303,8.94040223136354,7,7,96.0,0.41648617099917473,7.846606777409325,8.94040223136354,7,96.0,0.1100000000000001
49960.0,10,183.0,5.083333333333333,7.503953047854387,10,10,183.0,0.2739575253362056,5.191556185413025,7.503953047854387,10,183.0,-0.8700000000000001
49965.0,7,108.0,3.272727272727273,8.028838436152624,7,7,108.0,0.36627583930118396,6.866545990448806,8.028838436152624,7,108.0,0.75
49970.0,5,106.0,3.0285714285714285,7.486410455579471,5,5,58.0,0.3132085396434239,5.906126706604725,7.486410455579471,5,58.0,0.5000000000000001
49975.0,7,140.0,4.242424242424242,8.323670740412485,7,7,140.0,0.39001389253161795,7.2607432708323385,8.323670740412485,7,140.0,-0.82
49980.0,5,76.0,2.4516129032258065,8.048681596045741,5,5,76.0,0.3685052083626865,7.099238617201282,8.048681596045741,5,76.0,0.6399999999999999
49985.0,6,92.0,2.787878787878788,7.828275384088656,6,6,52.0,0.34235199875606515,6.4757651592274525,7.828275384088656,6,52.0,0.24
49990.0,6,122.0,3.696969696969697,8.975420900386489,6,6,122.0,0.439270698794362,8.03120518776935,8.975420900386489,6,122.0,-0.7
49995.0,5,47.0,1.4242424242424243,7.485314089617001,5,5,47.0,0.3409667530862106,6.1003985741856726,7.485314089617001,5,47.0,0.75
50000.0,4,51.0,1.5454545454545454,9.143516632810899,4,4,8.0,0.45978913542222105,8.425729362270514,9.143516632810899,4,8.0,0.38999999999999996
50005.0,7,71.0,2.088235294117647,8.56818139738299,7,7,71.0,0.41600084618899336,7.433540498032388,8.56818139738299,7,71.0,-0.63
