step,system_total_stopped,system_total_waiting_time,system_mean_waiting_time,system_mean_speed,J0_stopped,J0_accumulated_waiting_time,J0_average_speed,agents_total_stopped,agents_total_accumulated_waiting_time,reward
5.0,0,0.0,0.0,3.2,0,0.0,0.15838182804712142,0,0.0,0.0
10.0,0,0.0,0.0,7.199999999999999,0,0.0,0.35635911310602314,0,0.0,0.0
15.0,0,0.0,0.0,7.085714285714287,0,0.0,0.35179707429103774,0,0.0,0.0
20.0,0,0.0,0.0,11.085714285714287,0,0.0,0.5525104969595406,0,0.0,0.0
25.0,3,0.0,0.0,10.539053048860211,3,0.0,0.52615372288656,3,0.0,0.0
30.0,0,0.0,0.0,13.376496835542786,0,0.0,0.668082523494373,0,0.0,0.0
35.0,0,0.0,0.0,15.076810952922832,0,0.0,0.75409338036943,0,0.0,0.0
40.0,2,3.0,0.23076923076923078,8.933246456202315,2,3.0,0.477613760719273,2,3.0,-0.03
45.0,2,13.0,1.0,10.926535130978762,2,13.0,0.5745026417341471,2,13.0,-0.1
50.0,3,24.0,1.5,8.779324012633122,3,24.0,0.46216995409960065,3,24.0,-0.10999999999999999
55.0,3,25.0,1.5625,9.429542428074935,3,25.0,0.5015895002018224,3,25.0,-0.010000000000000009
60.0,3,40.0,2.5,9.5550748830788,3,28.0,0.4759136667697941,3,28.0,-0.030000000000000027
65.0,6,64.0,3.2,7.697784922588961,6,64.0,0.36833628040265615,6,64.0,-0.36
70.0,6,94.0,4.7,8.734218890833073,6,94.0,0.43047163338081507,6,94.0,-0.29999999999999993
75.0,5,52.0,2.260869565217391,6.967063427055867,5,52.0,0.32538235458769055,5,52.0,0.41999999999999993
80.0,5,76.0,3.3043478260869565,8.914685217823033,5,45.0,0.4625048192069292,5,45.0,0.07
85.0,8,101.0,4.04,7.617491044062839,8,101.0,0.4003266496592982,8,101.0,-0.56
90.0,7,135.0,5.625,7.618486306981375,7,135.0,0.4029210478715266,7,135.0,-0.3400000000000001
95.0,4,72.0,3.0,9.367529910605557,4,72.0,0.504879451873812,4,72.0,0.6300000000000001
100.0,5,80.0,2.962962962962963,7.483139777926402,5,42.0,0.34837036868211047,5,42.0,0.3
105.0,6,110.0,4.230769230769231,8.77423034559292,6,110.0,0.45151944027656576,6,110.0,-0.6800000000000002
110.0,3,33.0,1.1379310344827587,7.321300971887057,3,33.0,0.34519907529420724,3,33.0,0.77
115.0,4,41.0,1.4642857142857142,8.477578921807085,4,-2.0,0.4278703215671865,4,-2.0,0.35000000000000003
120.0,4,61.0,2.1785714285714284,9.418188982812667,4,61.0,0.5096909287341277,4,61.0,-0.63
125.0,6,86.0,2.6875,8.087705984069279,6,86.0,0.38982449644261574,6,86.0,-0.25
130.0,4,89.0,2.78125,9.326074327106477,4,89.0,0.48105370116600954,4,89.0,-0.030000000000000027
135.0,6,111.0,3.46875,7.841871193326402,6,96.0,0.35261725433698876,6,96.0,-0.06999999999999995
140.0,6,141.0,4.548387096774194,8.931292570462599,6,141.0,0.4433344918228384,6,141.0,-0.44999999999999996
145.0,8,125.0,3.787878787878788,8.391624816215753,8,125.0,0.40136146275891577,8,125.0,0.15999999999999992
150.0,8,158.0,4.787878787878788,8.535408281956608,8,117.0,0.369867668346696,8,117.0,0.08000000000000007
155.0,8,198.0,6.0,8.870419200525157,8,198.0,0.392730994602827,8,198.0,-0.81
160.0,8,204.0,6.375,7.602946462334091,8,204.0,0.3007162766042173,8,204.0,-0.06000000000000005
165.0,8,244.0,8.133333333333333,8.028816654735326,8,223.0,0.35672561042257955,8,223.0,-0.18999999999999995
170.0,9,286.0,9.225806451612904,6.855424925379298,9,286.0,0.30141072643442296,9,286.0,-0.6299999999999999
175.0,10,336.0,11.2,7.537151777375451,10,336.0,0.3270715599302566,10,336.0,-0.5
180.0,7,178.0,5.933333333333334,7.28704515547057,7,178.0,0.2920082570693259,7,178.0,1.5799999999999998
185.0,5,89.0,2.870967741935484,7.019168553878553,5,14.0,0.3209235645179555,5,14.0,1.6400000000000001
190.0,5,114.0,3.8,8.604386883856082,5,114.0,0.44725432884226624,5,114.0,-0.9999999999999999
195.0,5,33.0,1.03125,7.45799624232116,5,33.0,0.35264376516354323,5,33.0,0.8099999999999998
200.0,6,45.0,1.40625,8.416844068834756,6,1.0,0.4028861430192411,6,1.0,0.32
205.0,9,75.0,2.272727272727273,7.655695574872826,9,75.0,0.3531046390498934,9,75.0,-0.74
210.0,9,117.0,3.5454545454545454,7.915417257740521,9,117.0,0.36729030377750005,9,117.0,-0.41999999999999993
215.0,9,162.0,5.0625,8.47798450221244,9,162.0,0.3803297892977708,9,162.0,-0.4500000000000002
220.0,11,212.0,6.057142857142857,7.275051016026111,11,212.0,0.26924528332842423,11,212.0,-0.5
225.0,9,182.0,5.6875,7.543743458049494,9,182.0,0.3210935633178235,9,182.0,0.30000000000000004
230.0,9,216.0,6.171428571428572,6.661088703883504,9,178.0,0.2652197881678767,9,178.0,0.040000000000000036
235.0,10,266.0,7.6,7.6630376578217705,10,266.0,0.3423813236772718,10,266.0,-0.8800000000000001
240.0,7,255.0,7.7272727272727275,7.501733196577853,7,255.0,0.32797966858796845,7,255.0,0.11000000000000032
245.0,8,295.0,8.428571428571429,7.3715354895598875,8,268.0,0.30669644731852924,8,268.0,-0.13000000000000034
250.0,9,339.0,10.272727272727273,7.988544980440186,9,339.0,0.36120294714567236,9,339.0,-0.71
255.0,8,201.0,6.090909090909091,6.96917137836256,8,201.0,0.2846918732366539,8,201.0,1.3800000000000003
260.0,5,29.0,0.8787878787878788,8.08734565983901,5,-29.0,0.3668327585094901,5,-29.0,2.3
265.0,6,31.0,0.8857142857142857,7.401087241294171,6,31.0,0.3128307919914688,6,31.0,-0.6
270.0,5,11.0,0.3235294117647059,8.046217128481146,5,11.0,0.36348194716354093,5,11.0,0.2
275.0,8,44.0,1.2941176470588236,8.21330750233176,8,25.0,0.37346585215756994,8,25.0,-0.14
280.0,10,90.0,2.5,7.478085026773199,10,90.0,0.30329726967173115,10,90.0,-0.65
285.0,8,93.0,2.735294117647059,7.548321109544588,8,93.0,0.33064166421911245,8,93.0,-0.030000000000000027
290.0,4,47.0,1.3428571428571427,7.23983581754931,4,34.0,0.319232143922724,4,34.0,0.5900000000000001
295.0,5,67.0,1.9142857142857144,8.405756183853901,5,67.0,0.4098932754468987,5,67.0,-0.33
300.0,5,32.0,0.9411764705882353,7.874270964503844,5,32.0,0.3660302779220259,5,32.0,0.35000000000000003
305.0,8,68.0,2.0,7.00825443388051,8,39.0,0.31036590302805056,8,39.0,-0.07
310.0,8,108.0,3.176470588235294,8.254629270740628,8,108.0,0.40631804042588954,8,108.0,-0.6900000000000001
315.0,6,98.0,2.6486486486486487,7.386635409291827,6,98.0,0.31637289802314017,6,98.0,0.10000000000000009
320.0,5,92.0,2.6285714285714286,8.836944338913252,5,79.0,0.4238722386832615,5,79.0,0.18999999999999995
325.0,8,117.0,3.1621621621621623,8.109057225462777,8,117.0,0.38405861630884125,8,117.0,-0.3799999999999999
330.0,7,76.0,2.054054054054054,8.182295794685627,6,75.0,0.399494361337496,6,75.0,0.41999999999999993
335.0,5,95.0,2.5675675675675675,9.018978939017263,5,63.0,0.4320188587975489,5,63.0,0.12
340.0,8,125.0,3.3783783783783785,7.682894200207756,8,125.0,0.3154133026719291,8,125.0,-0.62
345.0,7,120.0,3.5294117647058822,7.991276246167939,7,120.0,0.376333845155737,7,120.0,0.050000000000000044
350.0,9,156.0,4.7272727272727275,7.2184183008046325,9,133.0,0.33286232579743863,9,133.0,-0.13000000000000012
355.0,9,200.0,6.0606060606060606,8.043628039731859,9,200.0,0.3565652397216973,9,200.0,-0.6699999999999999
360.0,7,144.0,4.645161290322581,8.264235716659579,7,144.0,0.39691626628285576,7,144.0,0.56
365.0,10,186.0,5.470588235294118,7.093976628710563,10,112.0,0.2935809580455318,10,112.0,0.31999999999999984
370.0,10,236.0,6.9411764705882355,7.983283141932015,10,236.0,0.3712617682027534,10,236.0,-1.2399999999999998
375.0,9,196.0,5.764705882352941,6.721152609306199,9,196.0,0.28426555362470834,9,196.0,0.3999999999999999
380.0,8,221.0,6.90625,7.897440261804983,8,192.0,0.39042851781750426,8,192.0,0.040000000000000036
385.0,12,262.0,7.485714285714286,7.40043910020555,12,262.0,0.36174156946165864,12,262.0,-0.7000000000000002
390.0,8,135.0,3.9705882352941178,7.373306809114702,8,135.0,0.35401485753230755,8,135.0,1.27
395.0,4,66.0,2.0,8.769091751019797,4,8.0,0.46573585221476776,4,8.0,1.27
400.0,5,88.0,2.588235294117647,8.201997855115787,5,88.0,0.4088253931483079,5,88.0,-0.8
405.0,8,106.0,3.212121212121212,7.928658872479961,8,106.0,0.37206384744228665,8,106.0,-0.18000000000000005
410.0,8,146.0,4.294117647058823,7.337357091275442,8,134.0,0.29886780845996663,8,134.0,-0.28
415.0,10,196.0,5.764705882352941,7.652211509432829,10,196.0,0.33217460001357046,10,196.0,-0.6199999999999999
420.0,7,112.0,3.393939393939394,7.2876087821303726,7,112.0,0.3170981508286216,7,112.0,0.8399999999999999
425.0,7,114.0,3.1666666666666665,7.34206328120312,7,62.0,0.31547322051845145,7,62.0,0.5000000000000001
430.0,7,149.0,4.257142857142857,8.564018731602921,7,149.0,0.4319664382255275,7,149.0,-0.87
435.0,8,151.0,4.194444444444445,7.02422187975022,8,151.0,0.3088113580564962,8,151.0,-0.020000000000000018
440.0,10,201.0,5.742857142857143,8.017403244262244,10,169.0,0.3587430781397896,10,169.0,-0.17999999999999994
445.0,13,251.0,6.783783783783784,6.787917069736167,13,251.0,0.2715093249903552,13,251.0,-0.8199999999999998
450.0,10,172.0,4.648648648648648,7.234381927693318,10,172.0,0.3081879270795436,10,172.0,0.7899999999999998
455.0,6,115.0,3.3823529411764706,7.92676640753145,6,72.0,0.38575753102597576,6,72.0,1.0
460.0,8,150.0,4.166666666666667,7.268562773283686,8,150.0,0.3410488424377945,8,150.0,-0.78
465.0,9,118.0,3.4705882352941178,7.351440092176086,9,118.0,0.34706546282894957,9,118.0,0.32000000000000006
470.0,9,151.0,4.081081081081081,6.485631284969597,9,123.0,0.26746207878079914,9,123.0,-0.050000000000000044
475.0,10,201.0,5.742857142857143,7.408261145008633,10,201.0,0.34777059655385395,10,201.0,-0.7799999999999998
480.0,7,113.0,3.4242424242424243,7.8442307766400505,7,113.0,0.38973886098141647,7,113.0,0.8799999999999999
485.0,7,108.0,3.0,7.3111529493122775,7,55.0,0.3174851604184316,7,55.0,0.5799999999999998
490.0,7,143.0,4.085714285714285,8.637918624852722,7,143.0,0.4304595385642253,7,143.0,-0.8799999999999999
495.0,8,88.0,2.4444444444444446,7.170264047354574,8,88.0,0.30548444819487536,8,88.0,0.5499999999999999
500.0,5,76.0,2.111111111111111,8.872237605308086,5,48.0,0.4278946724480699,5,48.0,0.4
505.0,8,101.0,2.58974358974359,8.411441156780233,8,101.0,0.3856033670444134,8,101.0,-0.53
510.0,7,135.0,3.6486486486486487,8.713084368158723,7,135.0,0.4221643655897525,7,135.0,-0.3400000000000001
515.0,4,107.0,2.9722222222222223,9.481178433050994,4,107.0,0.4947376865963501,4,107.0,0.28
520.0,7,132.0,3.6666666666666665,8.008704403771318,7,105.0,0.3398529138181861,7,105.0,0.020000000000000018
525.0,7,167.0,4.911764705882353,8.820217618757635,7,167.0,0.4392507265339209,7,167.0,-0.6199999999999999
530.0,6,190.0,5.428571428571429,7.40950533548684,6,190.0,0.32566413272990985,6,190.0,-0.22999999999999998
535.0,8,228.0,6.705882352941177,8.135027224240822,8,221.0,0.35511062311379793,8,221.0,-0.31000000000000005
540.0,8,268.0,8.375,8.31019350267464,8,268.0,0.39266924190010233,8,268.0,-0.4700000000000002
545.0,7,170.0,5.0,7.169166502211703,7,170.0,0.29597166640569383,7,170.0,0.9800000000000002
550.0,5,151.0,4.4411764705882355,8.334373303687373,5,103.0,0.39546946532280425,5,103.0,0.6699999999999999
555.0,6,177.0,4.783783783783784,7.836601603911666,6,177.0,0.35785373844424023,6,177.0,-0.74
560.0,6,165.0,4.714285714285714,8.358696410433101,6,165.0,0.39594160541918416,6,165.0,0.1200000000000001
565.0,9,195.0,5.416666666666667,7.965391813323342,9,172.0,0.36539143808537455,9,172.0,-0.07000000000000006
570.0,8,231.0,7.21875,8.411555476790868,8,231.0,0.40225569547170953,8,231.0,-0.5900000000000001
575.0,5,212.0,7.066666666666666,8.54820407028661,5,212.0,0.42799345874321226,5,212.0,0.18999999999999995
580.0,7,242.0,7.5625,7.492434648079685,7,217.0,0.34753116660914596,7,217.0,-0.04999999999999982
585.0,8,281.0,9.366666666666667,7.997303100238145,8,281.0,0.4198973629353876,8,281.0,-0.6400000000000001
590.0,6,235.0,7.121212121212121,6.775956651588127,6,235.0,0.3017011551622242,6,235.0,0.45999999999999996
595.0,6,250.0,7.575757575757576,7.930922080560826,6,222.0,0.3909440034519881,6,222.0,0.1299999999999999
600.0,6,280.0,8.484848484848484,8.43502630832478,6,280.0,0.4488380704312322,6,280.0,-0.5799999999999996
605.0,6,58.0,1.5675675675675675,7.220033355622636,5,57.0,0.3286943506581813,5,57.0,2.23
610.0,6,87.0,2.4857142857142858,8.16076713971463,6,-52.0,0.3931383024802371,6,-52.0,1.0899999999999999
615.0,8,118.0,3.3714285714285714,7.369760290037311,8,118.0,0.3167797019609334,8,118.0,-1.7
620.0,6,110.0,3.142857142857143,8.096112546886687,6,110.0,0.390039289921071,6,110.0,0.07999999999999985
625.0,8,140.0,4.117647058823529,7.586856327925072,8,116.0,0.3439585933029392,8,116.0,-0.05999999999999983
630.0,8,180.0,5.294117647058823,8.077932566192581,8,180.0,0.392444072289278,8,180.0,-0.6400000000000001
635.0,5,92.0,2.7058823529411766,8.17647272183929,5,92.0,0.4088145245114159,5,92.0,0.88
640.0,5,81.0,2.25,7.588308807426916,5,32.0,0.34653356540562774,5,32.0,0.6000000000000001
645.0,6,111.0,3.3636363636363638,8.655579870771675,6,111.0,0.45524647640790217,6,111.0,-0.79
650.0,5,39.0,1.0833333333333333,7.367559628780804,5,39.0,0.3382962832094049,5,39.0,0.7200000000000001
655.0,5,47.0,1.3823529411764706,8.182824964535493,5,5.0,0.3980465536204767,5,5.0,0.34
660.0,5,72.0,2.3225806451612905,9.17709924337548,5,72.0,0.49564334126937953,5,72.0,-0.6699999999999999
665.0,6,100.0,2.857142857142857,8.233010536681656,6,100.0,0.39499765841947754,6,100.0,-0.28
670.0,4,75.0,2.142857142857143,8.984323843335336,4,75.0,0.45557162743881874,4,75.0,0.25
675.0,5,97.0,2.8529411764705883,7.953916259505557,5,70.0,0.3593530298381634,5,70.0,0.050000000000000044
680.0,6,127.0,3.8484848484848486,9.038869910130078,6,127.0,0.4579756841555015,6,127.0,-0.5700000000000001
685.0,9,157.0,4.617647058823529,8.028076178687526,9,157.0,0.36439692139101976,9,157.0,-0.30000000000000004
690.0,5,91.0,2.757575757575758,8.463153165256534,5,91.0,0.39375680738263985,5,91.0,0.66
695.0,3,84.0,2.625,9.45571938466271,3,46.0,0.4922416654559266,3,46.0,0.45
700.0,5,102.0,2.914285714285714,8.35059562766156,5,102.0,0.37609704175110226,5,102.0,-0.56
705.0,6,130.0,4.0625,8.556647768962023,6,130.0,0.4254535741641312,6,130.0,-0.28
710.0,7,161.0,4.735294117647059,7.486586249920107,7,161.0,0.2909671654028663,7,161.0,-0.31000000000000005
715.0,8,201.0,6.483870967741935,8.213983053686643,8,201.0,0.36267855523518416,8,201.0,-0.3999999999999997
720.0,6,140.0,4.666666666666667,8.037541961676641,6,140.0,0.35880194657803743,6,140.0,0.6099999999999999
725.0,9,181.0,5.65625,7.215477724132522,9,106.0,0.30584590231259,9,106.0,0.33999999999999986
730.0,9,226.0,7.533333333333333,7.860141339820582,9,226.0,0.37098967328527044,9,226.0,-1.1999999999999997
735.0,9,129.0,4.03125,6.577570063311835,9,129.0,0.2629894243216109,9,129.0,0.9699999999999998
740.0,6,117.0,3.65625,8.212273614746076,6,62.0,0.39583218779378937,6,62.0,0.67
745.0,9,147.0,4.454545454545454,7.2928707271112065,9,147.0,0.3515652236085728,9,147.0,-0.85
750.0,8,186.0,5.8125,7.79712447949454,8,186.0,0.3871827093563229,8,186.0,-0.3900000000000001
755.0,5,94.0,2.9375,8.483343514322176,5,94.0,0.4225231358130853,5,94.0,0.9200000000000002
760.0,4,82.0,2.342857142857143,7.816874576212754,4,34.0,0.3408150696590384,4,34.0,0.5999999999999999
765.0,6,111.0,3.3636363636363638,8.842069278969769,6,111.0,0.42700792683426675,6,111.0,-0.77
770.0,5,37.0,1.121212121212121,7.6214598970614675,5,37.0,0.3434318328490959,5,37.0,0.7400000000000001
775.0,6,46.0,1.393939393939394,8.293255958971992,6,3.0,0.3509943924900497,6,3.0,0.33999999999999997
780.0,5,70.0,2.1875,8.513957377166632,5,70.0,0.3688528985621364,5,70.0,-0.6699999999999999
785.0,7,75.0,2.142857142857143,7.480389859535642,7,75.0,0.30536203216949376,7,75.0,-0.050000000000000044
790.0,7,110.0,3.142857142857143,8.746454837184313,7,97.0,0.41392217589883534,7,97.0,-0.21999999999999997
795.0,9,147.0,4.2,7.8423056214656395,9,147.0,0.3420175155631257,9,147.0,-0.5
800.0,6,105.0,3.28125,8.374545213829935,6,105.0,0.3923683026187788,6,105.0,0.41999999999999993
805.0,8,124.0,3.6470588235294117,7.958838543890975,8,89.0,0.3654007078259274,8,89.0,0.16000000000000003
810.0,7,158.0,4.647058823529412,8.897960037043367,7,158.0,0.4305796093933987,7,158.0,-0.6900000000000001
815.0,4,94.0,3.032258064516129,9.062102697712852,4,94.0,0.46266104866172014,4,94.0,0.6400000000000001
820.0,5,77.0,2.3333333333333335,7.817975464492077,5,48.0,0.34130607626186305,5,48.0,0.45999999999999996
825.0,5,102.0,3.2903225806451615,8.944535067544336,5,102.0,0.4574193776983885,5,102.0,-0.54
830.0,4,94.0,2.764705882352941,7.471060304513467,4,94.0,0.3397292488907495,4,94.0,0.08000000000000007
835.0,6,124.0,3.875,8.330914834162407,6,105.0,0.4048962325886996,6,105.0,-0.1100000000000001
840.0,6,154.0,4.8125,9.065067632373413,6,154.0,0.4531121205372697,6,154.0,-0.49
845.0,7,80.0,2.3529411764705883,7.693602124794495,7,80.0,0.3175475554206278,7,80.0,0.74
850.0,7,115.0,3.484848484848485,8.88922467935465,7,36.0,0.42171240330780135,7,36.0,0.44000000000000006
855.0,8,151.0,4.314285714285714,8.052369231897634,8,151.0,0.36383448511836575,8,151.0,-1.15
860.0,7,108.0,3.176470588235294,8.45801594150049,7,108.0,0.383819500852851,7,108.0,0.42999999999999994
865.0,8,136.0,3.8857142857142857,8.043027563486193,8,100.0,0.3570652841929366,8,100.0,0.08000000000000007
870.0,8,175.0,5.645161290322581,8.077558782181642,8,175.0,0.4025151372467448,8,175.0,-0.75
875.0,5,91.0,2.935483870967742,8.773095452286851,5,91.0,0.4538414389240424,5,91.0,0.84
880.0,4,78.0,2.5161290322580645,7.580123729678047,4,35.0,0.3454371460921432,4,35.0,0.56
885.0,6,108.0,3.7241379310344827,8.673365074720529,6,108.0,0.44760884100687764,6,108.0,-0.7300000000000001
890.0,4,35.0,1.09375,7.131457182099632,4,35.0,0.30952137160774196,4,35.0,0.7300000000000001
895.0,5,47.0,1.5161290322580645,8.393675331750165,5,6.0,0.4120921694170825,5,6.0,0.29
900.0,5,72.0,2.3225806451612905,9.299429802537002,5,72.0,0.4935884693908006,5,72.0,-0.6599999999999999
905.0,6,77.0,2.3333333333333335,7.628479084313208,6,77.0,0.3506041846956103,6,77.0,-0.050000000000000044
910.0,7,112.0,3.393939393939394,8.801453505414699,7,92.0,0.42082047900870473,7,92.0,-0.15000000000000002
915.0,9,148.0,4.228571428571429,7.339624817598909,9,148.0,0.29037561898431985,9,148.0,-0.5599999999999999
920.0,7,118.0,3.5757575757575757,8.221109268961937,7,118.0,0.3813305569491849,7,118.0,0.30000000000000004
925.0,9,142.0,3.9444444444444446,7.305062810146301,9,114.0,0.32243980592186505,9,114.0,0.040000000000000036
930.0,8,182.0,5.2,8.079391483498272,8,182.0,0.3958968088172383,8,182.0,-0.6800000000000002
935.0,6,91.0,2.84375,8.333514538626492,5,90.0,0.43243810014789213,5,90.0,0.92
940.0,6,80.0,2.3529411764705883,7.307214411971107,6,30.0,0.2898216531069816,6,30.0,0.6000000000000001
945.0,6,106.0,3.3125,8.348694286524902,6,106.0,0.3922122801363347,6,106.0,-0.76
950.0,8,136.0,4.121212121212121,6.898103564567383,8,136.0,0.29402507978967324,8,136.0,-0.30000000000000004
955.0,11,190.0,6.129032258064516,7.031981143933776,11,186.0,0.3013322782500858,11,186.0,-0.5
960.0,11,245.0,8.166666666666666,6.7428918323096045,11,245.0,0.27673264575245,11,245.0,-0.5900000000000001
965.0,11,257.0,7.787878787878788,6.055761387074098,11,257.0,0.25008353076065515,11,257.0,-0.11999999999999966
970.0,9,283.0,8.575757575757576,7.369257821422326,9,269.0,0.35532797125912374,9,269.0,-0.1200000000000001
975.0,10,330.0,9.166666666666666,6.930397119684002,10,330.0,0.3210902629144056,10,330.0,-0.6099999999999999
980.0,9,193.0,5.848484848484849,7.230893789265666,9,193.0,0.35040292195884526,9,193.0,1.3699999999999999
985.0,8,122.0,3.588235294117647,6.977720211195234,8,52.0,0.3390209080867807,8,52.0,1.41
990.0,6,152.0,4.470588235294118,8.085959592762078,6,152.0,0.41102384741044806,6,152.0,-1.0
995.0,7,187.0,5.5,8.715035125921785,7,187.0,0.46087992993707,7,187.0,-0.3500000000000001
1000.0,7,79.0,2.257142857142857,6.93310602396392,7,79.0,0.30642440664555676,7,79.0,1.08
1005.0,6,61.0,1.7941176470588236,7.487364229816019,6,61.0,0.3435950502639904,6,61.0,0.18000000000000005
1010.0,6,86.0,2.324324324324324,6.778613325972444,6,31.0,0.27787288545725136,6,31.0,0.3
1015.0,8,50.0,1.3888888888888888,7.591236390487931,8,49.0,0.343657278862844,8,49.0,-0.18
1020.0,8,79.0,2.1944444444444446,7.626411424068771,7,45.0,0.33840758702901697,7,45.0,0.03999999999999998
1025.0,9,120.0,3.076923076923077,7.39646078288974,9,86.0,0.3179683049854514,9,86.0,-0.41
1030.0,7,117.0,3.25,8.161901112140146,7,117.0,0.3943937204480172,7,117.0,-0.30999999999999994
1035.0,7,124.0,3.3513513513513513,7.366555548980408,7,111.0,0.3186620444704852,7,111.0,0.05999999999999983
1040.0,8,164.0,4.685714285714286,8.492641843147464,8,164.0,0.40732791073434904,8,164.0,-0.5299999999999998
1045.0,9,104.0,2.888888888888889,6.926685435117744,9,104.0,0.2887756509997819,9,104.0,0.5999999999999999
1050.0,7,128.0,3.5555555555555554,8.104931877337432,7,88.0,0.3835001237840266,7,88.0,0.16000000000000003
1055.0,7,163.0,4.794117647058823,8.682683032206162,7,163.0,0.44607233281864733,7,163.0,-0.7499999999999999
1060.0,8,116.0,3.2222222222222223,7.046763854135899,8,116.0,0.3032860777665864,8,116.0,0.47
1065.0,6,129.0,3.6857142857142855,8.35058138846856,6,101.0,0.4149208933048395,6,101.0,0.1499999999999999
1070.0,6,159.0,4.416666666666667,7.564888756146072,6,159.0,0.35314727476591634,6,159.0,-0.5800000000000001
1075.0,6,123.0,3.4166666666666665,7.855164300621204,6,123.0,0.34924414392339886,6,123.0,0.3600000000000001
1080.0,5,143.0,4.085714285714285,8.632251817467505,5,115.0,0.42982890098265614,5,115.0,0.08000000000000007
1085.0,7,173.0,4.552631578947368,7.981945929818964,7,173.0,0.3577072770704498,7,173.0,-0.5800000000000001
1090.0,5,85.0,2.2972972972972974,8.567856415882403,5,85.0,0.4291526198129562,5,85.0,0.88
1095.0,7,112.0,3.027027027027027,7.856736677507441,7,25.0,0.3326183914746729,7,25.0,0.6
1100.0,8,151.0,4.314285714285714,8.434015445014452,8,151.0,0.4044901857548302,8,151.0,-1.26
1105.0,9,180.0,5.0,7.627816621648067,9,180.0,0.32899758103245746,9,180.0,-0.29000000000000004
1110.0,9,223.0,6.5588235294117645,7.8577128794856925,9,217.0,0.35516596700289327,9,217.0,-0.3699999999999999
1115.0,9,268.0,8.375,8.025989929457214,9,268.0,0.39387718733368215,9,268.0,-0.5100000000000002
1120.0,10,171.0,4.885714285714286,6.371247333533897,10,171.0,0.25488219638534315,10,171.0,0.9700000000000002
1125.0,7,164.0,4.685714285714286,7.894036277470018,7,107.0,0.3752683269119336,7,107.0,0.6399999999999999
1130.0,8,200.0,5.2631578947368425,7.343067772868378,8,200.0,0.3389597491107907,8,200.0,-0.9299999999999999
1135.0,8,94.0,2.611111111111111,7.451102629062747,8,94.0,0.35579163824750754,8,94.0,1.06
1140.0,5,66.0,2.0,8.176433677842342,5,8.0,0.407759275769809,5,8.0,0.86
1145.0,7,97.0,3.03125,7.52696439053364,7,97.0,0.36290926251139044,7,97.0,-0.89
1150.0,7,132.0,4.258064516129032,8.38651390096801,7,132.0,0.43760491607410607,7,132.0,-0.3500000000000001
1155.0,4,109.0,3.303030303030303,7.700738386136637,4,109.0,0.3630074475503888,4,109.0,0.22999999999999998
1160.0,6,139.0,4.34375,8.503579928426058,6,121.0,0.42506751166412104,6,121.0,-0.11999999999999988
1165.0,10,170.0,4.857142857142857,8.178846951200502,10,170.0,0.4096099822085359,10,170.0,-0.49
1170.0,7,155.0,4.5588235294117645,8.189177996081295,7,155.0,0.40640281249074744,7,155.0,0.1499999999999999
1175.0,7,190.0,5.588235294117647,8.947512979110494,7,144.0,0.4384621700156846,7,144.0,0.1100000000000001
1180.0,9,229.0,6.361111111111111,8.066659895333114,9,229.0,0.36496601746890167,9,229.0,-0.8500000000000001
1185.0,7,113.0,3.4242424242424243,7.953562332787342,7,113.0,0.35392115278652775,7,113.0,1.1600000000000001
1190.0,4,74.0,2.0555555555555554,7.476793176805263,4,13.0,0.33049706128061634,4,13.0,0.9999999999999999
1195.0,6,102.0,3.090909090909091,8.33225510316555,6,102.0,0.4207802244202476,6,102.0,-0.89
1200.0,8,137.0,4.28125,7.917194799684395,8,137.0,0.36399961393645663,8,137.0,-0.3500000000000001
1205.0,11,186.0,5.470588235294118,6.926609860920937,11,186.0,0.2739796848087404,11,186.0,-0.49
1210.0,11,241.0,7.303030303030303,7.447843647644211,11,241.0,0.32402276749222625,11,241.0,-0.55
1215.0,10,162.0,4.909090909090909,6.363771384952843,10,162.0,0.2705366742293123,10,162.0,0.79
1220.0,8,163.0,4.9393939393939394,7.415360240822087,8,108.0,0.37735396715990144,8,108.0,0.54
1225.0,11,203.0,5.8,6.740455153813849,11,203.0,0.34417740908351996,11,203.0,-0.9499999999999997
1230.0,9,138.0,4.0588235294117645,6.9063537635815,9,138.0,0.3407197110564359,9,138.0,0.6499999999999999
1235.0,7,152.0,4.606060606060606,7.897122201013386,7,106.0,0.40851691137916035,7,106.0,0.31999999999999984
1240.0,8,190.0,5.277777777777778,7.249477845767075,8,190.0,0.34000746133134796,8,190.0,-0.8399999999999999
1245.0,8,104.0,3.0588235294117645,7.37638819586399,8,104.0,0.36169356618730353,8,104.0,0.8599999999999999
1250.0,6,72.0,2.057142857142857,6.7159581608086825,6,29.0,0.2875957636083131,6,29.0,0.75
1255.0,7,102.0,3.090909090909091,7.416994606608801,7,102.0,0.33884113045817743,7,102.0,-0.73
1260.0,7,137.0,4.151515151515151,7.891616350500906,7,137.0,0.3810293465250048,7,137.0,-0.3500000000000001
1265.0,7,83.0,2.2432432432432434,6.987575821194559,7,83.0,0.30295319416757,7,83.0,0.5400000000000001
1270.0,7,98.0,2.6486486486486487,8.030664817113083,7,65.0,0.36055298505151984,7,65.0,0.17999999999999994
1275.0,8,130.0,3.3333333333333335,7.2701098905616615,8,129.0,0.29461884274705213,8,129.0,-0.64
1280.0,8,94.0,2.473684210526316,8.221692251180066,8,94.0,0.36448672745891747,8,94.0,0.3500000000000001
1285.0,10,122.0,3.128205128205128,7.365991992971128,10,89.0,0.3068513496232863,10,89.0,0.04999999999999993
1290.0,9,166.0,4.486486486486487,8.228763584650864,9,166.0,0.3887403844658319,9,166.0,-0.7699999999999999
1295.0,6,157.0,4.617647058823529,8.243057485779271,6,157.0,0.3947295173970602,6,157.0,0.08999999999999986
1300.0,8,179.0,4.972222222222222,7.268474854845435,8,165.0,0.3050579381774806,8,165.0,-0.07999999999999985
1305.0,8,219.0,6.4411764705882355,8.377879339495053,8,219.0,0.4002471964464904,8,219.0,-0.54
1310.0,8,259.0,7.0,7.661250632435002,8,259.0,0.3293242499449938,8,259.0,-0.3999999999999999
1315.0,7,162.0,4.5,8.047696484813848,7,162.0,0.3423214585728523,7,162.0,0.9699999999999998
1320.0,4,130.0,3.9393939393939394,8.667998155402683,4,82.0,0.3913614615323573,4,82.0,0.8000000000000002
1325.0,6,156.0,4.333333333333333,8.405189594034386,6,156.0,0.3790136638688371,6,156.0,-0.7400000000000001
1330.0,6,70.0,1.9444444444444444,8.75689505354321,6,70.0,0.3984111599718843,6,70.0,0.8600000000000001
1335.0,8,103.0,2.7837837837837838,7.852781588082981,8,19.0,0.32941692966117064,8,19.0,0.51
1340.0,9,147.0,4.323529411764706,8.516332065149903,9,147.0,0.39784065148973574,9,147.0,-1.28
1345.0,10,158.0,4.514285714285714,7.010014288062744,10,158.0,0.28672972567937693,10,158.0,-0.1100000000000001
1350.0,9,203.0,5.8,7.80342888521877,9,185.0,0.36365108420726194,9,185.0,-0.27
1355.0,9,248.0,7.515151515151516,8.176166042626718,9,248.0,0.40770278961392536,9,248.0,-0.6299999999999999
1360.0,8,207.0,6.46875,6.798313330865875,8,207.0,0.31350278319059527,8,207.0,0.41000000000000014
1365.0,7,227.0,7.09375,7.887586564893441,7,199.0,0.3817475826943101,7,199.0,0.07999999999999985
1370.0,8,264.0,7.764705882352941,7.409158651912561,8,264.0,0.3514384757966129,8,264.0,-0.6500000000000001
1375.0,7,118.0,3.4705882352941178,7.327782916763867,7,118.0,0.33532609137284924,7,118.0,1.4600000000000002
1380.0,3,36.0,1.0588235294117647,8.136709355373418,3,-36.0,0.3903970235625927,3,-36.0,1.54
1385.0,5,55.0,1.5714285714285714,8.079715745941032,5,55.0,0.38409199002511185,5,55.0,-0.91
1390.0,7,56.0,1.6470588235294117,8.51518327433882,7,56.0,0.41461129539034314,7,56.0,-0.010000000000000009
1395.0,7,91.0,2.6,7.621262639577992,7,66.0,0.31895786134868426,7,66.0,-0.09999999999999998
1400.0,10,140.0,4.117647058823529,8.098287381133229,10,140.0,0.3651965151102881,10,140.0,-0.7399999999999999
1405.0,9,139.0,4.088235294117647,6.977377821452283,9,139.0,0.3018707160959549,9,139.0,0.010000000000000009
1410.0,8,170.0,5.0,7.591204512313662,8,157.0,0.3752548141034138,8,157.0,-0.18000000000000016
1415.0,8,210.0,6.176470588235294,8.203586722832044,8,210.0,0.4314240452509041,8,210.0,-0.53
1420.0,8,147.0,4.2,6.366706889620622,7,146.0,0.28413538221123064,7,146.0,0.6400000000000001
1425.0,8,165.0,4.714285714285714,7.3487410784024245,8,123.0,0.3262830507966718,8,123.0,0.22999999999999998
1430.0,7,198.0,5.6571428571428575,7.1807690866184,7,198.0,0.3201014454799368,7,198.0,-0.75
1435.0,8,91.0,2.6,7.209506223823408,8,91.0,0.31489194213712063,8,91.0,1.0699999999999998
1440.0,6,69.0,2.0294117647058822,7.52699644183904,6,10.0,0.3327855819971505,6,10.0,0.81
1445.0,9,104.0,3.0588235294117645,6.857864018543025,9,104.0,0.3028885374547359,9,104.0,-0.9400000000000001
1450.0,8,96.0,2.909090909090909,7.332959182858409,8,96.0,0.3471215302824989,8,96.0,0.08000000000000007
1455.0,9,126.0,3.5,6.752000690793094,9,112.0,0.28324274706061975,9,112.0,-0.16000000000000014
1460.0,9,171.0,4.885714285714286,7.977882850228915,9,171.0,0.3752111204053507,9,171.0,-0.5899999999999999
1465.0,8,119.0,3.4,7.635787014216338,8,119.0,0.35324598454827005,8,119.0,0.52
1470.0,6,137.0,3.914285714285714,8.336608787699646,6,97.0,0.3888923484061459,6,97.0,0.21999999999999997
1475.0,7,172.0,5.0588235294117645,8.908306550006067,7,172.0,0.44208841044893143,7,172.0,-0.75
1480.0,7,118.0,3.189189189189189,7.6615642582460275,7,118.0,0.3269185886089684,7,118.0,0.54
1485.0,5,102.0,2.7567567567567566,8.602772589012961,5,74.0,0.4008625394141583,5,74.0,0.43999999999999995
1490.0,6,128.0,3.3684210526315788,7.909713865920246,6,128.0,0.3492151928249785,6,128.0,-0.54
1495.0,6,120.0,3.3333333333333335,8.086309909321223,6,120.0,0.35837557637320727,6,120.0,0.08000000000000007
1500.0,6,150.0,4.411764705882353,8.383856867331158,6,130.0,0.40242248791066226,6,130.0,-0.10000000000000009
1505.0,8,185.0,5.285714285714286,7.589692292256396,8,185.0,0.34039369328173186,8,185.0,-0.55
1510.0,6,102.0,2.914285714285714,8.293642891196749,6,102.0,0.3873778443831647,6,102.0,0.8300000000000001
1515.0,8,135.0,3.75,7.356577322713554,8,50.0,0.3089781859083642,8,50.0,0.52
1520.0,9,180.0,5.142857142857143,8.220964551139138,9,180.0,0.37793157553934315,9,180.0,-1.3
1525.0,9,139.0,3.7567567567567566,6.9738216419778745,9,139.0,0.2792987478049695,9,139.0,0.41000000000000014
1530.0,7,162.0,4.378378378378378,8.002860056537948,7,134.0,0.37018891417209465,7,134.0,0.04999999999999982
1535.0,7,197.0,5.472222222222222,8.797749751055486,7,197.0,0.44109132599462975,7,197.0,-0.6299999999999999
1540.0,8,87.0,2.5588235294117645,6.744820351309915,8,87.0,0.2684917706557532,8,87.0,1.1
1545.0,5,68.0,2.125,8.133973994531708,5,11.0,0.3669584755968998,5,11.0,0.76
1550.0,6,94.0,2.764705882352941,7.529757623330731,6,94.0,0.31384857581667835,6,94.0,-0.83
1555.0,6,48.0,1.411764705882353,8.193318868012454,6,48.0,0.36361027247612115,6,48.0,0.45999999999999996
1560.0,5,67.0,2.0303030303030303,7.837866563070556,5,32.0,0.3061710896266707,5,32.0,0.15999999999999998
1565.0,8,100.0,2.9411764705882355,7.7432916714313045,8,100.0,0.31438590818884393,8,100.0,-0.6799999999999999
1570.0,8,111.0,3.46875,8.026431606950243,8,111.0,0.3494361219299698,8,111.0,-0.1100000000000001
1575.0,11,156.0,4.457142857142857,6.957485449014141,11,130.0,0.2640315845052854,11,130.0,-0.18999999999999995
1580.0,11,211.0,6.0285714285714285,7.976839840915224,11,211.0,0.3300049329733453,11,211.0,-0.8099999999999998
1585.0,13,266.0,7.388888888888889,7.0585614227226765,13,266.0,0.2572149333755491,13,266.0,-0.5500000000000003
1590.0,11,215.0,6.323529411764706,7.129891288895009,11,215.0,0.29371650922210285,11,215.0,0.5100000000000002
1595.0,9,239.0,7.46875,7.544322336327119,9,193.0,0.3535171386699356,9,193.0,0.21999999999999997
1600.0,11,290.0,9.0625,6.574619852257101,11,290.0,0.30678682190393514,11,290.0,-0.97
1605.0,10,202.0,6.516129032258065,6.238656777631267,10,202.0,0.2985420642419491,10,202.0,0.8799999999999999
1610.0,8,179.0,5.264705882352941,6.119127539451188,8,131.0,0.27488053862594725,8,131.0,0.71
1615.0,9,221.0,6.5,7.424103992160825,9,221.0,0.34486892519324724,9,221.0,-0.8999999999999999
1620.0,10,253.0,7.90625,7.143791053707893,10,253.0,0.3232661681980867,10,253.0,-0.31999999999999984
1625.0,12,310.0,8.857142857142858,7.134926218059486,12,297.0,0.29018231104492437,12,297.0,-0.4400000000000004
1630.0,13,372.0,10.941176470588236,7.093682257755762,13,372.0,0.28291365113628886,13,372.0,-0.75
1635.0,12,242.0,6.54054054054054,6.780332637184534,12,242.0,0.26276337992085463,12,242.0,1.3000000000000003
1640.0,7,146.0,3.945945945945946,7.842979945943602,7,82.0,0.33460310555430667,7,82.0,1.6
1645.0,12,187.0,4.794871794871795,7.260395694136943,12,187.0,0.31585312263432563,12,187.0,-1.0500000000000003
1650.0,10,155.0,4.1891891891891895,7.066233566436966,10,155.0,0.3058304721725441,10,155.0,0.32000000000000006
1655.0,9,178.0,4.944444444444445,7.820615638130631,9,150.0,0.3571057796289731,9,150.0,0.050000000000000044
1660.0,12,229.0,6.361111111111111,6.914864403001902,12,229.0,0.29778968646188564,12,229.0,-0.79
1665.0,12,289.0,8.257142857142858,7.313097378153747,12,289.0,0.31185545952317123,12,289.0,-0.6000000000000001
1670.0,11,179.0,5.114285714285714,6.0588930612940475,11,179.0,0.22564635895032373,11,179.0,1.1
1675.0,8,150.0,4.285714285714286,7.230341240109664,8,87.0,0.3205462081167399,8,87.0,0.92
1680.0,8,190.0,5.428571428571429,8.14483649450681,8,190.0,0.3923774788219286,8,190.0,-1.0299999999999998
1685.0,11,223.0,5.717948717948718,6.980677178116405,11,223.0,0.2841942322092263,11,223.0,-0.33000000000000007
1690.0,11,278.0,7.315789473684211,7.544311634006304,11,269.0,0.3167180469351654,11,269.0,-0.45999999999999996
1695.0,12,336.0,8.842105263157896,7.005373241687046,12,336.0,0.31022784115839863,12,336.0,-0.6699999999999999
1700.0,10,347.0,9.131578947368421,7.5154087427111165,10,347.0,0.33592142754562343,10,347.0,-0.11000000000000032
1705.0,12,390.0,10.0,7.251854071830351,12,377.0,0.3244929115360761,12,377.0,-0.2999999999999998
1710.0,11,441.0,11.605263157894736,7.688858288189239,11,441.0,0.36090528778919273,11,441.0,-0.6400000000000001
1715.0,10,489.0,12.868421052631579,7.441272991402284,10,489.0,0.3321546000262276,10,489.0,-0.47999999999999954
1720.0,13,547.0,14.394736842105264,6.472196710936582,13,545.0,0.2500301263692504,13,545.0,-0.5600000000000005
1725.0,13,612.0,16.54054054054054,7.18512548797094,13,612.0,0.28870429027300504,13,612.0,-0.6699999999999999
1730.0,12,666.0,17.076923076923077,6.3317645778043055,12,666.0,0.21741482393614361,12,666.0,-0.54
1735.0,14,736.0,19.36842105263158,6.813306159234934,14,730.0,0.2587721706556902,14,730.0,-0.6399999999999997
1740.0,15,808.0,23.085714285714285,6.696858227775763,15,808.0,0.276584144574578,15,808.0,-0.7800000000000002
1745.0,14,868.0,23.45945945945946,6.119492810627924,14,868.0,0.25337933747482044,14,868.0,-0.5999999999999996
1750.0,14,938.0,26.055555555555557,6.532196106170368,14,928.0,0.2812564139338734,14,928.0,-0.5999999999999996
1755.0,16,1014.0,26.0,5.830472257916921,16,1014.0,0.2513707198140067,16,1014.0,-0.8600000000000012
1760.0,13,758.0,20.486486486486488,6.41346661164283,13,758.0,0.29765849117641496,13,758.0,2.5600000000000005
1765.0,12,351.0,9.0,6.628852233862513,12,243.0,0.30306060021505904,12,243.0,5.15
1770.0,6,190.0,5.135135135135135,7.50293454388054,6,190.0,0.3682991086649017,6,190.0,0.5300000000000002
1775.0,5,208.0,5.942857142857143,8.350487801404986,5,208.0,0.4412532480170594,5,208.0,-0.18000000000000016
1780.0,6,235.0,6.184210526315789,8.412420815584868,6,235.0,0.4184655649326857,6,235.0,-0.27
1785.0,8,272.0,7.157894736842105,8.126869965856082,8,272.0,0.37946857345316726,8,272.0,-0.3700000000000001
1790.0,6,104.0,2.736842105263158,6.504854840020218,6,104.0,0.2729116631782986,6,104.0,1.6800000000000002
1795.0,11,150.0,3.9473684210526314,7.037384526604458,10,24.0,0.31514020291544004,10,24.0,0.8
1800.0,10,195.0,5.27027027027027,7.54109570873812,10,194.0,0.3184639758082643,10,194.0,-1.7
1805.0,9,134.0,3.4358974358974357,7.040219078744865,9,134.0,0.26860383987955544,9,134.0,0.5999999999999999
1810.0,7,152.0,3.8974358974358974,8.089715092386854,7,106.0,0.36058883320050694,7,106.0,0.28
1815.0,9,191.0,4.5476190476190474,7.617972020894295,9,191.0,0.3197873862260446,9,191.0,-0.8499999999999999
1820.0,7,115.0,2.948717948717949,8.165677018867566,7,115.0,0.37888691250618606,7,115.0,0.76
1825.0,8,115.0,2.948717948717949,7.881688567351337,8,68.0,0.3536933003125137,8,68.0,0.46999999999999986
1830.0,7,148.0,3.7948717948717947,8.582659664677017,7,148.0,0.41167218214432827,7,148.0,-0.7999999999999999
1835.0,7,183.0,4.6923076923076925,8.36333428642277,7,183.0,0.3873990313091858,7,183.0,-0.3500000000000001
1840.0,8,87.0,2.1219512195121952,7.287092074538809,8,87.0,0.2754142897528104,8,87.0,0.9600000000000001
1845.0,5,68.0,1.7894736842105263,8.539833680924838,5,21.0,0.40704580618216973,5,21.0,0.66
1850.0,6,94.0,2.473684210526316,7.635114183174264,6,94.0,0.33946252445552255,6,94.0,-0.73
1855.0,6,49.0,1.2894736842105263,8.054789569570259,6,49.0,0.37149480091195897,6,49.0,0.44999999999999996
1860.0,5,68.0,1.8888888888888888,8.444756925537071,5,35.0,0.41032394919206266,5,35.0,0.14
1865.0,7,100.0,2.7777777777777777,7.797963608980824,7,100.0,0.3604265276990158,7,100.0,-0.65
1870.0,5,79.0,2.257142857142857,8.254944251277463,5,79.0,0.4142203046325786,5,79.0,0.20999999999999996
1875.0,6,105.0,2.9166666666666665,7.250109941443924,6,79.0,0.32808877815906434,6,79.0,0.0
1880.0,7,140.0,3.888888888888889,8.585123832941964,7,140.0,0.43738015842411865,7,140.0,-0.6099999999999999
1885.0,6,87.0,2.4857142857142858,8.471407576873087,6,87.0,0.4226927797763451,6,87.0,0.5299999999999999
1890.0,4,95.0,2.878787878787879,9.077951608598998,4,67.0,0.4488340335696387,4,67.0,0.19999999999999996
1895.0,5,118.0,3.6875,9.76278684598131,5,118.0,0.5152493337566161,5,118.0,-0.5099999999999999
1900.0,5,74.0,2.242424242424242,8.01731158552697,5,74.0,0.36109156447566204,5,74.0,0.43999999999999995
1905.0,4,92.0,2.875,8.75014349108697,4,63.0,0.39582481868664443,4,63.0,0.10999999999999999
1910.0,5,117.0,3.342857142857143,8.353563267586166,5,117.0,0.36313013740459327,5,117.0,-0.5399999999999999
1915.0,6,133.0,4.03030303030303,8.165033682687106,6,133.0,0.35389202916022816,6,133.0,-0.16000000000000014
1920.0,6,163.0,5.433333333333334,9.0104722341895,6,152.0,0.42587279001704137,6,152.0,-0.18999999999999995
1925.0,7,196.0,5.764705882352941,8.051021744529004,7,196.0,0.33855160557183994,7,196.0,-0.43999999999999995
1930.0,5,154.0,4.967741935483871,8.61516766921546,5,154.0,0.39863243195956793,5,154.0,0.41999999999999993
1935.0,6,169.0,5.121212121212121,7.748873223405871,6,136.0,0.3475729811236003,6,136.0,0.17999999999999994
1940.0,6,199.0,6.21875,8.95165285826963,6,199.0,0.4621111217668227,6,199.0,-0.6299999999999999
1945.0,7,76.0,2.235294117647059,8.00358680774686,7,76.0,0.37227172402128145,7,76.0,1.23
1950.0,7,107.0,3.34375,8.309295539276789,7,5.0,0.38072381038848574,7,5.0,0.71
1955.0,7,142.0,4.4375,8.394994718971809,7,142.0,0.38497522621444036,7,142.0,-1.3699999999999999
1960.0,9,170.0,5.0,7.043559182991336,9,170.0,0.27037455032383884,9,170.0,-0.28
1965.0,9,215.0,6.71875,7.864146584903407,9,206.0,0.33770464299355957,9,206.0,-0.3600000000000001
1970.0,11,263.0,8.21875,6.403130509047738,11,263.0,0.28530242873818173,11,263.0,-0.5699999999999998
1975.0,8,164.0,5.125,7.355700619992376,8,164.0,0.33656503021217216,8,164.0,0.99
1980.0,5,135.0,4.354838709677419,7.788391364561033,5,77.0,0.3432774129679228,5,77.0,0.8699999999999999
1985.0,7,166.0,4.882352941176471,7.557421280774236,7,166.0,0.33516281553030663,7,166.0,-0.8899999999999999
1990.0,6,73.0,2.1470588235294117,8.051186708673415,6,73.0,0.37881277749194087,6,73.0,0.9299999999999999
1995.0,4,63.0,1.75,7.992662187543974,4,11.0,0.34322917042146467,4,11.0,0.62
2000.0,6,91.0,2.676470588235294,9.209764920774392,6,91.0,0.4358792711082845,6,91.0,-0.8
2005.0,9,78.0,2.2941176470588234,7.5446255488635945,9,78.0,0.30115006230548225,9,78.0,0.13
2010.0,9,122.0,3.696969696969697,8.463505403394116,9,81.0,0.3484445713778952,9,81.0,-0.030000000000000027
2015.0,9,167.0,5.387096774193548,8.874865587223569,9,167.0,0.38149435855723735,9,167.0,-0.8599999999999999
2020.0,9,128.0,3.878787878787879,7.3785989575109685,9,128.0,0.2761369461518811,9,128.0,0.3899999999999999
2025.0,7,146.0,4.424242424242424,8.460155899661375,7,118.0,0.35311915440844965,7,118.0,0.10000000000000009
2030.0,8,183.0,5.382352941176471,7.496387029348002,8,183.0,0.31430971520049544,8,183.0,-0.6500000000000001
2035.0,10,230.0,7.1875,7.4231528308853845,10,230.0,0.31791530510171645,10,230.0,-0.46999999999999975
2040.0,10,280.0,9.333333333333334,7.439826340417032,10,280.0,0.3038507920888096,10,280.0,-0.5
2045.0,13,340.0,10.0,6.766140955753487,13,340.0,0.24394274773144006,13,340.0,-0.6000000000000001
2050.0,10,280.0,8.235294117647058,7.355578676038626,10,280.0,0.29420516097226945,10,280.0,0.6000000000000001
2055.0,9,295.0,8.676470588235293,6.718488126011856,9,252.0,0.27616614716969096,9,252.0,0.2799999999999998
2060.0,10,345.0,10.454545454545455,7.836784705753768,10,345.0,0.3619600480811756,10,345.0,-0.9300000000000002
2065.0,12,189.0,5.5588235294117645,6.5059272057159765,12,189.0,0.27607835479821474,12,189.0,1.5600000000000003
2070.0,6,96.0,2.909090909090909,7.92469453712039,6,19.0,0.37188201006788607,6,19.0,1.7
2075.0,6,126.0,3.9375,8.282854721234742,6,126.0,0.41825650255484176,6,126.0,-1.07
2080.0,9,59.0,1.6857142857142857,6.556531362004802,9,59.0,0.2802444897043304,9,59.0,0.67
2085.0,8,81.0,2.53125,7.628804185651125,8,38.0,0.3699970104005096,8,38.0,0.20999999999999996
2090.0,8,121.0,3.4571428571428573,7.338879248221979,8,121.0,0.34560213491302394,8,121.0,-0.83
2095.0,10,154.0,4.4,7.451319699568336,10,154.0,0.3394793100628022,10,154.0,-0.33000000000000007
2100.0,10,204.0,5.828571428571428,7.533889015134076,10,192.0,0.3049976442912751,10,192.0,-0.3799999999999999
2105.0,13,263.0,6.921052631578948,6.790720517689778,13,263.0,0.252600850143545,13,263.0,-0.71
2110.0,10,205.0,5.694444444444445,7.241475175968795,10,205.0,0.3208964355146113,10,205.0,0.5800000000000001
2115.0,8,220.0,5.945945945945946,6.904334880500927,8,177.0,0.31255109823983235,8,177.0,0.2799999999999998
2120.0,10,268.0,7.243243243243243,7.8591760750413,10,268.0,0.38941638149012947,10,268.0,-0.9100000000000001
2125.0,13,318.0,8.153846153846153,6.971467833097216,13,318.0,0.3077764223563682,13,318.0,-0.5
2130.0,9,221.0,5.815789473684211,7.496415768061763,9,221.0,0.3287327475714815,9,221.0,0.9700000000000002
2135.0,4,103.0,2.942857142857143,8.496518299253225,4,55.0,0.41963319305625496,4,55.0,1.66
2140.0,6,125.0,3.4722222222222223,7.763590064231124,6,125.0,0.3624026953459985,6,125.0,-0.7
2145.0,7,42.0,1.2727272727272727,7.449241773797556,7,42.0,0.35335050378315763,7,42.0,0.8300000000000001
2150.0,7,48.0,1.3714285714285714,6.288442057607402,7,0.0,0.27466231026015925,7,0.0,0.42
2155.0,8,88.0,2.5142857142857142,7.791262912017842,8,88.0,0.38261670217114857,8,88.0,-0.88
2160.0,8,128.0,3.657142857142857,8.260341376575939,8,128.0,0.39326781840037933,8,128.0,-0.4
2165.0,8,133.0,3.5,7.244026021391387,8,133.0,0.28133862763600853,8,133.0,-0.050000000000000044
2170.0,8,173.0,4.805555555555555,8.191447192869287,8,153.0,0.3804873174016618,8,153.0,-0.19999999999999996
2175.0,9,215.0,5.512820512820513,7.472240521871091,9,215.0,0.30929369215013375,9,215.0,-0.6199999999999999
2180.0,7,154.0,3.948717948717949,8.139067589241957,7,154.0,0.3650543762338379,7,154.0,0.6099999999999999
2185.0,6,77.0,2.026315789473684,7.990800947744155,6,44.0,0.35705877088343957,6,44.0,1.1
2190.0,5,99.0,2.75,9.013374395810715,5,99.0,0.440704688919472,5,99.0,-0.55
2195.0,7,74.0,2.176470588235294,8.407850087450969,7,74.0,0.39018033973915217,7,74.0,0.25
2200.0,10,117.0,3.1621621621621623,7.2785310871477416,10,66.0,0.283254928169612,10,66.0,0.07999999999999996
2205.0,10,167.0,4.911764705882353,7.775859550004469,10,167.0,0.3215216832513138,10,167.0,-1.0099999999999998
2210.0,10,186.0,5.314285714285714,6.577700834610195,10,186.0,0.22999343977123918,10,186.0,-0.19000000000000017
2215.0,10,236.0,6.9411764705882355,7.343580692250736,10,219.0,0.3169639619153374,10,219.0,-0.32999999999999985
2220.0,10,286.0,8.666666666666666,7.222323630372278,10,286.0,0.2829982471837355,10,286.0,-0.6699999999999999
2225.0,11,196.0,5.297297297297297,6.645322418321144,11,196.0,0.2657911618567713,11,196.0,0.8999999999999999
2230.0,7,177.0,5.057142857142857,7.28646740583543,7,175.0,0.31755427331798297,7,175.0,0.20999999999999996
2235.0,8,208.0,5.942857142857143,6.952576217283795,8,207.0,0.30423522269189024,8,207.0,-0.31999999999999984
2240.0,10,251.0,7.171428571428572,7.3091505914412,10,251.0,0.3337265543934648,10,251.0,-0.43999999999999995
2245.0,14,306.0,8.052631578947368,6.721382654207032,14,306.0,0.27507169741973503,14,306.0,-0.5500000000000003
2250.0,14,372.0,10.333333333333334,6.925434413991347,14,372.0,0.2778591129509969,14,372.0,-0.6600000000000001
2255.0,11,394.0,12.3125,6.590281654684429,11,394.0,0.285079807007516,11,394.0,-0.21999999999999975
2260.0,12,442.0,12.628571428571428,6.034204312997801,12,430.0,0.25969290749388957,12,430.0,-0.3599999999999999
2265.0,13,507.0,14.485714285714286,6.895059398317144,13,507.0,0.3260842375152916,13,507.0,-0.7700000000000005
2270.0,11,343.0,9.026315789473685,5.648770532315422,11,343.0,0.22701746565127645,11,343.0,1.6400000000000001
2275.0,8,137.0,3.914285714285714,6.831045346674135,8,64.0,0.3144308651935331,8,64.0,2.79
2280.0,6,140.0,4.117647058823529,7.926732450227306,6,140.0,0.3896574109701603,6,140.0,-0.7599999999999999
2285.0,9,165.0,4.342105263157895,6.806294853634842,9,165.0,0.29169256912073094,9,165.0,-0.25
2290.0,12,222.0,6.3428571428571425,7.293958052303509,12,213.0,0.3233532564426843,12,213.0,-0.48
2295.0,14,285.0,7.702702702702703,6.416988112079725,14,285.0,0.27148476592288656,14,285.0,-0.7200000000000002
2300.0,13,315.0,8.513513513513514,7.197980433624048,13,315.0,0.31366637979599776,13,315.0,-0.2999999999999998
2305.0,17,382.0,9.55,6.671314349960309,17,347.0,0.25591095440445805,17,347.0,-0.3200000000000003
2310.0,16,459.0,11.76923076923077,6.786153381651193,16,459.0,0.2790956206483973,16,459.0,-1.1199999999999997
2315.0,13,333.0,9.0,6.700325604382361,13,333.0,0.2798987683966563,13,333.0,1.2599999999999998
2320.0,12,276.0,7.076923076923077,5.995711000928652,12,200.0,0.23863489607144409,12,200.0,1.33
2325.0,12,336.0,8.842105263157896,7.0038407055719265,12,336.0,0.32185500840734876,12,336.0,-1.3599999999999999
2330.0,15,394.0,10.368421052631579,5.688815708190345,15,394.0,0.21850747709699891,15,394.0,-0.5800000000000001
2335.0,17,478.0,13.277777777777779,5.791697230772845,17,472.0,0.22848690895841683,17,472.0,-0.7799999999999998
2340.0,18,564.0,16.114285714285714,5.332468345605533,18,564.0,0.2067625694716753,18,564.0,-0.9199999999999999
2345.0,17,609.0,15.615384615384615,5.194099841671984,17,609.0,0.19166249996576676,17,609.0,-0.4500000000000002
2350.0,15,666.0,18.0,5.726350608755827,15,653.0,0.2558189646529641,15,653.0,-0.4400000000000004
2355.0,17,747.0,18.675,5.798976969072899,17,747.0,0.2611569924042023,17,747.0,-0.9399999999999995
2360.0,17,832.0,20.8,6.294351894642717,17,832.0,0.2657874812231461,17,832.0,-0.8500000000000005
2365.0,18,780.0,19.024390243902438,5.967132380098369,18,780.0,0.23827408723633844,18,780.0,0.5200000000000005
2370.0,14,816.0,19.902439024390244,6.880608605907698,14,764.0,0.2887293619675781,14,764.0,0.16000000000000014
2375.0,15,887.0,22.743589743589745,6.489833883869168,15,887.0,0.2742929783432145,15,887.0,-1.2299999999999995
2380.0,16,680.0,16.585365853658537,5.437418060707745,16,680.0,0.2040829393018603,16,680.0,2.0699999999999994
2385.0,11,289.0,7.225,6.192833616130535,11,196.0,0.25614417492271674,11,196.0,4.84
2390.0,9,96.0,2.2857142857142856,6.2981690801643015,9,96.0,0.2701320217022671,9,96.0,1.0
2395.0,7,75.0,1.7857142857142858,7.088894052793604,7,75.0,0.31336688122404116,7,75.0,0.20999999999999996
2400.0,12,125.0,2.9761904761904763,6.917905240329302,12,112.0,0.27283706113004635,12,112.0,-0.3700000000000001
2405.0,16,200.0,4.444444444444445,6.542359707427716,16,200.0,0.2525811420010061,16,200.0,-0.8799999999999999
2410.0,16,280.0,6.511627906976744,6.716558660061077,16,280.0,0.25247814317054124,16,280.0,-0.7999999999999998
2415.0,14,252.0,5.7272727272727275,6.321159528725641,14,252.0,0.222605760988458,14,252.0,0.2799999999999998
2420.0,14,308.0,7.162790697674419,6.934099570894358,14,264.0,0.28821138089785175,14,264.0,-0.1200000000000001
2425.0,17,381.0,8.86046511627907,6.641037790637761,17,381.0,0.2862530341166531,17,381.0,-1.17
2430.0,15,445.0,10.348837209302326,6.5832759463717405,15,445.0,0.2761046610527636,15,445.0,-0.6400000000000001
2435.0,15,520.0,12.682926829268293,6.793372351689203,15,511.0,0.27639487027021803,15,511.0,-0.6600000000000001
2440.0,19,602.0,15.05,5.521930474788798,19,602.0,0.21557700592488177,19,602.0,-0.9099999999999993
2445.0,15,536.0,13.743589743589743,5.993179390748109,15,536.0,0.24972814098655743,15,536.0,0.6599999999999993
2450.0,11,347.0,8.261904761904763,6.028727945149804,11,299.0,0.2257903276233604,11,299.0,2.37
2455.0,8,171.0,4.071428571428571,7.284690699803652,8,171.0,0.311682980048037,8,171.0,1.2800000000000002
2460.0,8,173.0,4.435897435897436,6.825763960359806,8,173.0,0.29746471349733433,8,173.0,-0.020000000000000018
2465.0,14,232.0,5.523809523809524,6.344766502212792,14,229.0,0.2539420237783615,14,229.0,-0.56
2470.0,17,314.0,7.658536585365853,6.248144672249902,17,314.0,0.24927716828619056,17,314.0,-0.8500000000000001
2475.0,16,296.0,7.0476190476190474,5.921942653212229,16,296.0,0.22975299500105806,16,296.0,0.18000000000000016
2480.0,15,351.0,8.560975609756097,6.59265726833627,15,308.0,0.28419380383690895,15,308.0,-0.1200000000000001
2485.0,18,426.0,9.681818181818182,6.331249221145152,18,426.0,0.270298898825127,18,426.0,-1.1799999999999997
2490.0,17,509.0,12.119047619047619,6.371453457142197,17,509.0,0.2669568802332193,17,509.0,-0.8300000000000001
2495.0,15,569.0,14.225,6.524333708219734,15,569.0,0.2757556793979267,15,569.0,-0.6000000000000005
2500.0,18,653.0,15.186046511627907,5.814948034265442,18,642.0,0.21271418086366603,18,642.0,-0.7299999999999995
2505.0,18,743.0,18.575,6.039548756842389,18,743.0,0.2574058701121586,18,743.0,-1.0099999999999998
2510.0,16,680.0,16.585365853658537,5.745276085736807,16,680.0,0.22065509657078972,16,680.0,0.6299999999999999
2515.0,13,502.0,12.24390243902439,6.317466627258108,13,454.0,0.25027868319300967,13,454.0,2.26
2520.0,9,324.0,7.902439024390244,6.936882964819016,9,324.0,0.2947409491099721,9,324.0,1.2999999999999998
2525.0,9,311.0,7.232558139534884,6.455558161454787,9,311.0,0.276032228116835,9,311.0,0.13000000000000034
2530.0,14,371.0,8.833333333333334,6.782326530473341,14,363.0,0.27555301674753446,14,363.0,-0.52
2535.0,19,456.0,10.604651162790697,5.98358523979878,19,456.0,0.2349469163570478,19,456.0,-0.9299999999999997
2540.0,16,461.0,11.525,6.177457225940306,16,461.0,0.2455443989704248,16,461.0,-0.05000000000000071
2545.0,19,533.0,12.395348837209303,6.1266448616755165,19,496.0,0.2462335207023818,19,496.0,-0.34999999999999964
2550.0,16,613.0,14.255813953488373,6.708964068065992,16,613.0,0.2820390777809785,16,613.0,-1.17
2555.0,14,602.0,14.333333333333334,6.428000477864948,14,602.0,0.25085969934578733,14,602.0,0.11000000000000032
2560.0,13,518.0,12.333333333333334,5.75563253611428,13,490.0,0.22064882135611638,13,490.0,1.1199999999999992
2565.0,8,426.0,10.390243902439025,6.9905941099446345,8,426.0,0.3095746962215634,8,426.0,0.6400000000000006
2570.0,10,446.0,10.136363636363637,6.447782400249202,9,445.0,0.253466233757253,9,445.0,-0.1900000000000004
2575.0,15,510.0,12.439024390243903,6.418324840916398,15,503.0,0.22894203785142322,15,503.0,-0.5800000000000001
2580.0,18,595.0,14.512195121951219,6.167299842785409,18,595.0,0.2139800794121385,18,595.0,-0.9199999999999999
2585.0,16,638.0,14.5,5.898846370098605,16,638.0,0.22581455347977178,16,638.0,-0.4299999999999997
2590.0,11,628.0,14.952380952380953,6.848947626371303,11,615.0,0.2835739194484174,11,615.0,0.22999999999999954
2595.0,9,630.0,14.318181818181818,6.783360146354576,9,630.0,0.2840477388086909,9,630.0,-0.14999999999999947
2600.0,10,564.0,12.818181818181818,7.224118262265592,10,564.0,0.3020782657777113,10,564.0,0.6600000000000001
2605.0,15,592.0,13.454545454545455,6.423902990599347,15,547.0,0.24613703121595798,15,547.0,0.16999999999999993
2610.0,14,661.0,15.372093023255815,7.3499375262820195,14,661.0,0.30985373923149495,14,661.0,-1.1400000000000006
2615.0,12,683.0,16.658536585365855,6.69265198149482,12,683.0,0.27138401027801223,12,683.0,-0.21999999999999975
2620.0,11,667.0,15.511627906976743,6.405324319842521,11,654.0,0.25844605017801914,11,654.0,0.29000000000000004
2625.0,10,713.0,16.976190476190474,7.690464461412045,10,713.0,0.36707454251330424,10,713.0,-0.5899999999999999
2630.0,12,739.0,16.795454545454547,5.941497868091685,12,739.0,0.22496653071190453,12,739.0,-0.2599999999999998
2635.0,14,808.0,19.238095238095237,6.54533461736647,14,795.0,0.2734395863859401,14,795.0,-0.5600000000000005
2640.0,14,878.0,21.95,6.987978413940509,14,878.0,0.29851075616340844,14,878.0,-0.8299999999999992
2645.0,13,903.0,21.0,6.306105059089259,13,903.0,0.228904133179468,13,903.0,-0.25
2650.0,10,921.0,21.41860465116279,7.3245693872565445,10,908.0,0.30963757093947464,10,908.0,-0.05000000000000071
2655.0,11,973.0,21.152173913043477,7.183433925109556,11,973.0,0.30208862443540274,11,973.0,-0.6500000000000004
2660.0,12,876.0,19.90909090909091,7.309881509586001,11,875.0,0.30986290761596563,11,875.0,0.9800000000000004
2665.0,12,862.0,21.024390243902438,6.865317483939071,12,802.0,0.25542784626141507,12,802.0,0.7300000000000004
2670.0,10,908.0,22.146341463414632,7.6249411263282285,10,908.0,0.31745060304851325,10,908.0,-1.0600000000000005
2675.0,11,923.0,23.075,7.23043420166656,11,923.0,0.3023908225244115,11,923.0,-0.15000000000000036
2680.0,14,986.0,24.65,6.588822583728719,14,973.0,0.25182909606067994,14,973.0,-0.5
2685.0,14,1056.0,27.076923076923077,7.167362930635276,14,1056.0,0.3074304329847299,14,1056.0,-0.8300000000000001
2690.0,14,1060.0,27.17948717948718,5.999125202894425,14,1060.0,0.23198033997486597,14,1060.0,-0.03999999999999915
2695.0,13,1121.0,30.2972972972973,6.5438996640294045,13,1092.0,0.2824214582766719,13,1092.0,-0.3200000000000003
2700.0,13,1186.0,32.054054054054056,6.975304222130969,13,1186.0,0.31689293914029826,13,1186.0,-0.9399999999999995
2705.0,11,1157.0,29.666666666666668,6.155168188795785,11,1157.0,0.2504950283565092,11,1157.0,0.28999999999999915
2710.0,9,1121.0,29.5,7.36102807345802,9,1092.0,0.3337590914499672,9,1092.0,0.6500000000000004
2715.0,9,1166.0,29.15,7.393384871607791,9,1166.0,0.3421242865450045,9,1166.0,-0.7400000000000002
2720.0,12,1206.0,30.923076923076923,7.062872192709783,12,1206.0,0.3030507479621711,12,1206.0,-0.40000000000000036
2725.0,15,1266.0,31.65,6.911669854782923,15,1256.0,0.2864496140523269,15,1256.0,-0.5
2730.0,14,1332.0,33.3,7.276410604594527,14,1332.0,0.30340746539207547,14,1332.0,-0.7599999999999998
2735.0,14,1402.0,36.89473684210526,6.664457052683973,14,1402.0,0.2537664772334286,14,1402.0,-0.6999999999999993
2740.0,14,1417.0,35.425,5.937580000747246,14,1417.0,0.21194765080070327,14,1417.0,-0.15000000000000036
2745.0,12,1460.0,37.43589743589744,7.015799768374893,12,1442.0,0.30117910376915574,12,1442.0,-0.25
2750.0,12,1520.0,38.0,6.814635892012089,12,1520.0,0.2815059871679194,12,1520.0,-0.7799999999999994
2755.0,14,1587.0,41.76315789473684,6.40318594698135,14,1587.0,0.2632225404093439,14,1587.0,-0.6699999999999999
2760.0,14,1657.0,44.78378378378378,6.335323824265789,14,1657.0,0.24511359229261104,14,1657.0,-0.7000000000000011
2765.0,16,1734.0,42.292682926829265,5.9637525742645705,16,1734.0,0.21513609427522684,16,1734.0,-0.7699999999999996
2770.0,16,1814.0,47.73684210526316,6.251475598466247,16,1814.0,0.2568990848960694,16,1814.0,-0.8000000000000007
2775.0,15,1861.0,46.525,5.507549170020716,15,1861.0,0.20733716449939718,15,1861.0,-0.46999999999999886
2780.0,16,1941.0,48.525,6.626589894909235,16,1923.0,0.27892011640986125,16,1923.0,-0.620000000000001
2785.0,18,2021.0,49.292682926829265,6.820452363601329,18,2021.0,0.2894736987987676,18,2021.0,-0.9800000000000004
2790.0,18,2107.0,54.02564102564103,6.380297527156276,18,2107.0,0.2575252351248442,18,2107.0,-0.8599999999999994
2795.0,15,1926.0,50.68421052631579,6.273381312113678,15,1926.0,0.23520252605991449,15,1926.0,1.8099999999999987
2800.0,14,1762.0,44.05,5.731403155218045,14,1665.0,0.2263653886692964,14,1665.0,2.610000000000003
2805.0,12,1804.0,47.473684210526315,6.992669678762918,12,1804.0,0.32780863150980943,12,1804.0,-1.3900000000000006
2810.0,13,756.0,18.9,5.600525766110823,13,756.0,0.22462220115415693,13,756.0,10.48
2815.0,12,146.0,3.7435897435897436,6.356130515159153,12,-281.0,0.26472011344148855,12,-281.0,10.37
2820.0,12,206.0,5.421052631578948,6.780653450839526,12,206.0,0.3044445931261656,12,206.0,-4.87
2825.0,15,167.0,4.073170731707317,5.7574387261201725,15,167.0,0.2387127511338111,15,167.0,0.3900000000000001
2830.0,13,213.0,5.195121951219512,6.803889683794189,13,168.0,0.2966412846359287,13,168.0,-0.010000000000000009
2835.0,15,282.0,6.558139534883721,6.316012121970172,15,282.0,0.2602317217711382,15,282.0,-1.14
2840.0,13,264.0,6.439024390243903,6.84728626569952,13,264.0,0.29772050781647186,13,264.0,0.17999999999999972
2845.0,11,190.0,4.318181818181818,7.065061405649801,11,162.0,0.289779324914048,11,162.0,1.02
2850.0,10,236.0,5.363636363636363,8.014549667385682,10,236.0,0.35137502222575695,10,236.0,-0.7399999999999998
2855.0,11,158.0,3.590909090909091,7.296897148560489,10,157.0,0.2888485797028924,10,157.0,0.7899999999999998
2860.0,15,181.0,4.209302325581396,6.109282080876266,15,129.0,0.20416917664238757,15,129.0,0.28
2865.0,12,238.0,5.804878048780488,7.217036971022967,12,238.0,0.2935108700197857,12,238.0,-1.0899999999999999
2870.0,14,258.0,6.2926829268292686,5.642072360362868,14,258.0,0.19275201387776558,14,258.0,-0.20000000000000018
2875.0,12,291.0,7.275,6.457001456770058,12,278.0,0.26996220770399737,12,278.0,-0.19999999999999973
2880.0,12,351.0,8.775,7.019487904825516,12,351.0,0.298444255275542,12,351.0,-0.73
2885.0,13,310.0,7.380952380952381,6.199734704227116,13,310.0,0.23725551053403038,13,310.0,0.4099999999999997
2890.0,11,346.0,8.65,7.280914793147611,11,303.0,0.3283454301309613,11,303.0,0.07000000000000028
2895.0,13,403.0,9.595238095238095,6.710677621338384,13,403.0,0.2890164269806081,13,403.0,-1.0000000000000004
2900.0,11,371.0,8.833333333333334,7.210966621196051,11,371.0,0.3177041078235118,11,371.0,0.3200000000000003
2905.0,10,357.0,8.30232558139535,7.54136530556632,10,328.0,0.3314278070731098,10,328.0,0.43000000000000016
2910.0,10,405.0,9.878048780487806,8.045607337494618,10,405.0,0.36453560917863487,10,405.0,-0.77
2915.0,9,374.0,9.58974358974359,7.4411646722113005,9,374.0,0.3161659789934083,9,374.0,0.3099999999999996
2920.0,11,413.0,10.325,6.7352969173720165,11,385.0,0.2593178304834823,11,385.0,-0.10999999999999988
2925.0,11,468.0,11.7,7.8434184224484484,11,468.0,0.340284983527027,11,468.0,-0.8299999999999996
2930.0,8,202.0,4.6976744186046515,6.877919269602063,8,202.0,0.2469649273862603,8,202.0,2.6599999999999997
2935.0,9,159.0,3.8780487804878048,7.916520631652255,9,56.0,0.3229049508408359,9,56.0,1.46
2940.0,9,204.0,5.230769230769231,8.026431059468008,9,204.0,0.33256659844787634,9,204.0,-1.48
2945.0,12,259.0,6.317073170731708,7.244907585753022,12,259.0,0.27519711942974695,12,259.0,-0.5499999999999998
2950.0,9,191.0,5.026315789473684,8.025642177162204,9,191.0,0.33158263578325553,9,191.0,0.6799999999999999
2955.0,9,203.0,5.075,7.395336518200125,9,156.0,0.2904290742616579,9,156.0,0.34999999999999987
2960.0,9,248.0,6.702702702702703,8.45608877116007,9,248.0,0.3990568493396614,9,248.0,-0.9199999999999999
2965.0,10,144.0,3.6923076923076925,7.642808637612541,10,144.0,0.3328878757575934,10,144.0,1.04
2970.0,6,99.0,2.675675675675676,8.352996484933511,6,51.0,0.38228972563266195,6,51.0,0.9299999999999999
2975.0,6,129.0,3.7941176470588234,9.010256654540957,6,129.0,0.46125156018773883,6,129.0,-0.78
2980.0,8,55.0,1.5277777777777777,6.930571997647659,8,55.0,0.2734668266285825,8,55.0,0.74
2985.0,7,74.0,2.176470588235294,8.174652169695456,7,29.0,0.3745315454936919,7,29.0,0.26000000000000006
2990.0,7,109.0,3.2058823529411766,7.874122600655449,7,109.0,0.35972462541265987,7,109.0,-0.8
2995.0,7,76.0,2.235294117647059,7.771069423632868,7,76.0,0.3448964841714309,7,76.0,0.33000000000000007
3000.0,6,101.0,2.9705882352941178,8.368667704863515,6,73.0,0.36380720202392447,6,73.0,0.030000000000000027
3005.0,8,138.0,3.72972972972973,8.070428042565926,8,138.0,0.35163529778213526,8,138.0,-0.6499999999999999
3010.0,5,82.0,2.2777777777777777,8.508977204616752,5,82.0,0.3979114332380215,5,82.0,0.5599999999999999
3015.0,5,74.0,1.9473684210526316,8.020217641982049,5,46.0,0.3574830858500271,5,46.0,0.35999999999999993
3020.0,5,99.0,2.8285714285714287,9.276590036734827,5,99.0,0.49123469120016977,5,99.0,-0.53
3025.0,8,82.0,2.1578947368421053,8.543559631346023,8,82.0,0.41381205743853317,8,82.0,0.17000000000000004
3030.0,7,114.0,3.1666666666666665,8.619814766130078,7,74.0,0.384951152633302,7,74.0,0.07999999999999996
3035.0,8,154.0,4.8125,8.658880179591613,8,154.0,0.4056388024924161,8,154.0,-0.8
3040.0,8,160.0,4.705882352941177,7.4308577395316195,8,160.0,0.31090533083184946,8,160.0,-0.06000000000000005
3045.0,9,203.0,5.970588235294118,8.039374073473818,9,182.0,0.3637284684249615,9,182.0,-0.21999999999999997
3050.0,11,250.0,7.352941176470588,6.9282622863496375,11,250.0,0.30368940814453077,11,250.0,-0.6799999999999999
3055.0,8,147.0,4.59375,6.931477546065303,8,147.0,0.3239981700227533,8,147.0,1.03
3060.0,5,119.0,3.838709677419355,8.046771828020304,5,61.0,0.3972827747666442,5,61.0,0.86
3065.0,7,150.0,4.411764705882353,7.639593961588334,7,150.0,0.3604058215017086,7,150.0,-0.89
3070.0,6,70.0,2.1875,7.958762444964046,6,70.0,0.3985434535529355,6,70.0,0.8
3075.0,5,61.0,1.7941176470588236,7.0033569733753875,5,18.0,0.29580629224569943,5,18.0,0.52
3080.0,6,90.0,2.6470588235294117,8.421616429482604,6,90.0,0.40939119065707885,6,90.0,-0.72
3085.0,11,86.0,2.5294117647058822,7.48165869990318,11,86.0,0.3498356718558237,11,86.0,0.040000000000000036
3090.0,11,136.0,4.0,7.532440464157774,11,98.0,0.3364406764071874,11,98.0,-0.12
3095.0,11,191.0,5.787878787878788,8.06037053192025,11,191.0,0.36930706153124576,11,191.0,-0.9299999999999999
3100.0,12,177.0,4.916666666666667,6.413778998582433,12,177.0,0.2309479297370105,12,177.0,0.1399999999999999
3105.0,11,231.0,7.0,7.268212955404306,11,199.0,0.32786730557954946,11,199.0,-0.21999999999999997
3110.0,12,287.0,8.2,6.695849949477807,12,287.0,0.2711377091141682,12,287.0,-0.8800000000000001
3115.0,10,217.0,6.575757575757576,6.676101874097639,10,217.0,0.2949864706767929,10,217.0,0.7000000000000002
3120.0,7,203.0,6.548387096774194,7.021509892816948,7,160.0,0.3168402176497862,7,160.0,0.5699999999999998
3125.0,9,246.0,7.0285714285714285,7.090058584094832,9,246.0,0.3339733136632676,9,246.0,-0.8599999999999999
3130.0,8,152.0,4.470588235294118,7.499476260996083,8,152.0,0.36550761877165133,8,152.0,0.94
3135.0,7,68.0,1.837837837837838,6.50605470258426,7,24.0,0.25411290643994017,7,24.0,1.28
3140.0,6,97.0,2.7714285714285714,7.9611340565133135,6,97.0,0.3795774209066082,6,97.0,-0.73
3145.0,10,84.0,2.210526315789474,7.805369584293716,10,84.0,0.3731767939645981,10,84.0,0.13
3150.0,11,134.0,3.526315789473684,7.5759510080882135,11,93.0,0.32111674730290196,11,93.0,-0.09000000000000008
3155.0,12,194.0,5.243243243243243,7.618555375480865,12,194.0,0.31598512091445213,12,194.0,-1.0099999999999998
3160.0,12,215.0,5.657894736842105,6.3719464199830185,12,215.0,0.22402025155022534,12,215.0,-0.20999999999999996
3165.0,10,234.0,6.324324324324325,7.336273635507935,10,222.0,0.3150575409178384,10,222.0,-0.07000000000000028
3170.0,10,284.0,7.675675675675675,6.59275345657055,10,284.0,0.2799994861277257,10,284.0,-0.6199999999999997
3175.0,11,212.0,5.72972972972973,6.897211803275416,11,212.0,0.2868780238853575,11,212.0,0.7199999999999998
3180.0,8,201.0,5.742857142857143,7.402268763810208,8,158.0,0.3104579990957041,8,158.0,0.54
3185.0,10,249.0,6.916666666666667,7.115395185786925,10,249.0,0.3259396442998992,10,249.0,-0.9100000000000001
3190.0,10,299.0,8.305555555555555,7.560031240757379,10,299.0,0.3478673453853352,10,299.0,-0.5
3195.0,9,175.0,4.72972972972973,6.773069809895671,9,175.0,0.2812118715713785,9,175.0,1.2400000000000002
3200.0,6,123.0,3.4166666666666665,7.950551204661057,6,55.0,0.36997929724525236,6,55.0,1.2
3205.0,9,153.0,4.026315789473684,7.800954708378188,9,153.0,0.3486277675198864,9,153.0,-0.98
3210.0,8,93.0,2.4473684210526314,7.9760328661655535,8,93.0,0.3557983395455661,8,93.0,0.6
3215.0,6,101.0,2.72972972972973,8.527901886421848,6,68.0,0.37454019539146755,6,68.0,0.25
3220.0,9,139.0,3.6578947368421053,7.7023874820524245,9,139.0,0.3172518429932311,9,139.0,-0.7099999999999999
3225.0,9,184.0,4.842105263157895,8.218265834025807,9,184.0,0.35315870910493363,9,184.0,-0.4500000000000002
3230.0,10,230.0,5.897435897435898,7.5269212358502,10,230.0,0.28204583027297914,10,230.0,-0.45999999999999974
3235.0,8,202.0,5.315789473684211,8.363414624151808,8,202.0,0.338951812538082,8,202.0,0.2799999999999998
3240.0,7,232.0,6.444444444444445,8.524507092153103,7,200.0,0.3668975687197219,7,200.0,0.020000000000000018
3245.0,8,271.0,7.131578947368421,8.062429319531798,8,271.0,0.33667708711877875,8,271.0,-0.71
3250.0,6,190.0,5.588235294117647,8.668193395577012,6,190.0,0.3976351866561865,6,190.0,0.81
3255.0,4,144.0,4.0,8.01196480819467,4,106.0,0.3337441012844863,4,106.0,0.8399999999999999
3260.0,5,169.0,4.970588235294118,9.277157053177982,5,169.0,0.45594858435854657,5,169.0,-0.6299999999999999
3265.0,9,189.0,5.4,7.946212316432971,9,189.0,0.34346413692974237,9,189.0,-0.19999999999999996
3270.0,8,227.0,6.878787878787879,8.414622724363907,8,222.0,0.3738524675342142,8,222.0,-0.3300000000000003
3275.0,8,267.0,8.612903225806452,8.426516403034096,8,267.0,0.3912734566423294,8,267.0,-0.44999999999999973
3280.0,11,315.0,9.264705882352942,7.175355374088158,11,315.0,0.25617586734759024,11,315.0,-0.48
3285.0,8,306.0,9.272727272727273,7.862368031151262,8,306.0,0.3331647128245299,8,306.0,0.08999999999999986
3290.0,8,334.0,9.277777777777779,7.118763274623335,8,316.0,0.28805912405237166,8,316.0,-0.10000000000000009
3295.0,9,378.0,10.5,8.034073931503174,9,378.0,0.36945115242686216,9,378.0,-0.6199999999999997
3300.0,8,414.0,12.545454545454545,7.729301023205008,8,414.0,0.3387845053837266,8,414.0,-0.3599999999999999
3305.0,10,461.0,13.17142857142857,6.976732716622128,10,457.0,0.28785929298255897,10,457.0,-0.4300000000000006
3310.0,10,511.0,15.484848484848484,7.71223665690742,10,511.0,0.3468239121658755,10,511.0,-0.54
3315.0,8,384.0,11.294117647058824,6.686291267868284,8,384.0,0.2636152170521076,8,384.0,1.2700000000000005
3320.0,6,334.0,10.121212121212121,8.084094417023074,6,269.0,0.38271685009156187,6,269.0,1.15
3325.0,9,364.0,10.705882352941176,7.561915702610349,9,364.0,0.36733718158683626,9,364.0,-0.9500000000000002
3330.0,8,358.0,10.848484848484848,7.452888199969659,8,358.0,0.3446631816684475,8,358.0,0.06000000000000005
3335.0,8,398.0,12.06060606060606,8.011366873768969,8,375.0,0.3742806627592727,8,375.0,-0.16999999999999993
3340.0,10,443.0,12.657142857142857,7.099293303016931,10,443.0,0.30094693027365477,10,443.0,-0.6799999999999997
3345.0,11,497.0,14.2,7.193431675652745,11,497.0,0.32203968108113357,11,497.0,-0.54
3350.0,9,157.0,4.361111111111111,6.204208382332678,9,157.0,0.23747005156921883,9,157.0,3.3999999999999995
3355.0,10,195.0,5.735294117647059,7.075701110693587,10,10.0,0.3200456516533715,10,10.0,1.47
3360.0,10,245.0,7.65625,7.331009244440932,10,245.0,0.3542755101695408,10,245.0,-2.35
3365.0,11,287.0,7.972222222222222,6.5469503829879185,11,287.0,0.279496619306179,11,287.0,-0.41999999999999993
3370.0,11,342.0,9.5,7.499092280926494,11,332.0,0.34092843370681597,11,332.0,-0.44999999999999973
3375.0,12,400.0,10.256410256410257,6.90851907397252,12,400.0,0.31322460861194484,12,400.0,-0.6800000000000002
3380.0,10,307.0,8.297297297297296,7.344991427547316,10,307.0,0.3322668838771337,10,307.0,0.9300000000000002
3385.0,9,235.0,6.527777777777778,7.2135449403276874,9,187.0,0.33144501039232765,9,187.0,1.1999999999999997
3390.0,8,270.0,7.5,7.878027882283304,8,270.0,0.37854794632690286,8,270.0,-0.8300000000000001
3395.0,8,116.0,3.411764705882353,7.668611592319404,8,116.0,0.36509841814712385,8,116.0,1.5400000000000003
3400.0,6,38.0,1.0555555555555556,7.044741434021218,6,-37.0,0.3056367862420125,6,-37.0,1.5299999999999998
3405.0,7,73.0,2.0277777777777777,8.503480882813344,7,73.0,0.419209290250387,7,73.0,-1.1
3410.0,8,64.0,1.6842105263157894,6.724526507929195,8,64.0,0.2639449601052035,8,64.0,0.08999999999999997
3415.0,9,91.0,2.6,7.193114770261838,9,78.0,0.29498593685868085,9,78.0,-0.14
3420.0,8,130.0,3.823529411764706,7.845242822656485,8,130.0,0.35162834939148446,8,130.0,-0.52
3425.0,10,134.0,3.526315789473684,6.83845534790164,10,134.0,0.26854405124051156,10,134.0,-0.040000000000000036
3430.0,8,156.0,4.105263157894737,7.913485247386292,8,143.0,0.36612065800478605,8,143.0,-0.08999999999999986
3435.0,10,199.0,5.2368421052631575,7.28260176305169,10,199.0,0.3219043410896852,10,199.0,-0.56
3440.0,10,249.0,7.114285714285714,7.639650852639967,10,249.0,0.3541827991482575,10,249.0,-0.5000000000000002
3445.0,10,160.0,4.324324324324325,6.81103328931642,10,160.0,0.29485609014956754,10,160.0,0.8900000000000001
3450.0,7,160.0,4.324324324324325,7.824616022264419,7,107.0,0.3650569232309284,7,107.0,0.53
3455.0,7,195.0,5.416666666666667,8.632197948592049,7,195.0,0.4391667267628855,7,195.0,-0.8799999999999999
3460.0,8,125.0,3.289473684210526,7.152834040921266,8,125.0,0.308157613889011,8,125.0,0.7
3465.0,6,109.0,3.0277777777777777,8.276884936489147,6,75.0,0.3915551371231844,6,75.0,0.5
3470.0,7,140.0,3.7837837837837838,7.4280233867172125,7,140.0,0.334086581486207,7,140.0,-0.6499999999999999
3475.0,8,92.0,2.5555555555555554,7.59137826254351,8,92.0,0.35025353684482197,8,92.0,0.47999999999999987
3480.0,8,132.0,3.7714285714285714,7.883976598962868,8,62.0,0.3569563897826365,8,62.0,0.30000000000000004
3485.0,11,181.0,4.641025641025641,7.233889214923813,11,181.0,0.2830077517530392,11,181.0,-1.19
3490.0,8,153.0,4.135135135135135,8.025786346497458,8,153.0,0.33025362188164853,8,153.0,0.28
3495.0,8,181.0,4.891891891891892,7.588807534163364,8,153.0,0.30741481188578523,8,153.0,0.0
3500.0,9,226.0,6.457142857142857,8.545274617191303,9,226.0,0.39153464714891545,9,226.0,-0.7299999999999998
3505.0,10,133.0,3.6944444444444446,6.971693292378641,10,133.0,0.2701814464080863,10,133.0,0.9299999999999997
3510.0,6,130.0,3.7142857142857144,8.240083879679355,6,76.0,0.3780225667852433,6,76.0,0.5700000000000001
3515.0,6,160.0,4.848484848484849,8.894881282421075,6,160.0,0.43386645037317473,6,160.0,-0.8400000000000001
3520.0,8,68.0,1.9428571428571428,7.19619547777238,8,68.0,0.3019498996087052,8,68.0,0.92
3525.0,6,48.0,1.5,7.805242925175254,6,5.0,0.3384385848927933,6,5.0,0.63
3530.0,6,73.0,2.085714285714286,6.988608998132524,6,73.0,0.27904471652325796,6,73.0,-0.6799999999999999
3535.0,8,67.0,2.0303030303030303,7.311557189048679,8,67.0,0.317488385430031,8,67.0,0.05999999999999994
3540.0,8,107.0,3.242424242424242,7.205437984381754,8,83.0,0.29693877449497663,8,83.0,-0.15999999999999992
3545.0,10,155.0,4.1891891891891895,7.1467132070179025,10,155.0,0.2885085281587671,10,155.0,-0.7200000000000001
3550.0,7,119.0,3.2162162162162162,7.89690101486116,7,119.0,0.3531266804154672,7,119.0,0.3600000000000001
3555.0,8,144.0,3.891891891891892,7.451737889381818,8,116.0,0.31848493519666116,8,116.0,0.030000000000000027
3560.0,8,184.0,5.257142857142857,8.494671523385914,8,184.0,0.3898542927472456,8,184.0,-0.6800000000000002
3565.0,7,125.0,3.5714285714285716,7.895850685997079,7,125.0,0.34578961763840144,7,125.0,0.5900000000000001
3570.0,6,76.0,2.235294117647059,8.380924649164555,5,45.0,0.36819881867598303,5,45.0,0.8
3575.0,5,95.0,2.7941176470588234,8.394441842395743,5,95.0,0.35974477907416375,5,95.0,-0.49999999999999994
3580.0,10,92.0,2.6285714285714286,7.227912260032398,10,92.0,0.27109301568001515,10,92.0,0.029999999999999916
3585.0,9,134.0,3.9411764705882355,7.984571990629085,9,131.0,0.34813833676190853,9,131.0,-0.39
3590.0,10,181.0,5.171428571428572,7.566578678656213,10,180.0,0.32603648280760406,10,180.0,-0.49
3595.0,8,179.0,5.114285714285714,7.699785450721921,8,179.0,0.34285727585791204,8,179.0,0.010000000000000009
3600.0,5,166.0,5.03030303030303,8.597671871007705,5,152.0,0.41714485847772165,5,152.0,0.27
3605.0,6,194.0,5.878787878787879,7.9673569037701855,6,194.0,0.36456109178324375,6,194.0,-0.41999999999999993
3610.0,6,141.0,4.2727272727272725,8.240011495562552,6,141.0,0.3913819659785079,6,141.0,0.53
3615.0,5,158.0,4.514285714285714,8.140586564341142,5,120.0,0.3574369732112978,5,120.0,0.20999999999999996
3620.0,7,191.0,5.787878787878788,8.939306954142756,7,191.0,0.424712754572362,7,191.0,-0.71
3625.0,8,198.0,5.6571428571428575,7.916093081446833,8,198.0,0.365875951560574,8,198.0,-0.07000000000000006
3630.0,7,231.0,6.6,8.694815626790225,7,216.0,0.4086303707604805,7,216.0,-0.18000000000000016
3635.0,7,266.0,7.823529411764706,9.30430648925051,7,266.0,0.45960424139341144,7,266.0,-0.5
3640.0,8,292.0,8.11111111111111,8.03764540619273,8,292.0,0.33165138361235613,8,292.0,-0.2599999999999998
3645.0,8,332.0,9.485714285714286,8.490252176660679,8,324.0,0.36540877758407536,8,324.0,-0.3200000000000003
3650.0,10,379.0,11.147058823529411,7.090370430656317,10,379.0,0.3010379766777403,10,379.0,-0.5499999999999998
3655.0,8,298.0,9.3125,7.493168537049712,8,298.0,0.3085417291433431,8,298.0,0.81
3660.0,8,274.0,8.838709677419354,7.558851263048651,8,231.0,0.32490257763369584,8,231.0,0.6699999999999999
3665.0,8,300.0,8.571428571428571,6.826372570394323,8,297.0,0.28115253460657197,8,297.0,-0.6600000000000001
3670.0,8,68.0,2.125,7.148065320536512,8,68.0,0.3089514441375809,8,68.0,2.29
3675.0,12,119.0,3.5,6.31680612439532,12,-27.0,0.2750777085300395,12,-27.0,0.9500000000000001
3680.0,12,179.0,5.59375,7.25188496642086,12,179.0,0.3507498383156343,12,179.0,-2.06
3685.0,13,143.0,4.085714285714285,5.907907140549075,13,143.0,0.2514468542637716,13,143.0,0.3600000000000001
3690.0,10,181.0,5.171428571428572,7.149443155367049,10,146.0,0.3431530609738491,10,146.0,-0.030000000000000027
3695.0,10,231.0,7.0,7.992406892128625,10,231.0,0.4161070678250745,10,231.0,-0.8500000000000001
3700.0,10,187.0,5.5,5.929658032758832,10,187.0,0.2651943027157699,10,187.0,0.43999999999999995
3705.0,6,109.0,3.2058823529411766,7.563098242686316,6,80.0,0.36386559499864873,6,80.0,1.07
3710.0,6,139.0,3.861111111111111,7.5326940643638665,6,139.0,0.35161661841443514,6,139.0,-0.5899999999999999
3715.0,9,164.0,4.555555555555555,7.259415578439697,9,164.0,0.31037102343421336,9,164.0,-0.25
3720.0,10,214.0,6.114285714285714,7.506285737599014,10,204.0,0.31516827225768435,10,204.0,-0.40000000000000013
3725.0,12,271.0,7.324324324324325,6.896063223852341,12,271.0,0.28607655190965486,12,271.0,-0.6699999999999999
3730.0,12,331.0,9.194444444444445,7.218519885815098,12,331.0,0.3036124234845971,12,331.0,-0.6000000000000001
3735.0,11,212.0,5.578947368421052,6.45848419119547,11,212.0,0.2469635990310043,11,212.0,1.19
3740.0,7,172.0,4.526315789473684,7.909183414163646,7,106.0,0.37262957799040736,7,106.0,1.06
3745.0,9,207.0,5.175,7.695998268899849,9,207.0,0.3508952614079708,9,207.0,-1.0099999999999998
3750.0,9,146.0,3.8421052631578947,7.52508306554655,9,146.0,0.34722606382780546,9,146.0,0.6099999999999999
3755.0,6,87.0,2.4166666666666665,7.7358319293951645,6,54.0,0.35236002280063855,6,54.0,0.9199999999999999
3760.0,7,115.0,3.108108108108108,7.1325936488674735,7,115.0,0.3137464388877697,7,115.0,-0.6099999999999999
3765.0,8,153.0,4.5,7.683525571478518,8,153.0,0.37598456259937757,8,153.0,-0.3800000000000001
3770.0,8,134.0,3.6216216216216215,6.477541389484617,8,134.0,0.2777274246501258,8,134.0,0.18999999999999995
3775.0,8,156.0,4.216216216216216,7.670326169601788,8,138.0,0.3368798751979505,8,138.0,-0.039999999999999813
3780.0,8,196.0,5.6,8.464736090201601,8,196.0,0.3946316323894718,8,196.0,-0.5800000000000001
3785.0,8,193.0,5.078947368421052,7.49596424936941,7,192.0,0.30110776197513417,7,192.0,0.040000000000000036
3790.0,7,223.0,6.027027027027027,7.9490721641697615,7,210.0,0.3138980155005944,7,210.0,-0.18000000000000016
3795.0,9,260.0,6.842105263157895,7.466489828755038,9,260.0,0.28612345666399586,9,260.0,-0.5
3800.0,9,173.0,4.805555555555555,7.955945087414382,9,173.0,0.3426258450512976,9,173.0,0.8700000000000001
3805.0,12,219.0,5.918918918918919,7.270167715938126,12,123.0,0.29444189650424485,12,123.0,0.5
3810.0,12,277.0,7.486486486486487,7.608099706654806,12,277.0,0.3255530356659179,12,277.0,-1.54
3815.0,9,169.0,4.694444444444445,7.571445402421645,9,169.0,0.3145193220190333,9,169.0,1.08
3820.0,9,141.0,3.710526315789474,6.879285476328161,9,77.0,0.2760389919637443,9,77.0,0.9199999999999999
3825.0,9,186.0,5.470588235294118,7.785993223735793,9,186.0,0.3813548770670592,9,186.0,-1.09
3830.0,9,132.0,3.5675675675675675,6.498410218730676,9,132.0,0.282539297999787,9,132.0,0.54
3835.0,9,164.0,4.823529411764706,7.374648618135749,9,123.0,0.3427801291065364,9,123.0,0.09000000000000008
3840.0,9,209.0,6.333333333333333,7.566908158964524,9,209.0,0.3633450580060077,9,209.0,-0.8599999999999999
3845.0,9,126.0,3.4054054054054053,6.699103829611953,9,126.0,0.2952234479906587,9,126.0,0.8299999999999998
3850.0,7,110.0,3.142857142857143,7.70782849555407,7,66.0,0.35797335417854337,7,66.0,0.6
3855.0,7,140.0,3.7837837837837838,7.30066478099408,7,140.0,0.3119019830762381,7,140.0,-0.7399999999999999
3860.0,10,168.0,4.666666666666667,7.593028447720575,10,168.0,0.33650541390393324,10,168.0,-0.28
3865.0,13,219.0,5.918918918918919,7.103466998273945,13,207.0,0.29926453391469937,13,207.0,-0.3899999999999999
3870.0,12,278.0,7.513513513513513,7.393806408092633,12,278.0,0.3248480560689316,12,278.0,-0.71
3875.0,9,200.0,5.555555555555555,7.776815935224328,9,200.0,0.3319857313970155,9,200.0,0.7799999999999998
3880.0,9,172.0,4.526315789473684,7.065617325261417,9,129.0,0.2763856929609851,9,129.0,0.71
3885.0,9,217.0,5.864864864864865,8.120853114466488,9,217.0,0.3727695605070232,9,217.0,-0.8799999999999999
3890.0,9,169.0,4.5675675675675675,6.545268694293543,9,169.0,0.26218704201044885,9,169.0,0.48
3895.0,7,135.0,3.857142857142857,7.628698746708173,7,106.0,0.3314033038625644,7,106.0,0.6299999999999999
3900.0,7,170.0,5.0,8.86812847777443,7,170.0,0.43165100718977273,7,170.0,-0.6399999999999999
3905.0,10,101.0,2.8055555555555554,6.933869927239015,10,101.0,0.28283479687661767,10,101.0,0.69
3910.0,10,151.0,4.314285714285714,7.7426988599089865,10,69.0,0.3303672463995514,10,69.0,0.32000000000000006
3915.0,13,206.0,5.5675675675675675,6.704482716626235,13,206.0,0.25578936316005807,13,206.0,-1.37
3920.0,10,183.0,5.083333333333333,7.660070951103656,10,183.0,0.3154097550764118,10,183.0,0.22999999999999998
3925.0,11,221.0,6.138888888888889,7.35227641718419,11,184.0,0.31107611775140137,11,184.0,-0.010000000000000009
3930.0,11,273.0,7.583333333333333,7.660791880551372,11,273.0,0.34874996848177414,11,273.0,-0.8899999999999999
3935.0,8,188.0,5.371428571428571,7.722961992577744,8,188.0,0.3529368645926063,8,188.0,0.8500000000000001
3940.0,7,155.0,4.1891891891891895,7.19408430153672,7,112.0,0.2991981777154103,7,112.0,0.7599999999999998
3945.0,8,194.0,5.388888888888889,8.347787918892019,8,194.0,0.39167928360964444,8,194.0,-0.8199999999999998
3950.0,8,234.0,6.5,7.4500530969588015,8,234.0,0.33170825746721666,8,234.0,-0.3999999999999999
3955.0,7,125.0,3.4722222222222223,7.784926934391673,7,125.0,0.3246983222376138,7,125.0,1.0899999999999999
3960.0,3,48.0,1.3714285714285714,8.401040580043983,3,0.0,0.39255709287324503,3,0.0,1.25
3965.0,5,69.0,1.9166666666666667,8.494725768728351,5,69.0,0.39556887381813677,5,69.0,-0.69
3970.0,7,71.0,1.9722222222222223,8.797514847595743,7,71.0,0.40078350701460885,7,71.0,-0.020000000000000018
3975.0,9,110.0,2.972972972972973,7.620968281790117,9,86.0,0.28482486038502586,9,86.0,-0.15000000000000002
3980.0,10,160.0,4.444444444444445,8.299912292493737,10,160.0,0.34080137005382094,10,160.0,-0.7400000000000001
3985.0,8,159.0,4.416666666666667,8.14019768081093,8,159.0,0.33216849287579286,8,159.0,0.010000000000000009
3990.0,8,185.0,5.138888888888889,8.195319571834235,8,172.0,0.35642309724235316,8,172.0,-0.1299999999999999
3995.0,8,225.0,6.428571428571429,8.481413346024459,8,225.0,0.3989784925489861,8,225.0,-0.53
4000.0,9,126.0,3.5,6.865625604560617,9,126.0,0.26760388090091797,9,126.0,0.99
4005.0,6,114.0,3.4545454545454546,8.299547783587403,6,58.0,0.3887516420001479,6,58.0,0.68
4010.0,7,145.0,4.264705882352941,7.22367152508363,7,145.0,0.33282393397873683,7,145.0,-0.87
4015.0,7,67.0,2.0303030303030303,7.535281672367253,7,67.0,0.35578933310543437,7,67.0,0.7799999999999999
4020.0,5,69.0,2.090909090909091,8.458764254699762,5,21.0,0.4107128079780271,5,21.0,0.4600000000000001
4025.0,7,99.0,3.0,7.654316009997397,7,99.0,0.3524586604024612,7,99.0,-0.78
4030.0,7,105.0,3.1818181818181817,8.109364995871564,7,105.0,0.3843458651037139,7,105.0,-0.06000000000000005
4035.0,9,143.0,3.9722222222222223,7.257314329864709,9,116.0,0.2770663871509989,9,116.0,-0.10999999999999988
4040.0,10,192.0,5.485714285714286,8.022281137105997,10,192.0,0.3397592565698763,10,192.0,-0.76
4045.0,10,136.0,3.5789473684210527,7.111246815850468,10,136.0,0.2770492885761098,10,136.0,0.5599999999999998
4050.0,8,165.0,4.342105263157895,8.176288762634686,8,124.0,0.3664001667423218,8,124.0,0.1200000000000001
4055.0,8,205.0,6.029411764705882,8.588852958348896,8,205.0,0.42028053120041814,8,205.0,-0.8099999999999998
4060.0,7,120.0,3.3333333333333335,7.004891301537286,7,120.0,0.2904337313012325,7,120.0,0.8499999999999999
4065.0,6,104.0,3.1515151515151514,8.279611449876429,6,61.0,0.3956017775494846,6,61.0,0.59
4070.0,8,135.0,3.9705882352941178,7.608989787281941,8,135.0,0.3512773171941243,8,135.0,-0.7400000000000001
4075.0,7,61.0,1.8484848484848484,7.74550443823994,7,61.0,0.35227338506799855,7,61.0,0.7400000000000001
4080.0,5,63.0,2.1,8.20852932838484,5,20.0,0.4011440308006262,5,20.0,0.41
4085.0,7,93.0,2.8181818181818183,7.675143750634525,7,93.0,0.36256891970494387,7,93.0,-0.73
4090.0,7,101.0,3.0606060606060606,8.285302866570893,7,101.0,0.4132184372433929,7,101.0,-0.07999999999999996
4095.0,8,138.0,3.8333333333333335,7.283881461609351,8,113.0,0.2921035791034363,8,113.0,-0.11999999999999988
4100.0,10,188.0,5.222222222222222,8.069312698524623,10,188.0,0.3520269169887625,10,188.0,-0.75
4105.0,10,138.0,3.8333333333333335,7.193051133428987,10,138.0,0.30830826654289056,10,138.0,0.5
4110.0,8,163.0,4.527777777777778,7.919693965475647,8,123.0,0.3638956900380048,8,123.0,0.1499999999999999
4115.0,8,203.0,5.970588235294118,8.376006993220807,8,203.0,0.4166235483402787,8,203.0,-0.7999999999999998
4120.0,8,117.0,3.25,6.965967411398603,8,117.0,0.2887069720831666,8,117.0,0.8599999999999999
4125.0,6,103.0,3.0294117647058822,8.254924981578466,6,60.0,0.39317835726674377,6,60.0,0.57
4130.0,7,134.0,3.8285714285714287,7.316121646043921,7,134.0,0.3277198738261823,7,134.0,-0.7400000000000001
4135.0,9,164.0,4.96969696969697,7.489667234353264,9,164.0,0.3526855351850851,9,164.0,-0.2999999999999998
4140.0,9,209.0,6.741935483870968,7.912011727278431,9,199.0,0.3500953833717919,9,199.0,-0.3500000000000001
4145.0,12,264.0,7.764705882352941,6.79048911219866,12,264.0,0.2698839473197368,12,264.0,-0.6500000000000001
4150.0,9,265.0,8.030303030303031,7.537058935875159,9,265.0,0.3348345264161751,9,265.0,-0.009999999999999787
4155.0,10,311.0,8.63888888888889,6.713434432711568,10,285.0,0.2812755200477372,10,285.0,-0.20000000000000018
4160.0,11,366.0,10.457142857142857,7.571576812371049,11,366.0,0.35881583414921475,11,366.0,-0.81
4165.0,12,334.0,8.789473684210526,6.853632462001042,12,334.0,0.2951369084519201,12,334.0,0.3200000000000003
4170.0,9,365.0,10.13888888888889,7.719764430921551,9,337.0,0.3457159940094553,9,337.0,-0.03000000000000025
4175.0,9,410.0,12.424242424242424,8.214186433029367,9,410.0,0.4086394549499817,9,410.0,-0.7299999999999995
4180.0,12,459.0,13.5,6.45286479684588,12,459.0,0.27510706895154885,12,459.0,-0.4900000000000002
4185.0,12,518.0,15.235294117647058,7.20197739333566,12,518.0,0.2966759804391109,12,518.0,-0.5899999999999999
4190.0,13,580.0,16.571428571428573,6.063003034722199,13,580.0,0.199460045401745,13,580.0,-0.6200000000000001
4195.0,12,359.0,10.257142857142858,6.70174626936302,12,359.0,0.2481573678613344,12,359.0,2.21
4200.0,8,126.0,3.7058823529411766,7.1923870399041885,8,23.0,0.30009873249412106,8,23.0,3.36
4205.0,7,121.0,3.1842105263157894,7.480929767280408,7,121.0,0.33046572324614737,7,121.0,-0.98
4210.0,7,156.0,4.333333333333333,8.594524597077731,7,156.0,0.42150733957491227,7,156.0,-0.3500000000000001
4215.0,9,194.0,5.243243243243243,7.859962289964964,9,194.0,0.3685190735997337,9,194.0,-0.3799999999999999
4220.0,9,239.0,6.638888888888889,7.670317938634404,9,239.0,0.35372388059340204,9,239.0,-0.4500000000000002
4225.0,9,184.0,5.111111111111111,6.208786223024091,9,184.0,0.27304456170063557,9,184.0,0.55
4230.0,7,206.0,5.722222222222222,7.575187928650716,7,167.0,0.36248696741771264,7,167.0,0.17000000000000015
4235.0,7,241.0,7.088235294117647,8.62331447278347,7,241.0,0.44620304653832815,7,241.0,-0.7400000000000002
4240.0,6,97.0,2.6216216216216215,7.7438248436758865,6,97.0,0.35320072705205974,6,97.0,1.4400000000000002
4245.0,5,37.0,1.0,8.227480069764281,5,-29.0,0.36537904118441966,5,-29.0,1.26
4250.0,4,56.0,1.435897435897436,7.644804988807875,4,56.0,0.31846267142387974,4,56.0,-0.8500000000000001
4255.0,9,82.0,2.1578947368421053,7.610719459194017,9,82.0,0.32157809005460597,9,82.0,-0.2599999999999999
4260.0,10,132.0,3.7714285714285714,7.546038842206736,10,124.0,0.3323980566630381,10,124.0,-0.42000000000000004
4265.0,13,191.0,5.162162162162162,6.508781889773309,13,191.0,0.2546984198301534,13,191.0,-0.6699999999999999
4270.0,10,161.0,4.472222222222222,7.312628273541072,10,161.0,0.31818990918966583,10,161.0,0.2999999999999998
4275.0,11,202.0,5.315789473684211,6.453821689002405,11,163.0,0.27124963594831614,11,163.0,-0.019999999999999796
4280.0,11,257.0,6.7631578947368425,7.54507183378544,11,257.0,0.363392370454436,11,257.0,-0.94
4285.0,13,312.0,8.432432432432432,6.444503842138599,13,312.0,0.2824454331576063,13,312.0,-0.5500000000000003
4290.0,14,381.0,10.885714285714286,6.587075869336835,14,381.0,0.2803006928187633,14,381.0,-0.69
4295.0,14,451.0,13.666666666666666,6.742703564813949,14,451.0,0.2945715912341719,14,451.0,-0.6999999999999997
4300.0,14,384.0,10.666666666666666,5.508799002567428,14,384.0,0.21540797471697376,14,384.0,0.6699999999999999
4305.0,10,263.0,7.305555555555555,6.4673731411666235,10,219.0,0.2950797992484629,10,219.0,1.65
4310.0,9,299.0,8.305555555555555,6.07252818107847,9,299.0,0.2963933545540749,9,299.0,-0.8000000000000003
4315.0,11,353.0,9.805555555555555,6.937227709141593,11,353.0,0.34179110511216393,11,353.0,-0.5399999999999996
4320.0,12,393.0,11.228571428571428,6.7260610795672005,12,393.0,0.32361698402549516,12,393.0,-0.40000000000000036
4325.0,15,461.0,12.45945945945946,5.616008262593415,15,446.0,0.2395029327165487,15,446.0,-0.5299999999999998
4330.0,15,536.0,14.486486486486486,6.315735739530992,15,536.0,0.28014700613604393,15,536.0,-0.9000000000000004
4335.0,15,569.0,14.58974358974359,5.4903433416775504,15,569.0,0.2060680145733593,15,569.0,-0.33000000000000007
4340.0,14,637.0,17.216216216216218,6.477889147345679,14,624.0,0.29294461351111134,14,624.0,-0.5499999999999998
4345.0,18,708.0,17.7,5.963925123262922,18,708.0,0.26165301056211987,18,708.0,-0.8399999999999999
4350.0,14,634.0,15.85,6.327054177353935,14,634.0,0.2670201540650095,14,634.0,0.7400000000000002
4355.0,11,639.0,15.975,6.865893015839353,11,580.0,0.2931470615959205,11,580.0,0.54
4360.0,13,700.0,17.5,6.276226719349981,13,700.0,0.2715087474849376,13,700.0,-1.2000000000000002
4365.0,13,429.0,10.725,6.46748927561475,13,429.0,0.2819820616978725,13,429.0,2.71
4370.0,9,138.0,3.2093023255813953,6.249139263201919,9,16.0,0.24159452867001077,9,16.0,4.13
4375.0,7,92.0,2.13953488372093,7.701266652354935,7,92.0,0.3583375001657102,7,92.0,-0.76
4380.0,7,127.0,3.175,7.7827607783478765,7,127.0,0.3676184798854215,7,127.0,-0.35
4385.0,9,116.0,2.8292682926829267,6.961511842983725,9,116.0,0.28689715911604213,9,116.0,0.1100000000000001
4390.0,10,161.0,4.025,7.753068814750739,10,143.0,0.33555897773789084,10,143.0,-0.27
4395.0,11,212.0,5.170731707317073,7.409448714199864,11,212.0,0.28252329846739505,11,212.0,-0.6900000000000002
4400.0,12,232.0,5.8,7.987256795563707,11,231.0,0.3364333253003513,11,231.0,-0.18999999999999995
4405.0,16,288.0,6.857142857142857,7.042060248172997,16,252.0,0.24002070743447718,16,252.0,-0.20999999999999996
4410.0,14,357.0,8.925,7.607676534335542,14,357.0,0.28062734854451693,14,357.0,-1.0499999999999998
4415.0,11,261.0,6.868421052631579,7.425868605159232,11,261.0,0.2937245105075679,11,261.0,0.96
4420.0,10,242.0,6.05,6.854986195309098,10,181.0,0.2663312906064398,10,181.0,0.7999999999999998
4425.0,11,297.0,7.815789473684211,7.722633438372917,11,297.0,0.3515329014274493,11,297.0,-1.1600000000000001
4430.0,11,217.0,5.564102564102564,6.108243470502452,11,217.0,0.22718106478528355,11,217.0,0.8000000000000003
4435.0,8,92.0,2.4864864864864864,7.173589641755998,8,49.0,0.32943029806021157,8,49.0,1.68
4440.0,7,121.0,3.361111111111111,7.520227209082636,7,121.0,0.36991315365952443,7,121.0,-0.72
4445.0,11,144.0,3.789473684210526,6.307227313607612,11,144.0,0.27836945988580303,11,144.0,-0.22999999999999998
4450.0,13,208.0,5.777777777777778,6.882470700880217,13,188.0,0.3075121837230542,13,188.0,-0.43999999999999995
4455.0,15,276.0,7.2631578947368425,6.158467966080971,15,276.0,0.2546760292169293,15,276.0,-0.8799999999999999
4460.0,13,228.0,6.162162162162162,6.645245883897449,13,228.0,0.2805063866518672,13,228.0,0.48
4465.0,14,261.0,6.525,5.981326802048562,14,212.0,0.23968030151910505,14,212.0,0.1599999999999997
4470.0,13,326.0,8.15,7.027952613111799,13,326.0,0.30955126373142994,13,326.0,-1.1399999999999997
4475.0,14,394.0,9.85,7.000025156217552,14,394.0,0.28418792017459404,14,394.0,-0.6800000000000002
4480.0,17,471.0,11.487804878048781,6.237397457739383,17,471.0,0.20938663045296543,17,471.0,-0.77
4485.0,17,556.0,14.631578947368421,6.23202738471824,17,556.0,0.21633991875029146,17,556.0,-0.8499999999999996
4490.0,20,646.0,16.15,5.176032695122241,20,646.0,0.1654946580285858,20,646.0,-0.9000000000000004
4495.0,17,546.0,14.368421052631579,5.736509385289298,17,546.0,0.2226101692440829,17,546.0,1.0
4500.0,13,459.0,12.75,5.332818802764074,13,396.0,0.21866548634836855,13,396.0,1.5
4505.0,14,528.0,13.538461538461538,5.909281518714129,14,528.0,0.2693582956490267,14,528.0,-1.3200000000000003
4510.0,14,403.0,10.333333333333334,5.879411639927773,14,403.0,0.25193677042666784,14,403.0,1.25
4515.0,12,193.0,4.7073170731707314,6.003191452695794,12,130.0,0.24750010384293206,12,130.0,2.7300000000000004
4520.0,10,196.0,5.157894736842105,7.0929848286601525,10,196.0,0.33902612225145884,10,196.0,-0.6599999999999999
4525.0,12,201.0,5.025,6.168262786681228,12,201.0,0.2651964681437836,12,201.0,-0.04999999999999982
4530.0,14,235.0,5.875,6.187169161079371,14,222.0,0.25275136964075795,14,222.0,-0.2100000000000004
4535.0,13,299.0,7.475,6.670923030155265,13,299.0,0.28797530310282504,13,299.0,-0.77
4540.0,17,329.0,7.833333333333333,5.531161726456242,17,329.0,0.20030355373384093,17,329.0,-0.2999999999999998
4545.0,12,334.0,7.9523809523809526,6.536478709047363,12,321.0,0.26845407271192906,12,321.0,0.08000000000000007
4550.0,14,397.0,9.022727272727273,6.1276984938444174,14,397.0,0.24769324965052872,14,397.0,-0.7600000000000002
4555.0,14,248.0,5.904761904761905,6.047810966808095,14,248.0,0.24021658046669542,14,248.0,1.4900000000000002
4560.0,10,148.0,3.6097560975609757,6.7746038229456245,10,70.0,0.28778633938096887,10,70.0,1.78
4565.0,12,201.0,4.568181818181818,6.851001605398864,12,201.0,0.28164023499531154,12,201.0,-1.3099999999999998
4570.0,12,261.0,5.931818181818182,7.383727028149122,12,261.0,0.3086755311362106,12,261.0,-0.6000000000000001
4575.0,13,264.0,6.0,6.3269453308447785,13,264.0,0.2287063441322957,13,264.0,-0.03000000000000025
4580.0,10,279.0,6.642857142857143,7.3839619858383845,10,261.0,0.30955979444462534,10,261.0,0.03000000000000025
4585.0,14,330.0,7.5,7.350723288575256,14,330.0,0.30170635856594125,14,330.0,-0.69
4590.0,11,234.0,5.318181818181818,7.618898490116124,11,234.0,0.30679951954530044,11,234.0,0.96
4595.0,8,126.0,2.9302325581395348,7.806285015527968,7,75.0,0.3311405771345657,7,75.0,1.5899999999999999
4600.0,10,162.0,3.857142857142857,6.783987171447943,10,162.0,0.2734141798722228,10,162.0,-0.8700000000000001
4605.0,11,143.0,3.575,7.247015984377623,11,143.0,0.3219449210376136,11,143.0,0.19000000000000017
4610.0,15,209.0,5.097560975609756,6.0345917938125515,15,147.0,0.23389484206604846,15,147.0,-0.040000000000000036
4615.0,16,288.0,7.384615384615385,6.108156264761481,16,288.0,0.25780828099126074,16,288.0,-1.41
4620.0,13,241.0,6.17948717948718,6.532869226170532,13,241.0,0.26720293211083695,13,241.0,0.46999999999999975
4625.0,12,268.0,6.232558139534884,6.427043891327273,12,225.0,0.25599478079287674,12,225.0,0.16000000000000014
4630.0,13,332.0,8.736842105263158,6.604613136652652,13,332.0,0.2956578118494837,13,332.0,-1.0699999999999998
4635.0,13,306.0,7.65,6.142137020508861,13,306.0,0.26340544244355263,13,306.0,0.2599999999999998
4640.0,9,224.0,5.6,7.241796457570286,9,195.0,0.31342767558836765,9,195.0,1.11
4645.0,10,256.0,6.4,7.635492990869329,10,256.0,0.3557953051699251,10,256.0,-0.6100000000000001
4650.0,9,300.0,7.6923076923076925,7.927005234797277,9,300.0,0.3708671816841487,9,300.0,-0.43999999999999995
4655.0,9,162.0,4.2631578947368425,7.658271106109822,9,162.0,0.35584643790583037,9,162.0,1.38
4660.0,8,86.0,2.15,6.960774687798898,8,23.0,0.28004028114666546,8,23.0,1.3900000000000001
4665.0,8,126.0,3.3157894736842106,7.997032045317496,8,126.0,0.376248670703701,8,126.0,-1.03
4670.0,11,162.0,3.951219512195122,6.840632347570292,11,162.0,0.28108471915693695,11,162.0,-0.3600000000000001
4675.0,13,224.0,5.743589743589744,7.118088348303313,13,218.0,0.27631039309321553,13,218.0,-0.56
4680.0,13,289.0,7.410256410256411,7.227494464842573,13,289.0,0.2726541983858159,13,289.0,-0.71
4685.0,13,312.0,7.609756097560975,6.488008545058859,13,312.0,0.2220733467356693,13,312.0,-0.22999999999999998
4690.0,11,349.0,8.948717948717949,7.0597782050960545,11,336.0,0.28959487106244436,11,336.0,-0.23999999999999977
4695.0,13,409.0,9.975609756097562,6.645302373328646,13,409.0,0.2696304159435373,13,409.0,-0.73
4700.0,11,292.0,7.3,7.1059333482185565,11,292.0,0.2967985155117561,11,292.0,1.17
4705.0,9,229.0,5.871794871794871,6.827719056664655,9,166.0,0.2931475686657093,9,166.0,1.26
4710.0,9,273.0,7.0,7.889132395474883,9,273.0,0.3769196534052642,9,273.0,-1.07
4715.0,9,141.0,3.710526315789474,7.47861589578455,9,141.0,0.32737061304326764,9,141.0,1.32
4720.0,7,63.0,1.6578947368421053,6.805783362785685,7,5.0,0.2930753529123437,7,5.0,1.3599999999999999
4725.0,8,102.0,2.914285714285714,7.742839411287689,8,102.0,0.3881318796461766,8,102.0,-0.97
4730.0,9,98.0,2.5789473684210527,6.329033967325393,9,98.0,0.26249898662393845,9,98.0,0.040000000000000036
4735.0,9,128.0,3.3684210526315788,7.1942712317710615,9,115.0,0.30388394930640145,9,115.0,-0.16999999999999993
4740.0,9,173.0,4.675675675675675,7.486604627076535,9,173.0,0.3404926581455194,9,173.0,-0.5800000000000001
4745.0,9,119.0,2.902439024390244,6.880002820904443,9,119.0,0.3020854433194446,9,119.0,0.54
4750.0,8,139.0,3.6578947368421053,7.774382164335243,8,96.0,0.38054540223345723,8,96.0,0.22999999999999998
4755.0,9,181.0,4.525,7.372717715380309,9,181.0,0.331512067820308,9,181.0,-0.8500000000000001
4760.0,8,137.0,3.425,7.93799745874819,8,137.0,0.37093626048320333,8,137.0,0.43999999999999995
4765.0,8,107.0,2.6097560975609757,7.828598495200773,8,79.0,0.33152987764761577,8,79.0,0.5800000000000001
4770.0,7,137.0,3.6052631578947367,8.12863159104566,7,137.0,0.3657732524202275,7,137.0,-0.5800000000000001
4775.0,10,125.0,3.5714285714285716,7.569411343796037,10,125.0,0.34612805483543146,10,125.0,0.1200000000000001
4780.0,13,183.0,4.815789473684211,6.6117646875919425,13,131.0,0.2702041732400201,13,131.0,-0.06000000000000005
4785.0,13,248.0,6.526315789473684,7.166606317349971,13,248.0,0.2977306004014543,13,248.0,-1.17
4790.0,11,260.0,6.842105263157895,6.533717025658309,11,260.0,0.23761594235257022,11,260.0,-0.1200000000000001
4795.0,10,280.0,8.0,7.045780185620164,10,266.0,0.29272683074540296,10,266.0,-0.06000000000000005
4800.0,10,330.0,10.0,7.265067083201228,10,330.0,0.3310439255133842,10,330.0,-0.6399999999999997
4805.0,11,221.0,6.138888888888889,6.267738986546118,11,221.0,0.25628977117546897,11,221.0,1.0899999999999999
4810.0,8,170.0,4.722222222222222,6.9441481727099115,8,111.0,0.2859913112972913,8,111.0,1.0999999999999999
4815.0,10,209.0,5.648648648648648,6.419349514421199,10,208.0,0.2501760283547049,10,208.0,-0.97
4820.0,13,263.0,7.305555555555555,7.3275070355069305,13,263.0,0.30729770609596,13,263.0,-0.5499999999999998
4825.0,17,333.0,9.0,5.980309651641429,17,333.0,0.2183816992853913,17,333.0,-0.7000000000000002
4830.0,17,416.0,11.555555555555555,6.299152097126207,17,416.0,0.24615668057773088,17,416.0,-0.8300000000000001
4835.0,14,447.0,12.771428571428572,6.139488628058174,14,447.0,0.25451539167147547,14,447.0,-0.3099999999999996
4840.0,14,467.0,12.289473684210526,5.6767957508303395,14,453.0,0.23122953718022396,14,453.0,-0.0600000000000005
4845.0,14,537.0,14.131578947368421,6.632593269504431,14,537.0,0.2945614519198804,14,537.0,-0.8399999999999999
4850.0,18,605.0,15.512820512820513,4.965927486429767,17,604.0,0.19046806219908813,17,604.0,-0.6699999999999999
4855.0,18,694.0,19.27777777777778,5.3320669935594776,18,687.0,0.2211497361004224,18,687.0,-0.8300000000000001
4860.0,18,784.0,22.4,4.9150915508693425,18,784.0,0.18498310956159678,18,784.0,-0.9699999999999998
4865.0,18,710.0,18.205128205128204,4.8937436784167305,18,710.0,0.19189777331272614,18,710.0,0.7400000000000002
4870.0,14,694.0,17.794871794871796,5.718089957724948,14,636.0,0.24972484498971503,14,636.0,0.7399999999999993
4875.0,16,769.0,18.30952380952381,5.772919917592784,16,769.0,0.25032053923425873,16,769.0,-1.33
4880.0,16,760.0,19.0,6.013520690204105,16,760.0,0.2538009623257402,16,760.0,0.09000000000000075
4885.0,18,807.0,18.767441860465116,5.4260368980406435,18,779.0,0.204047314536742,18,779.0,-0.1900000000000004
4890.0,16,887.0,20.627906976744185,6.516453384313848,16,887.0,0.27892881961173493,16,887.0,-1.0799999999999992
4895.0,17,968.0,23.047619047619047,6.096496490492855,17,968.0,0.26461006477735854,17,968.0,-0.8100000000000005
4900.0,16,992.0,23.61904761904762,5.233601968524209,16,992.0,0.21577779587452944,16,992.0,-0.2400000000000002
4905.0,14,1044.0,25.463414634146343,6.1150837565272935,14,1026.0,0.2552625052715831,14,1026.0,-0.33999999999999986
4910.0,15,1117.0,25.976744186046513,6.172715105557879,15,1117.0,0.2553919331964311,15,1117.0,-0.9100000000000001
4915.0,14,754.0,17.53488372093023,6.181199370460044,14,754.0,0.22893585659985796,14,754.0,3.63
4920.0,10,297.0,6.906976744186046,6.951806530613499,10,144.0,0.2719378823244431,10,144.0,6.1
4925.0,7,83.0,1.7659574468085106,7.455018325481283,7,83.0,0.31315612241292984,7,83.0,0.61
4930.0,7,56.0,1.2444444444444445,7.922606417707736,7,56.0,0.3423193324055932,7,56.0,0.2699999999999999
4935.0,14,108.0,2.347826086956522,6.934350005529201,14,81.0,0.24110522969027848,14,81.0,-0.25
4940.0,17,190.0,4.4186046511627906,6.928826947607383,17,190.0,0.25976717891889484,17,190.0,-1.0899999999999999
4945.0,17,227.0,5.159090909090909,6.096608289210508,17,227.0,0.20949557644963582,17,227.0,-0.3700000000000001
4950.0,12,222.0,5.045454545454546,6.852943050485276,12,209.0,0.27958412516823833,12,209.0,0.18000000000000016
4955.0,8,212.0,5.170731707317073,7.718073466102349,8,212.0,0.3584761497692169,8,212.0,-0.03000000000000025
4960.0,11,151.0,3.5952380952380953,6.219577304854651,11,151.0,0.24481209017591707,11,151.0,0.6100000000000001
4965.0,14,195.0,4.875,6.682124970273344,14,153.0,0.2823245269088993,14,153.0,-0.020000000000000018
4970.0,16,268.0,6.380952380952381,6.069122494858128,16,268.0,0.23496934141707887,16,268.0,-1.1500000000000001
4975.0,14,300.0,7.317073170731708,6.578803015966477,14,300.0,0.2692391051465015,14,300.0,-0.31999999999999984
4980.0,9,280.0,7.17948717948718,6.730243103422424,9,267.0,0.27649428931673176,9,267.0,0.33000000000000007
4985.0,10,315.0,7.875,6.806129109286507,10,315.0,0.3115537595880253,10,315.0,-0.48
4990.0,11,171.0,4.275,6.88638219986038,10,170.0,0.3090457517970656,10,170.0,1.45
4995.0,12,108.0,2.511627906976744,6.0780756579210005,12,35.0,0.21571903216355812,12,35.0,1.35
5000.0,10,155.0,3.7804878048780486,7.223138121992228,10,155.0,0.3165681479230586,10,155.0,-1.2000000000000002
5005.0,14,206.0,4.681818181818182,6.855682090323525,14,206.0,0.2982456477614576,14,206.0,-0.51
5010.0,12,204.0,4.857142857142857,6.883861239634832,12,204.0,0.28697674688503494,12,204.0,0.020000000000000018
5015.0,8,182.0,4.439024390243903,7.576804130438767,8,164.0,0.34173012971688543,8,164.0,0.40000000000000013
5020.0,11,228.0,5.181818181818182,7.241284122159456,11,228.0,0.2924416335238483,11,228.0,-0.6399999999999999
5025.0,11,162.0,3.951219512195122,7.340293427504069,11,162.0,0.29598282917093244,11,162.0,0.6599999999999997
5030.0,11,182.0,4.439024390243903,6.740601611353887,11,134.0,0.2554242871127688,11,134.0,0.28
5035.0,11,236.0,5.7560975609756095,7.81768146160024,11,236.0,0.3338609665748049,11,236.0,-1.0199999999999998
5040.0,9,243.0,6.230769230769231,7.42716646679411,9,243.0,0.3030341316278236,9,243.0,-0.07000000000000028
5045.0,10,279.0,6.804878048780488,7.312287984442776,10,266.0,0.280609408005974,10,266.0,-0.22999999999999998
5050.0,10,329.0,8.225,8.223848186374934,10,329.0,0.3615956677736225,10,329.0,-0.6299999999999999
5055.0,10,242.0,5.902439024390244,7.061539229571486,9,241.0,0.2606968773846841,9,241.0,0.8799999999999999
5060.0,8,196.0,4.9,7.883409127230578,8,153.0,0.3087034438282976,8,153.0,0.8800000000000001
5065.0,8,223.0,5.717948717948718,7.82838840434333,8,223.0,0.331935304095699,8,223.0,-0.7
5070.0,10,106.0,2.717948717948718,7.566026015580749,10,106.0,0.3173543145956785,10,106.0,1.17
5075.0,11,161.0,4.2368421052631575,7.592258248982948,11,55.0,0.31212372183249437,11,55.0,0.51
5080.0,14,226.0,5.947368421052632,6.594594341754411,14,226.0,0.2610550699673087,14,226.0,-1.7099999999999997
5085.0,11,242.0,6.722222222222222,7.128394410972447,11,242.0,0.30863041873242725,11,242.0,-0.16000000000000014
5090.0,13,299.0,7.868421052631579,6.143154277811776,13,273.0,0.2456162805256945,13,273.0,-0.31000000000000005
5095.0,13,364.0,9.837837837837839,6.908786866383584,13,364.0,0.3226867589176917,13,364.0,-0.9100000000000001
5100.0,10,265.0,7.794117647058823,6.866723511141833,10,265.0,0.3234200599367813,10,265.0,0.9900000000000002
5105.0,9,236.0,6.2105263157894735,6.6468984165707905,9,178.0,0.29029016795502577,9,178.0,0.8699999999999999
5110.0,9,281.0,7.805555555555555,7.720589882102434,9,281.0,0.3945269412146146,9,281.0,-1.03
5115.0,10,190.0,5.0,6.744746280430797,10,190.0,0.3133477573935825,10,190.0,0.9100000000000001
5120.0,6,46.0,1.2105263157894737,7.899397134743276,6,2.0,0.3837886194930685,6,2.0,1.88
5125.0,8,64.0,1.6,7.603072557752661,8,64.0,0.35974760916697013,8,64.0,-0.62
5130.0,10,103.0,2.7837837837837838,7.3846099018178055,10,103.0,0.33315736457319806,10,103.0,-0.39
5135.0,12,162.0,4.5,7.5908277546878695,12,162.0,0.3454691417889811,12,162.0,-0.5900000000000001
5140.0,14,227.0,5.973684210526316,6.401561269994994,14,227.0,0.228258102681785,14,227.0,-0.6499999999999999
5145.0,12,206.0,5.421052631578948,6.946147381781489,12,206.0,0.3069983113889776,12,206.0,0.20999999999999996
5150.0,12,235.0,6.184210526315789,6.323684978729732,12,207.0,0.2618995051662366,12,207.0,-0.009999999999999787
5155.0,12,295.0,7.7631578947368425,6.902574386922186,12,295.0,0.31650053902193304,12,295.0,-0.8800000000000003
5160.0,10,262.0,7.081081081081081,6.75125866188434,10,262.0,0.28184579840941126,10,262.0,0.33000000000000007
5165.0,8,203.0,5.342105263157895,6.746753722720056,8,175.0,0.2909988021315491,8,175.0,0.8700000000000001
5170.0,8,242.0,6.54054054054054,7.924353716311651,8,242.0,0.3764350674062454,8,242.0,-0.6699999999999999
5175.0,9,113.0,2.973684210526316,6.338635110456318,9,113.0,0.2610751971762811,9,113.0,1.29
5180.0,7,68.0,1.9428571428571428,7.742091554801282,7,1.0,0.37066017118252903,7,1.0,1.1199999999999999
5185.0,10,103.0,2.710526315789474,7.6959768196888065,10,103.0,0.37610001053418907,10,103.0,-1.02
5190.0,9,78.0,2.0526315789473686,7.466282791827915,9,78.0,0.3459529045234952,9,78.0,0.25
5195.0,8,115.0,3.026315789473684,8.21952823134069,8,87.0,0.41927914399526883,8,87.0,-0.08999999999999997
5200.0,10,159.0,4.076923076923077,7.440663730244653,10,159.0,0.3660321891959544,10,159.0,-0.7200000000000001
5205.0,8,159.0,4.076923076923077,7.489856675262927,8,159.0,0.3477568773987338,8,159.0,0.0
5210.0,8,195.0,4.875,6.6942441453039905,8,182.0,0.290747064930133,8,182.0,-0.22999999999999998
5215.0,9,239.0,6.2894736842105265,7.4803657139715485,9,239.0,0.358162190039733,9,239.0,-0.5700000000000001
5220.0,7,144.0,4.0,7.665836462688304,6,143.0,0.3862989100193224,6,143.0,0.9600000000000002
5225.0,5,46.0,1.1794871794871795,7.419932048746552,5,3.0,0.3307759719852643,5,3.0,1.4
5230.0,4,60.0,1.6216216216216217,8.231782234242136,4,60.0,0.39948125393978223,4,60.0,-0.57
5235.0,5,82.0,2.1025641025641026,7.529374042119868,5,82.0,0.36300787587043587,5,82.0,-0.21999999999999997
5240.0,8,76.0,1.9487179487179487,7.913100498258744,8,76.0,0.38774494756239325,8,76.0,0.05999999999999994
5245.0,10,116.0,2.8292682926829267,7.376645615534466,10,80.0,0.33140998041862185,10,80.0,-0.040000000000000036
5250.0,11,168.0,4.3076923076923075,7.558887160581384,11,168.0,0.3184817347789442,11,168.0,-0.8799999999999999
5255.0,8,172.0,4.648648648648648,7.8462163049455915,8,172.0,0.3522368595910893,8,172.0,-0.040000000000000036
5260.0,8,200.0,5.2631578947368425,7.026650507797137,8,187.0,0.2921982417716123,8,187.0,-0.15000000000000013
5265.0,10,250.0,7.575757575757576,7.441008042226619,10,250.0,0.36001689184649327,10,250.0,-0.6299999999999999
5270.0,8,198.0,5.5,6.477146649968727,8,198.0,0.27283729677707486,8,198.0,0.52
5275.0,8,224.0,6.4,7.632118652844346,8,181.0,0.3542672416067192,8,181.0,0.16999999999999993
5280.0,8,264.0,7.764705882352941,8.189226858033921,8,264.0,0.4099053536693572,8,264.0,-0.8300000000000001
5285.0,8,126.0,3.4054054054054053,6.944428993309566,8,126.0,0.31433219307734567,8,126.0,1.3800000000000001
5290.0,4,63.0,1.8529411764705883,8.40503810531614,4,-6.0,0.44071956951838975,4,-6.0,1.32
5295.0,5,84.0,2.4,8.143119144277854,5,84.0,0.42409403247918126,5,84.0,-0.8999999999999999
5300.0,8,78.0,2.2941176470588234,8.113391956042156,8,78.0,0.41730240601993807,8,78.0,0.05999999999999994
5305.0,11,118.0,3.189189189189189,7.1612116626857745,11,83.0,0.30563002183774207,11,83.0,-0.04999999999999993
5310.0,11,170.0,4.722222222222222,7.248434219199364,11,170.0,0.3127107603577134,11,170.0,-0.87
5315.0,8,174.0,4.833333333333333,7.666097105255686,8,174.0,0.35823396144847786,8,174.0,-0.040000000000000036
5320.0,8,202.0,5.315789473684211,7.2995032393322035,8,189.0,0.3262295575873947,8,189.0,-0.1499999999999999
5325.0,10,250.0,7.352941176470588,7.598482544053388,10,250.0,0.36891972081433677,10,250.0,-0.6100000000000001
5330.0,12,302.0,8.38888888888889,6.007787687664365,12,302.0,0.25419180500878796,12,302.0,-0.52
5335.0,11,348.0,9.942857142857143,6.83486350706536,11,348.0,0.3061747570344617,11,348.0,-0.45999999999999996
5340.0,11,403.0,12.59375,6.7801183265963445,11,394.0,0.2997535898117078,11,394.0,-0.45999999999999996
5345.0,13,467.0,12.972222222222221,6.641125618614075,13,467.0,0.2895431514367662,13,467.0,-0.73
5350.0,11,332.0,9.222222222222221,6.73364260737113,11,332.0,0.28373683835036895,11,332.0,1.35
5355.0,9,263.0,6.743589743589744,6.364069702029543,9,189.0,0.2690043208414409,9,189.0,1.43
5360.0,9,308.0,8.324324324324325,7.519813656625108,9,308.0,0.3753760547450789,9,308.0,-1.1900000000000002
5365.0,12,152.0,4.222222222222222,6.513344337156504,12,152.0,0.2999967834063569,12,152.0,1.56
5370.0,6,65.0,1.8055555555555556,7.368416247046791,6,-12.0,0.3500513423185756,6,-12.0,1.6400000000000001
5375.0,7,100.0,2.7777777777777777,8.365921848646714,7,100.0,0.43171598545687334,7,100.0,-1.12
5380.0,12,145.0,3.918918918918919,6.599331567290435,12,145.0,0.2821836453743195,12,145.0,-0.44999999999999996
5385.0,13,210.0,6.176470588235294,6.980963102836344,13,210.0,0.3041248425916557,13,210.0,-0.6500000000000001
5390.0,15,278.0,7.513513513513513,5.6795100466689945,15,278.0,0.19106920499274124,15,278.0,-0.6799999999999997
5395.0,13,244.0,6.594594594594595,6.468494908380092,13,244.0,0.25309068127277207,13,244.0,0.33999999999999986
5400.0,11,277.0,7.694444444444445,6.877101718613128,11,235.0,0.30171136906275986,11,235.0,0.08999999999999986
5405.0,13,338.0,8.45,6.639652779675704,13,338.0,0.28245036180049127,13,338.0,-1.0299999999999998
5410.0,11,310.0,8.378378378378379,7.00254528100489,11,310.0,0.32643393540882726,11,310.0,0.2799999999999998
5415.0,10,292.0,7.684210526315789,6.185647117371868,10,264.0,0.2661584386194597,10,264.0,0.45999999999999996
5420.0,10,342.0,9.243243243243244,7.391370723932909,10,342.0,0.36216310854796196,10,342.0,-0.7799999999999998
5425.0,14,214.0,5.35,6.160649665683794,13,213.0,0.2616736725681198,13,213.0,1.29
5430.0,9,72.0,1.8461538461538463,6.790800089640579,9,14.0,0.29159745512439583,9,14.0,1.9899999999999998
5435.0,6,92.0,2.4864864864864864,7.265550024594496,6,92.0,0.32847198725560534,6,92.0,-0.78
5440.0,10,91.0,2.3947368421052633,6.012631259175826,10,91.0,0.24971458889177975,10,91.0,0.010000000000000009
5445.0,12,145.0,3.8157894736842106,6.841891953073326,12,132.0,0.2956286106731539,12,132.0,-0.41000000000000003
5450.0,13,207.0,5.048780487804878,6.40404376176182,13,207.0,0.24902763540170783,13,207.0,-0.7499999999999998
5455.0,12,223.0,5.439024390243903,6.923375076684122,11,222.0,0.2852364886142146,11,222.0,-0.15000000000000036
5460.0,8,190.0,4.634146341463414,6.823166782516647,8,176.0,0.24613201633205298,8,176.0,0.4600000000000002
5465.0,8,225.0,5.232558139534884,6.966091957042874,8,225.0,0.28116233335341756,8,225.0,-0.49
5470.0,8,265.0,6.625,7.929925337816149,8,265.0,0.36637599478899924,8,265.0,-0.3999999999999999
5475.0,9,135.0,3.375,7.0958643547234335,9,135.0,0.27787287268078315,9,135.0,1.2999999999999998
5480.0,8,91.0,2.3947368421052633,7.669558673238778,8,28.0,0.3304173967626727,8,28.0,1.07
5485.0,10,125.0,3.125,6.52266960632374,10,125.0,0.255557800185929,10,125.0,-0.97
5490.0,9,170.0,4.473684210526316,7.6089583352043695,9,170.0,0.3504727836748917,9,170.0,-0.44999999999999996
5495.0,9,215.0,5.972222222222222,7.780653733307005,9,215.0,0.3787813833003321,9,215.0,-0.44999999999999996
5500.0,10,190.0,4.871794871794871,6.110814717414526,10,190.0,0.23276260015961692,10,190.0,0.25
5505.0,8,188.0,5.222222222222222,7.345875579606367,8,165.0,0.34279841674010686,8,165.0,0.25
5510.0,9,229.0,6.026315789473684,7.4992634158869835,9,229.0,0.35432619897550227,9,229.0,-0.6400000000000001
5515.0,8,156.0,4.105263157894737,7.750804730924054,8,156.0,0.3367468936950295,8,156.0,0.73
5520.0,7,167.0,4.513513513513513,7.698211690498933,7,119.0,0.3225601157643425,7,119.0,0.3700000000000001
5525.0,9,210.0,5.25,7.523611828708664,9,210.0,0.32955081714091766,9,210.0,-0.9100000000000001
5530.0,9,255.0,6.538461538461538,8.01274152188753,9,255.0,0.3688407624105232,9,255.0,-0.44999999999999973
5535.0,7,209.0,5.225,7.616262930854285,7,209.0,0.322935933150482,7,209.0,0.45999999999999996
5540.0,7,228.0,6.0,8.465047196248628,7,195.0,0.40791105501443764,7,195.0,0.1399999999999999
5545.0,10,263.0,6.743589743589744,7.853556745446771,10,263.0,0.36500316836435154,10,263.0,-0.6799999999999999
5550.0,8,292.0,7.487179487179487,8.012535822066093,8,292.0,0.36399920953858095,8,292.0,-0.29000000000000004
5555.0,8,332.0,8.736842105263158,8.837603994801244,8,324.0,0.42511007934140627,8,324.0,-0.3200000000000003
5560.0,10,376.0,10.162162162162161,7.513399403343098,10,376.0,0.3176077583270411,10,376.0,-0.5199999999999996
5565.0,9,284.0,8.114285714285714,7.7895387287446995,9,284.0,0.3181977135303643,9,284.0,0.9199999999999999
5570.0,6,255.0,7.083333333333333,7.196301828809707,6,207.0,0.30397389890843013,6,207.0,0.77
5575.0,8,293.0,8.371428571428572,8.0969368439224,8,293.0,0.3874992444990601,8,293.0,-0.8600000000000003
5580.0,7,276.0,8.625,7.224497376268429,7,276.0,0.32680227819524915,7,276.0,0.17000000000000037
5585.0,9,318.0,9.085714285714285,6.657610285151084,9,290.0,0.2883224938274425,9,290.0,-0.14000000000000012
5590.0,9,363.0,10.676470588235293,7.822241421689323,9,363.0,0.39741660535689216,9,363.0,-0.73
5595.0,8,341.0,9.472222222222221,6.407950393571497,8,341.0,0.2979488807039947,8,341.0,0.21999999999999975
5600.0,8,379.0,10.82857142857143,7.7453322324715295,8,352.0,0.40372700108618587,8,352.0,-0.10999999999999988
5605.0,11,419.0,11.324324324324325,7.837552653794935,11,419.0,0.3910294130773773,11,419.0,-0.6700000000000004
5610.0,10,464.0,12.88888888888889,7.4827448930728115,10,464.0,0.3375856011244429,10,464.0,-0.4499999999999993
5615.0,7,164.0,4.823529411764706,8.343706161729559,7,164.0,0.4139482135454843,7,164.0,3.0
5620.0,10,203.0,5.486486486486487,6.886478707103435,10,31.0,0.2860022717439889,10,31.0,1.3299999999999998
5625.0,10,253.0,7.027777777777778,7.577736777137044,10,253.0,0.35483823799225733,10,253.0,-2.2199999999999998
5630.0,9,239.0,6.2894736842105265,6.776806471468312,9,239.0,0.279333001661854,9,239.0,0.13999999999999968
5635.0,9,280.0,8.0,7.625763220730366,9,251.0,0.3331764088855873,9,251.0,-0.11999999999999966
5640.0,9,325.0,9.558823529411764,7.4397124581866505,9,325.0,0.3352694096177079,9,325.0,-0.7400000000000002
5645.0,11,378.0,10.216216216216216,6.966666285809062,11,378.0,0.2791736296347599,11,378.0,-0.5299999999999998
5650.0,8,219.0,6.257142857142857,7.299156720626197,8,219.0,0.3217142920827204,8,219.0,1.5899999999999999
5655.0,6,78.0,2.0526315789473686,7.081034016293016,6,10.0,0.3114931743431278,6,10.0,2.09
5660.0,5,100.0,2.6315789473684212,8.663111114343769,5,100.0,0.4476000687228987,5,100.0,-0.9
5665.0,7,125.0,3.2051282051282053,8.305023561425406,7,125.0,0.4117080807007881,7,125.0,-0.25
5670.0,6,46.0,1.2777777777777777,8.227806812500104,6,46.0,0.4036401603217663,6,46.0,0.79
5675.0,4,45.0,1.3636363636363635,8.890968324228913,4,-2.0,0.46603252918746657,4,-2.0,0.48000000000000004
5680.0,7,70.0,1.9444444444444444,7.792580627727056,7,70.0,0.3609703491612581,7,70.0,-0.72
5685.0,7,101.0,2.8857142857142857,8.39961234378463,7,101.0,0.4119165059459929,7,101.0,-0.31000000000000005
5690.0,8,136.0,3.675675675675676,7.445808131317234,8,134.0,0.28703169197608086,8,134.0,-0.33000000000000007
5695.0,10,184.0,5.257142857142857,7.798305406964781,10,184.0,0.3169263389715364,10,184.0,-0.5
5700.0,7,133.0,4.03030303030303,8.06577593230538,7,133.0,0.35537182162645026,7,133.0,0.51
5705.0,8,159.0,4.297297297297297,7.527667671739593,8,118.0,0.31993840906458026,8,118.0,0.15000000000000013
5710.0,8,199.0,5.852941176470588,8.257905144054952,8,199.0,0.41319050324313394,8,199.0,-0.81
5715.0,7,110.0,3.0555555555555554,6.902980533529319,7,110.0,0.31549768173952847,7,110.0,0.8899999999999999
5720.0,5,95.0,2.638888888888889,8.520943007127086,5,52.0,0.43032772075835385,5,52.0,0.5800000000000001
5725.0,8,120.0,3.4285714285714284,8.429187963375234,8,120.0,0.42694948687379347,8,120.0,-0.6799999999999999
5730.0,7,139.0,4.088235294117647,8.059274799099777,7,139.0,0.38399204203138076,7,139.0,-0.18999999999999995
5735.0,7,174.0,5.612903225806452,8.705503896708574,7,164.0,0.42581014142982143,7,164.0,-0.25
5740.0,8,212.0,6.625,7.6879070556955496,8,212.0,0.34939665395131125,8,212.0,-0.4800000000000002
5745.0,9,255.0,7.96875,7.802808854171751,9,255.0,0.3469018365541475,9,255.0,-0.4299999999999997
5750.0,11,302.0,8.628571428571428,6.6358455051605,11,302.0,0.2524748025811492,11,302.0,-0.4700000000000002
5755.0,12,361.0,10.617647058823529,7.207355478675713,12,361.0,0.2958733646188176,12,361.0,-0.5899999999999999
5760.0,9,338.0,10.242424242424242,7.309500879698742,9,338.0,0.30494394301785155,9,338.0,0.22999999999999998
5765.0,10,374.0,10.685714285714285,6.847451482058091,10,346.0,0.2891471874238628,10,346.0,-0.08000000000000007
5770.0,10,424.0,12.848484848484848,7.674818450322562,10,424.0,0.3667609846197636,10,424.0,-0.7800000000000002
5775.0,11,477.0,14.029411764705882,6.555284725618691,11,477.0,0.2882271058350186,11,477.0,-0.5299999999999994
5780.0,9,273.0,8.272727272727273,7.386617494155087,9,273.0,0.3423469698205455,9,273.0,2.0399999999999996
5785.0,6,80.0,2.3529411764705883,7.290429209519836,6,-13.0,0.32928778462098107,6,-13.0,2.86
5790.0,5,90.0,2.727272727272727,8.167685752132796,5,90.0,0.4271391398972716,5,90.0,-1.03
5795.0,5,115.0,3.484848484848485,8.548482566341852,5,115.0,0.4617534021167575,5,115.0,-0.2499999999999999
5800.0,7,40.0,1.1111111111111112,6.696269374387882,7,40.0,0.3020451869397956,7,40.0,0.7499999999999999
5805.0,6,53.0,1.5142857142857142,7.869337388992515,6,9.0,0.3971920649529135,6,9.0,0.31000000000000005
5810.0,6,83.0,2.2432432432432434,7.225188860292232,6,83.0,0.33279543267617206,6,83.0,-0.74
5815.0,6,76.0,2.111111111111111,7.774564263893524,6,76.0,0.36968572495889335,6,76.0,0.06999999999999995
5820.0,5,96.0,2.742857142857143,9.013632241561385,5,83.0,0.4724374669813211,5,83.0,-0.06999999999999995
5825.0,6,123.0,3.1538461538461537,8.216587129929398,6,123.0,0.3691625062946387,6,123.0,-0.4
5830.0,5,63.0,1.6153846153846154,8.815909375022509,4,62.0,0.42974002057309063,4,62.0,0.61
5835.0,5,72.0,1.8,7.884186800831894,5,33.0,0.29637259018422923,5,33.0,0.29
5840.0,5,96.0,2.5945945945945947,9.271749847494874,5,96.0,0.43177259303920923,5,96.0,-0.6299999999999999
5845.0,8,81.0,2.25,8.05785228911357,8,81.0,0.3435863650660081,8,81.0,0.1499999999999999
5850.0,9,123.0,3.5142857142857142,8.363445378346169,9,81.0,0.35358095809515666,9,81.0,0.0
5855.0,9,168.0,4.9411764705882355,8.532113975439966,9,168.0,0.36106847253009,9,168.0,-0.8699999999999999
5860.0,9,112.0,3.393939393939394,7.004903730833633,9,112.0,0.2631010856372746,9,112.0,0.5599999999999998
5865.0,7,128.0,4.129032258064516,8.176600326051306,7,85.0,0.3787422044931717,7,85.0,0.27000000000000013
5870.0,8,164.0,4.823529411764706,7.230624896549087,8,164.0,0.3112932845879905,8,164.0,-0.7899999999999999
5875.0,7,117.0,3.5454545454545454,7.8736762979378465,7,117.0,0.356491193731165,7,117.0,0.47
5880.0,5,121.0,3.903225806451613,8.28108313731089,5,92.0,0.3910131201997096,5,92.0,0.2499999999999999
5885.0,7,153.0,4.636363636363637,7.82757429054557,7,153.0,0.36655752992261964,7,153.0,-0.61
5890.0,5,59.0,1.903225806451613,8.195400804967614,5,59.0,0.399709902093996,5,59.0,0.9400000000000001
5895.0,3,43.0,1.303030303030303,8.038942880304848,3,-7.0,0.37152803861071,3,-7.0,0.6599999999999999
5900.0,5,66.0,2.0625,9.113930518043995,5,66.0,0.45387348433142244,5,66.0,-0.73
5905.0,8,94.0,2.764705882352941,8.25865428217126,8,94.0,0.3699235293367287,8,94.0,-0.2799999999999999
5910.0,9,135.0,3.9705882352941178,8.37672764133267,9,135.0,0.34486912718139623,9,135.0,-0.41000000000000014
5915.0,9,180.0,5.454545454545454,8.300093555528775,9,180.0,0.3362469789812263,9,180.0,-0.44999999999999996
5920.0,12,234.0,6.5,7.06865901775117,12,234.0,0.23432958108500074,12,234.0,-0.5399999999999998
5925.0,9,169.0,4.828571428571428,7.613893356289254,9,169.0,0.2945033645226095,9,169.0,0.6499999999999999
5930.0,8,177.0,5.057142857142857,6.880122442233859,8,129.0,0.25456482452898477,8,129.0,0.3999999999999999
5935.0,9,221.0,6.696969696969697,8.022182543338303,9,221.0,0.3422863694875693,9,221.0,-0.9199999999999999
5940.0,7,174.0,5.4375,7.6305985332897635,7,174.0,0.31814255601739844,7,174.0,0.47
5945.0,8,201.0,6.090909090909091,7.474222402594805,8,168.0,0.3097514062130427,8,168.0,0.06000000000000005
5950.0,8,241.0,8.033333333333333,7.976419639142307,8,241.0,0.3750636657177383,8,241.0,-0.7300000000000002
5955.0,8,114.0,3.5625,6.8172856872663505,8,114.0,0.30724472214598425,8,114.0,1.2700000000000002
5960.0,5,55.0,1.71875,8.223028593084045,5,-8.0,0.3848836222947895,5,-8.0,1.22
5965.0,7,74.0,2.1142857142857143,7.81464459876133,7,74.0,0.36260379474219545,7,74.0,-0.82
5970.0,6,101.0,2.9705882352941178,8.547230706933586,6,101.0,0.4219731910379286,6,101.0,-0.27
5975.0,5,43.0,1.2647058823529411,8.637971639976158,5,43.0,0.4473512906142956,5,43.0,0.5800000000000001
5980.0,7,58.0,1.6111111111111112,7.054235926725394,7,25.0,0.2967188455039721,7,25.0,0.18
5985.0,7,92.0,2.6285714285714286,7.996410506161569,7,91.0,0.37536215406274487,7,91.0,-0.66
5990.0,9,126.0,3.6,7.187144357436423,9,126.0,0.29281329340781115,9,126.0,-0.35
5995.0,11,177.0,5.205882352941177,7.29239379371411,11,175.0,0.3040046889828218,11,175.0,-0.49
6000.0,11,232.0,7.25,7.0674435408016905,11,232.0,0.2884903709148141,11,232.0,-0.5699999999999998
6005.0,11,206.0,5.885714285714286,6.234110574000738,11,206.0,0.2509519808516162,11,206.0,0.2599999999999998
6010.0,9,233.0,6.852941176470588,7.453585862639395,9,205.0,0.3568752010702,9,205.0,0.010000000000000231
6015.0,10,279.0,7.75,6.980505957225532,10,279.0,0.3287309956652683,10,279.0,-0.7400000000000002
6020.0,9,175.0,4.861111111111111,7.463088779270619,9,175.0,0.3515738373347482,9,175.0,1.04
6025.0,9,153.0,3.923076923076923,7.710011992380566,9,92.0,0.34746838564721205,9,92.0,0.83
6030.0,8,189.0,5.4,8.191297521693263,8,189.0,0.3954281027275073,8,189.0,-0.9699999999999999
6035.0,7,93.0,2.8181818181818183,8.284265748787988,7,93.0,0.40319956325629475,7,93.0,0.9599999999999999
6040.0,7,58.0,1.7058823529411764,7.153672528956822,7,14.0,0.3005050966110114,7,14.0,0.79
6045.0,7,93.0,2.735294117647059,8.502202821389472,7,93.0,0.41024833437145486,7,93.0,-0.79
6050.0,8,121.0,3.27027027027027,6.975949285903407,8,121.0,0.2737043289657952,8,121.0,-0.2799999999999999
6055.0,11,176.0,5.0285714285714285,7.518420096685357,11,169.0,0.2955055217839161,11,169.0,-0.48
6060.0,11,231.0,6.794117647058823,7.313399308518692,11,231.0,0.2787941053532518,11,231.0,-0.6200000000000001
6065.0,11,183.0,4.945945945945946,6.666635515546031,11,183.0,0.2513246157748681,11,183.0,0.48
6070.0,9,210.0,6.0,7.638979108545966,9,167.0,0.3512818850926033,9,167.0,0.16000000000000014
6075.0,10,257.0,6.945945945945946,7.188116394880937,10,257.0,0.32629903257283827,10,257.0,-0.8999999999999999
6080.0,11,310.0,8.378378378378379,7.7015833546766075,11,310.0,0.3470530662963256,11,310.0,-0.5300000000000002
6085.0,10,213.0,5.756756756756757,6.9445847306106,10,213.0,0.28581751548422113,10,213.0,0.9700000000000002
6090.0,7,180.0,5.142857142857143,7.660426204706886,7,132.0,0.35387620678530085,7,132.0,0.8099999999999998
6095.0,7,215.0,6.323529411764706,8.364069854873776,7,215.0,0.4212925534299358,7,215.0,-0.8299999999999998
6100.0,10,246.0,7.235294117647059,6.847653871062583,10,246.0,0.3011719436043991,10,246.0,-0.31000000000000005
6105.0,11,300.0,8.823529411764707,6.942473654284901,11,291.0,0.2883899593670076,11,291.0,-0.4500000000000002
6110.0,12,357.0,9.916666666666666,6.192100927276936,12,357.0,0.2139268658792079,12,357.0,-0.6599999999999997
6115.0,13,422.0,11.722222222222221,6.467552016100728,13,422.0,0.26111330876065253,13,422.0,-0.6499999999999999
6120.0,10,421.0,11.694444444444445,6.800610331013402,10,421.0,0.30347505445138906,10,421.0,0.009999999999999787
6125.0,11,459.0,12.078947368421053,6.521498312039242,11,441.0,0.2758049058507539,11,441.0,-0.20000000000000018
6130.0,11,514.0,14.277777777777779,7.470172388627765,11,514.0,0.35526552760030095,11,514.0,-0.7299999999999995
6135.0,9,312.0,8.432432432432432,6.81879214805678,9,312.0,0.29789142529430834,9,312.0,2.0199999999999996
6140.0,6,86.0,2.324324324324324,7.578784988658221,6,3.0,0.3559848832478383,6,3.0,3.0900000000000003
6145.0,7,81.0,2.025,7.991236398352996,7,81.0,0.38233179184509375,7,81.0,-0.78
6150.0,6,108.0,2.8421052631578947,8.632918074613734,6,108.0,0.4198366871762726,6,108.0,-0.27
6155.0,6,86.0,2.4571428571428573,7.885927157476872,6,86.0,0.36565185782005677,6,86.0,0.22000000000000008
6160.0,9,123.0,3.324324324324324,6.726284646353808,9,97.0,0.2912480037889058,9,97.0,-0.10999999999999999
6165.0,9,168.0,4.54054054054054,7.913042323562885,9,168.0,0.3828959623360835,9,168.0,-0.71
6170.0,8,164.0,4.315789473684211,7.042979320046216,8,164.0,0.2892128052319552,8,164.0,0.040000000000000036
6175.0,7,182.0,4.7894736842105265,8.143387848808613,7,169.0,0.3608317895520185,7,169.0,-0.050000000000000044
6180.0,7,217.0,5.7105263157894735,8.200835277567863,7,217.0,0.38176105252140247,7,217.0,-0.48
6185.0,8,149.0,3.8205128205128207,7.150146423205246,8,149.0,0.29059198675791914,8,149.0,0.6799999999999999
6190.0,5,153.0,4.135135135135135,8.22518853366154,5,111.0,0.39257560603266,5,111.0,0.3799999999999999
6195.0,5,178.0,4.45,8.038135654166592,5,178.0,0.353916194177181,5,178.0,-0.6699999999999999
6200.0,5,166.0,4.15,8.66714282318743,5,166.0,0.40022371335170676,5,166.0,0.1200000000000001
6205.0,7,191.0,4.897435897435898,8.017092365333264,7,169.0,0.31279090448822605,7,169.0,-0.030000000000000027
6210.0,7,225.0,6.081081081081081,8.756109429901457,7,225.0,0.3709555541155842,7,225.0,-0.56
6215.0,6,93.0,2.735294117647059,9.049338564918903,6,93.0,0.41028340363089505,6,93.0,1.3199999999999998
6220.0,8,127.0,3.735294117647059,7.708870615921624,8,18.0,0.31938292315972444,8,18.0,0.75
6225.0,9,171.0,5.181818181818182,8.35183109790125,9,171.0,0.36409359054915263,9,171.0,-1.53
6230.0,8,112.0,3.2,7.078607369846654,8,112.0,0.2546778332664557,8,112.0,0.5899999999999999
6235.0,7,136.0,4.121212121212121,7.896551753693979,7,93.0,0.3463995160609762,7,93.0,0.19000000000000006
6240.0,7,171.0,5.516129032258065,8.420593970551764,7,171.0,0.40955960465462515,7,171.0,-0.7799999999999999
6245.0,10,212.0,6.625,6.715129616439931,10,212.0,0.27775771029910534,10,212.0,-0.41000000000000014
6250.0,10,262.0,8.451612903225806,7.568257118104063,10,262.0,0.3160364142040996,10,262.0,-0.5
6255.0,13,316.0,9.294117647058824,6.401441518812275,13,316.0,0.22560679740611644,13,316.0,-0.54
6260.0,10,260.0,7.647058823529412,7.634421416840922,10,260.0,0.32153838098341725,10,260.0,0.56
6265.0,11,277.0,7.486486486486487,6.8019493999498915,11,233.0,0.29229255366764056,11,233.0,0.27
6270.0,10,325.0,9.558823529411764,7.432954125931127,10,325.0,0.36390955927374835,10,325.0,-0.9199999999999999
6275.0,8,174.0,5.117647058823529,7.413685888261276,8,174.0,0.3609135635014172,8,174.0,1.51
6280.0,7,91.0,2.5277777777777777,6.729313945063978,7,18.0,0.28934125720212617,7,18.0,1.56
6285.0,7,126.0,3.8181818181818183,8.181779362725504,7,126.0,0.39704891208369636,7,126.0,-1.08
6290.0,8,162.0,4.5,7.35763034981404,8,162.0,0.32087474552120315,8,162.0,-0.3600000000000001
6295.0,7,85.0,2.5757575757575757,7.698920550634957,7,85.0,0.3400018625729503,7,85.0,0.7700000000000001
6300.0,5,88.0,2.75,8.22214989453698,5,41.0,0.37881252278938654,5,41.0,0.44
6305.0,7,118.0,3.2777777777777777,8.068170784868055,7,118.0,0.3638931477953399,7,118.0,-0.77
6310.0,5,67.0,1.8611111111111112,9.056138141048308,5,67.0,0.4366126673847251,5,67.0,0.5099999999999999
6315.0,5,80.0,2.1052631578947367,8.311773101391012,5,47.0,0.33413519000170194,5,47.0,0.20000000000000007
6320.0,6,110.0,3.0555555555555554,9.366007353550968,6,110.0,0.4437730000044871,6,110.0,-0.6300000000000001
6325.0,8,140.0,3.6842105263157894,9.038183164212118,8,140.0,0.39384854251987084,8,140.0,-0.2999999999999998
6330.0,5,99.0,2.8285714285714287,9.16573754776423,5,99.0,0.4196465246696983,5,99.0,0.4099999999999999
6335.0,4,115.0,3.484848484848485,9.575950119806308,4,83.0,0.45999138507120263,4,83.0,0.16000000000000003
6340.0,6,140.0,4.0,8.32079505831935,6,140.0,0.3627653076123772,6,140.0,-0.57
6345.0,4,87.0,2.6363636363636362,8.886463717572944,4,87.0,0.4248366471285308,4,87.0,0.5299999999999999
6350.0,3,94.0,2.8484848484848486,8.60464468406046,3,61.0,0.39112152629936947,3,61.0,0.26
6355.0,5,117.0,3.65625,9.147444836649711,5,117.0,0.43676154793793803,5,117.0,-0.5599999999999999
6360.0,3,112.0,3.6129032258064515,9.331055002483854,3,112.0,0.4665721710427312,3,112.0,0.04999999999999982
6365.0,5,133.0,4.15625,8.361361239772073,5,118.0,0.3750638407634277,5,118.0,-0.05999999999999983
6370.0,5,158.0,4.9375,9.64332466258826,5,158.0,0.4751369278895213,5,158.0,-0.40000000000000013
6375.0,5,183.0,5.545454545454546,8.456639665994203,5,183.0,0.3485121696217386,5,183.0,-0.25
6380.0,5,73.0,2.3548387096774195,9.2659577298988,5,73.0,0.4380335846750599,5,73.0,1.1
6385.0,8,98.0,2.8823529411764706,8.667165478284032,8,1.0,0.37991491020461726,8,1.0,0.72
6390.0,8,133.0,4.15625,8.771982379553872,8,133.0,0.385459063322611,8,133.0,-1.32
6395.0,5,77.0,2.566666666666667,8.886859184503148,5,77.0,0.4065804114691212,5,77.0,0.56
6400.0,6,96.0,3.2,7.596371330676334,6,58.0,0.3303454104203905,6,58.0,0.19000000000000006
6405.0,7,131.0,4.517241379310345,8.676777953693966,7,131.0,0.42755004502407634,7,131.0,-0.7300000000000001
6410.0,5,60.0,2.0,6.945535738888025,5,60.0,0.31078610227307896,5,60.0,0.7100000000000001
6415.0,5,70.0,2.3333333333333335,8.348787462238013,5,28.0,0.39773329002063285,5,28.0,0.31999999999999995
6420.0,5,95.0,3.392857142857143,8.79355971676386,5,95.0,0.43730575001271615,5,95.0,-0.6699999999999999
6425.0,7,103.0,3.433333333333333,7.4910077645389155,7,103.0,0.33389879159702635,7,103.0,-0.08000000000000007
6430.0,7,138.0,4.6,8.401537873776517,7,118.0,0.365037552553992,7,118.0,-0.1499999999999999
6435.0,9,176.0,5.67741935483871,7.278560770652741,9,176.0,0.2936765294705824,9,176.0,-0.5800000000000001
6440.0,7,99.0,3.193548387096774,8.093838933691373,7,99.0,0.35640865226609153,7,99.0,0.77
6445.0,8,102.0,3.0,7.450396448417018,8,53.0,0.3188770115585284,8,53.0,0.45999999999999996
6450.0,7,136.0,4.0,8.646125675011156,7,136.0,0.4139989708861497,7,136.0,-0.8300000000000001
6455.0,8,174.0,5.117647058823529,8.347249112599417,8,174.0,0.38184011283830305,8,174.0,-0.3799999999999999
6460.0,11,223.0,6.371428571428571,7.174775601844704,11,223.0,0.2897512476288959,11,223.0,-0.49
6465.0,11,278.0,8.96774193548387,7.623317963862241,11,278.0,0.3457190324896517,11,278.0,-0.5499999999999998
6470.0,9,190.0,5.9375,6.0770016249087195,9,190.0,0.24484697507696349,9,190.0,0.8799999999999999
6475.0,8,190.0,6.333333333333333,7.032446938044909,8,135.0,0.32792290026739074,8,135.0,0.5499999999999998
6480.0,8,230.0,7.666666666666667,7.706930723284535,8,230.0,0.37936360178446565,8,230.0,-0.9499999999999997
6485.0,12,279.0,8.205882352941176,6.535982954743685,12,279.0,0.265712347514585,12,279.0,-0.4900000000000002
6490.0,12,339.0,10.272727272727273,7.302166125684276,12,339.0,0.29163488429089224,12,339.0,-0.6000000000000001
6495.0,14,403.0,11.514285714285714,6.355661462218369,14,403.0,0.23188233840751252,14,403.0,-0.6400000000000001
6500.0,12,280.0,8.235294117647058,7.160440749275495,12,280.0,0.30031932243632675,12,280.0,1.2300000000000004
6505.0,12,222.0,6.3428571428571425,5.996052268124458,12,150.0,0.25926861063376266,12,150.0,1.2999999999999998
6510.0,10,272.0,8.0,7.303508206313437,10,272.0,0.35807280816203246,10,272.0,-1.2200000000000002
6515.0,10,245.0,7.205882352941177,6.973263190730461,10,245.0,0.3340898978911735,10,245.0,0.27
6520.0,12,287.0,8.2,6.049761611236955,12,259.0,0.25743635957729194,12,259.0,-0.13999999999999968
6525.0,12,347.0,9.914285714285715,7.277562904371528,12,347.0,0.3339154831155997,12,347.0,-0.8800000000000003
6530.0,11,199.0,5.527777777777778,6.488905768533289,10,198.0,0.2659991688279182,10,198.0,1.4900000000000002
6535.0,9,110.0,3.235294117647059,6.6307632447264115,9,37.0,0.2680345661072259,9,37.0,1.6099999999999999
6540.0,7,142.0,4.176470588235294,7.031628999786918,7,142.0,0.29187685246214184,7,142.0,-1.0499999999999998
6545.0,9,184.0,4.842105263157895,7.014127455979971,9,184.0,0.30335905004582125,9,184.0,-0.42000000000000015
6550.0,9,124.0,3.263157894736842,7.377052481333652,9,124.0,0.3212556167027715,9,124.0,0.6000000000000001
6555.0,9,98.0,2.45,6.73647625767957,9,65.0,0.26419025774958044,9,65.0,0.59
6560.0,8,137.0,3.6052631578947367,7.554683823949187,8,137.0,0.33175624112216046,8,137.0,-0.7200000000000001
6565.0,13,137.0,3.5128205128205128,6.730374020153834,13,137.0,0.2926537177649381,13,137.0,0.0
6570.0,14,204.0,5.230769230769231,6.712887947538725,14,204.0,0.27846562361007615,14,204.0,-0.6699999999999999
6575.0,14,274.0,7.0256410256410255,7.180737746697612,14,233.0,0.29436708237635834,14,233.0,-0.29000000000000004
6580.0,15,302.0,7.743589743589744,5.906661355859461,15,302.0,0.21701662245452283,15,302.0,-0.69
6585.0,12,331.0,9.194444444444445,6.844085286159196,12,318.0,0.2976301096059607,12,318.0,-0.16000000000000014
6590.0,14,393.0,10.342105263157896,5.987498781410866,14,393.0,0.25516033503750923,14,393.0,-0.75
6595.0,13,310.0,8.378378378378379,6.247617011140941,13,310.0,0.25552401648411294,13,310.0,0.8300000000000001
6600.0,10,306.0,8.27027027027027,6.529588442375359,10,246.0,0.25731645069328407,10,246.0,0.6400000000000001
6605.0,12,365.0,8.902439024390244,6.951859463340749,12,365.0,0.28240848885929354,12,365.0,-1.19
6610.0,11,244.0,6.594594594594595,6.8564767199033865,11,244.0,0.2874055714400191,11,244.0,1.21
6615.0,10,117.0,3.0,6.243442325241713,10,59.0,0.23370387851411054,10,59.0,1.85
6620.0,8,153.0,4.026315789473684,7.490822650155081,8,153.0,0.3250946968159738,8,153.0,-0.9400000000000001
6625.0,11,193.0,4.825,6.780662234214743,11,193.0,0.29257827469477665,11,193.0,-0.3999999999999999
6630.0,10,188.0,4.7,7.064266978331682,10,188.0,0.31341933641280384,10,188.0,0.050000000000000044
6635.0,10,233.0,5.9743589743589745,7.5256117766125525,10,215.0,0.3426750298166465,10,215.0,-0.27
6640.0,13,290.0,6.904761904761905,6.983522087007408,13,290.0,0.27764561640770186,13,290.0,-0.75
6645.0,10,206.0,4.904761904761905,7.5234619284206925,10,206.0,0.31152777303949003,10,206.0,0.8399999999999999
6650.0,9,183.0,4.357142857142857,6.969117636079953,9,135.0,0.2632810189606419,9,135.0,0.71
6655.0,9,227.0,5.973684210526316,7.968578409220916,9,227.0,0.3501667137553432,9,227.0,-0.9199999999999999
6660.0,8,181.0,5.027777777777778,7.691966228411068,8,181.0,0.3310034256711358,8,181.0,0.45999999999999996
6665.0,6,144.0,3.6,7.747665615696704,6,116.0,0.3108114526294718,6,116.0,0.6500000000000001
6670.0,7,179.0,4.475,8.86209943607167,7,179.0,0.4011807747050133,7,179.0,-0.6300000000000001
6675.0,10,90.0,2.1951219512195124,7.446266700992851,10,90.0,0.27706656682065006,10,90.0,0.89
6680.0,10,140.0,3.6842105263157894,8.46148231781862,10,49.0,0.3620040493196385,10,49.0,0.41000000000000003
6685.0,13,190.0,4.871794871794871,7.53690720686026,13,190.0,0.3065376840962026,13,190.0,-1.41
6690.0,13,252.0,6.8108108108108105,7.581026462883289,13,252.0,0.29602557931138773,13,252.0,-0.6200000000000001
6695.0,13,317.0,9.057142857142857,7.6400398915545855,13,317.0,0.31305442280203133,13,317.0,-0.6499999999999999
6700.0,13,279.0,7.54054054054054,5.999467405857471,13,279.0,0.21122934549827954,13,279.0,0.3799999999999999
6705.0,11,318.0,9.352941176470589,6.862161658295021,11,274.0,0.3136146629692656,11,274.0,0.04999999999999982
6710.0,12,374.0,10.38888888888889,5.7431121999048145,12,374.0,0.24723821971374543,12,374.0,-1.0
6715.0,12,278.0,7.942857142857143,6.463254551902541,12,278.0,0.2719713800084418,12,278.0,0.9600000000000004
6720.0,8,225.0,6.617647058823529,6.5410096657222665,8,172.0,0.29224157304578396,8,172.0,1.0599999999999998
6725.0,11,273.0,7.8,6.609047948841937,11,273.0,0.3145137092186827,11,273.0,-1.01
6730.0,10,158.0,4.514285714285714,6.848022368210796,10,158.0,0.32096524958059985,10,158.0,1.15
6735.0,7,83.0,2.3055555555555554,6.649574443054476,7,30.0,0.30448695696515526,7,30.0,1.28
6740.0,8,121.0,3.361111111111111,7.963281084383017,8,121.0,0.39161276548377605,8,121.0,-0.9099999999999999
6745.0,11,76.0,1.9487179487179487,6.952773305747043,11,76.0,0.30003314062111447,11,76.0,0.44999999999999996
6750.0,9,110.0,2.8205128205128207,7.859553451648766,9,81.0,0.34287462165701366,9,81.0,-0.050000000000000044
6755.0,9,155.0,4.078947368421052,8.511552135197874,9,155.0,0.40634286821877874,9,155.0,-0.74
6760.0,9,155.0,3.875,7.319483822387966,8,154.0,0.3084087819701154,8,154.0,0.010000000000000009
6765.0,9,179.0,4.589743589743589,7.814069659486449,9,166.0,0.314529074366613,9,166.0,-0.11999999999999988
6770.0,9,219.0,5.475,7.0972312092708645,9,219.0,0.27058827586454137,9,219.0,-0.53
6775.0,10,137.0,3.6052631578947367,7.291921256597362,10,137.0,0.3057465812266896,10,137.0,0.8199999999999998
6780.0,6,72.0,2.057142857142857,7.444479772993565,6,29.0,0.31688259541479796,6,29.0,1.08
6785.0,8,108.0,2.8421052631578947,7.12988431398883,8,108.0,0.2957310590326982,8,108.0,-0.79
6790.0,8,100.0,2.7777777777777777,7.4743897241496375,8,100.0,0.34794468130249934,8,100.0,0.08000000000000007
6795.0,9,134.0,3.526315789473684,6.957417591936611,9,120.0,0.30134693418563857,9,120.0,-0.19999999999999996
6800.0,10,184.0,5.257142857142857,7.798847207654076,10,184.0,0.378006918204233,10,184.0,-0.6400000000000001
6805.0,13,234.0,6.324324324324325,7.063173174018716,13,234.0,0.3130593671115427,13,234.0,-0.4999999999999998
6810.0,9,174.0,4.702702702702703,7.724642406469059,9,174.0,0.3449063474251217,9,174.0,0.5999999999999999
6815.0,7,188.0,5.371428571428571,7.951137937619647,7,143.0,0.3788073987922955,7,143.0,0.31000000000000005
6820.0,9,228.0,6.0,7.065100222188707,9,228.0,0.30672210213405354,9,228.0,-0.8499999999999999
6825.0,8,170.0,4.857142857142857,7.405597310647261,8,170.0,0.3579772616346401,8,170.0,0.5799999999999998
6830.0,5,98.0,2.5789473684210527,7.188663709270147,5,65.0,0.32629799456649744,5,65.0,1.0499999999999998
6835.0,6,125.0,3.289473684210526,8.227880640114023,6,125.0,0.4087207364515772,6,125.0,-0.6
6840.0,7,129.0,3.4864864864864864,7.719744200840635,7,129.0,0.3504207001986088,7,129.0,-0.040000000000000036
6845.0,9,170.0,4.358974358974359,7.3660147214485026,9,154.0,0.30535560969313125,9,154.0,-0.25
6850.0,9,215.0,5.657894736842105,8.291911755408316,9,215.0,0.37443786960512043,9,215.0,-0.6099999999999999
6855.0,8,212.0,5.3,7.372680395046577,8,212.0,0.2781691667829855,8,212.0,0.029999999999999805
6860.0,6,228.0,6.162162162162162,8.473944778176158,6,215.0,0.40528818583653176,6,215.0,-0.029999999999999805
6865.0,9,258.0,6.7894736842105265,7.865224355719302,9,258.0,0.36248014693901026,9,258.0,-0.43000000000000016
6870.0,6,187.0,4.921052631578948,8.144310908299884,6,187.0,0.3641144352132385,6,187.0,0.71
6875.0,4,185.0,5.285714285714286,8.959317201380799,4,142.0,0.44084902958878536,4,142.0,0.4500000000000002
6880.0,7,210.0,5.833333333333333,8.138128252938825,7,210.0,0.3742021809066974,7,210.0,-0.6800000000000002
6885.0,7,245.0,7.205882352941177,8.688067461421744,7,245.0,0.40215636596141974,7,245.0,-0.3500000000000001
6890.0,5,71.0,1.9722222222222223,7.272087715725508,5,71.0,0.2656978369794584,5,71.0,1.7400000000000002
6895.0,7,106.0,3.1176470588235294,8.305103687188868,7,-17.0,0.37525874747594856,7,-17.0,0.88
6900.0,7,141.0,4.548387096774194,8.606564377143856,7,141.0,0.40910059262024334,7,141.0,-1.5799999999999998
6905.0,7,103.0,2.942857142857143,7.723210534959723,7,103.0,0.30738539337808973,7,103.0,0.3799999999999999
6910.0,6,129.0,3.6857142857142855,8.921966315395938,6,96.0,0.41909271913546253,6,96.0,0.07000000000000006
6915.0,8,162.0,4.628571428571429,7.882455368769178,8,162.0,0.353829272068777,8,162.0,-0.6600000000000001
6920.0,5,76.0,2.303030303030303,8.242887971544702,5,76.0,0.4073369808589282,5,76.0,0.8600000000000001
6925.0,5,68.0,2.0,8.342869332962747,5,19.0,0.41165304800187696,5,19.0,0.5700000000000001
6930.0,5,90.0,2.6470588235294117,8.968321151749667,5,90.0,0.46083678856186056,5,90.0,-0.71
6935.0,3,20.0,0.6060606060606061,8.903496680690692,3,20.0,0.45938510244804504,3,20.0,0.7
6940.0,5,25.0,0.7575757575757576,8.223485656954535,5,-15.0,0.36863629492922784,5,-15.0,0.35
6945.0,5,49.0,1.5806451612903225,9.148295857968664,5,49.0,0.47239416726680594,5,49.0,-0.64
6950.0,4,65.0,1.911764705882353,8.331583058684432,4,65.0,0.3935686577654562,4,65.0,-0.16000000000000003
6955.0,7,95.0,2.96875,8.462374456862522,7,91.0,0.37054386941471074,7,91.0,-0.26
6960.0,7,130.0,4.0625,8.778038960939277,7,130.0,0.3855276082680239,7,130.0,-0.39
6965.0,6,92.0,2.7058823529411766,8.181133358295526,6,92.0,0.34570892342931225,6,92.0,0.38
6970.0,6,116.0,3.7419354838709675,8.803288961810589,6,84.0,0.4158385663581643,6,84.0,0.08000000000000007
6975.0,8,149.0,4.65625,7.882497365566186,8,149.0,0.3673929766997938,8,149.0,-0.65
6980.0,5,70.0,2.2580645161290325,8.549570187302068,5,70.0,0.4319932705712921,5,70.0,0.79
6985.0,5,62.0,1.878787878787879,8.246707139489075,5,19.0,0.396903202369908,5,19.0,0.51
6990.0,5,85.0,2.5757575757575757,8.746903716282311,5,85.0,0.4529207923388598,5,85.0,-0.6599999999999999
6995.0,3,21.0,0.7241379310344828,9.121242986995242,3,21.0,0.5013716044860913,3,21.0,0.64
7000.0,3,23.0,0.7666666666666667,7.860085782194206,3,-14.0,0.37062873156384923,3,-14.0,0.35
7005.0,5,47.0,1.5666666666666667,9.02997372607807,5,47.0,0.46742192438921154,5,47.0,-0.61
7010.0,4,44.0,1.3333333333333333,7.773421670908106,4,44.0,0.3488595491121048,4,44.0,0.02999999999999997
7015.0,5,69.0,2.15625,8.486051211322458,5,56.0,0.3899696555856399,5,56.0,-0.12000000000000005
7020.0,5,94.0,2.9375,8.892354011005203,5,94.0,0.4299936604591557,5,94.0,-0.3799999999999999
7025.0,7,103.0,2.942857142857143,7.758353685076366,7,103.0,0.3335156900919889,7,103.0,-0.09000000000000008
7030.0,7,138.0,4.3125,8.54826140643955,7,119.0,0.4133141705305847,7,119.0,-0.15999999999999992
7035.0,8,174.0,5.117647058823529,7.357005344181542,8,174.0,0.3051853059731928,8,174.0,-0.55
7040.0,7,99.0,3.0,8.145251126896436,7,99.0,0.37631839643560716,7,99.0,0.75
7045.0,8,102.0,3.0,7.5104362142493315,8,53.0,0.3484449680296203,8,53.0,0.45999999999999996
7050.0,7,134.0,4.32258064516129,8.193382282953252,7,134.0,0.42256398182361726,7,134.0,-0.81
7055.0,5,73.0,2.3548387096774195,8.19477614459086,5,73.0,0.427691290733015,5,73.0,0.6100000000000001
7060.0,7,91.0,2.676470588235294,7.189505611942568,7,51.0,0.31408210392311686,7,51.0,0.21999999999999997
7065.0,7,126.0,4.064516129032258,8.40752445125533,7,126.0,0.4149385920221421,7,126.0,-0.75
7070.0,4,54.0,1.6875,7.729632006521633,4,54.0,0.3617281720195146,4,54.0,0.72
7075.0,6,64.0,2.064516129032258,8.160139937131255,6,21.0,0.34652270751335557,6,21.0,0.33000000000000007
7080.0,5,88.0,2.933333333333333,8.440227053901772,5,88.0,0.3781601040904731,5,88.0,-0.67
7085.0,8,97.0,2.8529411764705883,7.690264296868868,8,97.0,0.32575421494407525,8,97.0,-0.08999999999999997
7090.0,8,137.0,4.28125,8.417481995645208,8,116.0,0.36907465988836496,8,116.0,-0.18999999999999995
7095.0,11,181.0,5.171428571428572,7.194784404472799,11,181.0,0.26324618659986787,11,181.0,-0.6500000000000001
7100.0,8,116.0,3.3142857142857145,8.339404424454955,8,116.0,0.3512171836830541,8,116.0,0.6500000000000001
7105.0,9,120.0,3.4285714285714284,7.4858864671123655,9,77.0,0.31546763772852204,9,77.0,0.3899999999999999
7110.0,8,158.0,4.9375,8.225188183438204,8,158.0,0.39797446646876405,8,158.0,-0.81
7115.0,6,105.0,3.3870967741935485,8.14879172642826,6,105.0,0.4098812990986856,6,105.0,0.53
7120.0,8,129.0,3.909090909090909,7.023493777603055,8,92.0,0.31343182247769197,8,92.0,0.13
7125.0,8,169.0,5.28125,8.27540118094705,8,169.0,0.4095276606761466,8,169.0,-0.7699999999999999
7130.0,6,179.0,5.264705882352941,7.424227796773058,6,179.0,0.3384995845265908,6,179.0,-0.10000000000000009
7135.0,8,217.0,6.575757575757576,8.113101041803807,8,204.0,0.3648530954494812,8,204.0,-0.25
7140.0,8,257.0,8.290322580645162,8.108962862022475,8,257.0,0.3659867079078561,8,257.0,-0.5299999999999998
7145.0,9,278.0,8.176470588235293,7.113545259196458,9,278.0,0.29147372377758163,9,278.0,-0.20999999999999996
7150.0,9,323.0,9.5,7.948056398488624,9,301.0,0.3418098383072146,9,301.0,-0.22999999999999998
7155.0,10,371.0,10.305555555555555,7.346872444538623,10,371.0,0.30689264462670446,10,371.0,-0.7000000000000002
7160.0,9,210.0,6.0,7.8143021536452535,9,210.0,0.339262142941599,9,210.0,1.6099999999999999
7165.0,8,77.0,2.2,7.043318342979242,8,5.0,0.3135134598299922,8,5.0,2.0500000000000003
7170.0,6,103.0,2.942857142857143,8.332555762097774,6,103.0,0.4146282992225708,6,103.0,-0.98
7175.0,6,133.0,3.8,9.056193859931428,6,133.0,0.47813522798196234,6,133.0,-0.30000000000000004
7180.0,9,135.0,3.9705882352941178,7.242517563588449,9,135.0,0.3336329275805042,9,135.0,-0.020000000000000018
7185.0,8,170.0,5.483870967741935,7.44567655336248,8,168.0,0.3322040190220296,8,168.0,-0.32999999999999985
7190.0,9,211.0,6.205882352941177,6.564877897848382,9,209.0,0.27426959292903874,9,209.0,-0.4099999999999999
7195.0,10,247.0,7.484848484848484,7.248577692389798,10,247.0,0.32458670670316814,10,247.0,-0.38000000000000034
7200.0,10,297.0,9.580645161290322,6.9431973010199295,10,286.0,0.2878755255142545,10,286.0,-0.3899999999999997
7205.0,13,356.0,10.17142857142857,6.5164186187283395,13,356.0,0.2365041110620486,13,356.0,-0.7000000000000002
7210.0,10,340.0,9.714285714285714,7.025176887073337,10,340.0,0.27469994846842494,10,340.0,0.16000000000000014
7215.0,11,381.0,10.026315789473685,6.66043922177304,11,353.0,0.2648362066841361,11,353.0,-0.1299999999999999
7220.0,11,436.0,11.473684210526315,7.573528499516551,11,436.0,0.34627610288722116,11,436.0,-0.8300000000000005
7225.0,15,493.0,12.973684210526315,6.656805720641123,15,493.0,0.2419557855057398,15,493.0,-0.5699999999999994
7230.0,10,295.0,8.428571428571429,7.419652278794321,10,295.0,0.32255857399509097,10,295.0,1.9799999999999995
7235.0,5,116.0,3.515151515151515,7.534628364490769,5,23.0,0.33887819767379385,5,23.0,2.72
7240.0,7,131.0,3.638888888888889,7.264452912006839,7,131.0,0.326940147259985,7,131.0,-1.08
7245.0,7,47.0,1.3055555555555556,7.42995804767265,7,47.0,0.3403688522467631,7,47.0,0.8400000000000001
7250.0,9,57.0,1.5833333333333333,6.854170994591561,9,10.0,0.2914220362961648,9,10.0,0.37
7255.0,9,102.0,2.914285714285714,7.656083637161649,9,102.0,0.36635641032955335,9,102.0,-0.92
7260.0,7,99.0,2.8285714285714287,7.191806710364124,7,99.0,0.3185638612156113,7,99.0,0.030000000000000027
7265.0,6,84.0,2.210526315789474,7.161982162543772,6,71.0,0.30975061216751526,6,71.0,0.28
7270.0,6,114.0,3.0,8.36381383868148,6,114.0,0.40948717671803925,6,114.0,-0.42999999999999994
7275.0,7,145.0,3.5365853658536586,7.94143900869812,7,145.0,0.3585056688909412,7,145.0,-0.31000000000000005
7280.0,6,92.0,2.4210526315789473,8.491997096291579,5,91.0,0.40539900559058767,5,91.0,0.5399999999999999
7285.0,7,105.0,2.6923076923076925,7.770348161960283,7,69.0,0.3194122805559935,7,69.0,0.22000000000000008
7290.0,6,130.0,3.4210526315789473,8.546414660592443,6,130.0,0.3918472314397716,6,130.0,-0.6100000000000001
7295.0,5,80.0,2.2222222222222223,8.635505156875661,5,80.0,0.4094644487427313,5,80.0,0.5
7300.0,8,98.0,2.6486486486486487,7.230286061849401,8,65.0,0.2833885101186,8,65.0,0.15000000000000002
7305.0,7,129.0,3.5833333333333335,8.268785554330782,7,96.0,0.37639081089680043,7,96.0,-0.30999999999999994
7310.0,7,120.0,3.4285714285714284,7.315227290417881,7,120.0,0.2990762021907882,7,120.0,-0.24
7315.0,8,158.0,4.514285714285714,7.983724622118174,8,142.0,0.3455611946941788,8,142.0,-0.21999999999999997
7320.0,8,198.0,6.0,8.312366010851536,8,198.0,0.36901413868656247,8,198.0,-0.56
7325.0,8,133.0,4.03030303030303,7.592402313148299,8,133.0,0.31101260180692863,8,133.0,0.6499999999999999
7330.0,8,173.0,5.580645161290323,8.018069467262332,8,90.0,0.35306020876373945,8,90.0,0.43000000000000005
7335.0,11,218.0,6.411764705882353,6.844334159564724,11,218.0,0.2741651349017556,11,218.0,-1.2800000000000002
7340.0,10,267.0,7.852941176470588,7.818904936182622,10,267.0,0.3401145924063372,10,267.0,-0.48999999999999977
7345.0,13,317.0,9.057142857142857,7.398215148490094,13,316.0,0.3267826749921501,13,316.0,-0.4900000000000002
7350.0,12,373.0,10.970588235294118,7.338728955089997,12,373.0,0.3225403629528995,12,373.0,-0.5699999999999998
7355.0,9,266.0,7.823529411764706,7.76277532767195,9,266.0,0.3452332224271835,9,266.0,1.0699999999999998
7360.0,8,236.0,6.378378378378378,7.337947976928614,8,175.0,0.3109057250333291,8,175.0,0.9100000000000001
7365.0,8,276.0,8.117647058823529,8.27995635251801,8,276.0,0.3928515967437281,8,276.0,-1.0099999999999998
7370.0,9,142.0,4.176470588235294,6.431312991941046,9,142.0,0.26502906667508325,9,142.0,1.3399999999999999
7375.0,6,56.0,1.75,7.625893819277427,6,-2.0,0.33479715185867864,6,-2.0,1.44
7380.0,6,86.0,2.774193548387097,7.9244149534642485,6,86.0,0.3630228653481429,6,86.0,-0.88
7385.0,8,80.0,2.2857142857142856,7.072466888434715,8,80.0,0.29145292714043525,8,80.0,0.05999999999999994
7390.0,8,116.0,3.411764705882353,8.110546301711773,8,103.0,0.3536506624124283,8,103.0,-0.22999999999999998
7395.0,10,159.0,4.542857142857143,7.315539085640429,10,159.0,0.3069110584380647,10,159.0,-0.56
7400.0,9,168.0,4.8,8.16036774679866,9,168.0,0.36610478572870603,9,168.0,-0.08999999999999986
7405.0,13,214.0,5.783783783783784,7.267758257719922,13,178.0,0.2861809900494096,13,178.0,-0.10000000000000009
7410.0,12,271.0,7.324324324324325,7.807058600971383,12,271.0,0.31413264057137436,12,271.0,-0.9299999999999999
7415.0,12,331.0,9.194444444444445,7.913990901107592,12,331.0,0.31610645271205223,12,331.0,-0.6000000000000001
7420.0,13,288.0,8.0,6.466607029829351,13,288.0,0.23299629157483367,13,288.0,0.43000000000000016
7425.0,8,246.0,6.833333333333333,7.809454443337872,8,213.0,0.350418112718625,8,213.0,0.75
7430.0,9,287.0,7.972222222222222,7.118015225264559,9,287.0,0.3095741950347011,9,287.0,-0.7400000000000002
7435.0,10,337.0,9.911764705882353,7.383650614092408,10,337.0,0.32424255127334783,10,337.0,-0.5
7440.0,7,178.0,5.393939393939394,7.024255031844687,7,178.0,0.33073532968862934,7,178.0,1.59
7445.0,4,83.0,2.515151515151515,7.167143661911465,4,6.0,0.34338136856913304,4,6.0,1.72
7450.0,5,107.0,3.242424242424242,8.387573015934631,5,107.0,0.43854158426813655,5,107.0,-1.01
7455.0,9,140.0,4.0,7.10352380103415,9,140.0,0.31734974151902173,9,140.0,-0.32999999999999985
7460.0,11,192.0,5.485714285714286,7.501464923181588,11,192.0,0.3305553205489896,11,192.0,-0.52
7465.0,13,247.0,6.675675675675675,7.033860853632245,13,247.0,0.29206068168417565,13,247.0,-0.5500000000000003
7470.0,10,260.0,7.027027027027027,6.909397131403696,10,260.0,0.2999788974252587,10,260.0,-0.1299999999999999
7475.0,9,285.0,7.702702702702703,7.758418779565851,9,272.0,0.3774656053501936,9,272.0,-0.1200000000000001
7480.0,11,334.0,8.35,7.0904970514240615,11,334.0,0.3261642315138853,11,334.0,-0.6199999999999997
7485.0,10,195.0,5.0,7.147104666775836,10,195.0,0.32119993776836936,10,195.0,1.39
7490.0,7,127.0,3.2564102564102564,6.980405500851307,7,54.0,0.292132163349887,7,54.0,1.41
7495.0,8,166.0,4.611111111111111,7.740035920754882,8,166.0,0.3792739370886866,8,166.0,-1.1199999999999999
7500.0,9,183.0,5.382352941176471,7.43934645610812,9,183.0,0.36127444787295476,9,183.0,-0.17000000000000015
7505.0,11,232.0,6.444444444444445,6.48410994882889,11,219.0,0.26419125179096314,11,219.0,-0.3599999999999999
7510.0,11,287.0,8.441176470588236,7.141324044911371,11,287.0,0.3231960491025033,11,287.0,-0.6800000000000002
7515.0,9,294.0,7.945945945945946,6.625666144508836,9,294.0,0.28243446925899807,9,294.0,-0.06999999999999984
7520.0,9,326.0,8.81081081081081,7.682624543150605,9,313.0,0.369132784671635,9,313.0,-0.18999999999999995
7525.0,12,371.0,9.275,7.909688713591686,12,371.0,0.3757824145543591,12,371.0,-0.5800000000000001
7530.0,8,203.0,5.486486486486487,7.582314714643059,8,203.0,0.3397325498610679,8,203.0,1.6800000000000002
7535.0,4,87.0,2.4166666666666665,8.377217193310416,4,8.0,0.4133840636338982,4,8.0,1.9499999999999997
7540.0,6,110.0,2.972972972972973,7.562628471074149,6,110.0,0.3496560857776427,6,110.0,-1.02
7545.0,7,100.0,2.7777777777777777,7.717215083132936,7,100.0,0.3580526006599644,7,100.0,0.10000000000000009
7550.0,8,140.0,3.888888888888889,6.823061238957259,8,117.0,0.2848902731360741,8,117.0,-0.16999999999999993
7555.0,10,189.0,5.25,7.634709855321059,10,189.0,0.34572354659877774,10,189.0,-0.72
7560.0,7,188.0,5.222222222222222,7.313695795005464,7,188.0,0.3010224625316402,7,188.0,0.010000000000000009
7565.0,7,196.0,5.297297297297297,7.073015388867324,7,183.0,0.3135396347446139,7,183.0,0.04999999999999982
7570.0,7,231.0,6.243243243243243,8.296550572321827,7,231.0,0.4141241341568911,7,231.0,-0.48
7575.0,7,165.0,4.125,7.023852472820344,7,165.0,0.2926687042423856,7,165.0,0.6600000000000001
7580.0,6,179.0,4.837837837837838,8.199102135527351,6,139.0,0.4091897763902835,6,139.0,0.26
7585.0,8,209.0,5.5,8.087325343275365,8,209.0,0.38881604026896405,8,209.0,-0.7
7590.0,7,87.0,2.289473684210526,8.01709819248083,7,87.0,0.3862990178314211,7,87.0,1.2199999999999998
7595.0,7,122.0,3.2972972972972974,8.58089873809369,7,16.0,0.41990638913359196,7,16.0,0.71
7600.0,10,163.0,4.405405405405405,7.565400894497554,10,163.0,0.32504442058350347,10,163.0,-1.47
7605.0,7,132.0,3.6666666666666665,7.997235692650465,7,132.0,0.3592937540952175,7,132.0,0.30999999999999983
7610.0,7,155.0,4.305555555555555,7.25744360809688,7,127.0,0.3099282936964278,7,127.0,0.050000000000000044
7615.0,8,193.0,5.514285714285714,8.183016734806968,8,193.0,0.3879194336556769,8,193.0,-0.6599999999999999
7620.0,5,172.0,5.0588235294117645,8.045609784769528,5,172.0,0.3771206261529048,5,172.0,0.20999999999999996
7625.0,7,203.0,5.486486486486487,7.6042965885689995,7,175.0,0.3413436472342924,7,175.0,-0.030000000000000027
7630.0,7,238.0,6.8,8.694160194850134,7,238.0,0.43434857697252927,7,238.0,-0.6299999999999999
7635.0,5,93.0,2.735294117647059,8.355603675543705,5,93.0,0.4016707745180735,5,93.0,1.4499999999999997
7640.0,3,21.0,0.65625,8.862298454664202,3,-47.0,0.4348542870213848,3,-47.0,1.4
7645.0,6,36.0,1.0285714285714285,8.53672405730184,6,36.0,0.4007811632976613,6,36.0,-0.83
7650.0,8,64.0,1.9393939393939394,8.055571966140718,8,64.0,0.3595974086391787,8,64.0,-0.28
7655.0,8,104.0,3.25,9.022710657359035,8,104.0,0.41002930845986135,8,104.0,-0.4
7660.0,10,147.0,4.2,7.563769518782569,10,147.0,0.26728693975978,10,147.0,-0.42999999999999994
7665.0,8,152.0,4.606060606060606,8.17744950083834,8,152.0,0.34892210986042566,8,152.0,-0.050000000000000044
7670.0,10,193.0,5.848484848484849,7.302780381111494,10,172.0,0.31330325646123613,10,172.0,-0.19999999999999996
7675.0,10,239.0,7.46875,7.6901926647740115,10,239.0,0.3534587791734496,10,239.0,-0.6700000000000002
7680.0,7,155.0,4.84375,7.965860763447028,7,155.0,0.363184572289091,7,155.0,0.8400000000000001
7685.0,7,159.0,4.676470588235294,7.261958496913218,7,108.0,0.3159699423389339,7,108.0,0.47
7690.0,7,194.0,6.258064516129032,8.277012262032516,7,194.0,0.4183559905212077,7,194.0,-0.8599999999999999
7695.0,9,234.0,7.3125,6.516657022452221,9,234.0,0.277477468785997,9,234.0,-0.3999999999999999
7700.0,11,289.0,9.32258064516129,7.405861722693856,11,289.0,0.3190459733935026,11,289.0,-0.5500000000000003
7705.0,15,345.0,10.147058823529411,6.640548263168733,15,345.0,0.27106068478141926,15,345.0,-0.56
7710.0,10,223.0,6.757575757575758,7.009969375129026,10,223.0,0.30671645805289677,10,223.0,1.2200000000000002
7715.0,6,109.0,3.303030303030303,7.397215954935283,6,51.0,0.3469216321659961,6,51.0,1.72
7720.0,8,144.0,4.0,7.076679311052002,8,144.0,0.33478388971110534,8,144.0,-0.9299999999999999
7725.0,9,103.0,2.861111111111111,7.102843590845914,9,103.0,0.32458869700154963,9,103.0,0.4099999999999999
7730.0,11,142.0,3.9444444444444446,6.496713196479703,11,105.0,0.2707857665398418,11,105.0,-0.020000000000000018
7735.0,11,197.0,5.794117647058823,7.274062220919837,11,197.0,0.3349487585307808,11,197.0,-0.9199999999999999
7740.0,9,202.0,5.9411764705882355,7.036057322078126,8,201.0,0.31178767623451265,8,201.0,-0.039999999999999813
7745.0,10,214.0,5.944444444444445,6.658964337605858,10,201.0,0.25827709730468246,10,201.0,0.0
7750.0,8,251.0,7.382352941176471,7.810675144383265,8,251.0,0.35354300959154544,8,251.0,-0.5
7755.0,12,268.0,7.243243243243243,6.299525565359652,12,268.0,0.2480726194161779,12,268.0,-0.17000000000000037
7760.0,13,333.0,9.25,7.164272257394324,13,304.0,0.29907845865611865,13,304.0,-0.3599999999999999
7765.0,17,399.0,10.23076923076923,6.724673881166163,17,399.0,0.25639463376945915,17,399.0,-0.9500000000000002
7770.0,13,261.0,7.054054054054054,6.937573167289193,13,261.0,0.27151885434745543,13,261.0,1.3800000000000003
7775.0,8,158.0,4.27027027027027,7.13069299701684,8,85.0,0.3049740355216814,8,85.0,1.7599999999999998
7780.0,11,206.0,5.421052631578948,6.744240889385388,11,206.0,0.2960998938506422,11,206.0,-1.21
7785.0,11,261.0,7.457142857142857,7.151553082795094,11,261.0,0.331640787194832,11,261.0,-0.5499999999999998
7790.0,11,218.0,5.891891891891892,5.848079601545227,11,218.0,0.2510017634537463,11,218.0,0.4299999999999997
7795.0,10,252.0,6.8108108108108105,6.842512560776265,10,210.0,0.31145297629302726,10,210.0,0.08000000000000007
7800.0,10,302.0,8.628571428571428,7.009337524576556,10,302.0,0.3233514562151984,10,302.0,-0.9199999999999999
7805.0,11,202.0,5.45945945945946,6.267097163540912,11,202.0,0.26300021101537574,11,202.0,1.0
7810.0,6,88.0,2.3783783783783785,7.312467664653419,6,39.0,0.31176548823827654,6,39.0,1.63
7815.0,6,114.0,2.923076923076923,6.873564150524546,6,114.0,0.2832896183633171,6,114.0,-0.7499999999999999
7820.0,8,80.0,2.051282051282051,7.437761739238924,8,80.0,0.32273759417271214,8,80.0,0.33999999999999986
7825.0,13,121.0,2.880952380952381,6.279947190802941,13,93.0,0.23144016026456402,13,93.0,-0.13
7830.0,11,176.0,4.190476190476191,7.410013871885085,11,176.0,0.321290351049232,11,176.0,-0.83
7835.0,9,169.0,4.121951219512195,7.455900607440288,9,169.0,0.33077060480900755,9,169.0,0.07000000000000006
7840.0,11,220.0,5.116279069767442,7.203893085003744,11,193.0,0.3120225096487327,11,193.0,-0.24
7845.0,12,277.0,6.925,7.736312950088977,12,277.0,0.33133569012956965,12,277.0,-0.8400000000000001
7850.0,10,240.0,6.315789473684211,6.552560331847326,10,240.0,0.24389765722779985,10,240.0,0.3700000000000001
7855.0,7,145.0,3.918918918918919,7.623992143131434,7,116.0,0.3218417878242543,7,116.0,1.24
7860.0,6,168.0,4.9411764705882355,8.295627655059834,6,168.0,0.3900523854594018,6,168.0,-0.52
7865.0,8,203.0,5.486486486486487,7.631299321323747,8,203.0,0.33485655677592624,8,203.0,-0.34999999999999987
7870.0,8,220.0,6.111111111111111,8.041146215426982,8,220.0,0.37627110482674786,8,220.0,-0.17000000000000037
7875.0,10,262.0,6.894736842105263,7.186752084086532,10,247.0,0.28240324001053296,10,247.0,-0.27
7880.0,10,312.0,8.210526315789474,8.293670385262194,10,312.0,0.3682279360863354,10,312.0,-0.6499999999999999
7885.0,11,214.0,5.35,7.884931561613283,11,214.0,0.32233067483647165,11,214.0,0.98
7890.0,11,265.0,7.361111111111111,7.693259917953871,11,163.0,0.3218070360313023,11,163.0,0.5100000000000002
7895.0,11,320.0,9.411764705882353,7.852000602425816,11,320.0,0.3448673473137786,11,320.0,-1.5700000000000003
7900.0,12,204.0,5.513513513513513,6.514235210631897,12,204.0,0.21902445658386838,12,204.0,1.1600000000000001
7905.0,8,162.0,4.5,7.7375177926184096,8,100.0,0.32335996978446163,8,100.0,1.04
7910.0,10,204.0,5.230769230769231,6.969645892429364,10,204.0,0.27612278749733415,10,204.0,-1.04
7915.0,10,254.0,6.864864864864865,7.77640732373017,10,254.0,0.3401469856083113,10,254.0,-0.5
7920.0,7,241.0,6.885714285714286,7.712422681820432,7,241.0,0.33113976261061845,7,241.0,0.1299999999999999
7925.0,9,281.0,8.028571428571428,6.898651089456691,9,255.0,0.30351808975833877,9,255.0,-0.13999999999999968
7930.0,9,326.0,9.588235294117647,7.919440441705336,9,326.0,0.37780640354109135,9,326.0,-0.71
7935.0,8,179.0,4.972222222222222,6.945544012227645,8,179.0,0.276992067605569,8,179.0,1.4699999999999998
7940.0,4,67.0,1.9142857142857144,8.548056211969984,4,4.0,0.3941210561926249,4,4.0,1.75
7945.0,7,87.0,2.3513513513513513,8.73523907930409,7,87.0,0.4170045107765683,7,87.0,-0.83
7950.0,7,101.0,2.72972972972973,8.24630811885608,7,101.0,0.36493141993115286,7,101.0,-0.14
7955.0,8,141.0,4.0285714285714285,8.82941414843747,8,131.0,0.4188862806446913,8,131.0,-0.30000000000000004
7960.0,10,186.0,5.027027027027027,7.592737678309626,10,186.0,0.3323925221619288,10,186.0,-0.55
7965.0,8,150.0,4.054054054054054,7.992247071488302,8,150.0,0.35610860718345033,8,150.0,0.3600000000000001
7970.0,8,179.0,4.972222222222222,7.4357789393620335,8,144.0,0.3011559366487184,8,144.0,0.06000000000000005
7975.0,9,223.0,6.194444444444445,7.95524106274208,9,223.0,0.3548916425682762,9,223.0,-0.79
7980.0,6,172.0,5.375,7.728202650148779,6,172.0,0.3596586180128708,6,172.0,0.51
7985.0,4,126.0,3.6,8.063690957239523,4,98.0,0.371328178001941,4,98.0,0.74
7990.0,5,148.0,4.228571428571429,9.207676218628713,5,148.0,0.4480186440271738,5,148.0,-0.5
7995.0,7,51.0,1.457142857142857,7.499912067014571,7,51.0,0.3070510621046487,7,51.0,0.97
8000.0,8,90.0,2.727272727272727,8.788639507222546,8,-1.0,0.39807321088426095,8,-1.0,0.52
8005.0,11,130.0,3.611111111111111,7.776752963372031,11,130.0,0.3344436311340854,11,130.0,-1.31
8010.0,8,133.0,3.8,8.027329304970127,8,133.0,0.35337731357137103,8,133.0,-0.030000000000000027
8015.0,8,173.0,5.242424242424242,8.630541223952795,8,150.0,0.41951650694049436,8,150.0,-0.16999999999999993
8020.0,11,219.0,6.257142857142857,7.050287049709457,11,219.0,0.30417230403679707,11,219.0,-0.69
8025.0,8,180.0,5.294117647058823,7.573998066302318,8,180.0,0.3538321842990815,8,180.0,0.3899999999999999
8030.0,6,183.0,5.382352941176471,7.45181785158444,6,155.0,0.328394117584796,6,155.0,0.25
8035.0,8,222.0,6.7272727272727275,8.164118893811928,8,222.0,0.38879688890604325,8,222.0,-0.6700000000000002
8040.0,6,98.0,3.161290322580645,7.715744628148295,6,98.0,0.3634552520622085,6,98.0,1.2400000000000002
8045.0,4,51.0,1.5454545454545454,7.5400891248754505,4,-13.0,0.3546805322715858,4,-13.0,1.1099999999999999
8050.0,5,76.0,2.303030303030303,9.03670409535339,5,76.0,0.4823370209244719,5,76.0,-0.89
8055.0,7,71.0,2.088235294117647,7.57829031997677,7,71.0,0.3586980059678693,7,71.0,0.050000000000000044
8060.0,9,114.0,3.3529411764705883,8.161109162868131,9,83.0,0.38395537375509614,9,83.0,-0.12
8065.0,11,159.0,4.542857142857143,7.651981801329555,11,159.0,0.3478471261923967,11,159.0,-0.7600000000000001
8070.0,8,135.0,3.9705882352941178,7.097018843312119,8,135.0,0.3208875106712218,8,135.0,0.24
8075.0,8,171.0,5.181818181818182,7.853663976546991,8,137.0,0.39602230773945074,8,137.0,-0.020000000000000018
8080.0,10,215.0,6.142857142857143,6.967402997685245,10,215.0,0.3282589121714189,10,215.0,-0.7799999999999998
8085.0,8,146.0,4.294117647058823,7.060309655859376,8,146.0,0.33166135178789063,8,146.0,0.69
8090.0,6,149.0,4.138888888888889,6.368268526001772,6,106.0,0.27387405664447156,6,106.0,0.3999999999999999
8095.0,8,189.0,5.5588235294117645,7.668795877285969,8,189.0,0.37986340514065475,8,189.0,-0.8299999999999998
8100.0,8,214.0,6.484848484848484,7.635527509607151,8,214.0,0.36523915658772044,8,214.0,-0.2500000000000002
8105.0,11,262.0,7.081081081081081,6.752821919304384,11,249.0,0.27186065323936126,11,249.0,-0.3500000000000001
8110.0,11,317.0,8.805555555555555,7.358095080159022,11,317.0,0.3204628161805323,11,317.0,-0.6799999999999997
8115.0,10,190.0,5.0,6.575325985544879,10,190.0,0.24740146784662156,10,190.0,1.27
8120.0,6,100.0,2.857142857142857,7.774769937195299,6,42.0,0.36487166161534135,6,42.0,1.48
8125.0,8,130.0,3.5135135135135136,7.286516706367254,8,130.0,0.34993427506843994,8,130.0,-0.8800000000000001
8130.0,8,92.0,2.4864864864864864,7.184367009188097,8,92.0,0.347423151754933,8,92.0,0.38
8135.0,8,127.0,3.4324324324324325,7.854905762592855,8,92.0,0.37642529951331616,8,92.0,0.0
8140.0,10,172.0,4.526315789473684,6.9420010565490315,10,172.0,0.2971431973735389,10,172.0,-0.7999999999999999
8145.0,8,176.0,4.888888888888889,7.467387535760248,8,176.0,0.34052068926793533,8,176.0,-0.040000000000000036
8150.0,7,184.0,5.111111111111111,7.14147840983838,7,171.0,0.3062863629341049,7,171.0,0.050000000000000044
8155.0,8,223.0,6.5588235294117645,8.096108422847081,8,223.0,0.3792419073478952,8,223.0,-0.52
8160.0,7,101.0,2.9705882352941178,7.926881953775125,6,100.0,0.35937120631123864,6,100.0,1.23
8165.0,7,55.0,1.4864864864864864,7.285540321495798,7,-3.0,0.28550069381925297,7,-3.0,1.03
8170.0,5,77.0,2.081081081081081,8.65203301380765,5,77.0,0.3985349402066035,5,77.0,-0.8
8175.0,8,77.0,2.026315789473684,7.386953127993811,8,77.0,0.29106426204056557,8,77.0,0.0
8180.0,11,132.0,3.6666666666666665,7.860914395695078,11,102.0,0.3327467014046579,11,102.0,-0.25
8185.0,13,187.0,5.054054054054054,7.260099231184919,13,187.0,0.2843567267361718,13,187.0,-0.8500000000000001
8190.0,11,200.0,5.714285714285714,7.17594432233202,11,200.0,0.29250650658750527,11,200.0,-0.1299999999999999
8195.0,8,204.0,6.181818181818182,7.398385571660321,8,190.0,0.3344287844476838,8,190.0,0.10000000000000009
8200.0,11,251.0,6.972222222222222,6.759981241215892,11,251.0,0.294517064613823,11,251.0,-0.6099999999999999
8205.0,10,184.0,5.257142857142857,7.0727500238547245,10,184.0,0.3108398181707064,10,184.0,0.6699999999999997
8210.0,9,200.0,5.882352941176471,6.871332954660317,9,151.0,0.28995292450899707,9,151.0,0.33000000000000007
8215.0,10,248.0,7.294117647058823,7.371718752795993,10,248.0,0.3274284501184556,10,248.0,-0.97
8220.0,9,262.0,8.1875,6.586348467090305,9,262.0,0.2913214264542984,9,262.0,-0.14000000000000012
8225.0,10,312.0,8.666666666666666,6.5248885495324345,10,299.0,0.2736621611171434,10,299.0,-0.3700000000000001
8230.0,11,367.0,10.485714285714286,7.707185495601719,11,367.0,0.3475677532901482,11,367.0,-0.6799999999999997
8235.0,10,215.0,5.8108108108108105,6.645205514208874,10,215.0,0.24923950243692605,10,215.0,1.52
8240.0,6,114.0,3.1666666666666665,8.059955488438941,6,41.0,0.3576281214757907,6,41.0,1.74
8245.0,9,144.0,3.6923076923076925,7.990064475795846,9,144.0,0.3623702122695955,9,144.0,-1.03
8250.0,10,135.0,3.6486486486486487,7.603895180738061,10,135.0,0.33351848846485505,10,135.0,0.08999999999999986
8255.0,11,190.0,5.428571428571429,7.775144706160578,11,144.0,0.3331551575752693,11,144.0,-0.08999999999999986
8260.0,14,252.0,6.631578947368421,6.448706903084535,14,252.0,0.23783094928154688,14,252.0,-1.08
8265.0,11,271.0,7.527777777777778,6.880731796150229,11,271.0,0.293069637676906,11,271.0,-0.18999999999999995
8270.0,10,295.0,7.564102564102564,6.377959994439637,10,282.0,0.250329266268542,10,282.0,-0.10999999999999988
8275.0,11,349.0,9.432432432432432,7.28865251230353,11,349.0,0.32965690494879074,11,349.0,-0.6700000000000004
8280.0,9,225.0,6.428571428571429,6.727619143261328,9,225.0,0.2920141584070406,9,225.0,1.2400000000000002
8285.0,6,141.0,3.6153846153846154,7.19694194492029,6,82.0,0.31900512779110163,6,82.0,1.4300000000000002
8290.0,7,175.0,4.72972972972973,8.160934812162665,7,175.0,0.39207411897971134,7,175.0,-0.93
8295.0,9,191.0,4.775,7.098210970999846,9,191.0,0.2997445360348672,9,191.0,-0.15999999999999992
8300.0,10,241.0,6.513513513513513,8.02783748840298,10,228.0,0.36407944435320955,10,228.0,-0.3699999999999999
8305.0,13,291.0,7.657894736842105,7.333798991541066,13,291.0,0.32073275002800167,13,291.0,-0.6300000000000003
8310.0,12,350.0,9.722222222222221,7.37675647296912,12,350.0,0.3046214164046046,12,350.0,-0.5899999999999999
8315.0,9,344.0,9.555555555555555,7.896658751552413,9,344.0,0.3467796071847354,9,344.0,0.06000000000000005
8320.0,10,354.0,9.31578947368421,6.855485999952772,10,336.0,0.27414188839362147,10,336.0,0.08000000000000007
8325.0,10,404.0,10.91891891891892,7.675623442996468,10,404.0,0.3522006733629792,10,404.0,-0.6800000000000002
8330.0,9,210.0,5.675675675675675,6.5526797747934715,9,210.0,0.26473879963140123,9,210.0,1.94
8335.0,6,58.0,1.5675675675675675,7.508690833985926,6,-32.0,0.3376059835533289,6,-32.0,2.42
8340.0,5,75.0,2.142857142857143,8.122601453656863,5,75.0,0.3932642694046128,5,75.0,-1.07
8345.0,9,85.0,2.1794871794871793,7.009499364293201,9,85.0,0.2796325232065724,9,85.0,-0.09999999999999998
8350.0,11,139.0,3.9714285714285715,7.679408355994537,11,117.0,0.33120470650929695,11,117.0,-0.31999999999999995
8355.0,14,197.0,5.184210526315789,6.6061730367344484,14,197.0,0.23680560651748592,14,197.0,-0.8
8360.0,11,179.0,4.7105263157894735,7.5525505003606295,11,179.0,0.31031467562224596,11,179.0,0.17999999999999994
8365.0,13,224.0,5.894736842105263,7.197094786922044,13,188.0,0.3054473929357249,13,188.0,-0.08999999999999986
8370.0,12,281.0,7.394736842105263,7.438160663836195,12,281.0,0.3335583678531724,12,281.0,-0.9300000000000002
8375.0,9,215.0,6.142857142857143,7.5665588908501915,9,215.0,0.35429714613280455,9,215.0,0.6600000000000001
8380.0,8,226.0,6.277777777777778,6.848292902094151,8,183.0,0.2891417307128861,8,183.0,0.31999999999999984
8385.0,10,275.0,7.857142857142857,7.640596226670525,10,275.0,0.3516994886481758,10,275.0,-0.9199999999999999
8390.0,11,322.0,8.702702702702704,6.327158247484536,11,322.0,0.2520376289926608,11,322.0,-0.4700000000000002
8395.0,12,382.0,11.235294117647058,7.0918909853060335,12,378.0,0.29794568743057526,12,378.0,-0.5599999999999996
8400.0,12,442.0,13.393939393939394,7.176128119357555,12,442.0,0.3087273572586638,12,442.0,-0.6400000000000001
8405.0,11,323.0,8.72972972972973,6.643529379137467,11,323.0,0.2523561886963716,11,323.0,1.19
8410.0,7,117.0,3.1621621621621623,7.541980047754936,7,59.0,0.3254644933493831,7,59.0,2.64
8415.0,6,110.0,2.8205128205128207,7.538288994638374,6,110.0,0.3373730408147551,6,110.0,-0.5100000000000001
8420.0,7,70.0,1.8421052631578947,7.775744064173662,7,70.0,0.3473673886964807,7,70.0,0.40000000000000013
8425.0,13,107.0,2.8157894736842106,6.520158102282241,13,79.0,0.2592081493086734,13,79.0,-0.09000000000000008
8430.0,11,161.0,4.472222222222222,7.250308592337228,11,161.0,0.32453717632548607,11,161.0,-0.8200000000000001
8435.0,9,169.0,4.828571428571428,7.330613821256507,9,169.0,0.32939282867139863,9,169.0,-0.07999999999999985
8440.0,8,145.0,3.918918918918919,6.6108682250454365,8,132.0,0.2669205713682422,8,132.0,0.3699999999999999
8445.0,8,185.0,5.138888888888889,7.948158471234341,8,185.0,0.3604479345302147,8,185.0,-0.53
8450.0,10,131.0,3.358974358974359,6.455987029033695,10,131.0,0.2311079503439889,10,131.0,0.54
8455.0,9,164.0,4.4324324324324325,7.7444375289664205,9,125.0,0.3354912097750063,9,125.0,0.06000000000000005
8460.0,9,209.0,5.805555555555555,7.743576858298845,9,209.0,0.3542921968963042,9,209.0,-0.8399999999999999
8465.0,9,213.0,5.325,7.060062538469128,9,213.0,0.29298410515963846,9,213.0,-0.040000000000000036
8470.0,8,230.0,6.052631578947368,7.745299288451777,8,217.0,0.34258930982819186,8,217.0,-0.040000000000000036
8475.0,8,266.0,6.82051282051282,7.035658734140202,8,266.0,0.2837773333047726,8,266.0,-0.4900000000000002
8480.0,10,179.0,4.589743589743589,7.649275256199033,10,179.0,0.32981315328784594,10,179.0,0.8700000000000001
8485.0,14,230.0,5.897435897435898,6.7110321829740744,14,135.0,0.27590707059692027,14,135.0,0.43999999999999995
8490.0,13,293.0,7.7105263157894735,7.248900005085106,13,293.0,0.3142035821384721,13,293.0,-1.58
8495.0,10,191.0,5.162162162162162,7.415041206544949,10,191.0,0.3105607614388544,10,191.0,1.0200000000000002
8500.0,10,166.0,4.486486486486487,6.580571130169314,10,107.0,0.27353582419415146,10,107.0,0.8399999999999999
8505.0,10,216.0,6.0,7.530331181018736,10,216.0,0.3591724058539323,10,216.0,-1.09
8510.0,12,268.0,6.871794871794871,6.29224385167061,12,268.0,0.2603109611225901,12,268.0,-0.52
8515.0,9,207.0,5.447368421052632,7.054482776879212,9,207.0,0.3087670805089925,9,207.0,0.6100000000000003
8520.0,7,218.0,6.228571428571429,8.00720085236492,7,171.0,0.38628818371995005,7,171.0,0.3599999999999999
8525.0,9,256.0,7.111111111111111,7.3942820863954335,9,256.0,0.33510214613029554,9,256.0,-0.8500000000000001
8530.0,7,145.0,4.027777777777778,8.172681639002155,7,145.0,0.3763071773711863,7,145.0,1.11
8535.0,5,58.0,1.5263157894736843,7.341682427724744,5,9.0,0.2891556993838542,5,9.0,1.3599999999999999
8540.0,5,82.0,2.2777777777777777,8.681843014643432,5,82.0,0.41306568684298256,5,82.0,-0.73
8545.0,9,63.0,1.6153846153846154,7.751173294120409,9,63.0,0.33693766142320786,9,63.0,0.18999999999999995
8550.0,11,112.0,2.9473684210526314,7.94632972762459,11,70.0,0.33471505483073705,11,70.0,-0.06999999999999995
8555.0,11,167.0,4.771428571428571,8.013712686829992,11,167.0,0.35824965371328293,11,167.0,-0.97
8560.0,9,151.0,4.194444444444445,7.31854742079514,9,151.0,0.31398112415848856,9,151.0,0.15999999999999992
8565.0,10,199.0,5.527777777777778,7.790879352192282,10,168.0,0.35100739943004633,10,168.0,-0.16999999999999993
8570.0,12,250.0,6.578947368421052,6.979842157439307,12,250.0,0.2966742276560723,12,250.0,-0.8200000000000001
8575.0,9,217.0,6.2,7.204059913962288,9,217.0,0.3146968031044687,9,217.0,0.33000000000000007
8580.0,5,161.0,5.03125,8.325060913569388,5,134.0,0.4057310400369226,5,134.0,0.8299999999999998
8585.0,7,190.0,5.428571428571429,7.7111519493508,7,190.0,0.36864920542350693,7,190.0,-0.5599999999999998
8590.0,7,225.0,6.617647058823529,8.47442317665345,7,225.0,0.4397236905513955,7,225.0,-0.3500000000000001
8595.0,5,84.0,2.3333333333333335,7.655004178985728,5,84.0,0.38244051200845175,5,84.0,1.4100000000000001
8600.0,3,28.0,0.8235294117647058,8.420277001253403,3,-35.0,0.4491404440510077,3,-35.0,1.19
8605.0,6,43.0,1.1944444444444444,8.753503978675234,6,43.0,0.5050901998876899,6,43.0,-0.78
8610.0,5,63.0,1.75,8.767863824327446,5,63.0,0.4920252932959297,5,63.0,-0.2
8615.0,2,26.0,0.7222222222222222,9.027446282310079,2,26.0,0.5077508120281268,2,26.0,0.37
8620.0,4,39.0,1.0263157894736843,7.892229292236167,4,12.0,0.3705614058405624,4,12.0,0.14
8625.0,5,63.0,1.75,8.792995474679977,5,63.0,0.45925399552046464,5,63.0,-0.51
8630.0,4,79.0,2.135135135135135,8.391283118553954,4,79.0,0.4017593385801551,4,79.0,-0.16000000000000003
8635.0,6,108.0,3.085714285714286,8.513560436994641,6,104.0,0.3787629831870912,6,104.0,-0.25
8640.0,7,143.0,4.085714285714285,8.122865592328703,7,143.0,0.3427458339542541,7,143.0,-0.3899999999999999
8645.0,8,172.0,4.526315789473684,7.56352777756215,8,172.0,0.30546113847744216,8,172.0,-0.29000000000000004
8650.0,8,212.0,6.057142857142857,8.130956760387503,8,203.0,0.3810001856150741,8,203.0,-0.30999999999999983
8655.0,10,257.0,7.5588235294117645,7.0516745254066775,10,257.0,0.34740961807694204,10,257.0,-0.54
8660.0,10,307.0,9.303030303030303,7.737451174017592,10,307.0,0.3836098051583767,10,307.0,-0.5
8665.0,13,357.0,9.916666666666666,6.915745998734622,13,357.0,0.3015617470983258,13,357.0,-0.5
8670.0,13,416.0,12.235294117647058,6.7549852556593715,13,416.0,0.29414756297343747,13,416.0,-0.5900000000000003
8675.0,10,278.0,9.266666666666667,6.866821184587637,10,278.0,0.33978495172224715,10,278.0,1.3800000000000003
8680.0,7,198.0,6.6,6.165303518921006,7,123.0,0.3130959856309126,7,123.0,1.5499999999999998
8685.0,9,241.0,8.033333333333333,7.089472275996513,9,241.0,0.37059830523819004,9,241.0,-1.1800000000000002
8690.0,12,282.0,8.545454545454545,5.432192572556727,12,282.0,0.23793839819525922,12,282.0,-0.4099999999999997
8695.0,14,351.0,10.96875,6.101008431405443,14,344.0,0.26646622773611156,14,344.0,-0.6200000000000001
8700.0,14,421.0,13.15625,6.121535895356675,14,421.0,0.26144993759552043,14,421.0,-0.77
8705.0,14,449.0,13.205882352941176,5.285087323349625,14,449.0,0.21306446726303022,14,449.0,-0.28000000000000025
8710.0,12,493.0,14.5,6.442711572422073,12,480.0,0.29127484339926546,12,480.0,-0.3099999999999996
8715.0,14,557.0,15.472222222222221,5.927303122931449,14,557.0,0.2619006390521407,14,557.0,-0.7700000000000005
8720.0,12,365.0,10.13888888888889,6.484718569249402,12,365.0,0.2803113468585799,12,365.0,1.9200000000000004
8725.0,11,192.0,4.923076923076923,6.496111324056995,11,96.0,0.26799374708147145,11,96.0,2.69
8730.0,8,216.0,5.684210526315789,7.867969472011332,8,216.0,0.37787077713696515,8,216.0,-1.2000000000000002
8735.0,8,256.0,6.7368421052631575,8.129032327505229,8,256.0,0.39223309406187346,8,256.0,-0.3999999999999999
8740.0,10,129.0,3.1463414634146343,6.684816309012752,10,129.0,0.2729064816986933,10,129.0,1.27
8745.0,7,80.0,2.1621621621621623,7.4359339968659945,7,12.0,0.35137912355391054,7,12.0,1.17
8750.0,8,116.0,2.9743589743589745,6.977388315680905,8,116.0,0.3205294712480478,8,116.0,-1.04
8755.0,9,118.0,3.0256410256410255,7.3511499038245915,9,118.0,0.3322833188428355,9,118.0,-0.020000000000000018
8760.0,8,152.0,4.0,7.525892770532419,8,139.0,0.33643070625595095,8,139.0,-0.20999999999999996
8765.0,10,199.0,4.975,7.007441901029604,10,199.0,0.3125103435911876,10,199.0,-0.6000000000000001
8770.0,7,198.0,5.076923076923077,7.683408115269663,7,198.0,0.3794783695655336,7,198.0,0.010000000000000009
8775.0,8,221.0,5.390243902439025,7.1019712672422175,8,208.0,0.30989002150424655,8,208.0,-0.10000000000000009
8780.0,8,261.0,6.525,8.239786867684376,8,261.0,0.40339644035691335,8,261.0,-0.5299999999999998
8785.0,8,126.0,2.9302325581395348,7.584697788189695,8,126.0,0.32610267762371437,8,126.0,1.3499999999999999
8790.0,4,73.0,1.7380952380952381,8.495742057430093,4,10.0,0.40448973081353296,4,10.0,1.16
8795.0,4,93.0,2.4473684210526314,9.196510383909407,4,93.0,0.4753694296686183,4,93.0,-0.8300000000000001
8800.0,6,83.0,2.075,7.81970709034862,6,83.0,0.3284460108451692,6,83.0,0.10000000000000009
8805.0,7,116.0,3.0526315789473686,8.647918512380022,7,96.0,0.3956738557159898,7,96.0,-0.13
8810.0,9,152.0,4.0,8.306275701530504,9,152.0,0.3595900705027863,9,152.0,-0.56
8815.0,6,145.0,4.264705882352941,8.175574404950853,6,145.0,0.35097237838400025,6,145.0,0.07000000000000006
8820.0,5,164.0,5.125,8.349344059883771,5,151.0,0.3934192865476107,5,151.0,-0.06000000000000005
8825.0,7,195.0,5.416666666666667,7.815766434746458,7,195.0,0.3413271972189605,7,195.0,-0.43999999999999995
8830.0,5,111.0,3.3636363636363638,8.589340795787816,5,111.0,0.4092628057011247,5,111.0,0.8399999999999999
8835.0,7,138.0,3.942857142857143,7.625475429347179,7,52.0,0.3207943015318663,7,52.0,0.5900000000000001
8840.0,8,178.0,5.235294117647059,8.778206470191968,8,178.0,0.4027699638728558,8,178.0,-1.26
8845.0,10,207.0,5.75,8.069280434079323,10,207.0,0.32600126539936036,10,207.0,-0.2899999999999998
8850.0,9,248.0,7.515151515151516,8.196577790651551,9,242.0,0.35994155019649227,9,242.0,-0.3500000000000001
8855.0,9,293.0,9.451612903225806,8.157992276894683,9,293.0,0.3820200380229079,9,293.0,-0.5100000000000002
8860.0,12,346.0,10.8125,6.393127307410186,12,346.0,0.2622240517660872,12,346.0,-0.5299999999999998
8865.0,9,315.0,9.84375,7.350187310682198,9,315.0,0.31636588494380674,9,315.0,0.31000000000000005
8870.0,9,349.0,9.971428571428572,6.868114406991052,9,311.0,0.28469616233901807,9,311.0,0.040000000000000036
8875.0,10,398.0,11.705882352941176,7.541139067778961,10,398.0,0.34042851187985423,10,398.0,-0.8700000000000001
8880.0,7,203.0,6.548387096774194,7.485083164887072,7,203.0,0.32794224164773406,7,203.0,1.9500000000000002
8885.0,5,50.0,1.5151515151515151,7.36813989352306,5,-39.0,0.3202894054702672,5,-39.0,2.42
8890.0,4,66.0,2.0625,8.995653335681924,4,66.0,0.44679447319016663,4,66.0,-1.05
8895.0,5,55.0,1.6176470588235294,7.310983316107558,5,55.0,0.3221215607077863,5,55.0,0.10999999999999999
8900.0,8,94.0,2.9375,8.312910906760328,8,75.0,0.38501378301654204,8,75.0,-0.19999999999999996
8905.0,11,134.0,3.9411764705882355,7.528165639727713,11,134.0,0.3251011083733908,11,134.0,-0.5900000000000001
8910.0,10,132.0,3.8823529411764706,7.980587018720381,10,132.0,0.33655011621141984,10,132.0,0.020000000000000018
8915.0,10,182.0,5.352941176470588,8.404960823885125,10,135.0,0.3588934913736513,10,135.0,-0.030000000000000027
8920.0,13,239.0,6.638888888888889,6.714715567141507,13,239.0,0.2382503848321471,13,239.0,-1.04
8925.0,10,208.0,5.777777777777778,7.546875995459601,10,208.0,0.3015928641904003,10,208.0,0.31000000000000005
8930.0,7,152.0,4.222222222222222,7.012050115977093,7,124.0,0.27963002759057615,7,124.0,0.8400000000000001
8935.0,8,190.0,5.757575757575758,7.873738947073042,8,190.0,0.37430609243513624,8,190.0,-0.6599999999999999
8940.0,8,230.0,7.419354838709677,7.610326997242538,8,230.0,0.36254942107481525,8,230.0,-0.3999999999999999
8945.0,8,129.0,3.6857142857142855,6.682543558138355,8,129.0,0.28163180103887797,8,129.0,1.0099999999999998
8950.0,5,106.0,3.1176470588235294,8.417523196967856,5,49.0,0.41304705777220346,5,49.0,0.8
8955.0,6,133.0,3.8,8.115849183150399,6,133.0,0.3824544136826592,6,133.0,-0.8400000000000001
8960.0,6,52.0,1.5294117647058822,8.550342304249952,6,52.0,0.3994008019722205,6,52.0,0.81
8965.0,8,47.0,1.3428571428571427,7.428197261621325,8,1.0,0.3077851128375165,8,1.0,0.51
8970.0,6,75.0,2.142857142857143,8.422455231036023,6,75.0,0.37969492796847765,6,75.0,-0.74
8975.0,9,114.0,3.3529411764705883,8.254778256615808,9,114.0,0.35859793291874276,9,114.0,-0.3899999999999999
8980.0,12,167.0,4.513513513513513,6.890477473827181,12,167.0,0.24527156794536523,12,167.0,-0.53
8985.0,12,227.0,6.135135135135135,7.701737794391151,12,227.0,0.3011865459053055,12,227.0,-0.6000000000000001
8990.0,12,185.0,4.868421052631579,6.330845039121118,12,185.0,0.20077743386956232,12,185.0,0.41999999999999993
8995.0,10,222.0,6.166666666666667,7.501249358327574,10,180.0,0.3117724727559988,10,180.0,0.050000000000000044
9000.0,10,272.0,8.242424242424242,7.03652988588116,10,272.0,0.3078243428660452,10,272.0,-0.9200000000000002
9005.0,10,234.0,6.882352941176471,6.278743730326722,10,234.0,0.27692406332582875,10,234.0,0.38000000000000034
9010.0,7,221.0,6.90625,7.5617765446857685,7,192.0,0.35165917836743404,7,192.0,0.41999999999999993
9015.0,9,260.0,7.428571428571429,7.084948812354611,9,260.0,0.3181366354019475,9,260.0,-0.6800000000000002
9020.0,8,130.0,3.7142857142857144,7.7060454722943925,8,130.0,0.3544936300550146,8,130.0,1.3
9025.0,7,48.0,1.263157894736842,7.419369917492739,7,-10.0,0.3195458427524855,7,-10.0,1.4000000000000001
9030.0,6,77.0,2.264705882352941,8.748523268429075,6,77.0,0.42721053736166553,6,77.0,-0.87
9035.0,6,69.0,2.0294117647058822,8.678770420196713,6,69.0,0.4155780634424092,6,69.0,0.08000000000000007
9040.0,9,104.0,2.810810810810811,7.158774413160003,9,91.0,0.2701155608367169,9,91.0,-0.22000000000000008
9045.0,9,149.0,4.138888888888889,8.135616943156021,9,149.0,0.3619649246864363,9,149.0,-0.58
9050.0,8,148.0,4.0,6.803981693208013,8,148.0,0.2656275794424244,8,148.0,0.010000000000000009
9055.0,8,174.0,4.9714285714285715,7.645267282247158,8,161.0,0.3344390181637955,8,161.0,-0.13000000000000012
9060.0,8,214.0,6.294117647058823,8.217659883142344,8,214.0,0.3795786402903244,8,214.0,-0.53
9065.0,10,236.0,6.378378378378378,7.030203209702936,10,236.0,0.2772748153426175,10,236.0,-0.21999999999999975
9070.0,10,286.0,8.411764705882353,7.7501460479989435,10,265.0,0.32399905553019054,10,265.0,-0.29000000000000004
9075.0,12,340.0,9.18918918918919,6.797389993495811,12,340.0,0.2367975485875121,12,340.0,-0.75
9080.0,10,207.0,5.75,7.667753735384092,10,207.0,0.29926284250659896,10,207.0,1.33
9085.0,8,138.0,3.8333333333333335,7.350606748752065,8,66.0,0.2946663989769876,8,66.0,1.4099999999999997
9090.0,8,177.0,5.057142857142857,8.315199204362903,8,177.0,0.3729140487527121,8,177.0,-1.1099999999999999
9095.0,8,163.0,4.794117647058823,7.855465947759067,8,163.0,0.35252318746593514,8,163.0,0.14000000000000012
9100.0,10,210.0,5.833333333333333,7.034622498277515,10,184.0,0.2795989415198283,10,184.0,-0.2100000000000002
9105.0,11,265.0,8.030303030303031,7.691936282285447,11,265.0,0.34983906830175193,11,265.0,-0.8099999999999998
9110.0,10,271.0,7.970588235294118,6.464839579774399,10,271.0,0.2515063450551804,10,271.0,-0.06000000000000005
9115.0,9,301.0,9.121212121212121,7.273847895240896,9,288.0,0.32702518287033266,9,288.0,-0.16999999999999993
9120.0,9,346.0,10.484848484848484,7.7254142844055,9,346.0,0.3641642032786744,9,346.0,-0.5800000000000001
9125.0,9,183.0,5.083333333333333,6.615956420213665,9,183.0,0.27859909993524556,9,183.0,1.63
9130.0,4,62.0,1.7222222222222223,8.103261384899914,4,-12.0,0.38597884423727874,4,-12.0,1.9500000000000002
9135.0,4,82.0,2.2162162162162162,8.289777780597644,4,82.0,0.40885083484651014,4,82.0,-0.94
9140.0,7,96.0,2.742857142857143,7.893690974654656,7,96.0,0.37924137379828177,7,96.0,-0.14
9145.0,11,136.0,3.5789473684210527,7.623110058481112,11,125.0,0.33903981177380255,11,125.0,-0.29000000000000004
9150.0,10,184.0,4.972972972972973,8.283654204829798,10,184.0,0.3729479634082782,10,184.0,-0.5900000000000001
9155.0,7,139.0,3.7567567567567566,8.720683301723971,7,139.0,0.4250709424029846,7,139.0,0.4500000000000002
9160.0,9,165.0,4.45945945945946,7.435270040883771,9,126.0,0.3066862802583295,9,126.0,0.1299999999999999
9165.0,9,210.0,5.833333333333333,8.238219437121604,9,210.0,0.3831615583104431,9,210.0,-0.8400000000000001
9170.0,7,161.0,4.735294117647059,7.204998343018111,7,161.0,0.3324905180226948,7,161.0,0.49
9175.0,6,115.0,3.3823529411764706,7.444512414549637,6,87.0,0.32509932463043095,6,87.0,0.7400000000000001
9180.0,5,139.0,4.212121212121212,8.09524492314122,5,139.0,0.3875854712340021,5,139.0,-0.5199999999999999
9185.0,8,64.0,1.7777777777777777,7.188308670223312,8,64.0,0.3269018014632724,8,64.0,0.7499999999999999
9190.0,10,111.0,3.3636363636363638,7.493348205399191,10,31.0,0.3539151230564299,10,31.0,0.33
9195.0,12,164.0,4.555555555555555,6.507294267221887,12,164.0,0.2694337443179413,12,164.0,-1.3299999999999998
9200.0,10,146.0,4.171428571428572,7.360191172968345,10,146.0,0.32850159415349456,10,146.0,0.17999999999999994
9205.0,13,186.0,4.894736842105263,7.379104363355557,13,150.0,0.33074960842718054,13,150.0,-0.040000000000000036
9210.0,10,236.0,6.742857142857143,7.931715601203728,10,236.0,0.38434469888335093,10,236.0,-0.8599999999999999
9215.0,8,190.0,5.588235294117647,7.749336011683666,8,190.0,0.3699570301490029,8,190.0,0.45999999999999996
9220.0,7,124.0,3.3513513513513513,6.885580250245125,7,95.0,0.2977620293409127,7,95.0,0.95
9225.0,7,159.0,4.818181818181818,8.018180881140907,7,159.0,0.41455747934539844,7,159.0,-0.6400000000000001
9230.0,7,60.0,1.6666666666666667,6.704506247729767,7,60.0,0.2991177941282062,7,60.0,0.9900000000000001
9235.0,7,62.0,1.8235294117647058,7.371512940627643,7,11.0,0.361117703214242,7,11.0,0.49
9240.0,7,97.0,3.03125,7.997088240032474,7,97.0,0.4238340974154423,7,97.0,-0.86
9245.0,8,91.0,2.5277777777777777,6.994750018024024,8,91.0,0.31516555703729104,8,91.0,0.05999999999999994
9250.0,7,105.0,2.9166666666666665,7.664116799771508,7,92.0,0.3602742272996925,7,92.0,-0.010000000000000009
9255.0,7,135.0,3.4615384615384617,7.278504374712047,7,135.0,0.3224470724980702,7,135.0,-0.43000000000000005
9260.0,10,142.0,3.8378378378378377,7.486431477671374,10,142.0,0.3537919262558,10,142.0,-0.06999999999999984
9265.0,13,192.0,4.8,6.8702213934718985,13,156.0,0.2943227173388633,13,156.0,-0.14000000000000012
9270.0,13,254.0,6.512820512820513,7.003331140915407,13,254.0,0.29577195459959377,13,254.0,-0.98
9275.0,10,236.0,6.051282051282051,7.1495551179027705,10,236.0,0.30816787550613645,10,236.0,0.18000000000000016
9280.0,11,279.0,7.75,6.283645784035551,11,251.0,0.27758050691733105,11,251.0,-0.1499999999999999
9285.0,12,338.0,9.657142857142857,6.934380573196267,12,338.0,0.335427472050166,12,338.0,-0.8700000000000001
9290.0,13,392.0,10.31578947368421,5.908188183759934,13,392.0,0.24102054237039375,13,392.0,-0.54
9295.0,14,460.0,12.432432432432432,6.462455331957469,14,456.0,0.27632954914860003,14,456.0,-0.6399999999999997
9300.0,14,530.0,15.142857142857142,6.070780699653228,14,530.0,0.24776584315089453,14,530.0,-0.7400000000000002
9305.0,14,388.0,10.486486486486486,5.65809311582658,14,388.0,0.22822972520909937,14,388.0,1.42
9310.0,9,292.0,7.891891891891892,6.620131399843176,9,210.0,0.30901337913819815,9,210.0,1.7799999999999998
9315.0,11,340.0,9.18918918918919,6.07309542044376,11,340.0,0.29238669568340564,11,340.0,-1.2999999999999998
9320.0,11,395.0,10.972222222222221,7.089116346067455,11,395.0,0.3543654595941369,11,395.0,-0.5500000000000003
9325.0,12,249.0,6.384615384615385,6.662107542713348,12,249.0,0.31550964493196837,12,249.0,1.46
9330.0,7,101.0,2.58974358974359,7.4271603749770705,7,37.0,0.3448255694433771,7,37.0,2.12
9335.0,6,126.0,3.230769230769231,8.31066754376809,6,126.0,0.42052761594381094,6,126.0,-0.89
9340.0,9,134.0,3.268292682926829,6.6765842981683035,9,134.0,0.27244277229971287,9,134.0,-0.08000000000000007
9345.0,12,189.0,4.973684210526316,7.121271272186325,12,176.0,0.3041063382070892,12,176.0,-0.41999999999999993
9350.0,11,243.0,6.075,6.784270417246098,11,242.0,0.2559234664641392,11,242.0,-0.6599999999999999
9355.0,11,154.0,3.948717948717949,7.282451182139048,11,154.0,0.2856718660568024,11,154.0,0.8799999999999999
9360.0,8,144.0,3.789473684210526,7.538204803544421,8,86.0,0.319169015817351,8,86.0,0.68
9365.0,10,191.0,4.775,7.385006462570078,10,191.0,0.320007230223274,10,191.0,-1.0499999999999998
9370.0,9,150.0,4.054054054054054,7.71224226443248,9,150.0,0.35172885674620524,9,150.0,0.4099999999999999
9375.0,8,90.0,2.3076923076923075,6.756342278728934,8,62.0,0.2594085041361998,8,62.0,0.88
9380.0,7,124.0,3.1794871794871793,8.083400311365972,7,124.0,0.36625074210272196,7,124.0,-0.62
9385.0,13,123.0,3.1538461538461537,6.308907273569904,13,123.0,0.24709933661752945,13,123.0,0.010000000000000009
9390.0,14,192.0,5.052631578947368,6.823756410371064,14,151.0,0.2837653153655331,14,151.0,-0.28
9395.0,14,262.0,7.277777777777778,6.967490201264281,14,262.0,0.29104722700096364,14,262.0,-1.11
9400.0,15,249.0,6.72972972972973,5.7177420817060804,15,249.0,0.20766838254794984,15,249.0,0.1299999999999999
9405.0,13,298.0,8.054054054054054,6.650235320658811,13,270.0,0.28299077103024667,13,270.0,-0.20999999999999996
9410.0,15,366.0,9.384615384615385,5.911751851388803,15,366.0,0.24255396575610372,15,366.0,-0.96
9415.0,13,287.0,7.552631578947368,6.308580931601472,13,287.0,0.2577487515186966,13,287.0,0.79
9420.0,10,282.0,7.833333333333333,6.395451539830319,10,223.0,0.26838904831265636,10,223.0,0.6400000000000001
9425.0,12,340.0,8.717948717948717,6.677521655838297,12,340.0,0.2859053339285248,12,340.0,-1.17
9430.0,12,400.0,11.11111111111111,6.966105306103373,12,400.0,0.3161121227062923,12,400.0,-0.6000000000000001
9435.0,10,304.0,7.794871794871795,6.616428266336497,10,304.0,0.27302512877593316,10,304.0,0.96
9440.0,7,120.0,3.2432432432432434,7.29701574104835,7,71.0,0.33352351074555275,7,71.0,2.33
9445.0,8,117.0,2.925,7.585233149746381,8,117.0,0.3462347651004969,8,117.0,-0.45999999999999996
9450.0,7,150.0,3.75,8.438116767214833,7,150.0,0.4006617169131699,7,150.0,-0.33000000000000007
9455.0,7,96.0,2.4,7.870129055558761,7,96.0,0.3611801522823274,7,96.0,0.54
9460.0,9,124.0,2.883720930232558,7.217214559126854,9,86.0,0.2815474402120955,9,86.0,0.09999999999999998
9465.0,9,169.0,4.225,8.239166657238982,9,169.0,0.3800237113445728,9,169.0,-0.83
9470.0,9,165.0,4.024390243902439,7.104483385664084,9,165.0,0.2683729967980486,9,165.0,0.040000000000000036
9475.0,8,186.0,4.65,7.864424115064821,8,173.0,0.31073797259172375,8,173.0,-0.08000000000000007
9480.0,7,220.0,6.111111111111111,8.053134228751395,7,220.0,0.33281964426900357,7,220.0,-0.4700000000000002
9485.0,9,157.0,4.0256410256410255,7.216510491821142,9,157.0,0.2835321363881688,9,157.0,0.6300000000000001
9490.0,7,173.0,4.552631578947368,7.83993104586342,7,131.0,0.34812433038711305,7,131.0,0.26
9495.0,9,210.0,5.121951219512195,7.26191919950355,9,210.0,0.2944696284189572,9,210.0,-0.79
9500.0,8,205.0,5.256410256410256,8.004914684628053,8,205.0,0.3738709000807787,8,205.0,0.050000000000000266
9505.0,11,245.0,6.282051282051282,7.546828002692086,11,221.0,0.35251302116415023,11,221.0,-0.16000000000000014
9510.0,10,294.0,8.166666666666666,7.896712490477362,10,294.0,0.37763060977592017,10,294.0,-0.73
9515.0,10,344.0,10.424242424242424,8.27875124832236,10,344.0,0.40954642000873165,10,344.0,-0.5
9520.0,11,285.0,8.142857142857142,6.451191262635105,11,285.0,0.24759664465779221,11,285.0,0.5899999999999999
9525.0,8,282.0,8.294117647058824,7.551011637550751,8,248.0,0.35174617294384125,8,248.0,0.3700000000000001
9530.0,8,322.0,8.944444444444445,7.10836704231578,8,322.0,0.3338385698293171,8,322.0,-0.7400000000000002
9535.0,9,272.0,8.0,6.856077410818077,9,272.0,0.3102444065723009,9,272.0,0.5
9540.0,8,288.0,8.470588235294118,7.499775595944182,8,256.0,0.3409449907761548,8,256.0,0.16000000000000014
9545.0,9,326.0,8.578947368421053,7.063738802068663,9,325.0,0.2755012250834385,9,325.0,-0.69
9550.0,9,324.0,8.526315789473685,7.838123987762231,9,324.0,0.33088328330520594,9,324.0,0.009999999999999787
9555.0,11,372.0,10.054054054054054,7.137352283557471,11,346.0,0.2811750539513574,11,346.0,-0.21999999999999975
9560.0,11,427.0,12.558823529411764,7.925703401566983,11,427.0,0.3562680343876079,11,427.0,-0.8099999999999996
9565.0,11,428.0,11.88888888888889,6.840874515398485,11,428.0,0.27645102199580496,11,428.0,-0.010000000000000675
9570.0,9,459.0,13.114285714285714,7.6945955495113445,9,445.0,0.34294320980362175,9,445.0,-0.16999999999999993
9575.0,9,504.0,14.4,8.156291699775144,9,504.0,0.38570331912530303,9,504.0,-0.5899999999999999
9580.0,10,541.0,15.027777777777779,6.688265100309067,10,541.0,0.2650482494704856,10,541.0,-0.3700000000000001
9585.0,11,596.0,17.02857142857143,7.426813265095161,11,587.0,0.3166010642446688,11,587.0,-0.45999999999999996
9590.0,12,653.0,17.64864864864865,7.020817327669868,12,653.0,0.3023558377094732,12,653.0,-0.6600000000000001
9595.0,12,541.0,15.027777777777779,7.034338575225124,12,541.0,0.28697367718393396,12,541.0,1.12
9600.0,8,476.0,13.6,7.233012622880983,8,474.0,0.29108789889696923,8,474.0,0.6699999999999999
9605.0,8,508.0,13.368421052631579,7.179360880577135,8,507.0,0.2995880779173616,8,507.0,-0.33000000000000007
9610.0,8,548.0,14.81081081081081,8.02496538670129,8,548.0,0.38521568310996335,8,548.0,-0.41000000000000014
9615.0,9,126.0,3.4054054054054053,6.670024472619513,9,126.0,0.28560387456089803,9,126.0,4.220000000000001
9620.0,9,133.0,3.5945945945945947,7.999690443961739,9,-77.0,0.36525386797837284,9,-77.0,2.0300000000000002
9625.0,12,178.0,4.564102564102564,7.078158917272385,12,178.0,0.2904088441774094,12,178.0,-2.55
9630.0,9,122.0,3.2972972972972974,7.610006945694971,9,122.0,0.332923315405342,9,122.0,0.56
9635.0,7,137.0,4.029411764705882,8.117778494287917,7,92.0,0.3852849844464498,7,92.0,0.29999999999999993
9640.0,10,179.0,4.972222222222222,7.0652277845304985,10,179.0,0.3244133163470371,10,179.0,-0.87
9645.0,8,140.0,4.0,7.591774431561358,8,140.0,0.36795696631491437,8,140.0,0.3900000000000001
9650.0,8,168.0,4.421052631578948,7.304089668530139,8,131.0,0.32147587458316373,8,131.0,0.08999999999999986
9655.0,9,209.0,5.5,7.887379195039642,9,209.0,0.3596729538255029,9,209.0,-0.7799999999999998
9660.0,6,114.0,3.1666666666666665,7.876915049763942,6,114.0,0.36355102336945666,6,114.0,0.95
9665.0,5,65.0,1.7105263157894737,7.570998023267219,5,22.0,0.3222301201738659,5,22.0,0.9199999999999999
9670.0,5,87.0,2.3513513513513513,8.274989145232748,5,87.0,0.37721232619399725,5,87.0,-0.65
9675.0,9,87.0,2.289473684210526,7.11900326163439,9,87.0,0.29419969522335515,9,87.0,0.0
9680.0,11,141.0,4.0285714285714285,7.752234574635554,11,109.0,0.34674808743303315,11,109.0,-0.22000000000000008
9685.0,14,196.0,5.157894736842105,6.688679585678652,14,196.0,0.2593910966717199,14,196.0,-0.8699999999999999
9690.0,11,211.0,5.702702702702703,7.239507788317435,11,211.0,0.30597588165002837,11,211.0,-0.1499999999999999
9695.0,8,215.0,6.142857142857143,7.863073387581075,8,201.0,0.3630097532933039,8,201.0,0.10000000000000009
9700.0,10,260.0,7.222222222222222,7.224682391438189,10,260.0,0.3328479754018374,10,260.0,-0.5900000000000003
9705.0,10,231.0,7.0,6.936696032589639,10,231.0,0.32082506040757974,10,231.0,0.29000000000000004
9710.0,10,270.0,7.714285714285714,6.5792497379673796,10,237.0,0.29465680666538097,10,237.0,-0.06000000000000005
9715.0,11,322.0,9.470588235294118,7.485121089527164,11,322.0,0.34704577912647033,11,322.0,-0.8500000000000001
9720.0,8,175.0,5.46875,7.195875588708464,8,175.0,0.3292912458059546,8,175.0,1.4700000000000002
9725.0,5,83.0,2.3714285714285714,7.051117972165426,5,10.0,0.32338031193402045,5,10.0,1.65
9730.0,6,113.0,3.323529411764706,8.410089370842469,6,113.0,0.4409395078735296,6,113.0,-1.0299999999999998
9735.0,7,144.0,3.891891891891892,7.681888047857662,7,144.0,0.37666425871488834,7,144.0,-0.31000000000000005
9740.0,6,83.0,2.2432432432432434,8.007623926842045,6,83.0,0.3912375405086666,6,83.0,0.61
9745.0,7,78.0,2.0,7.819329066160178,7,45.0,0.38129682253913505,7,45.0,0.37999999999999995
9750.0,6,104.0,2.736842105263158,8.589725529380916,6,104.0,0.4347357667421635,6,104.0,-0.5900000000000001
9755.0,6,85.0,2.4285714285714284,8.717963306890367,6,85.0,0.4454569933767398,6,85.0,0.19000000000000006
9760.0,8,119.0,3.1315789473684212,7.689374208126443,8,72.0,0.3188795385042901,8,72.0,0.13
9765.0,9,163.0,4.2894736842105265,8.352902960285894,9,163.0,0.3734052795577036,9,163.0,-0.9099999999999999
9770.0,8,182.0,4.439024390243903,7.253600417386305,8,182.0,0.25063344638730106,8,182.0,-0.19000000000000017
9775.0,9,227.0,5.973684210526316,8.002580663883624,9,214.0,0.34738474040362544,9,214.0,-0.32000000000000006
9780.0,9,272.0,7.771428571428571,7.763082855761979,9,272.0,0.34355545549499966,9,272.0,-0.5800000000000001
9785.0,9,214.0,5.944444444444445,7.120981668172129,8,213.0,0.304018398755652,8,213.0,0.5900000000000003
9790.0,6,224.0,6.588235294117647,7.9429339773148895,6,181.0,0.36514330364830366,6,181.0,0.31999999999999984
9795.0,9,257.0,7.3428571428571425,7.108808217371304,9,257.0,0.32890748652737734,9,257.0,-0.7599999999999998
9800.0,7,111.0,3.3636363636363638,7.523803068838168,7,111.0,0.3802548279105298,7,111.0,1.4599999999999997
9805.0,6,26.0,0.7222222222222222,7.306791765292829,6,-44.0,0.35325102332138314,6,-44.0,1.55
9810.0,5,49.0,1.4411764705882353,8.455939366458686,5,49.0,0.4428935633588276,5,49.0,-0.9299999999999999
9815.0,8,80.0,2.4242424242424243,8.458197936114694,8,80.0,0.4245506199741661,8,80.0,-0.31000000000000005
9820.0,11,126.0,3.6,6.881545050472686,11,126.0,0.2676478889651251,11,126.0,-0.45999999999999996
9825.0,11,181.0,5.323529411764706,7.6580381211941795,11,181.0,0.33389824739848817,11,181.0,-0.55
9830.0,9,186.0,5.166666666666667,6.59950782709223,9,186.0,0.2662156335544595,9,186.0,-0.050000000000000044
9835.0,9,218.0,6.228571428571429,7.344882309131781,9,205.0,0.3372317810838632,9,205.0,-0.18999999999999972
9840.0,9,263.0,7.96969696969697,7.6113208520750275,9,263.0,0.3734709430951522,9,263.0,-0.5800000000000001
9845.0,9,181.0,5.027777777777778,6.516488631470206,9,181.0,0.2836195820731169,9,181.0,0.8199999999999998
9850.0,6,166.0,4.742857142857143,8.138061784073262,6,123.0,0.4068450927315499,6,123.0,0.5800000000000001
9855.0,8,198.0,5.5,7.512547547990689,8,198.0,0.34768827619489606,8,198.0,-0.75
9860.0,8,238.0,6.611111111111111,8.350319928984378,8,238.0,0.4120533617286116,8,238.0,-0.3999999999999999
9865.0,6,103.0,2.942857142857143,8.197236932558232,6,103.0,0.37291667614912133,6,103.0,1.3499999999999999
9870.0,4,50.0,1.5151515151515151,8.458503477761543,4,-16.0,0.39362591027509825,4,-16.0,1.19
9875.0,4,70.0,2.121212121212121,9.479461280489264,4,70.0,0.4872941372346224,4,70.0,-0.86
9880.0,9,100.0,2.7777777777777777,7.7296325842369225,9,100.0,0.31348030594867243,9,100.0,-0.30000000000000004
9885.0,9,145.0,4.142857142857143,8.532358153394313,9,145.0,0.3680616121269419,9,145.0,-0.44999999999999996
9890.0,11,192.0,5.333333333333333,6.884453818381253,11,192.0,0.2264656548909237,11,192.0,-0.47
9895.0,12,252.0,7.2,7.501220537551954,12,252.0,0.28643597264994936,12,252.0,-0.6000000000000001
9900.0,9,246.0,7.454545454545454,7.6538749317840225,9,246.0,0.32566195796581515,9,246.0,0.06000000000000005
9905.0,9,278.0,7.722222222222222,7.020418085168293,9,260.0,0.29924419663039764,9,260.0,-0.14000000000000012
9910.0,10,327.0,9.617647058823529,7.731389744674099,10,327.0,0.3701634565093632,10,327.0,-0.6699999999999999
9915.0,10,199.0,5.685714285714286,6.397075878701864,10,199.0,0.25899785690402394,10,199.0,1.28
9920.0,6,152.0,4.606060606060606,7.918191544242197,6,85.0,0.3734634889080946,6,85.0,1.1400000000000001
9925.0,10,183.0,5.228571428571429,7.58190571210316,10,183.0,0.3707068865059134,10,183.0,-0.9800000000000001
9930.0,8,70.0,2.121212121212121,7.381431218103419,8,70.0,0.3539446915406695,8,70.0,1.1300000000000001
9935.0,5,48.0,1.5483870967741935,8.37071310431984,5,-10.0,0.4191972230413679,5,-10.0,0.7999999999999999
9940.0,8,79.0,2.323529411764706,7.493518973936665,8,79.0,0.3408350588757478,8,79.0,-0.89
9945.0,7,70.0,2.0588235294117645,7.9843382141551515,7,70.0,0.37494460997256424,7,70.0,0.09000000000000008
9950.0,7,105.0,2.8378378378378377,7.485742569952149,7,79.0,0.3160350639916532,7,79.0,-0.09000000000000008
9955.0,9,148.0,4.0,8.195569191567868,9,148.0,0.37029857522161885,9,148.0,-0.69
9960.0,9,193.0,5.216216216216216,8.188962401349556,9,193.0,0.33923744779273707,9,193.0,-0.44999999999999996
9965.0,10,219.0,5.7631578947368425,7.453291288774984,10,219.0,0.2753888723977671,10,219.0,-0.26
9970.0,10,269.0,7.685714285714286,7.928426123427492,10,247.0,0.3395635495214836,10,247.0,-0.28000000000000025
9975.0,13,322.0,9.2,6.388987811729836,13,322.0,0.23790541208676133,13,322.0,-0.75
9980.0,10,282.0,8.294117647058824,7.195534494818417,10,282.0,0.29780594029015356,10,282.0,0.40000000000000036
9985.0,12,300.0,8.333333333333334,6.780131714612842,12,267.0,0.2815973920285214,12,267.0,0.1499999999999999
9990.0,10,349.0,9.694444444444445,7.769268706762164,10,349.0,0.3521522680504338,10,349.0,-0.8200000000000003
9995.0,8,201.0,6.090909090909091,7.534686882672479,8,201.0,0.34715762332726574,8,201.0,1.4800000000000004
10000.0,5,54.0,1.588235294117647,6.963311593060246,5,-9.0,0.30100062253608595,5,-9.0,2.0999999999999996
10005.0,6,79.0,2.323529411764706,8.448528512817177,6,79.0,0.3991371207089172,6,79.0,-0.88
10010.0,7,45.0,1.25,6.859882244335832,7,45.0,0.28616495020693494,7,45.0,0.34
10015.0,9,87.0,2.5588235294117645,7.30495938776049,9,57.0,0.29942217489433887,9,57.0,-0.11999999999999994
10020.0,9,132.0,4.125,7.391012162106028,9,132.0,0.3184875083825952,9,132.0,-0.7500000000000001
10025.0,10,119.0,3.3055555555555554,6.616388955614803,10,119.0,0.2648340289844594,10,119.0,0.13000000000000012
10030.0,9,160.0,4.571428571428571,7.235433393983302,9,132.0,0.31923327830108494,9,132.0,-0.13000000000000012
10035.0,11,208.0,5.473684210526316,6.7514000834840315,11,208.0,0.27233818918246183,11,208.0,-0.76
10040.0,11,263.0,7.305555555555555,7.647638588631092,11,263.0,0.35671333545758444,11,263.0,-0.5499999999999998
10045.0,11,207.0,5.447368421052632,6.390639416621373,11,207.0,0.2676544969507076,11,207.0,0.56
10050.0,6,130.0,3.5135135135135136,7.663565881822838,6,97.0,0.3544970520168595,6,97.0,1.0999999999999999
10055.0,6,160.0,4.444444444444445,8.484238980423362,6,160.0,0.41719996699298567,6,160.0,-0.6300000000000001
10060.0,7,98.0,2.6486486486486487,6.754495092012567,7,98.0,0.27162940915188627,7,98.0,0.6200000000000001
10065.0,10,123.0,3.5142857142857142,7.5519094336144255,9,87.0,0.3274157202631093,9,87.0,0.10999999999999999
10070.0,9,161.0,4.351351351351352,6.443376327195838,9,161.0,0.24332433500357312,9,161.0,-0.7400000000000001
10075.0,10,168.0,4.8,7.251714656613067,10,168.0,0.30873075570508357,10,168.0,-0.06999999999999984
10080.0,8,187.0,5.3428571428571425,7.4503960659692865,8,173.0,0.3126399552875616,8,173.0,-0.050000000000000044
10085.0,10,235.0,6.0256410256410255,7.500982675345563,10,235.0,0.3200540711440146,10,235.0,-0.6200000000000001
10090.0,8,195.0,5.131578947368421,8.02177707268963,8,195.0,0.36504605257150063,8,195.0,0.40000000000000013
10095.0,8,223.0,5.868421052631579,7.866888639082969,8,184.0,0.3465552392177369,8,184.0,0.10999999999999988
10100.0,9,266.0,7.388888888888889,8.324638919312408,9,266.0,0.3969360166153555,9,266.0,-0.8200000000000001
10105.0,8,212.0,5.888888888888889,7.831188298424253,8,212.0,0.35483377416804135,8,212.0,0.54
10110.0,6,206.0,5.885714285714286,8.156172191617376,6,177.0,0.3771018703996012,6,177.0,0.3500000000000001
10115.0,6,236.0,6.9411764705882355,9.124360938728941,6,236.0,0.46279152183677424,6,236.0,-0.5899999999999999
10120.0,8,199.0,5.378378378378378,7.317157373382363,8,199.0,0.28673172465870767,8,199.0,0.3699999999999999
10125.0,7,233.0,6.297297297297297,8.692022986425492,7,205.0,0.39675882038085414,7,205.0,-0.05999999999999983
10130.0,7,268.0,7.243243243243243,8.054901550374606,7,268.0,0.35903849205026456,7,268.0,-0.6300000000000003
10135.0,6,86.0,2.388888888888889,8.083395186022546,6,86.0,0.357325259142933,6,86.0,1.8200000000000003
10140.0,7,121.0,3.6666666666666665,8.604377105330688,7,-9.0,0.39957264605562265,7,-9.0,0.95
10145.0,10,164.0,4.555555555555555,7.450205937668329,10,164.0,0.3061825777685993,10,164.0,-1.73
10150.0,7,121.0,3.361111111111111,8.344991521727314,7,121.0,0.36657929620142954,7,121.0,0.42999999999999994
10155.0,8,146.0,3.945945945945946,7.654101663803378,8,110.0,0.31098878420196413,8,110.0,0.10999999999999988
10160.0,8,186.0,5.636363636363637,8.46000008088443,8,186.0,0.4081667813650964,8,186.0,-0.76
10165.0,8,98.0,2.8823529411764706,7.329186282846575,8,98.0,0.33607484085724737,8,98.0,0.8800000000000001
10170.0,5,88.0,2.588235294117647,8.447819811927294,5,45.0,0.4096743291624273,5,45.0,0.53
10175.0,5,113.0,3.53125,9.28620842775095,5,113.0,0.5002410229886689,5,113.0,-0.6799999999999999
10180.0,6,36.0,1.0588235294117647,7.061198709660292,6,36.0,0.3050455391140785,6,36.0,0.7699999999999999
10185.0,5,45.0,1.3636363636363635,8.548533417722338,5,5.0,0.4254264301279427,5,5.0,0.31
10190.0,6,71.0,2.088235294117647,7.832603251942912,6,71.0,0.3707471584702583,6,71.0,-0.6599999999999999
10195.0,5,69.0,2.0294117647058822,8.161445087406287,5,69.0,0.38546169032030697,5,69.0,0.020000000000000018
10200.0,5,94.0,2.9375,8.383342064330918,5,81.0,0.3876138371723656,5,81.0,-0.1200000000000001
10205.0,7,125.0,3.4722222222222223,7.842911153738346,7,125.0,0.3278242332780477,7,125.0,-0.43999999999999995
10210.0,5,68.0,1.8888888888888888,8.502530374831931,5,68.0,0.38734432570936256,5,68.0,0.57
10215.0,5,80.0,2.1621621621621623,7.4568955564511805,5,41.0,0.2958854554269501,5,41.0,0.2700000000000001
10220.0,6,110.0,3.235294117647059,8.715333686367456,6,110.0,0.4121721499926479,6,110.0,-0.6900000000000002
10225.0,7,76.0,2.1714285714285713,7.730981601161269,7,76.0,0.3553056429133332,7,76.0,0.3400000000000001
10230.0,6,105.0,3.1818181818181817,8.445264195023439,6,77.0,0.42923544923421764,6,77.0,-0.010000000000000009
10235.0,6,135.0,4.21875,9.179988604381116,6,135.0,0.47931325101272265,6,135.0,-0.5800000000000001
10240.0,8,111.0,3.3636363636363638,7.200283725408327,8,111.0,0.3042303776592343,8,111.0,0.24
10245.0,8,151.0,5.033333333333333,8.154465724523627,8,96.0,0.38833911773814084,8,96.0,0.15000000000000013
10250.0,8,191.0,5.787878787878788,7.2911517907991525,8,191.0,0.31703249115088233,8,191.0,-0.95
10255.0,8,163.0,4.9393939393939394,7.688653021490827,8,163.0,0.3153341284541668,8,163.0,0.28
10260.0,7,195.0,6.09375,8.07041705087534,7,168.0,0.34751521346401054,7,168.0,-0.050000000000000044
10265.0,9,237.0,6.771428571428571,7.567604363323781,9,237.0,0.3233285666835486,9,237.0,-0.6900000000000002
10270.0,6,119.0,3.606060606060606,8.019846181069083,6,119.0,0.37427566925452016,6,119.0,1.1800000000000002
10275.0,5,74.0,2.176470588235294,7.785798721041695,5,15.0,0.3482727193811894,5,15.0,1.04
10280.0,5,98.0,2.9696969696969697,9.152740169965188,5,98.0,0.46688930684910734,5,98.0,-0.83
10285.0,6,25.0,0.7575757575757576,7.4941671636641205,6,25.0,0.35535065961077517,6,25.0,0.73
10290.0,5,38.0,1.1875,8.212926335512751,5,-3.0,0.4193997723355878,5,-3.0,0.28
10295.0,5,63.0,1.96875,9.631144479592077,5,63.0,0.5323005108869842,5,63.0,-0.66
10300.0,7,91.0,2.757575757575758,7.906786351096199,7,91.0,0.35445469756587633,7,91.0,-0.28
10305.0,8,131.0,3.9696969696969697,8.639013778510675,8,131.0,0.39258197333337536,8,131.0,-0.4
10310.0,10,172.0,5.212121212121212,7.357297851166756,10,172.0,0.2909280899361816,10,172.0,-0.4099999999999999
10315.0,8,128.0,3.878787878787879,7.758551765969551,8,128.0,0.3120260385216233,8,128.0,0.43999999999999995
10320.0,6,135.0,4.090909090909091,8.27171620084081,6,107.0,0.37037405403905393,6,107.0,0.20999999999999996
10325.0,8,169.0,4.5675675675675675,7.870053041316175,8,169.0,0.34376656204022055,8,169.0,-0.6199999999999999
10330.0,7,84.0,2.5454545454545454,8.088749937408812,6,83.0,0.38323093339071,6,83.0,0.86
10335.0,7,82.0,2.411764705882353,7.141108995163001,7,33.0,0.27959077229742235,7,33.0,0.49999999999999994
10340.0,6,109.0,3.303030303030303,8.504513411753475,6,109.0,0.4001327082615137,6,109.0,-0.76
10345.0,8,49.0,1.53125,7.254886865269244,8,49.0,0.3297512031913747,8,49.0,0.6000000000000001
10350.0,7,70.0,2.2580645161290325,7.7976888451712165,7,30.0,0.36287715411534494,7,30.0,0.19
10355.0,7,105.0,3.3870967741935485,8.484649192231549,7,105.0,0.40873519716523815,7,105.0,-0.75
10360.0,7,76.0,2.235294117647059,7.262834350820724,7,76.0,0.30693095669403936,7,76.0,0.29000000000000004
10365.0,7,108.0,3.272727272727273,7.861521312121118,7,80.0,0.3277346172061476,7,80.0,-0.040000000000000036
10370.0,8,145.0,4.027777777777778,6.935193506969856,8,145.0,0.26275257153975295,8,145.0,-0.6499999999999999
10375.0,8,98.0,2.9696969696969697,7.314734649846018,8,98.0,0.31599844903218466,8,98.0,0.47
10380.0,5,68.0,2.125,7.9167341500001776,5,39.0,0.359255738887921,5,39.0,0.59
10385.0,7,98.0,2.8,7.262441292943742,7,98.0,0.3023166478634604,7,98.0,-0.59
10390.0,6,79.0,2.257142857142857,7.9357689108951295,6,79.0,0.35878438578625127,6,79.0,0.18999999999999995
10395.0,9,118.0,3.2777777777777777,7.120279043174396,9,94.0,0.3182163834491004,9,94.0,-0.1499999999999999
10400.0,9,163.0,4.6571428571428575,8.400505438802902,9,163.0,0.4012032280636697,9,163.0,-0.69
10405.0,9,160.0,4.444444444444445,7.06978126343545,9,160.0,0.29718659169952366,9,160.0,0.029999999999999805
10410.0,7,182.0,5.2,7.913742835958768,7,170.0,0.37031064740071173,7,170.0,-0.09999999999999987
10415.0,7,217.0,6.575757575757576,8.679958800076093,7,217.0,0.4388324861808153,7,217.0,-0.47
10420.0,6,123.0,3.5142857142857142,6.988577633941113,6,123.0,0.2907624170573291,6,123.0,0.94
10425.0,5,102.0,3.090909090909091,8.391249227540946,5,58.0,0.3985939072700225,5,58.0,0.65
10430.0,5,127.0,3.5277777777777777,7.827769130640492,5,127.0,0.34074633806281834,5,127.0,-0.6900000000000001
10435.0,7,161.0,4.472222222222222,8.381942820133718,7,161.0,0.3886923851348967,7,161.0,-0.3400000000000001
10440.0,5,94.0,2.611111111111111,8.476106424495592,5,94.0,0.39049972711758874,5,94.0,0.6700000000000002
10445.0,8,128.0,3.3684210526315788,7.909464880174508,8,51.0,0.3185772335728552,8,51.0,0.42999999999999994
10450.0,8,168.0,4.666666666666667,8.720644062298488,8,168.0,0.3880675094263938,8,168.0,-1.17
10455.0,8,104.0,2.9714285714285715,7.6644990897461724,8,104.0,0.294782940507824,8,104.0,0.6399999999999999
10460.0,6,117.0,3.5454545454545454,8.781001997896645,6,73.0,0.41075129365645935,6,73.0,0.31000000000000005
10465.0,10,148.0,4.352941176470588,7.758448682960337,10,148.0,0.3558915140020564,10,148.0,-0.75
10470.0,6,70.0,2.121212121212121,8.151217315225333,6,70.0,0.38327329606058036,6,70.0,0.78
10475.0,4,67.0,2.0303030303030303,9.007765461911735,4,21.0,0.4471188430159923,4,21.0,0.49
10480.0,6,93.0,2.735294117647059,8.28340596340909,6,93.0,0.3941574745415686,6,93.0,-0.7200000000000001
10485.0,6,104.0,3.25,8.3238740234389,6,104.0,0.3932554292558721,6,104.0,-0.10999999999999999
10490.0,7,135.0,4.090909090909091,7.428170022888138,7,123.0,0.3197606383671839,7,123.0,-0.18999999999999995
10495.0,8,174.0,5.612903225806452,7.9651507725549076,8,174.0,0.35970946511803603,8,174.0,-0.51
10500.0,5,79.0,2.5483870967741935,8.362127280699267,5,79.0,0.3724821807274843,5,79.0,0.95
10505.0,5,65.0,1.911764705882353,8.109427833865889,5,13.0,0.3432261116302687,5,13.0,0.66
10510.0,5,90.0,2.727272727272727,9.12945049090577,5,90.0,0.4452089252770904,5,90.0,-0.77
10515.0,5,52.0,1.4444444444444444,7.912885216429749,5,52.0,0.33392926422702873,5,52.0,0.38
10520.0,5,75.0,2.2058823529411766,8.98151700002978,5,47.0,0.4214748773697385,5,47.0,0.050000000000000044
10525.0,7,100.0,2.9411764705882355,8.468470706485364,7,100.0,0.390506352065978,7,100.0,-0.53
10530.0,8,89.0,2.696969696969697,8.108080533298397,7,88.0,0.38629417295056206,7,88.0,0.12
10535.0,7,123.0,4.1,8.680284977804462,7,123.0,0.43719015558376784,7,123.0,-0.35
10540.0,9,161.0,4.878787878787879,7.187451537594516,9,118.0,0.30063297618232543,9,118.0,0.050000000000000044
10545.0,7,129.0,4.161290322580645,7.796661668491945,7,129.0,0.3752324806701921,7,129.0,-0.1100000000000001
10550.0,6,152.0,4.606060606060606,6.871512483866206,6,124.0,0.2964904924055292,6,124.0,0.050000000000000044
10555.0,8,192.0,6.0,7.843461949039634,8,192.0,0.38257787384490155,8,192.0,-0.6799999999999999
10560.0,6,170.0,5.3125,8.445179430509807,5,169.0,0.42861753475345543,5,169.0,0.22999999999999998
10565.0,7,196.0,5.9393939393939394,7.148093563831842,7,168.0,0.28286779681947144,7,168.0,0.010000000000000009
10570.0,7,231.0,7.21875,8.259787999017316,7,231.0,0.3875036364307154,7,231.0,-0.6300000000000001
10575.0,7,90.0,2.6470588235294117,6.805248006375195,7,90.0,0.2899040940128389,7,90.0,1.4100000000000001
10580.0,4,36.0,1.0909090909090908,8.492642448734419,4,-32.0,0.4194939018898758,4,-32.0,1.22
10585.0,7,56.0,1.6470588235294117,7.834431853969554,7,56.0,0.3788415827428715,7,56.0,-0.8800000000000001
10590.0,9,91.0,2.676470588235294,7.863146341005468,9,91.0,0.37686524568541085,9,91.0,-0.35
10595.0,9,136.0,4.0,8.46106961132493,9,136.0,0.3926799812956691,9,136.0,-0.45000000000000007
10600.0,12,187.0,5.194444444444445,7.236714320312951,12,187.0,0.28560543222349905,12,187.0,-0.51
10605.0,9,196.0,5.764705882352941,7.5719911282272445,9,196.0,0.3332140196343382,9,196.0,-0.08999999999999986
10610.0,9,231.0,6.794117647058823,6.503031126932914,9,218.0,0.27811019993729275,9,218.0,-0.2200000000000002
10615.0,10,281.0,8.515151515151516,6.8390557042090085,10,281.0,0.310186394001414,10,281.0,-0.6299999999999999
10620.0,9,211.0,6.59375,6.970908354637048,9,211.0,0.3007723645133511,9,211.0,0.7000000000000002
10625.0,9,220.0,6.111111111111111,6.920801909916729,9,176.0,0.2938703224733085,9,176.0,0.34999999999999987
10630.0,9,265.0,8.28125,7.819382589877822,9,265.0,0.3815787437292429,9,265.0,-0.8899999999999999
10635.0,10,136.0,4.0,6.38360074322412,10,136.0,0.27853728687092044,10,136.0,1.2899999999999998
10640.0,6,87.0,2.6363636363636362,8.05586155223068,6,21.0,0.3842564679225532,6,21.0,1.1500000000000001
10645.0,9,117.0,3.342857142857143,7.755172692193147,9,117.0,0.36616025782246053,9,117.0,-0.96
10650.0,8,124.0,3.5428571428571427,7.716615323197388,8,124.0,0.34128877733937546,8,124.0,-0.07000000000000006
10655.0,8,164.0,4.685714285714286,8.40938924845249,8,151.0,0.3789302588166946,8,151.0,-0.27
10660.0,11,210.0,5.675675675675675,7.300810557309005,11,210.0,0.2833374874956751,11,210.0,-0.5900000000000001
10665.0,8,124.0,3.4444444444444446,7.529408088668112,8,124.0,0.3150055481471956,8,124.0,0.8600000000000001
10670.0,6,92.0,2.4864864864864864,7.260520310816601,6,47.0,0.3102021382822541,6,47.0,0.77
10675.0,7,125.0,3.3783783783783785,8.539613231062974,7,125.0,0.39601595637563425,7,125.0,-0.78
10680.0,7,160.0,4.705882352941177,8.081602790152273,7,160.0,0.3653958331747625,7,160.0,-0.3500000000000001
10685.0,7,93.0,2.5135135135135136,7.225072222645045,7,93.0,0.29817338596981646,7,93.0,0.67
10690.0,6,65.0,1.8055555555555556,7.980352694705292,6,65.0,0.3642991012823063,6,65.0,0.28
10695.0,4,75.0,2.027027027027027,7.645830713937814,4,42.0,0.32207308881988606,4,42.0,0.23000000000000004
10700.0,8,105.0,3.088235294117647,8.141518105534384,8,105.0,0.40097443908949904,8,105.0,-0.6300000000000001
10705.0,12,150.0,4.054054054054054,6.955714556380732,12,150.0,0.30540688044688374,12,150.0,-0.44999999999999996
10710.0,11,205.0,5.54054054054054,7.593439079820947,11,205.0,0.3368969130296769,11,205.0,-0.5499999999999998
10715.0,8,162.0,4.628571428571429,8.041990968420274,8,162.0,0.373347530536344,8,162.0,0.4299999999999997
10720.0,9,192.0,5.1891891891891895,6.970471028600927,9,154.0,0.28404532520817527,9,154.0,0.08000000000000007
10725.0,10,242.0,6.914285714285715,7.768010674585539,10,242.0,0.35351753228272814,10,242.0,-0.8799999999999999
10730.0,7,193.0,5.514285714285714,6.904863278746402,7,193.0,0.2829691312164982,7,193.0,0.49
10735.0,5,118.0,3.4705882352941178,7.903003045430017,5,89.0,0.34957124383208354,5,89.0,1.04
10740.0,5,143.0,4.333333333333333,8.197954013417238,5,143.0,0.3843379267569798,5,143.0,-0.5399999999999999
10745.0,7,139.0,4.088235294117647,6.816592453716692,7,139.0,0.29683426443804123,7,139.0,0.040000000000000036
10750.0,8,179.0,5.264705882352941,8.204567894947942,8,159.0,0.39471323639385436,8,159.0,-0.20000000000000018
10755.0,10,222.0,6.166666666666667,7.2873401059652325,10,222.0,0.32082269043708805,10,222.0,-0.6300000000000001
10760.0,8,222.0,6.529411764705882,7.841816843397817,8,222.0,0.37563222605964725,8,222.0,0.0
10765.0,8,225.0,6.081081081081081,8.09904316197522,8,212.0,0.3742240892272381,8,212.0,0.10000000000000009
10770.0,7,253.0,6.837837837837838,8.581336315319424,7,253.0,0.40188981592762835,7,253.0,-0.4099999999999997
10775.0,6,195.0,5.571428571428571,8.991192547526936,6,195.0,0.4429174175935839,6,195.0,0.5799999999999998
10780.0,6,214.0,5.944444444444445,7.5394593664937934,6,175.0,0.3020902679546602,6,175.0,0.19999999999999996
10785.0,8,252.0,7.636363636363637,8.134268402046063,8,252.0,0.3535151322617929,8,252.0,-0.77
10790.0,7,263.0,7.735294117647059,6.72831968851434,7,263.0,0.27328379349839443,7,263.0,-0.10999999999999988
10795.0,9,308.0,9.333333333333334,7.365714542525365,9,292.0,0.33291285745799154,9,292.0,-0.29000000000000004
10800.0,9,353.0,10.696969696969697,7.921593132736561,9,353.0,0.3650818857183335,9,353.0,-0.6099999999999999
10805.0,8,368.0,10.514285714285714,7.286286442557387,8,368.0,0.2950172563211581,8,368.0,-0.15000000000000036
10810.0,8,408.0,12.363636363636363,8.237259628352925,8,395.0,0.39074532609783186,8,395.0,-0.27
10815.0,9,450.0,12.5,7.395945299003385,9,450.0,0.32344078474016397,9,450.0,-0.5499999999999998
10820.0,7,362.0,10.342857142857143,7.888275437562872,7,362.0,0.3729203050696032,7,362.0,0.8799999999999999
10825.0,7,327.0,8.837837837837839,8.164941799675267,7,283.0,0.3861701085701895,7,283.0,0.79
10830.0,6,352.0,9.777777777777779,9.061169626429471,6,352.0,0.4378308672851811,6,352.0,-0.69
10835.0,7,380.0,11.515151515151516,8.83257700084145,7,380.0,0.42444201344245386,7,380.0,-0.2799999999999998
10840.0,9,420.0,12.0,7.395927065231954,9,418.0,0.2887552760862497,9,418.0,-0.3799999999999999
10845.0,10,470.0,13.823529411764707,8.091433101683291,10,470.0,0.3536416504423327,10,470.0,-0.5200000000000005
10850.0,7,450.0,12.162162162162161,7.068513286961069,7,450.0,0.2692151286033378,7,450.0,0.20000000000000018
10855.0,9,494.0,14.114285714285714,7.834305400403499,9,465.0,0.3342700647507287,9,465.0,-0.15000000000000036
10860.0,9,539.0,17.387096774193548,8.084577691262398,9,539.0,0.38365263515912673,9,539.0,-0.7399999999999993
10865.0,9,500.0,14.705882352941176,6.828155020642339,8,499.0,0.30085359231183073,8,499.0,0.39999999999999947
10870.0,7,514.0,15.575757575757576,7.890387465319672,7,486.0,0.35019776768254135,7,486.0,0.1299999999999999
10875.0,7,544.0,15.11111111111111,7.269708649118338,7,544.0,0.3167700708192431,7,544.0,-0.5800000000000001
10880.0,8,110.0,3.142857142857143,7.764309344560345,8,110.0,0.36886043364833326,8,110.0,4.34
10885.0,10,103.0,2.861111111111111,7.3039954849939415,10,-114.0,0.32570114044893694,10,-114.0,2.24
10890.0,10,149.0,4.382352941176471,7.695160912276382,10,149.0,0.35083552650253896,10,149.0,-2.63
10895.0,7,100.0,2.9411764705882355,8.232877560286862,7,100.0,0.38976439653703776,7,100.0,0.49
10900.0,9,126.0,3.6,7.208985501072739,9,87.0,0.2886891535849702,9,87.0,0.13
10905.0,9,171.0,4.885714285714286,8.10579157581108,9,171.0,0.36009994415148444,9,171.0,-0.84
10910.0,10,207.0,5.914285714285715,6.6617660694705485,10,207.0,0.2707595023461067,10,207.0,-0.3599999999999999
10915.0,11,261.0,7.676470588235294,7.516194238264921,11,255.0,0.2932217985430087,11,255.0,-0.48
10920.0,11,316.0,9.575757575757576,6.987182984862038,11,316.0,0.2511056731992742,11,316.0,-0.6100000000000003
10925.0,11,268.0,7.444444444444445,6.572953730706577,11,268.0,0.24912402899862104,11,268.0,0.48
10930.0,9,294.0,8.4,7.593952027100968,9,249.0,0.3401308256572572,9,249.0,0.18999999999999995
10935.0,12,342.0,9.5,6.662746777381417,12,342.0,0.29427215365912057,12,342.0,-0.9299999999999997
10940.0,11,397.0,11.342857142857143,7.391407993525861,11,397.0,0.333564331350006,11,397.0,-0.5500000000000003
10945.0,12,249.0,6.552631578947368,6.832145920640458,12,249.0,0.2781057484909384,12,249.0,1.48
10950.0,6,95.0,2.5675675675675675,7.73590483877023,6,31.0,0.3587706130941083,6,31.0,2.18
10955.0,5,114.0,3.5625,8.61172390639781,5,114.0,0.4463146947805802,5,114.0,-0.8299999999999998
10960.0,8,37.0,1.0571428571428572,6.749122944742242,8,37.0,0.28904901324439153,8,37.0,0.7699999999999999
10965.0,8,60.0,1.7142857142857142,7.693222464363748,8,16.0,0.350007494774885,8,16.0,0.21
10970.0,9,101.0,2.72972972972973,6.9825744741188505,9,101.0,0.299837423770594,9,101.0,-0.85
10975.0,11,140.0,3.888888888888889,6.883851979187449,11,140.0,0.296606525333969,11,140.0,-0.3899999999999999
10980.0,11,195.0,5.571428571428571,7.210158396972164,11,184.0,0.3063142122844293,11,184.0,-0.44000000000000017
10985.0,14,256.0,6.564102564102564,6.582067398331326,14,256.0,0.23449476591379528,14,256.0,-0.72
10990.0,14,326.0,9.055555555555555,6.972190688404383,14,326.0,0.2737684402883919,14,326.0,-0.6999999999999997
10995.0,14,291.0,7.864864864864865,5.99212606508391,14,291.0,0.22059033330025854,14,291.0,0.34999999999999964
11000.0,9,231.0,6.243243243243243,7.435424244217538,9,198.0,0.32847201703640805,9,198.0,0.9300000000000002
11005.0,13,277.0,7.102564102564102,6.6622059324358585,13,277.0,0.2918704808162403,13,277.0,-0.79
11010.0,11,183.0,4.945945945945946,6.76388666475322,11,183.0,0.28383244492699017,11,183.0,0.94
11015.0,9,178.0,5.085714285714285,7.6184256162730435,9,121.0,0.3382038759001836,9,121.0,0.6200000000000001
11020.0,11,227.0,6.305555555555555,6.898487716873352,11,227.0,0.292131377197775,11,227.0,-1.06
11025.0,12,287.0,8.441176470588236,7.119794947715683,12,287.0,0.3146470473762623,12,287.0,-0.6000000000000001
11030.0,13,339.0,9.162162162162161,5.750805513919635,13,339.0,0.20716182211097425,13,339.0,-0.52
11035.0,14,409.0,11.36111111111111,6.615248305801416,14,403.0,0.27209685299884473,14,403.0,-0.6400000000000001
11040.0,14,479.0,13.305555555555555,6.437268938573336,14,479.0,0.237154060094345,14,479.0,-0.7599999999999998
11045.0,14,352.0,8.8,6.217394763845245,14,352.0,0.21566280723629744,14,352.0,1.27
11050.0,9,254.0,6.684210526315789,6.876887131157723,9,185.0,0.28915052549247205,9,185.0,1.67
11055.0,10,302.0,7.365853658536586,7.0814053323661135,10,302.0,0.30427794190871016,10,302.0,-1.17
11060.0,11,356.0,8.9,7.704063084525595,11,356.0,0.33469840212637997,11,356.0,-0.54
11065.0,13,245.0,5.975609756097561,6.680379191370121,13,245.0,0.2730800519701841,13,245.0,1.1099999999999999
11070.0,7,105.0,2.625,7.731262032418632,7,52.0,0.34774246585344704,7,52.0,1.9300000000000002
11075.0,6,128.0,3.4594594594594597,8.264357028559875,6,128.0,0.4064931379876409,6,128.0,-0.76
11080.0,9,165.0,4.342105263157895,7.36856326733671,9,165.0,0.3201795518256711,9,165.0,-0.3699999999999999
11085.0,8,89.0,2.4722222222222223,7.5260501779881,8,89.0,0.3569352649924168,8,89.0,0.7599999999999999
11090.0,6,92.0,2.358974358974359,7.006589030271125,6,42.0,0.2963869575356221,6,42.0,0.47000000000000003
11095.0,8,130.0,3.3333333333333335,7.950402737375337,8,130.0,0.3696447001719115,8,130.0,-0.8800000000000001
11100.0,6,78.0,2.0,7.895841172883011,6,78.0,0.3612732243685779,6,78.0,0.52
11105.0,7,99.0,2.357142857142857,7.766005476790023,7,66.0,0.32912763410461005,7,66.0,0.12
11110.0,7,134.0,3.4358974358974357,8.681152635116247,7,134.0,0.4273951681410182,7,134.0,-0.68
11115.0,7,84.0,2.1538461538461537,7.459248788129098,7,84.0,0.3306977824101568,7,84.0,0.5000000000000001
11120.0,5,93.0,2.4473684210526314,8.646665403240645,5,65.0,0.43830888098546533,5,65.0,0.18999999999999995
11125.0,8,118.0,2.95,8.381724859203844,8,118.0,0.41118516884691114,8,118.0,-0.5299999999999999
11130.0,7,100.0,2.5,8.31926063982485,7,100.0,0.3908772690550607,7,100.0,0.17999999999999994
11135.0,7,135.0,3.4615384615384617,9.117811450337795,7,88.0,0.4346143914995837,7,88.0,0.12
11140.0,10,175.0,4.487179487179487,7.760973531201216,10,175.0,0.30442134499703116,10,175.0,-0.87
11145.0,8,201.0,5.742857142857143,8.4542157610836,8,201.0,0.3676494238287738,8,201.0,-0.2599999999999998
11150.0,9,242.0,6.914285714285715,7.697546572614687,9,229.0,0.2962139221304253,9,229.0,-0.28000000000000025
11155.0,10,291.0,9.09375,7.769712109472556,10,291.0,0.33167038548707456,10,291.0,-0.6200000000000001
11160.0,7,241.0,7.774193548387097,7.264453108766009,7,241.0,0.2830712471978544,7,241.0,0.5
11165.0,8,268.0,7.882352941176471,7.309450115344928,8,229.0,0.29834486535639504,8,229.0,0.1200000000000001
11170.0,8,308.0,9.935483870967742,7.894930441109961,8,308.0,0.3696946720599145,8,308.0,-0.79
11175.0,9,351.0,10.323529411764707,6.914593201836992,9,351.0,0.28097424657593806,9,351.0,-0.4299999999999997
11180.0,11,406.0,11.941176470588236,7.964438950892238,11,406.0,0.3209857755511153,11,406.0,-0.5499999999999998
11185.0,15,462.0,14.0,6.799224556557197,15,462.0,0.25630674441363105,15,462.0,-0.5600000000000005
11190.0,12,512.0,15.515151515151516,7.233982118398003,12,512.0,0.2946012238359599,12,512.0,-0.5
11195.0,12,572.0,17.333333333333332,7.062250749545551,12,562.0,0.29879837822275573,12,562.0,-0.5
11200.0,15,642.0,18.88235294117647,5.8913693424751745,15,642.0,0.2565196431822781,15,642.0,-0.7999999999999998
11205.0,12,624.0,18.90909090909091,6.25047985938015,12,624.0,0.2769338607492374,12,624.0,0.17999999999999972
11210.0,12,674.0,19.257142857142856,5.933708238443978,12,636.0,0.2479974535340552,12,636.0,-0.1200000000000001
11215.0,13,738.0,21.705882352941178,6.768261836753274,13,738.0,0.3043548876041158,13,738.0,-1.0199999999999996
11220.0,11,457.0,14.28125,6.548108636597993,11,457.0,0.2900494850152222,11,457.0,2.8099999999999996
11225.0,8,140.0,4.117647058823529,6.384092257119333,8,22.0,0.27862186937195604,8,22.0,4.3500000000000005
11230.0,4,65.0,1.911764705882353,8.186319748258864,4,65.0,0.393793859654267,4,65.0,-0.43000000000000005
11235.0,6,79.0,2.135135135135135,7.121237180428475,6,79.0,0.3123636268349161,6,79.0,-0.14
11240.0,12,129.0,3.4864864864864864,7.587432261767615,12,122.0,0.3101280821354826,12,122.0,-0.42999999999999994
11245.0,15,190.0,4.871794871794871,7.040800981949517,15,190.0,0.2716029916060146,15,190.0,-0.6799999999999999
11250.0,11,208.0,5.473684210526316,6.924404861688364,11,208.0,0.29360520643907523,11,208.0,-0.18000000000000016
11255.0,6,173.0,4.805555555555555,7.526345402596939,6,160.0,0.34899101140429223,6,160.0,0.48
11260.0,8,193.0,4.948717948717949,7.274632846384657,8,193.0,0.3141742937665076,8,193.0,-0.32999999999999985
11265.0,8,113.0,2.973684210526316,7.580600760850011,8,113.0,0.32657305822635574,8,113.0,0.8
11270.0,9,126.0,3.230769230769231,6.97285298375476,9,77.0,0.27058920224016875,9,77.0,0.3599999999999999
11275.0,10,175.0,4.72972972972973,7.947438934985271,10,175.0,0.3587471838307795,10,175.0,-0.98
11280.0,8,177.0,5.057142857142857,7.699027809131331,8,177.0,0.3458569555442078,8,177.0,-0.020000000000000018
11285.0,7,169.0,4.333333333333333,7.416880477039813,7,156.0,0.30885144794416675,7,156.0,0.20999999999999996
11290.0,7,204.0,5.368421052631579,8.775565344280363,7,204.0,0.4250207360850352,7,204.0,-0.48
11295.0,9,113.0,2.825,7.634352822012401,9,113.0,0.3261969745312993,9,113.0,0.9100000000000001
11300.0,10,160.0,4.2105263157894735,8.27906086652951,10,68.0,0.363376495002836,10,68.0,0.44999999999999984
11305.0,12,210.0,5.675675675675675,7.3347396366604904,12,210.0,0.3052326450793588,12,210.0,-1.42
11310.0,10,154.0,4.162162162162162,7.501001869360853,10,154.0,0.308333029583315,10,154.0,0.56
11315.0,8,173.0,4.942857142857143,8.183830887042316,8,126.0,0.37938228626224046,8,126.0,0.28
11320.0,11,217.0,5.7105263157894735,7.132792145367229,11,217.0,0.293465020925325,11,217.0,-0.9099999999999999
11325.0,9,153.0,4.135135135135135,7.567539089889265,9,153.0,0.32189290762364536,9,153.0,0.6399999999999999
11330.0,8,164.0,4.555555555555555,7.058199602761228,8,121.0,0.27469914890407315,8,121.0,0.32000000000000006
11335.0,9,207.0,5.914285714285715,7.707110288422369,9,207.0,0.3409077759584364,9,207.0,-0.8599999999999999
11340.0,8,122.0,3.588235294117647,7.111915013155265,8,122.0,0.298712582979653,8,122.0,0.8499999999999999
11345.0,7,84.0,2.27027027027027,7.0254705006467955,7,41.0,0.2982133959570261,7,41.0,0.81
11350.0,7,119.0,3.5,8.222078970100252,7,119.0,0.3966628208214816,7,119.0,-0.78
11355.0,8,156.0,4.333333333333333,7.582771538235805,8,156.0,0.33009672454210154,8,156.0,-0.3700000000000001
11360.0,6,137.0,3.8055555555555554,8.333242952084824,6,137.0,0.38843131643576045,6,137.0,0.18999999999999995
11365.0,8,158.0,4.157894736842105,7.838686858349748,8,139.0,0.3697762492085093,8,139.0,-0.019999999999999796
11370.0,7,191.0,5.162162162162162,8.5570466525778,7,191.0,0.43827110438812455,7,191.0,-0.52
11375.0,6,218.0,6.411764705882353,8.747715376601754,6,218.0,0.46533535990069136,6,218.0,-0.27000000000000024
11380.0,9,254.0,6.864864864864865,7.527281556869664,9,251.0,0.3352051636908822,9,251.0,-0.3299999999999996
11385.0,9,299.0,8.542857142857143,7.885672611089012,9,299.0,0.37616000588304294,9,299.0,-0.4800000000000004
11390.0,6,170.0,4.594594594594595,7.162978536352988,6,170.0,0.3162647724737347,6,170.0,1.2900000000000003
11395.0,5,117.0,3.25,7.869350630801914,5,54.0,0.3734416756498252,5,54.0,1.16
11400.0,5,142.0,4.176470588235294,8.344956247919002,5,142.0,0.43965126725467496,5,142.0,-0.8799999999999999
11405.0,6,134.0,3.526315789473684,7.31793074349958,6,134.0,0.32706292330580844,6,134.0,0.07999999999999985
11410.0,7,168.0,4.421052631578948,8.208183355865641,7,146.0,0.38398604011246895,7,146.0,-0.11999999999999988
11415.0,9,206.0,5.282051282051282,7.757789592603838,9,206.0,0.31094655806348936,9,206.0,-0.6000000000000001
11420.0,6,201.0,5.583333333333333,8.170772492237585,6,201.0,0.39229301464606464,6,201.0,0.050000000000000266
11425.0,9,231.0,6.794117647058823,7.536036469384768,9,206.0,0.3607890926759606,9,206.0,-0.050000000000000266
11430.0,8,269.0,7.911764705882353,8.32447106622578,8,269.0,0.40724112687676595,8,269.0,-0.6299999999999999
11435.0,5,213.0,6.65625,8.761190297794913,5,213.0,0.43136581098683197,5,213.0,0.56
11440.0,6,201.0,5.911764705882353,7.590588632645269,6,173.0,0.3255011177466569,6,173.0,0.3999999999999999
11445.0,6,231.0,7.0,8.795751588344801,6,231.0,0.43813839508814284,6,231.0,-0.5800000000000001
11450.0,4,49.0,1.3611111111111112,7.259402786303866,4,49.0,0.29196407017538634,4,49.0,1.82
11455.0,7,83.0,2.515151515151515,8.314381190358873,7,-44.0,0.37750841073397123,7,-44.0,0.9299999999999999
11460.0,7,118.0,3.806451612903226,7.96196303224985,7,118.0,0.36204953190194666,7,118.0,-1.6199999999999999
11465.0,7,84.0,2.4,7.361818904862295,7,84.0,0.30197071668731024,7,84.0,0.33999999999999997
11470.0,6,110.0,3.142857142857143,8.46992872297971,6,77.0,0.3963449110270909,6,77.0,0.06999999999999995
11475.0,7,142.0,3.9444444444444446,7.5722962170893044,7,142.0,0.3316603285461187,7,142.0,-0.6499999999999999
11480.0,5,93.0,2.735294117647059,8.42930102812782,5,93.0,0.40052434227357386,5,93.0,0.4899999999999999
11485.0,7,106.0,2.864864864864865,8.255077366340199,7,70.0,0.37848447901575544,7,70.0,0.2300000000000001
11490.0,6,132.0,3.8823529411764706,9.047636597591175,6,132.0,0.42965946919939446,6,132.0,-0.6200000000000001
11495.0,3,36.0,1.0909090909090908,9.32624811566829,3,36.0,0.4508769830332391,3,36.0,0.9600000000000001
11500.0,5,18.0,0.5454545454545454,7.992166200035275,5,-25.0,0.3130590622594325,5,-25.0,0.61
11505.0,4,37.0,1.1935483870967742,9.19277543693972,4,37.0,0.425836657598821,4,37.0,-0.62
11510.0,8,57.0,1.6764705882352942,7.387982415428802,8,57.0,0.27699613441096005,8,57.0,-0.19999999999999996
11515.0,9,101.0,3.15625,8.069845043583776,9,95.0,0.3317063289047417,9,95.0,-0.38
11520.0,9,146.0,4.709677419354839,8.022049946258244,9,146.0,0.32400686972601883,9,146.0,-0.51
11525.0,9,146.0,4.294117647058823,7.3252576981739,9,146.0,0.2767407885395256,9,146.0,0.0
11530.0,7,163.0,5.258064516129032,7.991097615447898,7,149.0,0.36242292283912425,7,149.0,-0.030000000000000027
11535.0,9,203.0,6.34375,7.279413163540649,9,203.0,0.33948610550916536,9,203.0,-0.5399999999999998
11540.0,7,162.0,5.4,7.529818215476625,7,162.0,0.3749503247578193,7,162.0,0.4099999999999997
11545.0,9,185.0,5.78125,7.208167384934116,9,148.0,0.3482196476682413,9,148.0,0.14000000000000012
11550.0,8,221.0,6.90625,8.009924807129478,8,221.0,0.3759697138774042,8,221.0,-0.73
11555.0,5,91.0,2.84375,8.34775140397406,5,91.0,0.39703576449584554,5,91.0,1.2999999999999998
11560.0,3,40.0,1.25,8.088438473911122,3,-21.0,0.3683330480348703,3,-21.0,1.12
11565.0,5,63.0,1.96875,9.064251954300403,5,63.0,0.4460512377038403,5,63.0,-0.84
11570.0,7,84.0,2.4705882352941178,7.516020571869568,7,84.0,0.32623265656921546,7,84.0,-0.20999999999999996
11575.0,9,126.0,3.7058823529411766,7.899185324839669,9,121.0,0.3374843880769605,9,121.0,-0.37
11580.0,9,171.0,5.029411764705882,7.644185773937609,9,171.0,0.3080127491754514,9,171.0,-0.5
11585.0,9,112.0,3.027027027027027,7.018865706891052,9,112.0,0.2713801218668016,9,112.0,0.5899999999999999
11590.0,7,128.0,3.657142857142857,7.995604641801521,7,85.0,0.3736525201192038,7,85.0,0.27000000000000013
11595.0,9,167.0,4.911764705882353,7.210520463306406,9,167.0,0.34603566997658325,9,167.0,-0.82
11600.0,10,213.0,6.264705882352941,7.658875388485099,10,213.0,0.34949696686823295,10,213.0,-0.45999999999999996
11605.0,12,263.0,7.305555555555555,7.043795042040757,12,263.0,0.28142883127236185,12,263.0,-0.5
11610.0,13,326.0,9.588235294117647,7.168582763256155,13,326.0,0.2957896802236323,13,326.0,-0.6299999999999999
11615.0,10,259.0,7.617647058823529,7.051189694661977,10,259.0,0.3025367158689085,10,259.0,0.6699999999999999
11620.0,11,274.0,7.828571428571428,6.03086542020706,11,226.0,0.24727962010503313,11,226.0,0.33000000000000007
11625.0,11,329.0,10.28125,6.975196931678903,11,329.0,0.3240865253252876,11,329.0,-1.0300000000000002
11630.0,10,323.0,9.228571428571428,6.2912214736461705,10,323.0,0.25929574290686963,10,323.0,0.06000000000000005
11635.0,11,377.0,11.088235294117647,6.718919723090282,11,351.0,0.26095986632421586,11,351.0,-0.2799999999999998
11640.0,11,432.0,13.090909090909092,6.78015283898999,11,432.0,0.27391997563034354,11,432.0,-0.8100000000000005
11645.0,13,273.0,8.029411764705882,5.80316404934857,13,273.0,0.23322520388212045,13,273.0,1.5900000000000003
11650.0,7,106.0,3.1176470588235294,6.369405088681257,7,33.0,0.277389523332697,7,33.0,2.4
11655.0,7,130.0,3.611111111111111,5.999134011669459,7,130.0,0.25653087008039904,7,130.0,-0.97
11660.0,8,170.0,4.722222222222222,7.468247869690452,8,170.0,0.3557282498059834,8,170.0,-0.3999999999999999
11665.0,13,170.0,4.358974358974359,5.959380519879628,13,170.0,0.247028925823402,13,170.0,0.0
11670.0,14,238.0,6.102564102564102,6.6645141117144995,14,197.0,0.2806242825153658,14,197.0,-0.27
11675.0,14,308.0,7.897435897435898,6.780357362378847,14,308.0,0.2849581970205963,14,308.0,-1.11
11680.0,14,247.0,6.333333333333333,6.0490863168907065,14,247.0,0.24238782188987712,14,247.0,0.6099999999999999
11685.0,12,262.0,7.081081081081081,6.419603420310794,12,214.0,0.2877179843772352,12,214.0,0.33000000000000007
11690.0,14,325.0,8.125,5.704263230579582,14,325.0,0.24754902259637504,14,325.0,-1.1099999999999999
11695.0,13,304.0,7.6,6.148134462238124,13,304.0,0.2713941460413597,13,304.0,0.20999999999999996
11700.0,9,265.0,6.625,7.029261070504819,9,237.0,0.30580152037146596,9,237.0,0.6699999999999999
11705.0,11,315.0,7.682926829268292,6.834520738269502,11,315.0,0.2893278874428415,11,315.0,-0.7799999999999998
11710.0,11,182.0,4.439024390243903,6.847962581652837,11,182.0,0.2808960608359479,11,182.0,1.3299999999999998
11715.0,7,110.0,2.558139534883721,6.937454937060976,7,46.0,0.2743659454670114,7,46.0,1.36
11720.0,9,155.0,3.875,8.216601994299298,9,155.0,0.36845255846827063,9,155.0,-1.09
11725.0,12,155.0,3.875,6.623873249647891,12,155.0,0.2595914519949293,12,155.0,0.0
11730.0,11,195.0,4.875,7.215447778156481,11,182.0,0.2999479855803285,11,182.0,-0.27
11735.0,10,244.0,6.256410256410256,7.7464737618770965,10,243.0,0.32794982986823185,10,243.0,-0.6100000000000001
11740.0,12,175.0,4.2682926829268295,6.461629767672781,12,175.0,0.228510283575931,12,175.0,0.6800000000000002
11745.0,10,183.0,4.6923076923076925,7.50013513041921,10,140.0,0.3128941951276953,10,140.0,0.3500000000000001
11750.0,11,234.0,5.85,6.754046524904896,11,234.0,0.26715210310515,11,234.0,-0.94
11755.0,11,246.0,6.473684210526316,7.016093880935808,11,246.0,0.29211495052654557,11,246.0,-0.1200000000000001
11760.0,10,291.0,8.083333333333334,6.927088214123575,10,277.0,0.2718810502485669,10,277.0,-0.31000000000000005
11765.0,12,350.0,8.75,7.054743656906953,12,350.0,0.28571411944660063,12,350.0,-0.73
11770.0,9,366.0,9.15,7.59251821081663,9,366.0,0.3164295580578795,9,366.0,-0.16000000000000014
11775.0,11,415.0,9.651162790697674,7.125327547783587,11,402.0,0.2729285754607714,11,402.0,-0.35999999999999943
11780.0,11,470.0,11.75,8.143722808818946,11,470.0,0.35492874383735384,11,470.0,-0.6800000000000006
11785.0,12,341.0,8.743589743589743,6.870489463768979,12,341.0,0.2732448384036024,12,341.0,1.29
11790.0,6,187.0,4.794871794871795,8.01072960289149,6,129.0,0.35565563936896516,6,129.0,2.12
11795.0,5,205.0,5.694444444444445,8.727406931942522,5,205.0,0.4356034027447604,5,205.0,-0.7599999999999998
11800.0,7,61.0,1.564102564102564,7.224823710468791,7,61.0,0.291225575074312,7,61.0,1.44
11805.0,10,110.0,2.972972972972973,7.856034360165813,10,-2.0,0.34510787780208263,10,-2.0,0.63
11810.0,12,163.0,4.17948717948718,6.543039834087531,12,163.0,0.23793192555007855,12,163.0,-1.65
11815.0,13,228.0,5.846153846153846,7.22709633148969,13,228.0,0.26225104909926505,13,228.0,-0.6499999999999999
11820.0,10,194.0,5.388888888888889,7.261171295337824,10,194.0,0.27071501133404513,10,194.0,0.33999999999999986
11825.0,11,233.0,6.297297297297297,6.786573959665012,11,192.0,0.2657950918354625,11,192.0,0.020000000000000018
11830.0,11,288.0,8.228571428571428,7.1164046688326446,11,288.0,0.31472666890301554,11,288.0,-0.96
11835.0,10,238.0,6.4324324324324325,6.458562049545759,10,238.0,0.2747656021945032,10,238.0,0.5
11840.0,6,154.0,4.277777777777778,7.832786929285324,6,121.0,0.35991340991563486,6,121.0,1.17
11845.0,10,185.0,4.743589743589744,7.534923265887534,10,185.0,0.33132405095511175,10,185.0,-0.6400000000000001
11850.0,9,212.0,5.72972972972973,7.560116301562622,9,212.0,0.32380362786192,9,212.0,-0.27
11855.0,10,262.0,7.485714285714286,7.874637721983855,10,253.0,0.3412868523248013,10,253.0,-0.4099999999999997
11860.0,13,318.0,8.833333333333334,6.667803919203446,13,318.0,0.2540481764640286,13,318.0,-0.6500000000000004
11865.0,10,182.0,5.2,7.255204822548731,10,182.0,0.30087947185829317,10,182.0,1.36
11870.0,7,112.0,2.9473684210526314,6.741964094230897,7,38.0,0.25057741407137785,7,38.0,1.44
11875.0,8,152.0,4.108108108108108,8.049043670110466,8,152.0,0.3676774323962716,8,152.0,-1.1400000000000001
11880.0,8,102.0,2.8333333333333335,7.309553678026906,8,102.0,0.30570243521093526,8,102.0,0.5
11885.0,8,70.0,1.75,7.2544826996210405,8,42.0,0.27637819889014875,8,42.0,0.6000000000000001
11890.0,7,104.0,2.810810810810811,8.062315909077084,7,104.0,0.3534824838702374,7,104.0,-0.6200000000000001
11895.0,12,117.0,3.25,6.631334759006932,12,117.0,0.2885828877960425,12,117.0,-0.1299999999999999
11900.0,13,179.0,5.114285714285714,7.116529437097539,13,147.0,0.3147042668721605,13,147.0,-0.30000000000000004
11905.0,17,245.0,6.447368421052632,6.389797281561441,17,245.0,0.2545036210511915,17,245.0,-0.9800000000000002
11910.0,13,235.0,6.184210526315789,6.8740728875993575,13,235.0,0.27422323901583917,13,235.0,0.10000000000000009
11915.0,12,294.0,8.647058823529411,6.891098796396995,12,259.0,0.3186781240541755,12,259.0,-0.23999999999999977
11920.0,13,358.0,9.944444444444445,5.9813550384443035,13,358.0,0.2655344355537068,13,358.0,-0.9900000000000002
11925.0,12,292.0,8.342857142857143,6.380945979001042,12,292.0,0.29230947229575255,12,292.0,0.6600000000000001
11930.0,9,230.0,6.052631578947368,6.295432425477438,9,187.0,0.2537959397678222,9,187.0,1.0499999999999998
11935.0,10,279.0,7.54054054054054,7.30092645835528,10,279.0,0.34072312368464713,10,279.0,-0.9199999999999999
11940.0,12,315.0,9.0,6.885516707840456,12,315.0,0.2984584136757416,12,315.0,-0.3599999999999999
11945.0,15,384.0,10.105263157894736,6.238390910135863,15,369.0,0.2326802255522463,15,369.0,-0.54
11950.0,15,459.0,12.75,6.4552135372570065,15,459.0,0.25853623919374796,15,459.0,-0.8999999999999999
11955.0,14,350.0,8.974358974358974,6.241295892412879,14,350.0,0.23168216353774457,14,350.0,1.0899999999999999
11960.0,10,166.0,4.368421052631579,7.0750789685454025,10,107.0,0.3090245443386743,10,107.0,2.4299999999999997
11965.0,11,179.0,4.589743589743589,6.60821548622904,11,179.0,0.3020302250781921,11,179.0,-0.72
11970.0,10,157.0,4.0256410256410255,6.742725725250616,10,157.0,0.3060542984638169,10,157.0,0.21999999999999997
11975.0,13,210.0,5.384615384615385,6.341228335156978,13,176.0,0.26134989076936654,13,176.0,-0.18999999999999995
11980.0,15,279.0,6.804878048780488,5.784034799797313,15,278.0,0.21491129507729503,15,278.0,-1.0199999999999998
11985.0,14,220.0,5.641025641025641,6.31820898761619,14,220.0,0.25527418299653226,14,220.0,0.5799999999999996
11990.0,13,168.0,4.2,5.683722147192034,13,125.0,0.21073723334415811,13,125.0,0.9500000000000002
11995.0,12,228.0,6.0,6.936043834891085,12,228.0,0.2997192470699271,12,228.0,-1.0299999999999998
12000.0,14,272.0,7.351351351351352,6.11255853858316,14,272.0,0.24160851852756682,14,272.0,-0.4400000000000004
12005.0,17,353.0,8.609756097560975,6.061496377238434,17,336.0,0.21420915234723234,17,336.0,-0.6399999999999997
12010.0,17,438.0,10.682926829268293,6.2897012667846806,17,438.0,0.22669496061747574,17,438.0,-1.02
12015.0,16,478.0,11.380952380952381,5.631428577491842,16,478.0,0.19663294133258363,16,478.0,-0.40000000000000036
12020.0,15,538.0,13.45,6.460521450712369,15,525.0,0.2721459484980266,15,525.0,-0.46999999999999975
12025.0,19,615.0,14.30232558139535,6.126097905382982,19,615.0,0.2547479065965252,19,615.0,-0.9000000000000004
12030.0,15,564.0,13.75609756097561,6.216952445705802,15,564.0,0.25869238971265723,15,564.0,0.5100000000000007
12035.0,12,577.0,14.425,6.854994006621814,12,533.0,0.28588310671157385,12,533.0,0.3099999999999996
12040.0,15,645.0,15.357142857142858,6.4399061402498345,15,645.0,0.2516456323145824,15,645.0,-1.12
12045.0,15,720.0,18.0,6.686072336022941,15,720.0,0.27122116234519983,15,720.0,-0.75
12050.0,13,553.0,13.487804878048781,5.996151522050832,13,553.0,0.20521012122695123,13,553.0,1.67
12055.0,10,229.0,5.871794871794871,6.877851410021278,10,151.0,0.28414628997777885,10,151.0,4.0200000000000005
12060.0,6,96.0,2.4615384615384617,7.861901357494796,6,96.0,0.3543992329330461,6,96.0,0.55
12065.0,9,105.0,2.441860465116279,7.2987045562433615,9,105.0,0.28239553320667277,9,105.0,-0.09000000000000008
12070.0,14,165.0,3.9285714285714284,7.2181454484991825,14,144.0,0.2652607377798541,14,144.0,-0.3899999999999999
12075.0,16,243.0,5.926829268292683,6.386051543054855,16,243.0,0.22125772233837385,16,243.0,-0.9900000000000002
12080.0,15,282.0,7.05,6.557473173801791,15,282.0,0.2501578016203504,15,282.0,-0.3899999999999997
12085.0,18,359.0,8.75609756097561,5.818759552158984,18,335.0,0.2179838640501497,18,335.0,-0.5300000000000002
12090.0,17,444.0,11.1,6.301794885687996,17,444.0,0.2742832494032899,17,444.0,-1.0900000000000003
12095.0,17,529.0,13.564102564102564,5.963934790875916,17,529.0,0.23171431020570768,17,529.0,-0.8499999999999996
12100.0,18,513.0,12.825,5.185055066296859,18,513.0,0.18117399161304792,18,513.0,0.16000000000000014
12105.0,12,408.0,10.461538461538462,6.030413229504107,12,375.0,0.25400190711644893,12,375.0,1.38
12110.0,9,350.0,8.333333333333334,6.373962982404766,9,350.0,0.2721246951659734,9,350.0,0.25
12115.0,10,397.0,9.452380952380953,6.940277506272979,10,397.0,0.3135416691399752,10,397.0,-0.4700000000000002
12120.0,11,211.0,5.275,6.05667906988449,10,209.0,0.2568422197453857,10,209.0,1.8800000000000003
12125.0,9,76.0,1.853658536585366,6.087259014806656,9,-12.0,0.2625762957891752,9,-12.0,2.21
12130.0,9,117.0,2.8536585365853657,7.604509400409049,9,117.0,0.35733363720518113,9,117.0,-1.29
12135.0,10,120.0,2.7906976744186047,6.768253125969311,10,120.0,0.2788959487539297,10,120.0,-0.030000000000000027
12140.0,10,119.0,2.7674418604651163,7.496640394419772,10,106.0,0.3090755988903162,10,106.0,0.1399999999999999
12145.0,11,163.0,3.7906976744186047,6.891124984880821,11,163.0,0.273082889268452,11,163.0,-0.5699999999999998
12150.0,12,177.0,4.214285714285714,6.764987078639375,12,177.0,0.27855920265889483,12,177.0,-0.14000000000000012
12155.0,10,193.0,4.595238095238095,7.518459122985875,10,180.0,0.3371242948911032,10,180.0,-0.030000000000000027
12160.0,12,248.0,5.636363636363637,6.9713989302099115,12,248.0,0.2775839520665076,12,248.0,-0.6799999999999999
12165.0,12,197.0,4.690476190476191,7.082383680545328,12,197.0,0.28087594451787645,12,197.0,0.51
12170.0,11,221.0,5.1395348837209305,6.744597966789977,11,174.0,0.24962306353978778,11,174.0,0.22999999999999998
12175.0,12,279.0,6.642857142857143,7.594249136325551,12,279.0,0.30966945042310245,12,279.0,-1.05
12180.0,10,243.0,6.394736842105263,7.59619651844042,10,243.0,0.31359552766083626,10,243.0,0.3599999999999999
12185.0,8,182.0,4.55,7.306165390176659,8,153.0,0.28484297114735946,8,153.0,0.9000000000000001
12190.0,8,222.0,5.6923076923076925,7.870763393152354,8,222.0,0.35034306086671324,8,222.0,-0.6900000000000002
12195.0,11,141.0,3.4390243902439024,6.579179315970593,11,141.0,0.2455148062673697,11,141.0,0.8100000000000003
12200.0,12,201.0,5.153846153846154,7.377198564825339,12,109.0,0.3178854285442594,12,109.0,0.31999999999999984
12205.0,14,261.0,6.525,7.058653439051335,14,261.0,0.2863480161839624,14,261.0,-1.5199999999999998
12210.0,12,282.0,7.05,7.158999808234367,12,282.0,0.2810075573549808,12,282.0,-0.20999999999999996
12215.0,10,313.0,8.236842105263158,7.549770051773298,10,300.0,0.32314552410837305,10,300.0,-0.18000000000000016
12220.0,13,370.0,9.487179487179487,6.5662939230720285,13,370.0,0.26936940662621217,13,370.0,-0.7000000000000002
12225.0,11,260.0,6.666666666666667,6.942095422163567,11,260.0,0.2835821629020307,11,260.0,1.1
12230.0,9,195.0,4.7560975609756095,6.621530794810076,9,137.0,0.2526209704511253,9,137.0,1.23
12235.0,9,240.0,6.315789473684211,7.67073961405755,9,240.0,0.3556149463376243,9,240.0,-1.0299999999999998
12240.0,10,263.0,6.921052631578948,7.157412406863548,10,263.0,0.29961079518807593,10,263.0,-0.22999999999999998
12245.0,13,320.0,8.421052631578947,6.289860439206795,13,307.0,0.24241574372689978,13,307.0,-0.43999999999999995
12250.0,12,380.0,10.555555555555555,6.870024004965715,12,380.0,0.29807592196343063,12,380.0,-0.73
12255.0,11,393.0,10.076923076923077,6.13353348270874,11,393.0,0.23927047312900052,11,393.0,-0.13000000000000034
12260.0,10,429.0,11.289473684210526,7.311714720331139,10,416.0,0.34327805076071893,10,416.0,-0.22999999999999998
12265.0,14,480.0,11.707317073170731,7.242988468904008,14,480.0,0.3272751081003941,14,480.0,-0.6399999999999997
12270.0,12,523.0,13.41025641025641,7.167487761653931,11,522.0,0.3192442227437378,11,522.0,-0.41999999999999993
12275.0,11,577.0,14.794871794871796,7.4794673525282995,11,567.0,0.32018520688432905,11,567.0,-0.4500000000000002
12280.0,13,637.0,16.333333333333332,6.775037028764687,13,637.0,0.272135093319462,13,637.0,-0.7000000000000002
12285.0,12,635.0,17.16216216216216,6.764866807927128,12,635.0,0.2857133842475355,12,635.0,0.020000000000000462
12290.0,13,698.0,18.36842105263158,6.425160502398197,13,636.0,0.24162295643061174,13,636.0,-0.010000000000000675
12295.0,15,771.0,20.83783783783784,6.601905658264833,15,771.0,0.26662901556146096,15,771.0,-1.3499999999999996
12300.0,12,498.0,13.833333333333334,6.143504097037246,12,498.0,0.22055677381370573,12,498.0,2.7299999999999995
12305.0,11,191.0,5.026315789473684,6.192837079004764,11,73.0,0.25150122600176333,11,73.0,4.25
12310.0,6,128.0,3.3684210526315788,7.40272011533795,6,128.0,0.33779703177231346,6,128.0,-0.55
12315.0,8,128.0,3.1219512195121952,6.659911247881467,8,128.0,0.28287453671859036,8,128.0,0.0
12320.0,13,183.0,4.6923076923076925,7.277819843225111,13,164.0,0.31133095008238604,13,164.0,-0.3599999999999999
12325.0,16,248.0,6.358974358974359,6.583314982569321,16,248.0,0.2497329279061379,16,248.0,-0.8400000000000001
12330.0,13,273.0,7.184210526315789,6.913346847892204,13,273.0,0.29607261092960696,13,273.0,-0.25
12335.0,8,243.0,6.75,7.345150815641915,8,230.0,0.3115226741117431,8,230.0,0.43000000000000016
12340.0,8,266.0,7.0,7.310716995561086,8,266.0,0.33097626600448893,8,266.0,-0.3600000000000003
12345.0,12,311.0,8.405405405405405,6.895929992069526,12,311.0,0.3022405580661592,12,311.0,-0.44999999999999973
12350.0,16,383.0,9.575,6.063297441265431,16,382.0,0.22632564195063168,16,382.0,-0.71
12355.0,16,463.0,11.575,6.766820755687715,16,463.0,0.25817543818430516,16,463.0,-0.81
12360.0,13,301.0,8.135135135135135,6.187763402284037,13,301.0,0.21468867430829455,13,301.0,1.62
12365.0,11,178.0,4.564102564102564,6.326336065502936,11,91.0,0.25494458399741704,11,91.0,2.0999999999999996
12370.0,10,223.0,5.717948717948718,7.402120907894762,10,223.0,0.33258270739003887,10,223.0,-1.3199999999999998
12375.0,12,278.0,7.128205128205129,6.648480696412162,12,278.0,0.2882536960011606,12,278.0,-0.5499999999999998
12380.0,11,229.0,6.026315789473684,6.91551553319768,11,229.0,0.3067365918492753,11,229.0,0.48999999999999977
12385.0,10,106.0,2.5853658536585367,6.829012566701878,10,72.0,0.29614871087397304,10,72.0,1.57
12390.0,7,123.0,3.1538461538461537,8.052569189909,7,123.0,0.38562296533894347,7,123.0,-0.51
12395.0,9,113.0,3.054054054054054,7.90413130545379,9,113.0,0.3628460097720344,9,113.0,0.10000000000000009
12400.0,14,173.0,4.325,6.408536293108114,14,127.0,0.2231879195799785,14,127.0,-0.14000000000000012
12405.0,14,243.0,6.394736842105263,7.072653832865141,14,243.0,0.2731087131247534,14,243.0,-1.1600000000000001
12410.0,13,264.0,6.439024390243903,6.065010593568112,13,264.0,0.19315057583008244,13,264.0,-0.20999999999999996
12415.0,10,271.0,6.609756097560975,7.4307713688611265,10,258.0,0.29337802474651054,10,258.0,0.06000000000000005
12420.0,10,321.0,8.23076923076923,7.198146587420233,10,321.0,0.29746977757442644,10,321.0,-0.6299999999999999
12425.0,12,254.0,6.195121951219512,6.451540604760429,12,254.0,0.2459743762889649,12,254.0,0.6699999999999999
12430.0,9,253.0,6.487179487179487,7.296126796922792,9,210.0,0.3185980299910075,9,210.0,0.43999999999999995
12435.0,11,302.0,7.365853658536586,7.0722111895819655,11,302.0,0.3003678845683718,11,302.0,-0.9199999999999999
12440.0,10,311.0,8.18421052631579,7.433053220855373,10,311.0,0.3459025969256056,10,311.0,-0.08999999999999986
12445.0,11,350.0,8.75,7.10281362806964,11,337.0,0.2991786987266003,11,337.0,-0.26000000000000023
12450.0,11,405.0,10.657894736842104,7.595290824613142,11,405.0,0.34909773050157017,11,405.0,-0.6799999999999997
12455.0,8,216.0,5.684210526315789,7.857112815073555,8,216.0,0.35487902354372103,8,216.0,1.8899999999999997
12460.0,6,66.0,1.65,7.450476198875234,6,-22.0,0.29657198872363205,6,-22.0,2.3800000000000003
12465.0,6,90.0,2.3684210526315788,8.636388281583512,6,90.0,0.39037181840018764,6,90.0,-1.12
12470.0,7,121.0,3.025,7.865669006867639,7,121.0,0.32549341614549426,7,121.0,-0.30999999999999994
12475.0,9,149.0,4.027027027027027,8.312795136611333,9,149.0,0.33751163651239713,9,149.0,-0.28
12480.0,8,186.0,5.166666666666667,8.321104998132741,8,184.0,0.31218052965189685,8,184.0,-0.3500000000000001
12485.0,10,231.0,5.775,7.686183133038381,10,229.0,0.2862562628264235,10,229.0,-0.44999999999999996
12490.0,9,250.0,6.756756756756757,8.39955770823814,9,250.0,0.35885209891030034,9,250.0,-0.20999999999999996
12495.0,12,300.0,7.894736842105263,7.020755010414109,12,274.0,0.24833060615408634,12,274.0,-0.2400000000000002
12500.0,12,360.0,10.0,7.93644730459632,12,360.0,0.31562962650437026,12,360.0,-0.8599999999999999
12505.0,13,335.0,9.054054054054054,6.955664115916354,13,335.0,0.2475434559444711,13,335.0,0.25
12510.0,10,372.0,10.628571428571428,7.542422261799861,10,344.0,0.3313425902309492,10,344.0,-0.08999999999999986
12515.0,10,422.0,12.411764705882353,7.947842418746712,10,422.0,0.37773524232979694,10,422.0,-0.7799999999999998
12520.0,13,479.0,14.088235294117647,6.339267887379504,13,479.0,0.26292023074268556,13,479.0,-0.5700000000000003
12525.0,13,544.0,16.484848484848484,6.911369251765196,13,544.0,0.2903455484618882,13,544.0,-0.6500000000000004
12530.0,15,613.0,17.02777777777778,5.505439512931951,15,613.0,0.1868964872819647,15,613.0,-0.6899999999999995
12535.0,13,607.0,17.34285714285714,6.222208760953263,13,607.0,0.24897329673947607,13,607.0,0.05999999999999961
12540.0,12,661.0,20.03030303030303,6.1514281954645975,12,625.0,0.26309766290135533,12,625.0,-0.17999999999999972
12545.0,14,729.0,20.25,6.043293771166359,14,729.0,0.2664651956584244,14,729.0,-1.04
12550.0,11,469.0,13.4,6.260102218920694,11,469.0,0.27853880898374267,11,469.0,2.5999999999999996
12555.0,9,165.0,4.342105263157895,6.288353174762713,9,57.0,0.26289676407345497,9,57.0,4.12
12560.0,5,103.0,2.7837837837837838,7.787538149454896,5,103.0,0.3777383001260609,5,103.0,-0.4600000000000001
12565.0,10,123.0,3.075,7.189475528923938,10,123.0,0.33431912080950094,10,123.0,-0.19999999999999996
12570.0,13,178.0,4.45,7.494123730323575,13,172.0,0.32022819296764654,13,172.0,-0.49
12575.0,13,243.0,6.230769230769231,7.533181543401711,13,243.0,0.3188696695539204,13,243.0,-0.7100000000000002
12580.0,13,264.0,6.769230769230769,6.529895233346917,13,264.0,0.2205043923739046,13,264.0,-0.20999999999999996
12585.0,8,239.0,6.2894736842105265,7.533073487413547,8,226.0,0.30466756663783934,8,226.0,0.38000000000000034
12590.0,8,268.0,6.871794871794871,7.501348477776955,8,268.0,0.3102452140196475,8,268.0,-0.4200000000000004
12595.0,10,124.0,3.1794871794871793,7.203028006990124,9,123.0,0.29145286258089637,9,123.0,1.4500000000000002
12600.0,9,64.0,1.8285714285714285,6.724235015273238,9,-8.0,0.2510893502533914,9,-8.0,1.31
12605.0,9,103.0,2.7837837837837838,6.756777668215317,9,103.0,0.2790271667472531,9,103.0,-1.11
12610.0,9,148.0,4.0,7.468331742616305,9,148.0,0.3457186553451343,9,148.0,-0.44999999999999996
12615.0,11,197.0,4.925,6.724523316218674,11,197.0,0.2818929735806468,11,197.0,-0.49
12620.0,9,174.0,4.702702702702703,7.514020006697179,9,174.0,0.34271593295258723,9,174.0,0.22999999999999998
12625.0,8,122.0,3.05,7.7529638944891754,8,99.0,0.3632504938706454,8,99.0,0.75
12630.0,7,156.0,4.105263157894737,8.547908220862958,7,156.0,0.412856542300756,7,156.0,-0.5700000000000001
12635.0,9,140.0,3.888888888888889,8.28232826030761,9,140.0,0.3932190608248885,9,140.0,0.16000000000000014
12640.0,12,191.0,5.026315789473684,7.312632005420579,12,139.0,0.2830032382063956,12,139.0,0.010000000000000009
12645.0,12,251.0,6.783783783783784,7.794141793619956,12,251.0,0.31221821362980184,12,251.0,-1.1199999999999999
12650.0,10,261.0,6.868421052631579,6.605095829357298,10,261.0,0.22351807400999144,10,261.0,-0.10000000000000009
12655.0,10,299.0,8.08108108108108,7.701265390976461,10,286.0,0.31009125488425765,10,286.0,-0.25
12660.0,10,349.0,9.694444444444445,7.544825855751865,10,349.0,0.31107205644865127,10,349.0,-0.6300000000000003
12665.0,10,222.0,5.842105263157895,6.761674520138069,10,222.0,0.2677261469767731,10,222.0,1.27
12670.0,6,166.0,4.486486486486487,7.952408018900697,6,97.0,0.360954845576117,6,97.0,1.2500000000000002
12675.0,7,199.0,5.2368421052631575,7.740233650095353,7,199.0,0.35312693621269364,7,199.0,-1.02
12680.0,8,85.0,2.361111111111111,7.986807870023741,8,85.0,0.36690946656133666,8,85.0,1.1400000000000001
12685.0,8,53.0,1.4324324324324325,7.2187706158187135,8,-5.0,0.31499183955789556,8,-5.0,0.9
12690.0,7,86.0,2.388888888888889,8.318641404488332,7,86.0,0.3990348635938169,7,86.0,-0.91
12695.0,6,75.0,2.142857142857143,8.276831917202962,6,75.0,0.39668268494281045,6,75.0,0.10999999999999999
12700.0,6,93.0,2.5135135135135136,7.497605504792089,6,80.0,0.3105725429213101,6,80.0,-0.050000000000000044
12705.0,8,131.0,3.742857142857143,8.098093917028699,8,131.0,0.38284289451430287,8,131.0,-0.51
12710.0,7,70.0,1.8421052631578947,6.513071904707953,7,70.0,0.25234166290721965,7,70.0,0.6100000000000001
12715.0,7,94.0,2.473684210526316,7.8663508250001435,7,52.0,0.36751802596373456,7,52.0,0.17999999999999994
12720.0,7,129.0,3.3947368421052633,8.50919865612787,7,129.0,0.4180385570816731,7,129.0,-0.77
12725.0,7,80.0,2.1621621621621623,7.315170996383655,7,80.0,0.3126033700580976,7,80.0,0.49
12730.0,6,89.0,2.5428571428571427,8.206836022792514,6,61.0,0.3798252292105519,6,61.0,0.19000000000000006
12735.0,6,114.0,3.081081081081081,7.778721559550126,6,114.0,0.3382267902192933,6,114.0,-0.5299999999999999
12740.0,7,76.0,2.111111111111111,8.170849734307257,7,76.0,0.37928285319632893,7,76.0,0.3799999999999999
12745.0,9,100.0,2.7777777777777777,6.888914733296299,9,71.0,0.29104651748689075,9,71.0,0.050000000000000044
12750.0,8,139.0,3.9714285714285715,7.851375391030076,8,139.0,0.3672692364662895,8,139.0,-0.6799999999999999
12755.0,6,119.0,3.4,8.577647275649545,6,119.0,0.42926105903666906,6,119.0,0.19999999999999996
12760.0,8,153.0,4.25,7.427281836542791,8,125.0,0.32943527726237387,8,125.0,-0.06000000000000005
12765.0,9,197.0,5.96969696969697,8.212947601829258,9,197.0,0.38639530697670044,9,197.0,-0.72
12770.0,7,144.0,4.114285714285714,7.588957152549366,7,144.0,0.32445162639547526,7,144.0,0.53
12775.0,6,136.0,4.0,8.208739970920545,6,107.0,0.3710024417669044,6,107.0,0.3699999999999999
12780.0,6,166.0,5.1875,8.615573631540403,6,166.0,0.422387432486345,6,166.0,-0.5899999999999999
12785.0,8,97.0,2.8529411764705883,7.131560441722873,8,97.0,0.29615883176239877,8,97.0,0.69
12790.0,8,137.0,4.151515151515151,8.28123069830064,8,59.0,0.37889717796626093,8,59.0,0.38
12795.0,9,178.0,5.085714285714285,7.6290537319247065,9,178.0,0.3156608342643162,9,178.0,-1.19
12800.0,8,114.0,3.257142857142857,8.287611321407969,8,114.0,0.34436745113335643,8,114.0,0.6400000000000001
12805.0,8,119.0,3.5,7.659151950281171,8,77.0,0.3388846882220154,8,77.0,0.3699999999999999
12810.0,8,158.0,4.647058823529412,8.266670447961213,8,158.0,0.4018214976366293,8,158.0,-0.81
12815.0,9,201.0,6.090909090909091,7.843232023613914,9,201.0,0.36767710451615965,9,201.0,-0.4299999999999997
12820.0,12,255.0,7.5,6.503699658617199,12,255.0,0.2651976741537696,12,255.0,-0.54
12825.0,12,315.0,9.264705882352942,7.251035747592361,12,315.0,0.31951132082191774,12,315.0,-0.6000000000000001
12830.0,9,235.0,6.527777777777778,6.397416211890229,9,235.0,0.2580540794140422,9,235.0,0.7999999999999998
12835.0,9,239.0,7.029411764705882,7.151317929491054,9,185.0,0.32246654882307496,9,185.0,0.5
12840.0,9,284.0,8.875,7.400622379180231,9,284.0,0.355927494230511,9,284.0,-0.9899999999999998
12845.0,10,267.0,7.416666666666667,6.433908523781333,10,267.0,0.27385138999217234,10,267.0,0.16999999999999993
12850.0,9,309.0,9.363636363636363,7.28870998153957,9,281.0,0.3377595447264476,9,281.0,-0.14000000000000012
12855.0,10,357.0,9.916666666666666,7.2795581035732795,10,357.0,0.32835385361286973,10,357.0,-0.7599999999999998
12860.0,9,194.0,5.388888888888889,7.711861577489474,9,194.0,0.33613239968761016,9,194.0,1.63
12865.0,7,61.0,1.6944444444444444,7.594071279341965,7,-12.0,0.32474543585017573,7,-12.0,2.06
12870.0,6,88.0,2.5142857142857142,8.586814694728478,6,88.0,0.40949666103323024,6,88.0,-1.0
12875.0,6,40.0,1.1764705882352942,7.9616125488027665,6,40.0,0.3560518124737386,6,40.0,0.48
12880.0,9,68.0,1.837837837837838,7.075876422538908,9,40.0,0.2859431956129573,9,40.0,0.0
12885.0,9,113.0,3.054054054054054,8.173877107920195,9,113.0,0.3747645889737884,9,113.0,-0.7299999999999999
12890.0,9,110.0,2.972972972972973,6.834921828523876,8,109.0,0.26460721263543685,8,109.0,0.039999999999999813
12895.0,8,112.0,3.2,7.17934155900372,8,99.0,0.2873253177012769,8,99.0,0.10000000000000009
12900.0,6,139.0,4.212121212121212,7.820414279193373,6,139.0,0.35210603590716616,6,139.0,-0.3999999999999999
12905.0,8,69.0,1.864864864864865,6.709472075673161,8,69.0,0.27054984506100754,8,69.0,0.7
12910.0,7,85.0,2.2972972972972974,7.472771535462506,7,44.0,0.3186826820746984,7,44.0,0.24999999999999994
12915.0,9,123.0,3.236842105263158,6.922310467403765,9,123.0,0.2765746575312611,9,123.0,-0.79
12920.0,10,132.0,3.473684210526316,7.679208652795619,10,132.0,0.35032548059168406,10,132.0,-0.09000000000000008
12925.0,15,184.0,4.487804878048781,6.913663323297481,15,148.0,0.27627186043708407,15,148.0,-0.15999999999999992
12930.0,12,243.0,6.394736842105263,7.277196566771842,12,243.0,0.3110651599103455,12,243.0,-0.9500000000000002
12935.0,10,208.0,6.117647058823529,7.109069433921668,10,208.0,0.3156576234272626,10,208.0,0.3500000000000001
12940.0,10,186.0,5.166666666666667,6.402424113955517,10,157.0,0.2660803596586792,10,157.0,0.51
12945.0,10,236.0,6.9411764705882355,7.439477778506498,10,236.0,0.35672286590784813,10,236.0,-0.7899999999999998
12950.0,9,207.0,5.594594594594595,5.961229524375318,9,207.0,0.23249077957460781,9,207.0,0.29000000000000004
12955.0,10,245.0,7.0,6.934507334578309,10,217.0,0.2973428280102135,10,217.0,-0.10000000000000009
12960.0,10,295.0,8.676470588235293,7.135812539783529,10,295.0,0.3176546698509023,10,295.0,-0.7800000000000002
12965.0,11,173.0,4.552631578947368,6.223899439187156,11,173.0,0.24821653191204784,11,173.0,1.2200000000000002
12970.0,7,121.0,3.1842105263157894,7.614399779931839,7,52.0,0.3508931004784545,7,52.0,1.21
12975.0,8,158.0,4.27027027027027,7.82708409669529,8,158.0,0.36130772361561986,8,158.0,-1.06
12980.0,9,112.0,3.111111111111111,7.886077990917155,9,112.0,0.36014113531188224,9,112.0,0.45999999999999996
12985.0,11,126.0,3.230769230769231,6.805315298237588,11,98.0,0.2598037223847043,11,98.0,0.14000000000000012
12990.0,9,170.0,4.473684210526316,7.780585574211463,9,170.0,0.34237906822436526,9,170.0,-0.72
12995.0,9,173.0,4.942857142857143,7.784437119345004,9,173.0,0.36631122700510355,9,173.0,-0.030000000000000027
13000.0,11,208.0,5.621621621621622,6.662865028371288,11,195.0,0.27293406691742,11,195.0,-0.21999999999999997
13005.0,11,263.0,7.108108108108108,7.824362390777144,11,263.0,0.3495743729039016,11,263.0,-0.6799999999999999
13010.0,9,187.0,4.794871794871795,6.977283863275971,9,187.0,0.2669080890762663,9,187.0,0.7599999999999998
13015.0,8,188.0,5.081081081081081,7.633540226985683,8,144.0,0.3319686081544337,8,144.0,0.43000000000000016
13020.0,8,228.0,6.333333333333333,8.144103172700728,8,228.0,0.3766161953918511,8,228.0,-0.8399999999999999
13025.0,9,181.0,4.891891891891892,6.961830247860976,9,181.0,0.2841623999959174,9,181.0,0.46999999999999975
13030.0,6,164.0,4.685714285714286,8.08131977950437,6,135.0,0.37814225124838247,6,135.0,0.45999999999999996
13035.0,7,196.0,5.297297297297297,7.355515929161367,7,196.0,0.340484143748939,7,196.0,-0.6099999999999999
13040.0,8,98.0,2.6486486486486487,7.966478413045149,8,98.0,0.3750118300062326,8,98.0,0.98
13045.0,11,138.0,3.45,7.815593822435398,11,41.0,0.346290200582517,11,41.0,0.5700000000000001
13050.0,11,187.0,4.921052631578948,7.8222339943479895,11,187.0,0.3452442261120745,11,187.0,-1.4600000000000002
13055.0,11,242.0,6.722222222222222,8.07884648149452,11,242.0,0.3592612875981012,11,242.0,-0.5499999999999998
13060.0,10,189.0,5.108108108108108,6.434857196500504,10,189.0,0.2562104632241527,10,189.0,0.53
13065.0,9,220.0,5.945945945945946,7.468973938369606,9,176.0,0.3525195865681627,9,176.0,0.1299999999999999
13070.0,9,265.0,6.973684210526316,5.893424074522479,9,265.0,0.24875923156716837,9,265.0,-0.8899999999999999
13075.0,11,187.0,5.194444444444445,6.507652621631116,11,187.0,0.2769606400516077,11,187.0,0.7799999999999998
13080.0,8,178.0,5.393939393939394,7.104298773010378,8,130.0,0.3366889578964823,8,130.0,0.5700000000000001
13085.0,10,224.0,6.054054054054054,7.019283858876111,10,224.0,0.318289643153064,10,224.0,-0.9400000000000002
13090.0,9,222.0,6.0,7.509099508840373,9,222.0,0.3386865710662525,9,222.0,0.020000000000000018
13095.0,10,257.0,6.589743589743589,6.8625336453448265,10,242.0,0.2748254483404756,10,242.0,-0.19999999999999973
13100.0,10,307.0,8.771428571428572,7.931158290925542,10,307.0,0.3620650120138289,10,307.0,-0.6499999999999999
13105.0,12,166.0,4.486486486486487,6.863166869063734,11,165.0,0.28434573839929905,11,165.0,1.42
13110.0,7,71.0,1.9189189189189189,7.736362881131457,7,8.0,0.3151542214724046,7,8.0,1.5699999999999998
13115.0,5,93.0,2.5833333333333335,8.190035604291596,5,93.0,0.36877173120844503,5,93.0,-0.8500000000000001
13120.0,11,132.0,3.5675675675675675,6.6679236741385,11,132.0,0.26272405644041436,11,132.0,-0.39
13125.0,13,196.0,5.444444444444445,7.199357554201097,13,196.0,0.28827531292688324,13,196.0,-0.6399999999999999
13130.0,14,263.0,6.743589743589744,6.09627362263867,14,263.0,0.18983426148547483,14,263.0,-0.6699999999999999
13135.0,13,207.0,5.3076923076923075,6.984524125337894,13,207.0,0.2595766135046015,13,207.0,0.56
13140.0,10,204.0,5.666666666666667,6.837885926394256,10,161.0,0.27860188251574597,10,161.0,0.45999999999999974
13145.0,12,262.0,7.081081081081081,6.6416812576400055,12,262.0,0.2955228339657863,12,262.0,-1.01
13150.0,11,232.0,6.628571428571429,6.9101947505805965,11,232.0,0.322196765024662,11,232.0,0.30000000000000027
13155.0,12,277.0,7.694444444444445,6.139996509035244,12,239.0,0.25999934504941186,12,239.0,-0.07000000000000028
13160.0,12,337.0,9.36111111111111,7.298833534744568,12,337.0,0.33409389709686876,12,337.0,-0.98
13165.0,16,399.0,10.783783783783784,6.489634778366863,16,399.0,0.2693653176329436,16,399.0,-0.6200000000000001
13170.0,11,406.0,11.277777777777779,6.965912405056657,11,406.0,0.29271595014571045,11,406.0,-0.0699999999999994
13175.0,10,453.0,12.942857142857143,7.805808670511708,10,435.0,0.3567777026469388,10,435.0,-0.29000000000000004
13180.0,12,508.0,13.368421052631579,6.833265456950213,12,508.0,0.27632990304054855,12,508.0,-0.7300000000000004
13185.0,10,369.0,9.710526315789474,7.330354260654581,10,369.0,0.30999850907377974,10,369.0,1.3900000000000001
13190.0,6,103.0,2.5121951219512195,7.136224465878994,6,39.0,0.27437809511496686,6,39.0,3.3
13195.0,4,41.0,1.025,8.576232194144747,4,41.0,0.40204770163451564,4,41.0,-0.019999999999999962
13200.0,6,45.0,1.2162162162162162,7.934512088240541,6,45.0,0.34367771796252816,6,45.0,-0.040000000000000036
13205.0,13,97.0,2.425,7.01824731020036,13,80.0,0.24601921305851057,13,80.0,-0.35000000000000003
13210.0,13,162.0,4.378378378378378,7.478702202344205,13,162.0,0.2952312913768277,13,162.0,-0.8200000000000001
13215.0,13,180.0,4.615384615384615,6.572338544984005,13,180.0,0.22593804506626441,13,180.0,-0.17999999999999994
13220.0,8,155.0,4.1891891891891895,7.696943773134503,8,142.0,0.3330105150301047,8,142.0,0.3800000000000001
13225.0,11,185.0,4.868421052631579,6.8596779205782115,11,185.0,0.31365900930449325,11,185.0,-0.43000000000000016
13230.0,9,117.0,3.1621621621621623,7.127035962037803,9,117.0,0.31753019889528,9,117.0,0.6800000000000002
13235.0,9,138.0,3.72972972972973,7.743858448439785,9,93.0,0.3380913760463347,9,93.0,0.23999999999999988
13240.0,12,192.0,5.052631578947368,7.022312416535591,12,192.0,0.298529534508627,12,192.0,-0.9899999999999999
13245.0,12,252.0,7.0,7.13719963884358,12,252.0,0.30873702091946015,12,252.0,-0.6000000000000001
13250.0,11,173.0,4.675675675675675,6.544966981262775,11,173.0,0.2586315088250927,11,173.0,0.79
13255.0,9,175.0,5.0,7.440337097291951,9,121.0,0.31436448168069936,9,121.0,0.52
13260.0,9,220.0,6.285714285714286,7.853720590806639,9,220.0,0.3442992213869342,9,220.0,-0.9900000000000002
13265.0,10,261.0,6.868421052631579,6.8801723749454196,10,261.0,0.2785868760303654,10,261.0,-0.4099999999999997
13270.0,11,316.0,8.31578947368421,7.9175913001105975,11,309.0,0.3277729422196258,11,309.0,-0.48
13275.0,13,375.0,9.146341463414634,7.089074981528696,13,375.0,0.2630835235938028,13,375.0,-0.6600000000000001
13280.0,10,401.0,10.552631578947368,7.860509723660158,10,401.0,0.3183883046041068,10,401.0,-0.2599999999999998
13285.0,13,452.0,12.216216216216216,7.272330832107626,13,439.0,0.29200054901578704,13,439.0,-0.3799999999999999
13290.0,12,511.0,14.6,7.790483551297527,12,511.0,0.35246109520578583,12,511.0,-0.7200000000000006
13295.0,9,370.0,10.571428571428571,7.2341886914949844,9,370.0,0.31167908423926033,9,370.0,1.4100000000000001
13300.0,8,130.0,3.4210526315789473,6.864283465961949,8,67.0,0.2799477857508839,8,67.0,3.0300000000000002
13305.0,5,106.0,2.9444444444444446,7.857574128564378,5,106.0,0.3921914108901889,5,106.0,-0.39
13310.0,5,131.0,3.5405405405405403,7.645892294912989,5,131.0,0.3613736305655401,5,131.0,-0.25
13315.0,7,121.0,3.4571428571428573,7.245208437089999,7,121.0,0.3479227516508722,7,121.0,0.10000000000000009
13320.0,8,161.0,4.6,7.9761999313227125,8,137.0,0.39350024958883867,8,137.0,-0.16000000000000014
13325.0,9,204.0,5.230769230769231,7.404367332030835,9,204.0,0.34420567798983315,9,204.0,-0.6699999999999999
13330.0,7,198.0,5.5,7.774024424320796,7,198.0,0.3815619366088835,7,198.0,0.06000000000000005
13335.0,8,235.0,6.184210526315789,7.423734746194375,8,209.0,0.32445982430471526,8,209.0,-0.10999999999999988
13340.0,9,280.0,7.368421052631579,8.235822130311178,9,280.0,0.4022425303292738,9,280.0,-0.71
13345.0,8,229.0,5.871794871794871,7.807868765333783,8,229.0,0.355610791657121,8,229.0,0.5099999999999998
13350.0,4,183.0,4.815789473684211,8.453803340776375,4,155.0,0.406751417878297,4,155.0,0.74
13355.0,5,207.0,5.447368421052632,8.976957386291707,5,207.0,0.46140815594786816,5,207.0,-0.5199999999999998
13360.0,10,230.0,5.75,7.082029649928427,9,229.0,0.27565528652843646,9,229.0,-0.2200000000000002
13365.0,9,274.0,7.2105263157894735,8.049895821541986,9,265.0,0.3307253228036454,9,265.0,-0.3599999999999999
13370.0,9,319.0,8.86111111111111,7.280291190715338,9,319.0,0.28470806752838,9,319.0,-0.54
13375.0,8,291.0,8.558823529411764,7.552212992585366,8,291.0,0.340009304478499,8,291.0,0.2799999999999998
13380.0,7,321.0,9.727272727272727,8.044304236640858,7,286.0,0.38351471829782197,7,286.0,0.050000000000000266
13385.0,9,364.0,10.11111111111111,7.897537411802692,9,364.0,0.3703803652515793,9,364.0,-0.7800000000000002
13390.0,6,313.0,9.484848484848484,8.222979448700427,6,313.0,0.3934569771984214,6,313.0,0.5100000000000002
13395.0,5,305.0,8.472222222222221,7.260418160522178,5,277.0,0.2961550753038451,5,277.0,0.3599999999999999
13400.0,6,335.0,9.571428571428571,8.53167043902849,6,335.0,0.41069850380849315,6,335.0,-0.5800000000000001
13405.0,8,49.0,1.3611111111111112,7.668574753468115,8,49.0,0.35792563300245206,8,49.0,2.8600000000000003
13410.0,8,83.0,2.4411764705882355,7.9827397460799965,8,-79.0,0.378805267589635,8,-79.0,1.28
13415.0,8,123.0,3.727272727272727,8.748115141022604,8,123.0,0.4254196421283857,8,123.0,-2.02
13420.0,12,168.0,4.9411764705882355,6.8680698711285775,12,168.0,0.27360815009884637,12,168.0,-0.44999999999999996
13425.0,8,133.0,3.911764705882353,7.936857377693768,8,133.0,0.33176084413389406,8,133.0,0.34999999999999987
13430.0,8,163.0,4.527777777777778,7.2712457417479435,8,125.0,0.285767716272431,8,125.0,0.08000000000000007
13435.0,9,207.0,5.914285714285715,7.951285027351233,9,207.0,0.3457128183750605,9,207.0,-0.8199999999999998
13440.0,6,143.0,4.46875,7.910036832749423,6,143.0,0.33476699924653586,6,143.0,0.6399999999999999
13445.0,6,134.0,3.7222222222222223,7.9754135290018,6,101.0,0.3244291759767397,6,101.0,0.41999999999999993
13450.0,6,164.0,4.823529411764706,9.012291394601046,6,164.0,0.4221634891502384,6,164.0,-0.6299999999999999
13455.0,7,55.0,1.5714285714285714,7.335432477788592,7,55.0,0.308529346367922,7,55.0,1.0899999999999999
13460.0,4,38.0,1.1515151515151516,8.921772592806962,4,-17.0,0.43890917629602283,4,-17.0,0.7200000000000001
13465.0,6,58.0,1.7575757575757576,8.874403013857124,6,58.0,0.43504177795059656,6,58.0,-0.75
13470.0,6,85.0,2.5757575757575757,8.730550330872948,6,85.0,0.42384696400234073,6,85.0,-0.27
13475.0,6,115.0,3.484848484848485,9.40091902980076,6,115.0,0.44736500442684,6,115.0,-0.29999999999999993
13480.0,8,148.0,4.228571428571429,7.914286430920377,8,148.0,0.3070773856628034,8,148.0,-0.33000000000000007
13485.0,9,193.0,5.676470588235294,8.55538189635075,9,193.0,0.348596631913541,9,193.0,-0.44999999999999996
13490.0,7,134.0,3.7222222222222223,7.3572432237629535,7,134.0,0.2669455568184501,7,134.0,0.5899999999999999
13495.0,7,153.0,4.371428571428571,8.306732217200718,7,111.0,0.34753554756734156,7,111.0,0.22999999999999998
13500.0,7,188.0,6.266666666666667,8.718976398428165,7,188.0,0.4132201273825215,7,188.0,-0.7699999999999998
13505.0,9,228.0,6.909090909090909,7.398735498704058,9,228.0,0.30297144551019023,9,228.0,-0.3999999999999999
13510.0,10,278.0,8.424242424242424,7.936194885952182,10,278.0,0.3197023047704326,10,278.0,-0.5
13515.0,13,334.0,9.823529411764707,6.521094204960852,13,334.0,0.24361822463359567,13,334.0,-0.56
13520.0,10,313.0,10.096774193548388,7.171814804740191,10,313.0,0.32877685175112165,10,313.0,0.20999999999999996
13525.0,13,352.0,11.35483870967742,6.189496554505083,13,317.0,0.29879607693499094,13,317.0,-0.040000000000000036
13530.0,11,406.0,13.096774193548388,7.060393606427757,11,406.0,0.3560429422361458,11,406.0,-0.8899999999999997
13535.0,11,461.0,14.870967741935484,7.323067914414815,11,461.0,0.3523445957320328,11,461.0,-0.5500000000000007
13540.0,13,522.0,15.352941176470589,6.235701428045811,13,522.0,0.2639177469541289,13,522.0,-0.6099999999999994
13545.0,13,587.0,17.78787878787879,6.85091676822016,13,587.0,0.30978280647025086,13,587.0,-0.6500000000000004
13550.0,15,654.0,18.685714285714287,5.7748138507665345,15,654.0,0.2274880494521851,15,654.0,-0.6699999999999999
13555.0,13,611.0,17.457142857142856,6.2465293209769115,13,611.0,0.2561819332558163,13,611.0,0.4299999999999997
13560.0,11,642.0,20.0625,6.380366186927183,11,597.0,0.290721202265246,11,597.0,0.14000000000000057
13565.0,13,704.0,19.555555555555557,6.20505069149395,13,704.0,0.2838303381282971,13,704.0,-1.0700000000000003
13570.0,11,433.0,12.027777777777779,6.528556806203938,11,433.0,0.2900190055514635,11,433.0,2.71
13575.0,8,126.0,3.230769230769231,6.509679793975875,8,13.0,0.27044017481437205,8,13.0,4.2
13580.0,5,69.0,1.8157894736842106,7.956940796854015,5,69.0,0.3797757902314484,5,69.0,-0.5599999999999999
13585.0,10,100.0,2.6315789473684212,7.261344986672152,10,100.0,0.3249154238926386,10,100.0,-0.31000000000000005
13590.0,15,162.0,4.5,6.769564221687703,15,162.0,0.27061907758159703,15,162.0,-0.6200000000000001
13595.0,15,237.0,6.771428571428571,6.479479018176339,15,237.0,0.25779480171350094,15,237.0,-0.75
13600.0,15,271.0,7.131578947368421,5.600563693951425,15,271.0,0.21863392622095426,15,271.0,-0.33999999999999986
13605.0,10,256.0,6.7368421052631575,6.8205057319862545,10,243.0,0.30023435803371556,10,243.0,0.2799999999999998
13610.0,11,295.0,7.195121951219512,6.458813916141352,11,295.0,0.2742463031271257,11,295.0,-0.52
13615.0,12,238.0,5.804878048780488,6.715739882695,11,237.0,0.28615967808772763,11,237.0,0.5800000000000001
13620.0,12,268.0,7.052631578947368,6.695834970207699,12,225.0,0.24804422512881313,12,225.0,0.1200000000000001
13625.0,13,328.0,8.2,6.422526901671287,13,328.0,0.2488663872429248,13,328.0,-1.0299999999999998
13630.0,13,351.0,9.486486486486486,6.32270336906183,13,351.0,0.27457029423863466,13,351.0,-0.22999999999999998
13635.0,12,367.0,9.41025641025641,6.173521809300515,12,354.0,0.25774249602853233,12,354.0,-0.03000000000000025
13640.0,12,427.0,11.236842105263158,7.407962616861198,12,427.0,0.34026690125889764,12,427.0,-0.7299999999999995
13645.0,15,248.0,6.2,6.303356513122774,15,248.0,0.2516656883686541,15,248.0,1.7899999999999996
13650.0,9,113.0,2.8974358974358974,7.242577567147719,9,26.0,0.317009823131096,9,26.0,2.2199999999999998
13655.0,8,147.0,3.8684210526315788,7.925229046543317,8,147.0,0.3874189232972167,8,147.0,-1.21
13660.0,11,100.0,2.5,6.2600757715873865,11,100.0,0.26076752902062733,11,100.0,0.47
13665.0,10,107.0,2.7435897435897436,7.110286609267345,10,78.0,0.31440759509829624,10,78.0,0.21999999999999997
13670.0,12,160.0,3.902439024390244,6.467102655736156,12,160.0,0.26984044792489226,12,160.0,-0.8200000000000001
13675.0,12,220.0,5.365853658536586,7.04748283333355,12,220.0,0.3125430342671053,12,220.0,-0.6000000000000001
13680.0,9,214.0,5.35,7.285385535322327,9,214.0,0.3043234332365082,9,214.0,0.06000000000000005
13685.0,8,200.0,4.761904761904762,7.1032794541741096,8,182.0,0.289569745609725,8,182.0,0.32000000000000006
13690.0,8,240.0,5.714285714285714,8.30016805388322,8,240.0,0.4002116918720622,8,240.0,-0.5799999999999998
13695.0,11,252.0,5.8604651162790695,7.0175264257545225,11,252.0,0.26601503549656225,11,252.0,-0.1200000000000001
13700.0,12,312.0,7.8,7.813084091445904,12,281.0,0.33255481238515444,12,281.0,-0.29000000000000004
13705.0,16,373.0,8.674418604651162,6.764140245489035,16,373.0,0.24348391570891528,16,373.0,-0.9199999999999999
13710.0,12,248.0,6.2,7.171024655964734,12,248.0,0.2916502072066139,12,248.0,1.25
13715.0,7,137.0,3.7027027027027026,7.907441729453121,7,74.0,0.37883961320900683,7,74.0,1.74
13720.0,9,176.0,4.631578947368421,6.819200781836643,9,176.0,0.31898679290525805,9,176.0,-1.02
13725.0,10,137.0,3.7027027027027026,6.827391760155999,10,137.0,0.3080096548028276,10,137.0,0.3899999999999999
13730.0,9,155.0,3.9743589743589745,6.634275912252767,9,127.0,0.2789707927960629,9,127.0,0.10000000000000009
13735.0,11,209.0,5.648648648648648,7.15124003405697,11,209.0,0.3324184650839788,11,209.0,-0.8199999999999998
13740.0,11,264.0,7.333333333333333,6.99793500942337,11,264.0,0.3068430970225693,11,264.0,-0.5500000000000003
13745.0,10,174.0,4.578947368421052,6.342202058499153,10,174.0,0.25288716277242745,10,174.0,0.9000000000000001
13750.0,7,165.0,4.714285714285714,7.409343813636851,7,108.0,0.35663125568479037,7,108.0,0.6599999999999999
13755.0,8,203.0,5.342105263157895,7.54348547371945,8,203.0,0.3533694705582233,8,203.0,-0.9499999999999997
13760.0,8,142.0,3.736842105263158,7.922804040407912,8,142.0,0.3800094024492606,8,142.0,0.6099999999999999
13765.0,7,70.0,1.75,7.8356038220148205,7,37.0,0.35791465563762925,7,37.0,1.0499999999999998
13770.0,6,95.0,2.375,8.563288394000322,6,95.0,0.4233891580217577,6,95.0,-0.58
13775.0,6,125.0,3.125,9.333712244682811,6,125.0,0.49663936248832075,6,125.0,-0.30000000000000004
13780.0,5,95.0,2.375,8.034974917965476,5,95.0,0.35142874139198016,5,95.0,0.30000000000000004
13785.0,8,134.0,3.526315789473684,8.658782999447606,8,79.0,0.38660755150117715,8,79.0,0.15999999999999992
13790.0,9,175.0,4.605263157894737,7.295643781841377,9,175.0,0.2738416396577109,9,175.0,-0.96
13795.0,8,126.0,3.6,7.789736301768447,8,126.0,0.32788388690738524,8,126.0,0.49
13800.0,6,137.0,3.914285714285714,8.370389318637482,6,104.0,0.4049471259614089,6,104.0,0.21999999999999997
13805.0,8,172.0,4.777777777777778,7.6452332547448485,8,172.0,0.3739579670423657,8,172.0,-0.6799999999999999
13810.0,6,89.0,2.5428571428571427,7.960733822753968,6,89.0,0.4031542523972435,6,89.0,0.83
13815.0,5,83.0,2.2432432432432434,7.531054285017871,5,33.0,0.36022539602410764,5,33.0,0.56
13820.0,6,111.0,3.264705882352941,8.292643312501415,6,111.0,0.4408349557574621,6,111.0,-0.78
13825.0,7,41.0,1.1388888888888888,8.25262928470574,7,41.0,0.4478191933693366,7,41.0,0.7000000000000002
13830.0,4,46.0,1.3529411764705883,8.08719361207608,4,6.0,0.3880224838880601,4,6.0,0.35
13835.0,5,71.0,2.21875,8.801860343391766,5,71.0,0.45905227677535115,5,71.0,-0.6499999999999999
13840.0,10,107.0,3.242424242424242,6.968935575122217,10,107.0,0.3269147641775347,10,107.0,-0.3600000000000001
13845.0,10,156.0,4.7272727272727275,7.528461457444408,10,156.0,0.35842293272583314,10,156.0,-0.49
13850.0,12,208.0,5.777777777777778,6.361984428571099,12,208.0,0.22836812532526532,12,208.0,-0.52
13855.0,10,161.0,4.6,6.875509286264485,10,161.0,0.2820364658106243,10,161.0,0.47
13860.0,8,178.0,5.085714285714285,7.556878685845326,8,135.0,0.3434999875024311,8,135.0,0.26
13865.0,10,224.0,6.054054054054054,7.171899198390595,10,224.0,0.3178620219970298,10,224.0,-0.8900000000000001
13870.0,8,158.0,4.787878787878788,7.563591792021156,8,158.0,0.3617075698615717,8,158.0,0.6600000000000001
13875.0,7,163.0,4.527777777777778,7.071448071376972,7,120.0,0.3143560946948652,7,120.0,0.3800000000000001
13880.0,8,202.0,5.9411764705882355,8.363867161820721,8,202.0,0.41018946886975116,8,202.0,-0.8200000000000001
13885.0,10,102.0,2.8333333333333335,6.866105998595543,10,102.0,0.3019029194744701,10,102.0,1.0
13890.0,6,56.0,1.6470588235294117,7.61524380896548,6,12.0,0.33972678946272633,6,12.0,0.9
13895.0,5,80.0,2.5,8.300923213249735,5,80.0,0.41321512258513265,5,80.0,-0.68
13900.0,8,113.0,3.2285714285714286,7.320227557207022,8,113.0,0.33867993473827795,8,113.0,-0.32999999999999985
13905.0,7,108.0,3.085714285714286,7.730455613018798,7,108.0,0.3559763219988556,7,108.0,0.04999999999999982
13910.0,8,145.0,3.918918918918919,6.783244881116466,8,127.0,0.2958729669119991,8,127.0,-0.18999999999999995
13915.0,9,190.0,5.135135135135135,7.856555314595427,9,190.0,0.36896667658057475,9,190.0,-0.6299999999999999
13920.0,6,102.0,2.8333333333333335,7.99628455404041,6,102.0,0.3955027053964634,6,102.0,0.8799999999999999
13925.0,6,92.0,2.358974358974359,7.628048722128534,6,44.0,0.34507719330791586,6,44.0,0.5800000000000001
13930.0,6,122.0,3.2972972972972974,8.64645790048915,6,122.0,0.4528021582909997,6,122.0,-0.78
13935.0,5,67.0,1.8108108108108107,7.260266211111417,5,67.0,0.32610008429317494,5,67.0,0.5499999999999999
13940.0,5,77.0,2.2,8.424317561164397,5,49.0,0.4377996765669909,5,49.0,0.18000000000000005
13945.0,8,102.0,2.7567567567567566,8.502546970239958,8,102.0,0.4433113074787907,8,102.0,-0.53
13950.0,7,83.0,2.2432432432432434,8.332207830122831,7,83.0,0.3920319570257951,7,83.0,0.19000000000000006
13955.0,7,118.0,3.189189189189189,8.96145669440372,7,71.0,0.4216707785731466,7,71.0,0.12
13960.0,10,160.0,4.2105263157894735,7.631764831636199,10,160.0,0.3065950248574626,10,160.0,-0.8900000000000001
13965.0,7,128.0,4.0,8.070336824340938,7,128.0,0.3719342226972294,7,128.0,0.32000000000000006
13970.0,8,153.0,4.5,6.995211870718972,8,125.0,0.29323416166692384,8,125.0,0.030000000000000027
13975.0,8,193.0,5.676470588235294,8.116143781166661,8,193.0,0.3921774988746175,8,193.0,-0.6799999999999999
13980.0,8,233.0,7.0606060606060606,7.861007557093512,8,233.0,0.34986045918999276,8,233.0,-0.40000000000000013
13985.0,11,283.0,8.575757575757576,6.99142491451545,11,283.0,0.27753394422039573,11,283.0,-0.5
13990.0,11,338.0,10.5625,7.2513752903299675,11,338.0,0.30801607790135305,11,338.0,-0.5499999999999998
13995.0,10,288.0,8.228571428571428,6.357507729883898,10,288.0,0.24995404190911832,10,288.0,0.5
14000.0,9,316.0,9.575757575757576,7.447040829834192,9,275.0,0.34814514788797624,9,275.0,0.1299999999999999
14005.0,12,361.0,10.93939393939394,6.741132985832203,12,361.0,0.31964127604096015,12,361.0,-0.8599999999999999
14010.0,9,373.0,11.303030303030303,7.069736606157833,9,373.0,0.32485461057599463,9,373.0,-0.1200000000000001
14015.0,9,418.0,13.0625,7.981844731753822,9,396.0,0.3871347573662448,9,396.0,-0.22999999999999998
14020.0,11,467.0,13.342857142857143,6.920549776945121,11,467.0,0.2981533389239118,11,467.0,-0.71
14025.0,12,519.0,15.264705882352942,6.724068837436651,11,518.0,0.30375757485649174,11,518.0,-0.5099999999999998
14030.0,13,577.0,17.484848484848484,5.806785266469613,13,577.0,0.24234955296407404,13,577.0,-0.5899999999999999
14035.0,14,645.0,19.545454545454547,6.20226131990656,14,643.0,0.25451743076500893,14,643.0,-0.6600000000000001
14040.0,14,708.0,21.454545454545453,6.1104852247244,14,708.0,0.25442277855832396,14,708.0,-0.6500000000000004
14045.0,14,778.0,21.027027027027028,5.9760953060249475,14,775.0,0.24005720617427476,14,775.0,-0.6699999999999999
14050.0,15,853.0,23.054054054054053,6.225558083076915,15,853.0,0.2431544651518133,15,853.0,-0.7799999999999994
14055.0,15,824.0,20.6,5.708067823128971,15,824.0,0.20805592142310694,15,824.0,0.28999999999999915
14060.0,13,877.0,23.7027027027027,6.924641949385988,13,834.0,0.3083007108936463,13,834.0,-0.09999999999999964
14065.0,16,942.0,24.789473684210527,6.198953406791406,16,942.0,0.28375211003158,16,942.0,-1.08
14070.0,13,614.0,16.594594594594593,6.321966251328565,13,614.0,0.28743486040366634,13,614.0,3.2800000000000002
14075.0,9,210.0,5.675675675675675,7.156030575767471,9,68.0,0.32982602193954363,9,68.0,5.46
14080.0,6,63.0,1.7027027027027026,6.920939814389419,6,63.0,0.3229622127953586,6,63.0,0.050000000000000044
14085.0,7,69.0,1.9166666666666667,7.260457296048958,7,69.0,0.34267798837894775,7,69.0,-0.05999999999999994
14090.0,12,119.0,3.051282051282051,5.7698645915872,12,106.0,0.20896086142037695,12,106.0,-0.3700000000000001
14095.0,15,193.0,4.948717948717949,6.462673890346669,15,193.0,0.25269703226336604,15,193.0,-0.8699999999999999
14100.0,12,165.0,4.45945945945946,6.420769561207399,12,165.0,0.2510244394959465,12,165.0,0.28
14105.0,13,217.0,5.2926829268292686,6.181073381433744,13,176.0,0.226965173883467,13,176.0,-0.1100000000000001
14110.0,13,282.0,7.05,6.594590564406052,13,282.0,0.2664866416750594,13,282.0,-1.0599999999999998
14115.0,14,260.0,6.341463414634147,5.768622454199375,14,260.0,0.2315162778919424,14,260.0,0.21999999999999975
14120.0,9,165.0,4.024390243902439,7.200338337316333,9,137.0,0.33305546548084675,9,137.0,1.23
14125.0,8,101.0,2.3488372093023258,7.312554146819938,8,101.0,0.3236198163616671,8,101.0,0.3600000000000001
14130.0,8,94.0,2.292682926829268,7.577311180983263,7,93.0,0.34027099453893556,7,93.0,0.07999999999999996
14135.0,12,143.0,3.6666666666666665,7.093195051621374,12,121.0,0.27906460525756843,12,121.0,-0.2799999999999999
14140.0,15,211.0,5.275,6.351938176679535,15,211.0,0.2334142709918437,15,211.0,-0.8999999999999999
14145.0,13,239.0,6.128205128205129,6.7378094668683755,13,239.0,0.2694619980922721,13,239.0,-0.28000000000000025
14150.0,10,217.0,5.166666666666667,6.408695784946936,10,204.0,0.23339693747354795,10,204.0,0.3500000000000001
14155.0,9,247.0,6.175,7.679006903699377,9,247.0,0.34313545046033206,9,247.0,-0.43000000000000016
14160.0,9,171.0,4.384615384615385,6.918913755423316,9,171.0,0.27992529720522663,9,171.0,0.7600000000000002
14165.0,11,188.0,4.7,6.9008958072438045,11,146.0,0.280378764028412,11,146.0,0.25
14170.0,11,243.0,6.075,7.578413223524183,11,243.0,0.33434350530560075,11,243.0,-0.9700000000000002
14175.0,12,255.0,6.219512195121951,6.3067211198757525,12,255.0,0.24565727963364128,12,255.0,-0.11999999999999966
14180.0,8,250.0,6.25,7.76292623253259,8,237.0,0.3451399099909425,8,237.0,0.17999999999999972
14185.0,11,290.0,7.073170731707317,7.927150053283694,11,290.0,0.362795862960466,11,290.0,-0.5299999999999998
14190.0,11,224.0,5.463414634146342,7.599867420186342,10,223.0,0.32053868275655323,10,223.0,0.6699999999999999
14195.0,9,245.0,6.447368421052632,7.71333993647947,9,201.0,0.31844739472619626,9,201.0,0.2200000000000002
14200.0,10,288.0,7.2,7.423910778119705,10,288.0,0.3056657965507672,10,288.0,-0.8700000000000001
14205.0,11,297.0,8.027027027027026,6.95948793920668,11,297.0,0.29286360976513043,11,297.0,-0.0900000000000003
14210.0,11,347.0,8.675,6.678383761962555,11,334.0,0.26251973342469737,11,334.0,-0.36999999999999966
14215.0,12,405.0,10.384615384615385,7.483962413107099,12,405.0,0.3143300727924103,12,405.0,-0.71
14220.0,9,340.0,9.714285714285714,7.089508496357278,9,340.0,0.29605075301044215,9,340.0,0.6499999999999999
14225.0,9,347.0,9.131578947368421,6.985529128939507,9,304.0,0.2840543037260088,9,304.0,0.3599999999999999
14230.0,9,392.0,10.31578947368421,8.177410262576837,9,392.0,0.36921469041467775,9,392.0,-0.8799999999999999
14235.0,9,344.0,8.820512820512821,7.087345021218689,9,344.0,0.28224830184684085,9,344.0,0.48
14240.0,7,340.0,8.947368421052632,8.177768069479361,7,311.0,0.37821447252029117,7,311.0,0.33000000000000007
14245.0,10,375.0,9.615384615384615,7.631731982645106,10,375.0,0.3487855478574104,10,375.0,-0.6400000000000001
14250.0,8,89.0,2.3421052631578947,7.785727003571549,8,89.0,0.35149142441340503,8,89.0,2.86
14255.0,8,129.0,3.5833333333333335,8.317168622092046,8,-36.0,0.40365965772135326,8,-36.0,1.25
14260.0,11,175.0,4.487179487179487,7.144180019936748,11,175.0,0.2967036367528624,11,175.0,-2.11
14265.0,8,148.0,4.0,7.77758300724352,8,148.0,0.3474626797865462,8,148.0,0.27
14270.0,7,177.0,4.538461538461538,7.581253749791953,7,149.0,0.3219484240219926,7,149.0,-0.010000000000000009
14275.0,9,221.0,6.138888888888889,7.908969649233721,9,221.0,0.3689480157372526,9,221.0,-0.72
14280.0,6,178.0,5.085714285714285,7.4084401469255905,6,178.0,0.3288439856250423,6,178.0,0.42999999999999994
14285.0,7,201.0,5.153846153846154,7.513176052678452,7,173.0,0.3299046628438307,7,173.0,0.050000000000000044
14290.0,7,236.0,6.378378378378378,8.385173772363572,7,236.0,0.41147209820386266,7,236.0,-0.6299999999999999
14295.0,5,92.0,2.4210526315789473,7.644491070676163,5,92.0,0.3416496112631392,5,92.0,1.44
14300.0,3,26.0,0.7222222222222222,9.050922840341288,3,-41.0,0.4459713623845885,3,-41.0,1.33
14305.0,6,41.0,1.0789473684210527,8.919595210673606,6,41.0,0.445887384219403,6,41.0,-0.82
14310.0,5,64.0,1.7297297297297298,9.14278413556286,5,64.0,0.4607687287133532,5,64.0,-0.23000000000000004
14315.0,5,89.0,2.6176470588235294,9.33090567828777,5,89.0,0.4690202510512634,5,89.0,-0.25
14320.0,8,120.0,3.3333333333333335,7.800089126952754,8,120.0,0.33127966056390734,8,120.0,-0.30999999999999994
14325.0,8,160.0,4.848484848484849,8.376743997968404,8,160.0,0.3998652774560001,8,160.0,-0.40000000000000013
14330.0,9,202.0,5.611111111111111,7.511532050018862,9,202.0,0.29985385449031143,9,202.0,-0.41999999999999993
14335.0,11,253.0,7.666666666666667,7.475165358165054,11,253.0,0.30581821624125594,11,253.0,-0.5099999999999998
14340.0,8,172.0,5.548387096774194,7.408847397441209,8,172.0,0.32898013850272373,8,172.0,0.8099999999999998
14345.0,7,169.0,4.970588235294118,7.169197612152871,7,116.0,0.3157688080636283,7,116.0,0.56
14350.0,8,208.0,6.303030303030303,7.962289537086552,8,208.0,0.3835866637622067,8,208.0,-0.9200000000000002
14355.0,7,109.0,3.303030303030303,7.299829696915478,7,109.0,0.33445098399104806,7,109.0,0.99
14360.0,6,96.0,3.0,8.118524790236334,6,41.0,0.38981249789461137,6,41.0,0.6800000000000002
14365.0,8,126.0,3.9375,7.545073548100407,8,126.0,0.36272394251886064,8,126.0,-0.8500000000000001
14370.0,7,59.0,1.84375,7.620119447156353,7,59.0,0.36783515831534136,7,59.0,0.67
14375.0,5,67.0,2.161290322580645,8.31466891690868,5,21.0,0.4389838114601421,5,21.0,0.38
14380.0,7,96.0,2.909090909090909,7.415461376547199,7,96.0,0.37726378154068463,7,96.0,-0.75
14385.0,6,97.0,2.9393939393939394,8.020959893215746,6,97.0,0.4119755977764908,6,97.0,-0.010000000000000009
14390.0,6,127.0,3.6285714285714286,7.472510189140592,6,114.0,0.3441269241065217,6,114.0,-0.16999999999999993
14395.0,8,163.0,4.6571428571428575,7.4725532761318325,8,163.0,0.3405694355321951,8,163.0,-0.49
14400.0,8,203.0,5.8,8.222738253938111,8,203.0,0.41398058459749776,8,203.0,-0.3999999999999999
14405.0,7,104.0,2.736842105263158,7.567500270737082,6,103.0,0.36982578727380283,6,103.0,0.9999999999999998
14410.0,6,84.0,2.4,7.920104700676617,6,36.0,0.3532349091481915,6,36.0,0.67
14415.0,5,103.0,2.7837837837837838,7.563416535593591,5,103.0,0.34182925386091606,5,103.0,-0.67
14420.0,9,103.0,3.0294117647058822,7.694154023608682,9,103.0,0.38332589202127254,9,103.0,0.0
14425.0,12,148.0,4.111111111111111,7.265458852690484,12,113.0,0.3255725102455644,12,113.0,-0.09999999999999987
14430.0,12,202.0,5.771428571428571,7.265064630300025,12,202.0,0.3050780144162787,12,202.0,-0.8900000000000001
14435.0,9,136.0,3.8857142857142857,7.918662447921202,9,136.0,0.36196127881385354,9,136.0,0.6599999999999999
14440.0,10,148.0,4.111111111111111,6.6572683154628045,10,100.0,0.2688862770958633,10,100.0,0.3600000000000001
14445.0,10,198.0,6.0,7.495757697223788,10,198.0,0.34712874153083484,10,198.0,-0.98
14450.0,10,155.0,4.5588235294117645,6.1961612011793274,10,155.0,0.2682658812348544,10,155.0,0.42999999999999994
14455.0,7,119.0,3.5,7.525981939375119,7,90.0,0.3388135261798937,7,90.0,0.65
14460.0,7,154.0,4.8125,7.789333753121422,7,154.0,0.3661047094060489,7,154.0,-0.64
14465.0,9,86.0,2.4571428571428573,6.6538671899178965,9,86.0,0.28940264462621124,9,86.0,0.68
14470.0,7,101.0,3.0606060606060606,7.731795148883364,7,56.0,0.3747715309413642,7,56.0,0.29999999999999993
14475.0,9,139.0,3.861111111111111,7.348954545576392,9,139.0,0.3294987520286467,9,139.0,-0.8299999999999998
14480.0,7,108.0,3.0,8.114751333508098,7,108.0,0.3763490325844838,7,108.0,0.30999999999999983
14485.0,8,132.0,3.5675675675675675,7.767666362367901,8,104.0,0.34774737490654334,8,104.0,0.040000000000000036
14490.0,8,172.0,4.777777777777778,8.235831570974169,8,172.0,0.40630686222877993,8,172.0,-0.6799999999999999
14495.0,7,156.0,4.333333333333333,8.51414125038196,7,156.0,0.4249056873688958,7,156.0,0.15999999999999992
14500.0,10,197.0,5.051282051282051,7.424187701030691,10,146.0,0.31379388930082364,10,146.0,0.10000000000000009
14505.0,10,247.0,6.5,7.912247306809602,10,247.0,0.34690352232466803,10,247.0,-1.0100000000000002
14510.0,8,157.0,3.925,7.140451525601963,8,157.0,0.27087972665430265,8,157.0,0.9000000000000001
14515.0,6,112.0,3.111111111111111,7.8951449583687054,6,69.0,0.35311313619334717,6,69.0,0.8800000000000001
14520.0,6,142.0,4.176470588235294,8.671614260277503,6,142.0,0.43070099255634214,6,142.0,-0.73
14525.0,7,138.0,3.942857142857143,7.010403355988397,7,138.0,0.3015185753040013,7,138.0,0.040000000000000036
14530.0,8,178.0,5.393939393939394,7.947547624777945,8,157.0,0.3701110030592835,8,157.0,-0.19000000000000017
14535.0,9,220.0,6.111111111111111,7.157877098186349,9,220.0,0.3019984402411676,9,220.0,-0.6300000000000001
14540.0,7,220.0,6.285714285714286,7.849369817989502,7,220.0,0.3658555317990867,7,220.0,0.0
14545.0,10,244.0,6.9714285714285715,7.812386895039747,10,231.0,0.36530579529136237,10,231.0,-0.10999999999999988
14550.0,8,281.0,8.264705882352942,8.543778854955361,8,281.0,0.4127539707681735,8,281.0,-0.5
14555.0,5,116.0,3.515151515151515,8.803347291388327,5,116.0,0.4279819604012334,5,116.0,1.6500000000000001
14560.0,2,15.0,0.42857142857142855,7.781903199294449,2,-58.0,0.35371705619365806,2,-58.0,1.7399999999999998
14565.0,4,35.0,1.0,9.257228673689903,4,35.0,0.47639188770568386,4,35.0,-0.9299999999999999
14570.0,6,51.0,1.4166666666666667,7.547967238797153,6,51.0,0.31026593885400416,6,51.0,-0.16000000000000003
14575.0,9,95.0,2.7941176470588234,7.846888451121814,9,90.0,0.3333020345915358,9,90.0,-0.39
14580.0,9,140.0,4.516129032258065,7.7991634558477765,9,140.0,0.3583847362279302,9,140.0,-0.4999999999999999
14585.0,8,140.0,4.117647058823529,6.811157414608021,8,140.0,0.28488164150885337,8,140.0,0.0
14590.0,7,156.0,4.7272727272727275,7.812937594150537,7,143.0,0.38675516006947114,7,143.0,-0.030000000000000027
14595.0,9,193.0,5.361111111111111,7.083709798979502,9,193.0,0.33618023600370583,9,193.0,-0.5
14600.0,7,116.0,3.3142857142857145,7.730369474143684,7,116.0,0.39063040018777045,7,116.0,0.77
14605.0,8,118.0,3.1052631578947367,8.02182730299468,8,71.0,0.39979127948415666,8,71.0,0.44999999999999996
14610.0,7,149.0,4.138888888888889,8.366379213328322,7,149.0,0.42464924100241863,7,149.0,-0.78
14615.0,5,58.0,1.7575757575757576,8.373082505207314,5,58.0,0.4513653348669362,5,58.0,0.91
14620.0,5,51.0,1.5454545454545454,7.7315330259248105,5,1.0,0.37413052708867583,5,1.0,0.57
14625.0,6,80.0,2.5806451612903225,8.605268010212171,6,80.0,0.45044348781227295,6,80.0,-0.79
14630.0,5,82.0,2.411764705882353,7.5935962498378275,5,82.0,0.34997152885226146,5,82.0,-0.019999999999999907
14635.0,7,115.0,3.3823529411764706,8.326313910947357,7,102.0,0.37952121413260903,7,102.0,-0.20000000000000007
14640.0,7,150.0,4.411764705882353,8.31044666324357,7,150.0,0.36940023696846563,7,150.0,-0.48
14645.0,7,79.0,2.0789473684210527,7.579176335221213,7,79.0,0.291522788481664,7,79.0,0.71
14650.0,5,86.0,2.4571428571428573,8.742046687004294,5,43.0,0.4040051768153597,5,43.0,0.36000000000000004
14655.0,7,114.0,3.3529411764705883,7.840454262307291,7,114.0,0.35922358227309736,7,114.0,-0.71
14660.0,5,70.0,2.121212121212121,8.524866562092345,5,70.0,0.40882415254041843,5,70.0,0.43999999999999995
14665.0,7,83.0,2.3055555555555554,7.767549194000679,7,55.0,0.31952976380375164,7,55.0,0.1499999999999999
14670.0,6,112.0,3.2941176470588234,8.821307360712073,6,112.0,0.4165397635636432,6,112.0,-0.5700000000000001
14675.0,4,85.0,2.65625,8.548624654795168,4,85.0,0.40854251139891934,4,85.0,0.27000000000000013
14680.0,7,111.0,3.1714285714285713,7.720857145230499,7,85.0,0.3349409128923289,7,85.0,0.0
14685.0,7,146.0,4.424242424242424,8.91165067429157,7,146.0,0.4219564207077497,7,146.0,-0.61
14690.0,6,102.0,3.090909090909091,7.437216915265248,6,102.0,0.2979293060869095,6,102.0,0.43999999999999995
14695.0,8,142.0,4.4375,7.897175299299783,8,78.0,0.35540564200717845,8,78.0,0.24
14700.0,8,182.0,6.066666666666666,7.738536290107475,8,182.0,0.3622311533069686,8,182.0,-1.04
14705.0,8,117.0,3.5454545454545454,6.95249569159667,8,117.0,0.28612449694041026,8,117.0,0.6500000000000001
14710.0,6,127.0,3.8484848484848486,7.899383505404611,6,85.0,0.38281236308254313,6,85.0,0.31999999999999995
14715.0,8,160.0,4.705882352941177,7.070404139940981,8,160.0,0.33475828587321305,8,160.0,-0.7500000000000001
14720.0,6,82.0,2.411764705882353,7.961660578746724,6,82.0,0.40691308094428086,6,82.0,0.7800000000000001
14725.0,7,76.0,2.054054054054054,7.695178099627962,7,32.0,0.37658489413409635,7,32.0,0.49999999999999994
14730.0,6,101.0,2.72972972972973,8.173257774638692,6,101.0,0.4131431025675645,6,101.0,-0.69
14735.0,5,40.0,1.2121212121212122,8.296086192584642,5,40.0,0.43588692884046837,5,40.0,0.61
14740.0,7,58.0,1.8125,6.771625333856998,7,18.0,0.3190190604589532,7,18.0,0.22000000000000003
14745.0,7,93.0,2.90625,8.2336066193682,7,93.0,0.4308196161145144,7,93.0,-0.75
14750.0,6,117.0,3.342857142857143,7.58319776450218,6,117.0,0.35480607191622804,6,117.0,-0.23999999999999988
14755.0,9,158.0,4.787878787878788,8.011346564066473,9,152.0,0.34195480405301387,9,152.0,-0.3500000000000001
14760.0,9,203.0,6.151515151515151,7.772188701767086,9,203.0,0.3162557615856835,9,203.0,-0.5099999999999998
14765.0,9,164.0,4.4324324324324325,7.175467961305232,9,164.0,0.27184384417195084,9,164.0,0.3899999999999999
14770.0,7,182.0,5.2,8.351532897107433,7,153.0,0.3792244179185286,7,153.0,0.10999999999999988
14775.0,8,219.0,6.4411764705882355,7.480759289817305,8,219.0,0.3340046205040242,8,219.0,-0.6599999999999999
14780.0,7,109.0,3.303030303030303,7.995465605640396,7,109.0,0.3717449893167175,7,109.0,1.0999999999999999
14785.0,7,74.0,2.176470588235294,7.548747482143557,7,16.0,0.3291707980406204,7,16.0,0.93
14790.0,6,103.0,3.121212121212121,8.758944320976862,6,103.0,0.4234926319112054,6,103.0,-0.87
14795.0,5,42.0,1.2727272727272727,8.519662856451832,5,42.0,0.3985092329997671,5,42.0,0.6100000000000001
14800.0,7,58.0,1.7058823529411764,7.697675611714093,7,19.0,0.31187450178707404,7,19.0,0.22999999999999998
14805.0,7,93.0,2.8181818181818183,8.91245662487612,7,93.0,0.412986298589072,7,93.0,-0.74
14810.0,7,117.0,3.4411764705882355,7.268266775031451,7,117.0,0.2798032562135951,7,117.0,-0.23999999999999988
14815.0,9,162.0,4.764705882352941,8.35419813651363,9,155.0,0.33854823106380055,9,155.0,-0.3800000000000001
14820.0,9,207.0,6.46875,7.606266048641832,9,207.0,0.29816496567121187,9,207.0,-0.5199999999999998
14825.0,9,149.0,4.257142857142857,7.124551504670113,9,149.0,0.27558787974204757,9,149.0,0.5799999999999998
14830.0,7,163.0,4.6571428571428575,8.079535164860328,7,120.0,0.36408863618652887,7,120.0,0.29000000000000004
14835.0,8,201.0,5.4324324324324325,7.551268537238526,8,201.0,0.34001729275750003,8,201.0,-0.8099999999999998
14840.0,7,112.0,3.393939393939394,7.831685629200644,7,112.0,0.3806441870791871,7,112.0,0.8899999999999997
14845.0,7,75.0,2.142857142857143,7.957038729528567,7,32.0,0.37951172772551567,7,32.0,0.8
14850.0,6,100.0,3.0303030303030303,8.833136409117259,6,100.0,0.44567278132815114,6,100.0,-0.6799999999999999
14855.0,5,38.0,1.1875,9.029144977882025,5,38.0,0.45879873549287936,5,38.0,0.62
14860.0,7,57.0,1.6764705882352942,7.629281170353992,7,17.0,0.3208040466480599,7,17.0,0.21
14865.0,7,92.0,2.967741935483871,8.66537077670594,7,92.0,0.4237118802309679,7,92.0,-0.75
14870.0,4,80.0,2.3529411764705883,8.180226843998478,4,80.0,0.37558607312940007,4,80.0,0.12
14875.0,6,105.0,3.088235294117647,8.424916886885809,6,92.0,0.34753748907883114,6,92.0,-0.12
14880.0,6,135.0,4.21875,8.496624255693174,6,135.0,0.37070696086952304,6,135.0,-0.43000000000000005
14885.0,8,66.0,2.0,7.1662286783214775,8,66.0,0.3080256290691706,8,66.0,0.6900000000000001
14890.0,5,73.0,2.212121212121212,7.996128674407103,5,30.0,0.37554266985076756,5,30.0,0.36000000000000004
14895.0,7,101.0,2.8055555555555554,7.247811554594632,7,101.0,0.31238835913125734,7,101.0,-0.71
14900.0,6,88.0,2.5142857142857142,8.122433506612671,6,88.0,0.4010254620065841,6,88.0,0.13
14905.0,8,118.0,3.5757575757575757,7.998230230676192,8,97.0,0.4131524417084459,8,97.0,-0.08999999999999997
14910.0,8,156.0,4.7272727272727275,8.390497613034833,8,156.0,0.4271869420698448,8,156.0,-0.5900000000000001
14915.0,7,162.0,5.0625,8.598797956647338,7,162.0,0.45169237438481613,7,162.0,-0.06000000000000005
14920.0,5,120.0,3.4285714285714284,7.785440108106351,5,91.0,0.35875393083736073,5,91.0,0.7100000000000001
14925.0,7,151.0,4.4411764705882355,8.537972850194581,7,151.0,0.42693277004690455,7,151.0,-0.6
14930.0,7,103.0,3.0294117647058822,6.853744984136497,7,103.0,0.29734575885750236,7,103.0,0.48
14935.0,7,121.0,3.78125,7.270151916361465,7,94.0,0.34206197015241796,7,94.0,0.09000000000000008
14940.0,6,150.0,4.838709677419355,8.129607690493849,6,149.0,0.39830058628757126,6,149.0,-0.55
14945.0,7,154.0,4.4,7.177081217955178,7,154.0,0.30874450953568183,7,154.0,-0.050000000000000044
14950.0,8,194.0,5.705882352941177,8.069485823788296,8,178.0,0.3834210316337858,8,178.0,-0.24
14955.0,10,238.0,6.611111111111111,7.327026405843423,10,238.0,0.3330385814479166,10,238.0,-0.5999999999999999
14960.0,7,236.0,6.742857142857143,8.099952435936133,7,236.0,0.37729788168122524,7,236.0,0.020000000000000018
14965.0,8,259.0,7.194444444444445,8.045494342773065,8,245.0,0.370162610708491,8,245.0,-0.0900000000000003
14970.0,8,298.0,8.514285714285714,8.314816187404126,8,298.0,0.3916064850312906,8,298.0,-0.5299999999999998
14975.0,5,214.0,6.294117647058823,8.477673262236706,5,214.0,0.4090461946454126,5,214.0,0.8399999999999999
14980.0,6,202.0,5.9411764705882355,7.453356026798799,6,159.0,0.3207960132576049,6,159.0,0.55
14985.0,6,232.0,7.03030303030303,8.845155050125184,6,232.0,0.4363900009526926,6,232.0,-0.7299999999999998
14990.0,6,230.0,6.571428571428571,7.086962543393672,6,230.0,0.2928855308409617,6,230.0,0.020000000000000018
14995.0,7,264.0,8.0,8.122366800903373,7,245.0,0.37873118437066505,7,245.0,-0.15000000000000036
15000.0,7,299.0,9.06060606060606,8.969799395338594,7,299.0,0.43724088655154214,7,299.0,-0.54
15005.0,6,78.0,2.108108108108108,7.7826627700502495,6,78.0,0.3082969111118754,6,78.0,2.21
15010.0,6,108.0,3.176470588235294,9.003225436345481,6,-34.0,0.41775524024434063,6,-34.0,1.12
15015.0,8,141.0,3.9166666666666665,7.9643380452530455,8,141.0,0.3226561108561175,8,141.0,-1.75
15020.0,6,97.0,2.6944444444444446,8.610517439882141,6,97.0,0.37840641004337816,6,97.0,0.43999999999999995
15025.0,9,117.0,3.25,7.855756446832357,9,81.0,0.3278892253650977,9,81.0,0.15999999999999992
15030.0,7,151.0,4.4411764705882355,8.843399132159458,7,151.0,0.4095732837371783,7,151.0,-0.7
15035.0,7,186.0,5.8125,8.928717030369151,7,186.0,0.4040230361229168,7,186.0,-0.3500000000000001
15040.0,10,228.0,6.909090909090909,7.460160134418045,10,228.0,0.27107417168643344,10,228.0,-0.4199999999999997
15045.0,10,278.0,9.266666666666667,8.064789641605854,10,278.0,0.3394846014230393,10,278.0,-0.5
15050.0,9,259.0,8.09375,6.384951039118456,9,259.0,0.22920555357974326,9,259.0,0.18999999999999995
15055.0,9,303.0,9.774193548387096,7.582725016408425,9,274.0,0.33665503171665206,9,274.0,-0.15000000000000036
15060.0,9,348.0,11.6,7.705171847890867,9,348.0,0.35806691188025164,9,348.0,-0.7399999999999998
15065.0,9,187.0,5.666666666666667,6.867252661155476,8,186.0,0.30474543383228125,8,186.0,1.6199999999999999
15070.0,5,62.0,1.9375,7.52408521879361,5,-11.0,0.3318668664685204,5,-11.0,1.9700000000000002
15075.0,4,76.0,2.1714285714285713,7.361870421789313,4,76.0,0.3284557918647379,4,76.0,-0.87
15080.0,6,21.0,0.6363636363636364,7.654106243979643,6,21.0,0.36998516613962124,6,21.0,0.55
15085.0,10,48.0,1.4545454545454546,7.186062400101477,10,12.0,0.33577769735205143,10,12.0,0.09
15090.0,9,89.0,2.78125,7.542571898974316,9,89.0,0.3475941437727794,9,89.0,-0.77
15095.0,9,134.0,4.1875,7.7620852122285315,9,134.0,0.35877757782396885,9,134.0,-0.45000000000000007
15100.0,9,117.0,3.342857142857143,6.8447806893499425,9,117.0,0.28097235916857044,9,117.0,0.17000000000000015
15105.0,4,60.0,1.7142857142857142,8.224306215704706,4,41.0,0.38078016908122997,4,41.0,0.76
15110.0,5,80.0,2.1621621621621623,7.8247066539935135,5,80.0,0.3342270210704422,5,80.0,-0.39000000000000007
15115.0,6,110.0,3.235294117647059,8.518936670896519,6,110.0,0.40272288024695924,6,110.0,-0.30000000000000004
15120.0,5,46.0,1.393939393939394,7.907189705696607,5,46.0,0.3453116328494173,5,46.0,0.6400000000000001
15125.0,5,56.0,1.5555555555555556,7.7149421806913345,5,17.0,0.3387919096263536,5,17.0,0.29000000000000004
15130.0,5,81.0,2.3823529411764706,9.030657576920753,5,81.0,0.4539685840351601,5,81.0,-0.64
15135.0,6,72.0,1.945945945945946,8.220877535921538,6,72.0,0.35851713988412653,6,72.0,0.09000000000000008
15140.0,7,107.0,2.9722222222222223,9.196486159126586,7,75.0,0.41320020442349464,7,75.0,-0.030000000000000027
15145.0,10,142.0,3.9444444444444446,7.92179032354063,10,142.0,0.315783743701066,10,142.0,-0.6699999999999999
15150.0,7,105.0,2.9166666666666665,8.483790846568157,7,105.0,0.3687155739311779,7,105.0,0.3699999999999999
15155.0,6,131.0,3.9696969696969697,8.984660572643435,6,96.0,0.431304757575299,6,96.0,0.09000000000000008
15160.0,9,168.0,4.8,7.5586950603177065,9,168.0,0.32033275919384774,9,168.0,-0.72
15165.0,9,213.0,6.454545454545454,8.024854898250913,9,213.0,0.36137004143854845,9,213.0,-0.44999999999999996
15170.0,6,121.0,3.4571428571428573,7.494423747563117,6,121.0,0.2878249987335787,6,121.0,0.9199999999999999
15175.0,6,112.0,3.393939393939394,8.290090425775997,6,64.0,0.37323453909912974,6,64.0,0.57
15180.0,6,142.0,4.4375,8.616081684332952,6,142.0,0.4160171827860384,6,142.0,-0.7799999999999999
15185.0,8,168.0,5.090909090909091,7.21310146981383,8,168.0,0.30683149335042686,8,168.0,-0.26
15190.0,8,208.0,6.933333333333334,8.293201512012994,8,200.0,0.3895979254391316,8,200.0,-0.32000000000000006
15195.0,10,250.0,7.575757575757576,7.537563704710666,10,250.0,0.32797421812908006,10,250.0,-0.5
15200.0,10,300.0,9.090909090909092,8.158323881015322,10,300.0,0.3663727857201522,10,300.0,-0.5
15205.0,13,351.0,10.636363636363637,7.235113434961143,13,351.0,0.3023140057393023,13,351.0,-0.5099999999999998
15210.0,10,221.0,6.90625,7.135754862783081,10,221.0,0.318817935443576,10,221.0,1.2999999999999998
15215.0,6,160.0,5.0,8.07185326204027,6,90.0,0.39897125911213804,6,90.0,1.31
15220.0,9,195.0,5.735294117647059,6.932562221010169,9,195.0,0.3211167496461124,9,195.0,-1.0499999999999998
15225.0,10,223.0,6.757575757575758,7.1979871704244704,10,223.0,0.34210136096643856,10,223.0,-0.28
15230.0,10,273.0,8.272727272727273,6.339525817727553,10,261.0,0.2792788919248381,10,261.0,-0.3799999999999999
15235.0,12,332.0,10.06060606060606,6.948880724815821,12,332.0,0.3150527715091794,12,332.0,-0.71
15240.0,9,341.0,10.65625,7.186755589895782,9,341.0,0.3078329515663879,9,341.0,-0.0900000000000003
15245.0,10,379.0,10.527777777777779,6.817285263173516,10,366.0,0.2917514552826449,10,366.0,-0.25
15250.0,10,429.0,13.0,7.557880747936143,10,429.0,0.37003873667872117,10,429.0,-0.6299999999999999
15255.0,10,278.0,7.722222222222222,6.371581198605394,9,277.0,0.27849762904643727,9,277.0,1.52
15260.0,7,176.0,4.888888888888889,7.467889983769238,7,108.0,0.3348869193282405,7,108.0,1.69
15265.0,8,198.0,5.076923076923077,7.401540167320727,8,198.0,0.3263739390977773,8,198.0,-0.8999999999999999
15270.0,9,77.0,2.081081081081081,7.27544792381394,9,77.0,0.3354478557935351,9,77.0,1.21
15275.0,11,131.0,3.8529411764705883,7.4059711135256405,11,24.0,0.34516685811132175,11,24.0,0.53
15280.0,14,193.0,5.216216216216216,6.24808887645764,14,193.0,0.2515643085595279,14,193.0,-1.69
15285.0,11,206.0,5.5675675675675675,7.0452378764687875,11,206.0,0.30423010538689116,11,206.0,-0.13000000000000012
15290.0,11,261.0,7.054054054054054,6.2825581024060835,11,235.0,0.24961451562019502,11,235.0,-0.29000000000000004
15295.0,13,325.0,8.783783783783784,7.044412005834286,13,325.0,0.31101057295542645,13,325.0,-0.8999999999999999
15300.0,13,390.0,11.142857142857142,6.676575831596311,13,390.0,0.2780959300229452,13,390.0,-0.6499999999999999
15305.0,16,465.0,12.236842105263158,6.219608507967446,16,465.0,0.22880911549358746,16,465.0,-0.7500000000000004
15310.0,16,545.0,15.13888888888889,6.262761125821192,16,545.0,0.24764578225458495,16,545.0,-0.7999999999999998
15315.0,15,448.0,11.487179487179487,5.633041234037354,15,448.0,0.2125952429975751,15,448.0,0.9699999999999998
15320.0,12,430.0,11.025641025641026,6.821321279984256,12,362.0,0.3000442241060069,12,362.0,0.8600000000000003
15325.0,15,491.0,13.63888888888889,6.344843553757135,15,491.0,0.3050908450713632,15,491.0,-1.29
15330.0,13,373.0,10.36111111111111,6.379142199182193,13,373.0,0.30533513417025915,13,373.0,1.1800000000000002
15335.0,9,143.0,3.9722222222222223,6.866354417243744,9,84.0,0.2967261612851863,9,84.0,2.89
15340.0,8,107.0,2.891891891891892,6.641072368642786,8,107.0,0.2943849875289143,8,107.0,-0.2300000000000001
15345.0,9,75.0,2.142857142857143,6.503517846290053,9,75.0,0.2772025616947027,9,75.0,0.32000000000000006
15350.0,14,123.0,3.236842105263158,5.683017300876339,14,87.0,0.20842954599613683,14,87.0,-0.12
15355.0,14,193.0,5.078947368421052,6.863813454308579,14,193.0,0.28088625776240256,14,193.0,-1.06
15360.0,11,212.0,5.578947368421052,6.773759220781415,11,212.0,0.25398725493595675,11,212.0,-0.19000000000000017
15365.0,10,189.0,4.5,6.558025808098581,10,176.0,0.2374345160247922,10,176.0,0.3600000000000001
15370.0,8,225.0,5.487804878048781,7.174826602782203,8,225.0,0.29967005956097437,8,225.0,-0.49
15375.0,10,136.0,3.090909090909091,6.4842956845443345,10,136.0,0.2509036595452657,10,136.0,0.8899999999999999
15380.0,10,107.0,2.6097560975609757,6.770615108679397,10,64.0,0.2878988991228397,10,64.0,0.7200000000000001
15385.0,14,158.0,3.761904761904762,5.941485271403574,14,158.0,0.24292837555147379,14,158.0,-0.9400000000000001
15390.0,12,217.0,5.166666666666667,6.9638219475783645,12,217.0,0.31579356253919577,12,217.0,-0.5899999999999999
15395.0,12,277.0,7.102564102564102,7.0647184231605475,12,277.0,0.3473876447936351,12,277.0,-0.6000000000000001
15400.0,13,260.0,6.341463414634147,5.9157198660818135,13,260.0,0.23113887756312995,13,260.0,0.16999999999999993
15405.0,9,182.0,4.439024390243903,7.03318535103248,9,158.0,0.3019362290776033,9,158.0,1.02
15410.0,7,202.0,4.809523809523809,6.8089476548097805,7,201.0,0.29600210835857377,7,201.0,-0.4299999999999997
15415.0,8,242.0,5.761904761904762,7.995383284754917,8,242.0,0.37395903963203164,8,242.0,-0.41000000000000014
15420.0,7,148.0,3.5238095238095237,7.695608196502117,7,148.0,0.32669657179828315,7,148.0,0.94
15425.0,7,147.0,3.340909090909091,7.713891680048673,7,94.0,0.3142479578165129,7,94.0,0.54
15430.0,7,182.0,4.439024390243903,8.895218142245865,7,182.0,0.4304286691547306,7,182.0,-0.8800000000000001
15435.0,9,93.0,2.2142857142857144,7.569505767785564,9,93.0,0.30144137627627027,9,93.0,0.89
15440.0,9,138.0,3.45,8.674150334691511,9,48.0,0.37617644780139464,9,48.0,0.45000000000000007
15445.0,11,183.0,4.463414634146342,8.613434527495043,11,183.0,0.3686335135754053,11,183.0,-1.35
15450.0,9,199.0,5.102564102564102,8.26673832195914,9,199.0,0.32208463613549587,9,199.0,-0.15999999999999992
15455.0,9,244.0,6.594594594594595,8.450202176418124,9,231.0,0.3620206790786237,9,231.0,-0.32000000000000006
15460.0,12,297.0,7.815789473684211,7.334364470363648,12,297.0,0.30460327395398595,12,297.0,-0.6600000000000001
15465.0,9,227.0,6.305555555555555,7.639677179610353,9,227.0,0.3261764007542795,9,227.0,0.7000000000000002
15470.0,8,239.0,6.638888888888889,7.0067474778666,8,189.0,0.2820642674970593,8,189.0,0.3800000000000001
15475.0,9,283.0,8.575757575757576,7.668015263207503,9,283.0,0.36205913759713854,9,283.0,-0.9400000000000002
15480.0,7,148.0,4.625,7.620416060938782,7,148.0,0.36324140576485753,7,148.0,1.35
15485.0,4,50.0,1.4285714285714286,7.505434866763973,4,-8.0,0.31967542014345474,4,-8.0,1.56
15490.0,5,75.0,2.2058823529411766,9.098117047065902,5,75.0,0.4424629373899287,5,75.0,-0.83
15495.0,10,72.0,2.057142857142857,7.360978392445624,10,72.0,0.2908423491800639,10,72.0,0.030000000000000027
15500.0,10,121.0,3.4571428571428573,8.383147453937518,10,90.0,0.34791017726738716,10,90.0,-0.18000000000000005
15505.0,12,171.0,4.75,7.03743876025462,12,171.0,0.2565026067418015,12,171.0,-0.8099999999999999
15510.0,10,185.0,5.138888888888889,7.59862247420625,10,185.0,0.3093158973794732,10,185.0,-0.14000000000000012
15515.0,8,206.0,6.0588235294117645,7.773919221107381,8,193.0,0.3485380096603168,8,193.0,-0.07999999999999985
15520.0,11,254.0,7.257142857142857,6.756209837466847,11,254.0,0.3008466209085593,11,254.0,-0.6100000000000001
15525.0,9,187.0,5.5,7.270191077672243,9,187.0,0.33863175843462107,9,187.0,0.6699999999999999
15530.0,8,195.0,5.27027027027027,7.2736120314999,8,146.0,0.30518203637861036,8,146.0,0.41000000000000014
15535.0,9,238.0,7.0,7.814885855198218,9,238.0,0.3673609487033717,9,238.0,-0.9199999999999999
15540.0,7,120.0,3.6363636363636362,7.693968168017711,7,120.0,0.3503505208353467,7,120.0,1.18
15545.0,6,77.0,2.2,7.340871724637862,6,19.0,0.3178068851661378,6,19.0,1.01
15550.0,6,107.0,3.057142857142857,8.618980053582764,6,107.0,0.42112474913560455,6,107.0,-0.8800000000000001
15555.0,8,114.0,3.1666666666666665,7.2967852245582066,8,114.0,0.31468106896398607,8,114.0,-0.06999999999999984
15560.0,8,154.0,4.4,8.42185935763306,8,141.0,0.3962968521001241,8,141.0,-0.27
15565.0,11,194.0,5.243243243243243,7.756270922792126,11,194.0,0.31921830061049,11,194.0,-0.53
15570.0,7,191.0,5.305555555555555,8.151498501828774,7,191.0,0.3709290831854356,7,191.0,0.030000000000000027
15575.0,6,218.0,6.055555555555555,8.851266883363719,6,205.0,0.43686846383846517,6,205.0,-0.1399999999999999
15580.0,8,252.0,6.8108108108108105,8.154093636107206,8,252.0,0.37839506614369345,8,252.0,-0.4700000000000002
15585.0,6,135.0,3.75,8.397101595004326,6,135.0,0.3938460093943273,6,135.0,1.17
15590.0,3,91.0,2.6,7.937653355110563,3,33.0,0.3451157358854717,3,33.0,1.02
15595.0,5,115.0,3.3823529411764706,8.810444360712538,5,115.0,0.43835988539134274,5,115.0,-0.8199999999999998
15600.0,5,46.0,1.4375,8.330790077186704,5,46.0,0.3988335769644275,5,46.0,0.69
15605.0,8,80.0,2.3529411764705883,7.469983102842261,8,3.0,0.31921390008856887,8,3.0,0.43000000000000005
15610.0,8,120.0,3.5294117647058822,8.32614107487233,8,120.0,0.39131711229154653,8,120.0,-1.17
15615.0,7,88.0,2.4444444444444446,7.5584365956535935,7,88.0,0.3106422928685998,7,88.0,0.31999999999999995
15620.0,7,119.0,3.4,8.527365016506502,7,87.0,0.389050807469323,7,87.0,0.010000000000000009
15625.0,9,154.0,4.4,8.412789122033887,9,154.0,0.3819673803824791,9,154.0,-0.67
15630.0,5,111.0,3.264705882352941,8.26514999898404,5,111.0,0.38187911580820916,5,111.0,0.42999999999999994
15635.0,5,136.0,4.121212121212121,9.492822785089828,5,102.0,0.46666138396989154,5,102.0,0.09000000000000008
15640.0,7,165.0,4.852941176470588,7.971441506397776,7,165.0,0.34227628152335454,7,165.0,-0.6299999999999999
15645.0,5,66.0,2.0625,8.622152187366247,5,66.0,0.4032860911111101,5,66.0,0.9899999999999999
15650.0,3,22.0,0.7096774193548387,7.880674226156917,3,-21.0,0.3492004256760774,3,-21.0,0.87
15655.0,4,40.0,1.2903225806451613,9.084292744131252,4,40.0,0.46130940625624817,4,40.0,-0.61
15660.0,5,56.0,1.8064516129032258,8.991349850468124,5,56.0,0.44519384881018736,5,56.0,-0.16000000000000003
15665.0,7,85.0,2.5,7.902906970149793,7,81.0,0.3182564333512498,7,81.0,-0.25
15670.0,7,120.0,3.75,8.749953047320927,7,120.0,0.4015594242505831,7,120.0,-0.3899999999999999
15675.0,5,86.0,2.606060606060606,7.67769153697508,5,86.0,0.3291020217527597,5,86.0,0.33999999999999997
15680.0,6,115.0,3.59375,8.649602335569998,6,85.0,0.4148220140498563,6,85.0,0.010000000000000009
15685.0,8,145.0,4.264705882352941,8.3904933498397,8,145.0,0.3835587763117675,8,145.0,-0.6
15690.0,8,182.0,5.6875,7.9625941318463855,8,182.0,0.36039798344672574,8,182.0,-0.3700000000000001
15695.0,7,165.0,5.15625,8.820121419655301,7,165.0,0.40540584962788956,7,165.0,0.17000000000000015
15700.0,10,206.0,6.242424242424242,7.52224326864019,10,154.0,0.30266992150175087,10,154.0,0.10999999999999988
15705.0,10,256.0,7.757575757575758,7.918385695957463,10,256.0,0.32759838551602966,10,256.0,-1.02
15710.0,8,156.0,4.7272727272727275,6.874987534350169,8,156.0,0.2558866747932118,8,156.0,1.0
15715.0,6,110.0,3.5483870967741935,7.873720755011177,6,62.0,0.3503732453433703,6,62.0,0.9400000000000001
15720.0,6,140.0,4.827586206896552,8.14868048683135,6,140.0,0.38164124122842086,6,140.0,-0.7799999999999999
15725.0,8,68.0,2.125,6.896389189870971,8,68.0,0.3007272267048295,8,68.0,0.7199999999999999
15730.0,6,81.0,2.53125,7.906495236005111,6,37.0,0.36610375590696076,6,37.0,0.31000000000000005
15735.0,8,115.0,3.3823529411764706,7.184799138336658,8,115.0,0.32323405867866006,8,115.0,-0.7799999999999999
15740.0,7,72.0,2.3225806451612905,7.495426815033551,7,72.0,0.3634057349915902,7,72.0,0.42999999999999994
15745.0,9,95.0,2.7941176470588234,7.419505811934108,9,58.0,0.3523221031561486,9,58.0,0.14
15750.0,8,134.0,4.0606060606060606,8.314739030341832,8,134.0,0.40212772295133836,8,134.0,-0.7600000000000001
15755.0,6,79.0,2.393939393939394,8.389545467745615,5,78.0,0.42461653712005387,5,78.0,0.56
15760.0,8,72.0,2.057142857142857,7.212643006533497,8,44.0,0.2780342412131849,8,44.0,0.34
15765.0,6,99.0,2.8285714285714287,8.571174703876332,6,99.0,0.4078639522358274,6,99.0,-0.55
15770.0,6,46.0,1.2432432432432432,6.993618177674077,6,46.0,0.28447615827237804,6,46.0,0.53
15775.0,7,68.0,2.0,7.620454134088794,7,39.0,0.3426564360244121,7,39.0,0.07
15780.0,7,103.0,3.121212121212121,8.422447713147156,7,103.0,0.40994277560754827,7,103.0,-0.64
15785.0,8,93.0,2.5135135135135136,7.284652449462069,8,93.0,0.3150323801098364,8,93.0,0.09999999999999998
15790.0,6,106.0,3.0285714285714285,8.631774692727626,6,92.0,0.426415556301302,6,92.0,0.010000000000000009
15795.0,8,138.0,3.942857142857143,7.62670250388182,8,138.0,0.3472313798233131,8,138.0,-0.45999999999999985
15800.0,6,92.0,2.875,8.203042017488661,6,92.0,0.39971641234752836,6,92.0,0.45999999999999985
15805.0,8,111.0,3.1714285714285713,8.527243270899497,8,74.0,0.41617155577807113,8,74.0,0.18000000000000005
15810.0,6,138.0,3.942857142857143,8.871888363552081,6,138.0,0.4290661522733691,6,138.0,-0.6399999999999999
15815.0,5,148.0,4.625,9.008582525935623,5,148.0,0.45859886265989935,5,148.0,-0.10000000000000009
15820.0,8,178.0,5.235294117647059,7.389501214719082,8,165.0,0.28360002920757915,8,165.0,-0.16999999999999993
15825.0,8,218.0,6.411764705882353,8.46548920317871,8,218.0,0.3710723720296351,8,218.0,-0.5300000000000002
15830.0,9,258.0,7.588235294117647,7.636460782952221,9,258.0,0.2840713025757451,9,258.0,-0.3999999999999999
15835.0,10,306.0,9.272727272727273,7.7759115015627716,10,306.0,0.30858058548520995,10,306.0,-0.48
15840.0,8,253.0,7.90625,7.4359947457249564,8,253.0,0.2882233271159204,8,253.0,0.5300000000000002
15845.0,11,304.0,8.444444444444445,7.084774078076269,11,227.0,0.27868790971197754,11,227.0,0.2599999999999998
15850.0,11,359.0,10.257142857142858,7.611525901830622,11,359.0,0.33067924052111597,11,359.0,-1.3199999999999998
15855.0,11,214.0,6.114285714285714,6.35729772408531,11,214.0,0.24360163034725227,11,214.0,1.4499999999999997
15860.0,6,120.0,3.6363636363636362,7.791234765596574,6,52.0,0.3717616165181413,6,52.0,1.62
15865.0,8,150.0,4.545454545454546,7.619006336382548,8,150.0,0.38067995237949726,8,150.0,-0.98
15870.0,8,187.0,5.666666666666667,8.007559670217262,8,187.0,0.40237584797281123,8,187.0,-0.3700000000000001
15875.0,6,97.0,2.9393939393939394,8.022005845538708,6,97.0,0.40823119417817727,6,97.0,0.9000000000000001
15880.0,7,94.0,2.6857142857142855,6.826791047588969,7,43.0,0.30435778400930014,7,43.0,0.54
15885.0,7,129.0,3.7941176470588234,8.149269937711942,7,129.0,0.41789051412231554,7,129.0,-0.8600000000000001
15890.0,5,58.0,1.6571428571428573,6.946257569499687,5,58.0,0.3137105695290174,5,58.0,0.7100000000000001
15895.0,7,75.0,2.2058823529411766,7.601510405864277,7,32.0,0.34140296623987926,7,32.0,0.25999999999999995
15900.0,6,104.0,3.1515151515151514,8.00687093751949,6,104.0,0.3726115561823617,6,104.0,-0.72
15905.0,10,122.0,3.2972972972972974,6.8801509789334325,10,122.0,0.2845371116849322,10,122.0,-0.17999999999999994
15910.0,10,172.0,4.648648648648648,7.843057060436746,10,150.0,0.3594195080058874,10,150.0,-0.28
15915.0,11,223.0,5.575,6.9293121134250395,11,223.0,0.26002142586256277,11,223.0,-0.73
15920.0,10,169.0,4.5675675675675675,7.718742284308026,10,169.0,0.33729207592107086,10,169.0,0.54
15925.0,11,185.0,4.625,7.070976187520566,11,142.0,0.29460951067327495,11,142.0,0.27
15930.0,10,235.0,6.0256410256410255,7.86528663986954,10,235.0,0.36943756958345336,10,235.0,-0.9300000000000002
15935.0,8,162.0,4.909090909090909,7.64854809692649,8,162.0,0.3687899047714513,8,162.0,0.73
15940.0,7,165.0,5.0,6.8073537397266906,7,122.0,0.30847266911072174,7,122.0,0.40000000000000013
15945.0,9,209.0,6.53125,7.922761208916468,9,209.0,0.386078196668209,9,209.0,-0.8699999999999999
15950.0,9,231.0,6.794117647058823,6.837034040055685,9,231.0,0.3064921596997806,9,231.0,-0.2200000000000002
15955.0,10,280.0,8.484848484848484,7.421912821504792,10,267.0,0.3250536756476067,10,267.0,-0.3599999999999999
15960.0,10,330.0,10.3125,7.780268333717075,10,330.0,0.3649402063293466,10,330.0,-0.6299999999999999
15965.0,9,196.0,5.444444444444445,6.873920179555797,9,196.0,0.2868189938927553,9,196.0,1.3399999999999999
15970.0,4,77.0,2.138888888888889,8.319540310149112,4,18.0,0.3847493658614371,4,18.0,1.78
15975.0,5,98.0,2.5789473684210527,7.86881644919265,5,98.0,0.36204651510921676,5,98.0,-0.8
15980.0,6,128.0,3.4594594594594597,8.802611250985569,6,128.0,0.44998236037619416,6,128.0,-0.30000000000000004
15985.0,6,68.0,1.7894736842105263,7.964851280848447,6,68.0,0.3814030629167979,6,68.0,0.6
15990.0,5,81.0,2.189189189189189,8.366178202944186,5,48.0,0.4003434039423053,5,48.0,0.20000000000000007
15995.0,5,106.0,3.1176470588235294,9.30311226546321,5,106.0,0.5126287799995366,5,106.0,-0.5800000000000001
16000.0,6,76.0,2.111111111111111,7.822721875721344,6,76.0,0.3452698024353982,6,76.0,0.30000000000000004
16005.0,7,111.0,3.264705882352941,8.601652860521313,7,57.0,0.40712831040461794,7,57.0,0.19000000000000006
16010.0,8,147.0,3.972972972972973,7.555598399685567,8,147.0,0.2972213963726869,8,147.0,-0.9
16015.0,7,111.0,3.0833333333333335,8.118902533825953,7,111.0,0.3251701230495199,7,111.0,0.3599999999999999
16020.0,6,136.0,4.0,8.388434594685004,6,101.0,0.37051973169302616,6,101.0,0.10000000000000009
16025.0,7,170.0,4.857142857142857,8.239594060305114,7,170.0,0.38575945268563394,7,170.0,-0.69
16030.0,5,83.0,2.3714285714285714,8.31286346745593,5,83.0,0.38554180827904777,5,83.0,0.87
16035.0,5,71.0,2.0285714285714285,7.736859552806907,5,28.0,0.3456200201128414,5,28.0,0.5499999999999999
16040.0,5,96.0,2.909090909090909,9.009416800729626,5,96.0,0.47228207204917266,5,96.0,-0.6799999999999999
16045.0,5,26.0,0.7647058823529411,8.282316813117776,5,26.0,0.406568085837492,5,26.0,0.7
16050.0,4,31.0,0.9117647058823529,8.852752405349225,4,-10.0,0.44999212120672166,4,-10.0,0.36
16055.0,4,51.0,1.6451612903225807,9.87335224977456,4,51.0,0.5487584422023973,4,51.0,-0.61
16060.0,7,76.0,2.235294117647059,7.970450603274749,7,76.0,0.35707836554287714,7,76.0,-0.25
16065.0,6,104.0,3.25,8.799782671656125,6,104.0,0.4344922740405011,6,104.0,-0.28
16070.0,6,134.0,4.0606060606060606,7.811895604516086,6,132.0,0.3206646413225615,6,132.0,-0.28
16075.0,9,178.0,5.393939393939394,7.8989123877850185,9,178.0,0.3311217300074204,9,178.0,-0.45999999999999996
16080.0,6,130.0,3.9393939393939394,8.318002128583938,6,130.0,0.38068145085492416,6,130.0,0.48
16085.0,7,150.0,4.545454545454546,7.37095797325618,7,117.0,0.3217692736358896,7,117.0,0.13000000000000012
16090.0,7,185.0,5.967741935483871,8.358143460801083,7,185.0,0.4132724609954546,7,185.0,-0.6800000000000002
16095.0,9,223.0,6.96875,6.809538419342365,9,223.0,0.2935935049534547,9,223.0,-0.3799999999999999
16100.0,9,268.0,8.375,8.004486610827769,9,268.0,0.34218873878304246,9,268.0,-0.4500000000000002
16105.0,12,313.0,9.484848484848484,7.589940968849856,12,313.0,0.29944759974164714,12,313.0,-0.44999999999999973
16110.0,12,368.0,11.151515151515152,7.656874735472932,12,368.0,0.28987449907630475,12,368.0,-0.5500000000000003
16115.0,9,331.0,10.34375,7.20132461852276,9,331.0,0.2784950522275786,9,331.0,0.3700000000000001
16120.0,12,373.0,12.03225806451613,6.153027631024313,12,334.0,0.25927390626554536,12,334.0,-0.029999999999999805
16125.0,11,428.0,13.806451612903226,7.060237486809345,11,428.0,0.3262254264772099,11,428.0,-0.9400000000000004
16130.0,10,450.0,13.636363636363637,5.84182455467902,10,450.0,0.25060846187283814,10,450.0,-0.21999999999999975
16135.0,11,504.0,15.272727272727273,6.688097364563636,11,485.0,0.28245361351743914,11,485.0,-0.34999999999999964
16140.0,11,559.0,17.46875,6.639421523720556,11,559.0,0.2800961108256032,11,559.0,-0.7400000000000002
16145.0,11,329.0,9.676470588235293,6.1381503558415496,11,329.0,0.2627347388193181,11,329.0,2.3
16150.0,6,101.0,3.15625,7.137003345519421,6,-5.0,0.34705012180558353,6,-5.0,3.34
16155.0,6,90.0,2.5714285714285716,6.420031780260751,6,90.0,0.28919895481681107,6,90.0,-0.9500000000000001
16160.0,7,80.0,2.2857142857142856,7.514560144596354,7,80.0,0.3617951564382662,7,80.0,0.09999999999999998
16165.0,15,130.0,3.4210526315789473,6.526889896744866,15,92.0,0.2707800616575018,15,92.0,-0.12
16170.0,15,201.0,5.2894736842105265,6.876599458787168,15,163.0,0.2697262646636994,15,163.0,-0.7099999999999999
16175.0,12,177.0,4.916666666666667,6.892542604051611,12,177.0,0.28579548713643527,12,177.0,-0.14000000000000012
16180.0,14,229.0,6.361111111111111,6.112464142876201,14,190.0,0.2502474051818802,14,190.0,-0.1299999999999999
16185.0,14,298.0,8.277777777777779,6.940437418626115,14,298.0,0.30140854371529585,14,298.0,-1.08
16190.0,14,362.0,9.783783783783784,5.496306464946285,14,362.0,0.21869335744884205,14,362.0,-0.6400000000000001
16195.0,16,442.0,12.277777777777779,6.2282113874747145,16,438.0,0.25408436553837205,16,438.0,-0.7599999999999998
16200.0,17,523.0,14.942857142857143,5.930784101310711,17,523.0,0.23578192042541454,17,523.0,-0.8500000000000005
16205.0,16,476.0,12.205128205128204,5.65277312334574,16,476.0,0.21038095024751394,16,476.0,0.47000000000000064
16210.0,11,321.0,8.675675675675675,6.603490213308622,11,279.0,0.30518248615381643,11,279.0,1.9699999999999998
16215.0,9,294.0,7.7368421052631575,6.34630509154943,9,294.0,0.30167029694497394,9,294.0,-0.1499999999999999
16220.0,10,343.0,9.026315789473685,7.463944399285539,10,343.0,0.36839074387696696,10,343.0,-0.4900000000000002
16225.0,14,394.0,9.609756097560975,7.152698566738855,14,394.0,0.34156313973059443,14,394.0,-0.5099999999999998
16230.0,12,453.0,11.048780487804878,6.7814544570771025,12,453.0,0.30920290785689697,12,453.0,-0.5900000000000003
16235.0,9,417.0,10.692307692307692,6.790832837342385,9,417.0,0.3324484473268825,9,417.0,0.3600000000000003
16240.0,10,453.0,11.615384615384615,6.131384682246371,10,413.0,0.272267508519926,10,413.0,0.040000000000000036
16245.0,12,507.0,13.0,7.154702995201752,12,507.0,0.33529441825972595,12,507.0,-0.9400000000000004
16250.0,9,277.0,6.595238095238095,6.443213287804854,9,277.0,0.25473888046841087,9,277.0,2.3000000000000003
16255.0,7,64.0,1.5609756097560976,7.376183179764296,7,-38.0,0.2961330726180011,7,-38.0,3.15
16260.0,5,59.0,1.475,7.977649347118503,5,59.0,0.34385128789867736,5,59.0,-0.97
16265.0,7,62.0,1.441860465116279,7.430530948797176,7,62.0,0.3074601682122675,7,62.0,-0.030000000000000027
16270.0,12,112.0,2.604651162790698,7.6203677737548645,12,93.0,0.30816273610776684,12,93.0,-0.31000000000000005
16275.0,15,178.0,4.238095238095238,6.820865182597533,15,178.0,0.23697215459332735,15,178.0,-0.85
16280.0,16,253.0,6.325,6.980466595012248,16,253.0,0.2625021378423378,16,253.0,-0.7499999999999998
16285.0,16,228.0,5.428571428571429,5.75960716273645,16,228.0,0.19791863426404196,16,228.0,0.25
16290.0,13,281.0,6.853658536585366,6.604739124668317,13,241.0,0.28185378159215424,13,241.0,-0.13000000000000034
16295.0,13,346.0,8.65,7.265607705601839,13,346.0,0.33999598263097563,13,346.0,-1.0499999999999998
16300.0,13,303.0,7.575,5.856694087425412,13,303.0,0.22963617602425693,13,303.0,0.43000000000000016
16305.0,12,346.0,9.61111111111111,6.622070038944795,12,302.0,0.28601677462932995,12,302.0,0.009999999999999787
16310.0,13,409.0,11.054054054054054,6.267896409126544,13,409.0,0.282623413567167,13,409.0,-1.0699999999999998
16315.0,11,325.0,8.783783783783784,6.677205818258561,11,325.0,0.307838712675659,11,325.0,0.8399999999999999
16320.0,9,127.0,3.5277777777777777,6.518682598053351,9,80.0,0.27939749104697886,9,80.0,2.45
16325.0,7,79.0,2.0256410256410255,6.534071388641836,7,79.0,0.2799522298995848,7,79.0,0.010000000000000009
16330.0,9,88.0,2.3157894736842106,7.034222303621186,9,88.0,0.3128417587353238,9,88.0,-0.08999999999999997
16335.0,15,149.0,3.6341463414634148,6.032714091902846,15,124.0,0.2249623826731762,15,124.0,-0.36
16340.0,17,233.0,5.682926829268292,6.689091651658681,17,233.0,0.2573554604180172,17,233.0,-1.09
16345.0,20,319.0,7.4186046511627906,5.983478946803069,20,319.0,0.19154171310690862,20,319.0,-0.8599999999999999
16350.0,17,299.0,7.2926829268292686,6.187328251262297,17,299.0,0.22434751126450017,17,299.0,0.19999999999999973
16355.0,15,353.0,9.051282051282051,6.164062670187984,15,307.0,0.24414311626161328,15,307.0,-0.07999999999999963
16360.0,18,438.0,11.23076923076923,5.4726436887216146,18,438.0,0.2232802792042316,18,438.0,-1.31
16365.0,16,417.0,11.27027027027027,5.3761120117899655,16,417.0,0.22012589386353756,16,417.0,0.20999999999999996
16370.0,14,308.0,7.7,5.255005468243743,14,274.0,0.19546298899226827,14,274.0,1.4299999999999997
16375.0,9,238.0,6.102564102564102,6.713913586903058,9,238.0,0.30275448097917096,9,238.0,0.3600000000000003
16380.0,9,283.0,7.447368421052632,7.06946895433055,9,283.0,0.33533507966157633,9,283.0,-0.4500000000000002
16385.0,11,335.0,8.170731707317072,7.044974820222679,11,335.0,0.3329979160491551,11,335.0,-0.52
16390.0,13,392.0,9.8,6.849263354745412,13,392.0,0.31105345378344124,13,392.0,-0.5699999999999998
16395.0,12,244.0,5.674418604651163,5.582163509639944,12,243.0,0.21944142398938685,12,243.0,1.4899999999999998
16400.0,8,143.0,3.3255813953488373,7.103009240868112,7,69.0,0.3401603644398203,7,69.0,1.7400000000000002
16405.0,10,173.0,3.760869565217391,7.455929408886372,10,172.0,0.34623307670608955,10,172.0,-1.03
16410.0,8,97.0,2.2045454545454546,7.617957303156756,8,97.0,0.3369062113027942,8,97.0,0.75
16415.0,7,111.0,2.707317073170732,8.251047157653598,7,68.0,0.38168679885802415,7,68.0,0.2899999999999999
16420.0,10,153.0,3.558139534883721,7.514521163407843,10,153.0,0.3182708257496279,10,153.0,-0.85
16425.0,10,203.0,4.833333333333333,8.023533096786368,10,203.0,0.3577587969905511,10,203.0,-0.4999999999999998
16430.0,8,188.0,4.177777777777778,6.806172452933448,8,188.0,0.2260344936461915,8,188.0,0.1499999999999999
16435.0,7,189.0,4.5,7.855888048608118,7,171.0,0.3418882545813833,7,171.0,0.16999999999999993
16440.0,7,224.0,5.463414634146342,8.714363219593277,7,224.0,0.4283573338295382,7,224.0,-0.5300000000000002
16445.0,9,155.0,3.4444444444444446,7.577342391764657,9,155.0,0.291595157974806,9,155.0,0.6900000000000002
16450.0,9,200.0,4.651162790697675,8.256453254395455,9,119.0,0.3384387191377099,9,119.0,0.3600000000000001
16455.0,11,250.0,5.813953488372093,7.488711191578256,11,250.0,0.2804728050308365,11,250.0,-1.31
16460.0,9,148.0,3.8947368421052633,8.05786799091316,9,148.0,0.33246779538601556,9,148.0,1.02
16465.0,9,124.0,3.263157894736842,7.4007700639506595,9,63.0,0.3001235014527594,9,63.0,0.85
16470.0,8,163.0,4.527777777777778,8.432956704439869,8,163.0,0.3933557712038728,8,163.0,-0.9999999999999999
16475.0,7,122.0,3.696969696969697,7.932970654909728,7,122.0,0.365314215713913,7,122.0,0.4099999999999999
16480.0,9,150.0,4.411764705882353,7.004858347733213,9,122.0,0.307901448308983,9,122.0,0.0
16485.0,9,195.0,5.909090909090909,8.067754651142796,9,195.0,0.40295741037547134,9,195.0,-0.73
16490.0,9,229.0,6.542857142857143,6.511841205071453,9,229.0,0.28014283086232833,9,229.0,-0.3400000000000001
16495.0,11,283.0,8.085714285714285,7.202235523423472,11,276.0,0.3093050253682977,11,276.0,-0.46999999999999975
16500.0,11,338.0,9.941176470588236,7.385415296927389,11,338.0,0.3204140405672127,11,338.0,-0.6200000000000001
16505.0,11,308.0,8.8,6.3309037003411985,11,308.0,0.24685960813737712,11,308.0,0.2999999999999998
16510.0,9,337.0,9.628571428571428,7.287960876585505,9,309.0,0.32697530465889757,9,309.0,-0.009999999999999787
16515.0,10,385.0,10.405405405405405,6.879466609472277,10,385.0,0.31311700597122805,10,385.0,-0.7600000000000002
16520.0,10,210.0,5.833333333333333,7.217339484017621,9,209.0,0.33993191584661653,9,209.0,1.7600000000000002
16525.0,10,76.0,2.054054054054054,6.8584126567253305,10,-9.0,0.28064715875454715,10,-9.0,2.1799999999999997
16530.0,6,99.0,2.675675675675676,7.789707847234547,6,99.0,0.35133440587076764,6,99.0,-1.08
16535.0,7,45.0,1.2857142857142858,7.959294423906317,7,45.0,0.38276842428681673,7,45.0,0.54
16540.0,10,76.0,2.111111111111111,6.620513461547102,10,37.0,0.27217329288525755,10,37.0,0.08000000000000002
16545.0,11,130.0,3.9393939393939394,7.476383889529796,11,130.0,0.334736977272801,11,130.0,-0.93
16550.0,9,132.0,3.6666666666666665,6.574328726440398,9,132.0,0.2463623541422514,9,132.0,-0.020000000000000018
16555.0,6,104.0,2.888888888888889,7.887559093670189,6,90.0,0.31512814938113254,6,90.0,0.42000000000000004
16560.0,6,134.0,3.9411764705882355,7.915450831086675,6,134.0,0.33969875265618016,6,134.0,-0.44000000000000006
16565.0,8,67.0,1.8108108108108107,7.006047391303165,8,67.0,0.2799510654728032,8,67.0,0.67
16570.0,7,83.0,2.3055555555555554,8.304826154055062,7,40.0,0.38366274607347495,7,40.0,0.27
16575.0,8,119.0,3.1315789473684212,7.600786219439143,8,119.0,0.34118304966613455,8,119.0,-0.7899999999999999
16580.0,9,128.0,3.5555555555555554,8.074461009826253,9,128.0,0.3814617114790163,9,128.0,-0.09000000000000008
16585.0,12,173.0,4.435897435897436,7.506382031888613,12,139.0,0.3112299203459859,12,139.0,-0.10999999999999988
16590.0,12,230.0,6.052631578947368,7.644743997551903,12,230.0,0.3163187356228534,12,230.0,-0.9099999999999999
16595.0,9,191.0,5.162162162162162,8.205228147642432,9,191.0,0.3614083123407026,9,191.0,0.3899999999999999
16600.0,11,226.0,5.794871794871795,6.931119498397742,11,187.0,0.26560095757712904,11,187.0,0.039999999999999813
16605.0,11,281.0,8.264705882352942,7.4950976788072765,11,281.0,0.3405223898670008,11,281.0,-0.94
16610.0,9,197.0,5.794117647058823,6.7177441407550385,9,197.0,0.3038946166522624,9,197.0,0.8400000000000001
16615.0,6,103.0,3.0294117647058822,7.456077505073519,6,60.0,0.3334734130621863,6,60.0,1.37
16620.0,6,133.0,4.03030303030303,7.971652629302479,6,133.0,0.3772718343907936,6,133.0,-0.7300000000000001
16625.0,8,66.0,1.7837837837837838,6.8740777229596715,8,66.0,0.29564069754978606,8,66.0,0.67
16630.0,7,85.0,2.5,8.059272415922814,7,42.0,0.39590262950228433,7,42.0,0.24000000000000005
16635.0,8,121.0,3.361111111111111,7.448708787033547,8,121.0,0.3515414223907708,8,121.0,-0.79
16640.0,7,117.0,3.25,8.130354680708255,7,117.0,0.3873429383706008,7,117.0,0.040000000000000036
16645.0,8,123.0,3.236842105263158,8.120737503422898,8,110.0,0.37473857875575134,8,110.0,0.06999999999999984
16650.0,6,152.0,4.0,8.609704581038601,6,152.0,0.40268731735147073,6,152.0,-0.41999999999999993
16655.0,6,94.0,2.6857142857142855,8.325438617027382,6,94.0,0.3895886911613307,6,94.0,0.5800000000000001
16660.0,7,118.0,3.189189189189189,7.54037158261589,7,79.0,0.30969344850291053,7,79.0,0.1499999999999999
16665.0,8,158.0,4.514285714285714,8.633266277361766,8,158.0,0.39134774767909236,8,158.0,-0.79
16670.0,8,118.0,3.189189189189189,7.038034250965243,8,118.0,0.2770654115448629,8,118.0,0.40000000000000013
16675.0,9,163.0,4.794117647058823,8.029081217056392,9,97.0,0.3403430628128803,9,97.0,0.20999999999999996
16680.0,9,208.0,6.303030303030303,7.7403837169599745,9,208.0,0.32510475872314853,9,208.0,-1.11
16685.0,9,151.0,4.081081081081081,7.262649673451074,9,151.0,0.2742779460775487,9,151.0,0.5700000000000001
16690.0,7,166.0,4.742857142857143,8.199942135175775,7,123.0,0.36929953550124806,7,123.0,0.28
16695.0,9,205.0,5.394736842105263,7.619262421237691,9,205.0,0.3302037166567567,9,205.0,-0.8199999999999998
16700.0,7,114.0,3.257142857142857,8.165054992854863,7,114.0,0.37868557600359276,7,114.0,0.9099999999999999
16705.0,7,77.0,2.138888888888889,7.578701416237213,7,33.0,0.32481861593660544,7,33.0,0.8099999999999998
16710.0,6,105.0,3.1818181818181817,8.303598795741031,6,105.0,0.40838718329956,6,105.0,-0.72
16715.0,9,144.0,4.5,7.802245181880816,9,144.0,0.369273465931912,9,144.0,-0.3899999999999999
16720.0,12,197.0,5.628571428571429,6.5402751473696945,12,197.0,0.2512740375789633,12,197.0,-0.53
16725.0,12,257.0,7.787878787878788,7.142497221949413,12,257.0,0.31614921610683144,12,257.0,-0.5999999999999999
16730.0,10,264.0,7.764705882352941,5.721820220259147,10,264.0,0.22119857537281148,10,264.0,-0.07000000000000028
16735.0,10,301.0,8.852941176470589,6.984583990329157,10,287.0,0.31558077716676414,10,287.0,-0.22999999999999998
16740.0,10,351.0,10.636363636363637,7.3067392037311425,10,351.0,0.3479267493831077,10,351.0,-0.6399999999999997
16745.0,10,296.0,8.222222222222221,6.286773026721942,10,296.0,0.27367109992915106,10,296.0,0.5499999999999998
16750.0,8,318.0,9.085714285714285,7.423210983841464,8,275.0,0.36719518866530654,8,275.0,0.20999999999999996
16755.0,9,361.0,10.027777777777779,7.081456541432917,9,361.0,0.3361536423585037,9,361.0,-0.8599999999999999
16760.0,8,180.0,5.0,7.7069729577656965,8,180.0,0.3667706062655044,8,180.0,1.8099999999999998
16765.0,6,40.0,1.0526315789473684,7.552154527264544,6,-45.0,0.33821324859158397,6,-45.0,2.25
16770.0,5,62.0,1.631578947368421,8.636049205544916,5,62.0,0.4231691770229993,5,62.0,-1.07
16775.0,6,66.0,1.8857142857142857,8.521354873657248,6,66.0,0.420076678108514,6,66.0,-0.040000000000000036
16780.0,9,105.0,2.8378378378378377,7.222814387515036,9,92.0,0.26220265021789074,9,92.0,-0.26
16785.0,10,155.0,4.1891891891891895,8.19219145192417,10,155.0,0.33182674503759046,10,155.0,-0.63
16790.0,8,101.0,2.8055555555555554,6.987310182057632,8,101.0,0.24776754298371248,8,101.0,0.54
16795.0,8,129.0,3.5833333333333335,7.495136462482872,8,87.0,0.2934434183972556,8,87.0,0.14
16800.0,8,169.0,4.828571428571428,7.558467329614283,8,169.0,0.2966962999700543,8,169.0,-0.82
16805.0,9,124.0,3.263157894736842,7.217397350359478,9,124.0,0.28545358979976415,9,124.0,0.44999999999999996
16810.0,5,71.0,2.088235294117647,7.965838571030143,5,43.0,0.3742033176921556,5,43.0,0.81
16815.0,7,99.0,2.8285714285714287,7.642902043423499,7,99.0,0.3520794486344389,7,99.0,-0.56
16820.0,9,100.0,2.9411764705882355,7.975597231723627,9,100.0,0.38056549169785,9,100.0,-0.010000000000000009
16825.0,12,145.0,4.142857142857143,7.398973683215323,12,110.0,0.3211569401430378,12,110.0,-0.10000000000000009
16830.0,12,199.0,5.685714285714286,7.55664076456628,12,199.0,0.3183228168608502,12,199.0,-0.8899999999999999
16835.0,9,208.0,5.942857142857143,7.656506258094131,9,208.0,0.3341204404487504,9,208.0,-0.09000000000000008
16840.0,11,251.0,7.171428571428572,6.462645503140474,11,238.0,0.2805945823103988,11,238.0,-0.2999999999999998
16845.0,11,306.0,8.742857142857142,7.4721145996362806,11,306.0,0.35872343436426035,11,306.0,-0.6800000000000002
16850.0,10,233.0,6.297297297297297,6.077716728637286,10,233.0,0.24382643661210188,10,233.0,0.73
16855.0,8,234.0,6.324324324324325,7.407734838088162,8,192.0,0.32975583386275736,8,192.0,0.41000000000000014
16860.0,8,274.0,8.058823529411764,8.272179865432904,8,274.0,0.40840784007255,8,274.0,-0.8200000000000003
16865.0,8,130.0,3.611111111111111,6.994630953994399,8,130.0,0.2969391549258455,8,130.0,1.4400000000000002
16870.0,5,72.0,2.057142857142857,8.053860221508488,5,2.0,0.3656995721906013,5,2.0,1.28
16875.0,6,99.0,2.75,7.73591647832031,6,99.0,0.3520212773054023,6,99.0,-0.97
16880.0,9,98.0,2.8,8.147269613749005,9,98.0,0.3752411978829839,9,98.0,0.010000000000000009
16885.0,12,143.0,3.763157894736842,7.590383505961626,12,106.0,0.30116434953487564,12,106.0,-0.08000000000000007
16890.0,12,200.0,5.405405405405405,7.752817311947919,12,200.0,0.31530908426026877,12,200.0,-0.94
16895.0,9,165.0,4.714285714285714,8.023958000124033,9,165.0,0.35346828688548704,9,165.0,0.3500000000000001
16900.0,11,201.0,5.4324324324324325,6.857486498399637,11,162.0,0.27075978008327994,11,162.0,0.029999999999999805
16905.0,11,256.0,7.111111111111111,7.826263311326901,11,256.0,0.35478132527695627,11,256.0,-0.94
16910.0,9,179.0,4.837837837837838,6.684679977603976,9,179.0,0.2643131948652712,9,179.0,0.77
16915.0,8,182.0,5.352941176470588,7.641525656799873,8,139.0,0.33343008720548784,8,139.0,0.40000000000000013
16920.0,8,222.0,6.9375,7.866337172356461,8,222.0,0.3603304952062713,8,222.0,-0.8300000000000003
16925.0,9,132.0,3.8823529411764706,6.741477890787451,9,132.0,0.28319257635844525,9,132.0,0.9000000000000001
16930.0,5,73.0,2.212121212121212,7.8858198077699315,5,30.0,0.3586369068704931,5,30.0,1.02
16935.0,6,100.0,2.857142857142857,8.01115544561808,6,100.0,0.3853278915546655,6,100.0,-0.7
16940.0,7,97.0,2.7714285714285714,8.207283200793,7,97.0,0.3619212151660404,7,97.0,0.030000000000000027
16945.0,10,132.0,3.473684210526316,7.232270593171404,10,119.0,0.2811751542493442,10,119.0,-0.21999999999999997
16950.0,9,175.0,4.72972972972973,8.144024096912556,9,175.0,0.36347887191042844,9,175.0,-0.56
16955.0,6,125.0,3.3783783783783785,7.784506978826168,6,125.0,0.34862795975758215,6,125.0,0.5
16960.0,8,149.0,4.138888888888889,7.3079280632480215,8,109.0,0.32429189656228513,8,109.0,0.15999999999999992
16965.0,8,189.0,5.25,8.27280597763341,8,189.0,0.40199938635679605,8,189.0,-0.7999999999999998
16970.0,6,134.0,3.6216216216216215,7.191442265935347,6,134.0,0.29886989519259244,6,134.0,0.5499999999999998
16975.0,6,122.0,3.4857142857142858,7.565085531907416,6,94.0,0.3405112000134797,6,94.0,0.40000000000000013
16980.0,5,146.0,4.424242424242424,7.967108780549066,5,146.0,0.3956270920679066,5,146.0,-0.52
16985.0,9,72.0,1.945945945945946,6.696215408491333,9,72.0,0.2906792284162415,9,72.0,0.74
16990.0,9,117.0,3.1621621621621623,7.723617225400993,9,36.0,0.37931743646645166,9,36.0,0.36
16995.0,10,163.0,4.075,7.196855307398897,10,163.0,0.3156909393056932,10,163.0,-1.27
17000.0,8,164.0,4.4324324324324325,7.672512772322465,8,164.0,0.3438303382601416,8,164.0,-0.010000000000000009
17005.0,10,178.0,5.085714285714285,7.078861281511539,10,164.0,0.3313489369916303,10,164.0,0.0
17010.0,8,217.0,6.382352941176471,7.699879270293862,8,217.0,0.3939691870589801,8,217.0,-0.53
17015.0,7,166.0,5.03030303030303,7.664288249649504,7,166.0,0.3941966130635002,7,166.0,0.51
17020.0,9,197.0,5.472222222222222,6.828218263734283,9,157.0,0.3080211294564554,9,157.0,0.08999999999999986
17025.0,9,242.0,6.914285714285715,8.126572657132861,9,242.0,0.40586953420943234,9,242.0,-0.8499999999999999
17030.0,7,108.0,3.0,6.681325900102812,7,108.0,0.2852854559623624,7,108.0,1.3399999999999999
17035.0,5,68.0,1.8888888888888888,8.050594857982594,5,1.0,0.37340270453938407,5,1.0,1.07
17040.0,5,93.0,2.8181818181818183,9.093186142620864,5,93.0,0.47478800739849353,5,93.0,-0.92
17045.0,8,111.0,3.1714285714285713,7.298650844292012,8,111.0,0.3173268735819846,8,111.0,-0.18000000000000005
17050.0,8,151.0,4.314285714285714,8.48963868582652,8,141.0,0.37242862290913026,8,141.0,-0.2999999999999998
17055.0,10,194.0,5.243243243243243,7.7319017268101815,10,194.0,0.31947621212682825,10,194.0,-0.53
17060.0,7,193.0,5.514285714285714,8.466742698994734,7,193.0,0.38715166585904226,7,193.0,0.010000000000000009
17065.0,8,217.0,5.864864864864865,7.91967524020836,8,204.0,0.34181973358378104,8,204.0,-0.1100000000000001
17070.0,8,256.0,7.111111111111111,8.443593962952205,8,256.0,0.4054642311856017,8,256.0,-0.52
17075.0,5,130.0,3.823529411764706,8.667599085952725,5,130.0,0.4279347307013206,5,130.0,1.26
17080.0,5,81.0,2.3142857142857145,7.448985017624784,5,23.0,0.33007035030984105,5,23.0,1.07
17085.0,5,106.0,3.0285714285714285,8.875319028639444,5,106.0,0.4501522981297444,5,106.0,-0.8300000000000001
17090.0,6,52.0,1.5294117647058822,7.167149408875884,6,52.0,0.3121813417597689,6,52.0,0.54
17095.0,8,91.0,2.676470588235294,8.104419804222298,8,24.0,0.35556907482779515,8,24.0,0.28
17100.0,8,131.0,4.09375,8.479905423657343,8,131.0,0.38922661724440605,8,131.0,-1.07
17105.0,8,136.0,4.0,7.192501374853835,8,136.0,0.28074089387160406,8,136.0,-0.050000000000000044
17110.0,8,176.0,5.176470588235294,8.26033541019906,8,155.0,0.3758711591493083,8,155.0,-0.18999999999999995
17115.0,9,218.0,6.055555555555555,7.5119309304600925,9,218.0,0.3275218140230278,9,218.0,-0.6300000000000001
17120.0,7,142.0,3.9444444444444446,8.161105743451335,7,142.0,0.3799735715018686,7,142.0,0.7600000000000002
17125.0,7,143.0,4.085714285714285,7.775376524148047,7,94.0,0.36033035028063654,7,94.0,0.48
17130.0,7,176.0,5.5,8.305630053442425,7,176.0,0.41837941412274676,7,176.0,-0.8200000000000001
17135.0,5,74.0,2.3870967741935485,8.39381880378405,5,74.0,0.44192358054352027,5,74.0,1.02
17140.0,4,24.0,0.7058823529411765,7.195993340802393,4,-19.0,0.3039508477059786,4,-19.0,0.9299999999999999
17145.0,5,48.0,1.5483870967741935,8.266937259499963,5,48.0,0.4048338364104559,5,48.0,-0.6699999999999999
17150.0,8,73.0,2.212121212121212,6.8768255531228695,8,73.0,0.3058583682307128,8,73.0,-0.25
17155.0,11,125.0,3.787878787878788,7.211331961585316,11,120.0,0.31075178506166395,11,120.0,-0.47
17160.0,11,180.0,5.454545454545454,7.752465189700603,11,180.0,0.33565553727116054,11,180.0,-0.6000000000000001
17165.0,10,169.0,4.694444444444445,6.927972882762133,10,169.0,0.2651948508743912,10,169.0,0.1100000000000001
17170.0,10,219.0,6.636363636363637,7.45972809909372,10,191.0,0.32745596203576105,10,191.0,-0.21999999999999997
17175.0,12,274.0,7.828571428571428,6.740408941338411,12,274.0,0.28332570286868997,12,274.0,-0.8300000000000003
17180.0,12,334.0,10.121212121212121,7.126337988271116,12,334.0,0.3190077606092986,12,334.0,-0.5999999999999996
17185.0,12,257.0,7.5588235294117645,6.566760762921566,12,257.0,0.27097157883543777,12,257.0,0.77
17190.0,9,265.0,7.794117647058823,7.50492502803093,9,212.0,0.34776680776748475,9,212.0,0.44999999999999973
17195.0,9,310.0,9.393939393939394,7.86081019037776,9,310.0,0.39406860037222674,9,310.0,-0.98
17200.0,12,353.0,10.382352941176471,5.810738625755571,12,353.0,0.25769357128015763,12,353.0,-0.4299999999999997
17205.0,12,413.0,12.147058823529411,6.825535189180052,12,405.0,0.31457891069365973,12,405.0,-0.52
17210.0,13,475.0,13.194444444444445,6.24105713784249,13,475.0,0.2789433386124464,13,475.0,-0.7000000000000002
17215.0,11,340.0,9.714285714285714,6.666574018851881,11,340.0,0.2901113245049614,11,340.0,1.35
17220.0,9,116.0,3.411764705882353,6.787804111116272,8,50.0,0.3195658331731527,8,50.0,2.9
17225.0,8,102.0,2.6842105263157894,6.2328952957866495,8,102.0,0.27760873303578687,8,102.0,-0.52
17230.0,8,55.0,1.4473684210526316,6.902491635136187,8,54.0,0.31740316931258356,8,54.0,0.48
17235.0,10,84.0,2.1,6.3877689093849686,10,82.0,0.272812637871204,10,82.0,-0.2799999999999999
17240.0,12,142.0,3.8378378378378377,7.169779888914638,12,141.0,0.3312165575841947,12,141.0,-0.59
17245.0,13,153.0,3.825,6.2118235367173025,13,153.0,0.2683663159587683,13,153.0,-0.1200000000000001
17250.0,8,125.0,3.2051282051282053,7.205928560687412,8,112.0,0.3289453774909614,8,112.0,0.4099999999999999
17255.0,6,136.0,3.675675675675676,8.033950452074608,6,136.0,0.39037080318880074,6,136.0,-0.24
17260.0,10,115.0,3.108108108108108,6.500230974292523,10,115.0,0.2710743789082352,10,115.0,0.2100000000000002
17265.0,13,177.0,4.783783783783784,7.1736700886172295,13,120.0,0.29203359014461067,13,120.0,-0.050000000000000044
17270.0,15,244.0,6.1,6.234287426566043,15,244.0,0.2213410036104553,15,244.0,-1.24
17275.0,13,245.0,6.282051282051282,6.919742889371707,13,245.0,0.2527784783206794,13,245.0,-0.010000000000000231
17280.0,13,302.0,7.947368421052632,6.578727887053459,13,275.0,0.2504472582272052,13,275.0,-0.2999999999999998
17285.0,14,372.0,9.3,6.623687588539187,14,372.0,0.28108543190608604,14,372.0,-0.9700000000000002
17290.0,11,279.0,7.153846153846154,6.864527863453902,11,279.0,0.2940237262990222,11,279.0,0.9300000000000002
17295.0,9,258.0,6.2926829268292686,6.784771066738261,9,197.0,0.28952408940584545,9,197.0,0.8200000000000001
17300.0,10,307.0,8.078947368421053,7.8076652937153685,10,307.0,0.37682170935868553,10,307.0,-1.0999999999999999
17305.0,15,354.0,8.85,6.714612869757683,15,354.0,0.28724174386100454,15,354.0,-0.4700000000000002
17310.0,13,419.0,11.026315789473685,7.306580761182211,13,415.0,0.32250625674423744,13,415.0,-0.6100000000000003
17315.0,13,484.0,13.444444444444445,7.185943424583048,13,484.0,0.32886361368608374,13,484.0,-0.6899999999999995
17320.0,16,557.0,14.282051282051283,6.133400638567203,16,557.0,0.21710030847149772,16,557.0,-0.7300000000000004
17325.0,13,436.0,11.473684210526315,6.492984119367781,13,436.0,0.2555395729728852,13,436.0,1.21
17330.0,10,186.0,4.536585365853658,6.073673703813476,10,123.0,0.23218849602528668,10,123.0,3.1300000000000003
17335.0,7,139.0,3.6578947368421053,7.33646631862537,7,139.0,0.34623394686498465,7,139.0,-0.15999999999999992
17340.0,7,174.0,4.702702702702703,7.597344959750495,7,174.0,0.35970968540786397,7,174.0,-0.3500000000000001
17345.0,9,216.0,5.4,7.639456726335501,9,216.0,0.35977481143489576,9,216.0,-0.42000000000000015
17350.0,8,124.0,3.1794871794871793,7.007569609864692,8,124.0,0.31845723718074087,8,124.0,0.9200000000000002
17355.0,7,90.0,2.142857142857143,6.774949260773742,7,47.0,0.29727540919844797,7,47.0,0.77
17360.0,7,125.0,3.2051282051282053,8.3176384693094,7,125.0,0.425828951102498,7,125.0,-0.78
17365.0,11,118.0,2.95,7.231511203723943,11,118.0,0.31427454044735176,11,118.0,0.07000000000000006
17370.0,11,171.0,4.275,7.826672076107033,11,129.0,0.3188659196168583,11,129.0,-0.1100000000000001
17375.0,11,226.0,5.65,8.142456568326354,11,226.0,0.3474631443062781,11,226.0,-0.9699999999999998
17380.0,12,173.0,4.325,6.809391783204016,12,173.0,0.23333856777106557,12,173.0,0.5299999999999998
17385.0,10,207.0,5.175,7.72772003065123,10,162.0,0.3217501257122946,10,162.0,0.10999999999999988
17390.0,12,260.0,6.5,6.684413527382857,12,260.0,0.2676474239771576,12,260.0,-0.98
17395.0,10,230.0,5.75,7.211046706086736,10,230.0,0.3185424945027724,10,230.0,0.30000000000000027
17400.0,8,245.0,6.621621621621622,7.804978113410778,8,217.0,0.35136961267107186,8,217.0,0.1299999999999999
17405.0,10,292.0,7.684210526315789,7.350104664995613,10,292.0,0.3235154023811212,10,292.0,-0.75
17410.0,8,166.0,4.882352941176471,7.6151890166728835,8,166.0,0.36633130866856,8,166.0,1.26
17415.0,5,80.0,2.1621621621621623,6.934953154992719,5,23.0,0.2890985980915487,5,23.0,1.43
17420.0,6,107.0,3.1470588235294117,7.869681661720158,6,107.0,0.362505727423478,6,107.0,-0.8400000000000001
17425.0,12,101.0,2.72972972972973,7.425463065862986,12,101.0,0.3196459480494189,12,101.0,0.06000000000000005
17430.0,13,160.0,4.324324324324325,7.406374561562935,13,119.0,0.2981664119401835,13,119.0,-0.17999999999999994
17435.0,13,225.0,6.25,7.31781555179059,13,225.0,0.28775612780178617,13,225.0,-1.06
17440.0,13,191.0,5.162162162162162,6.237091053890842,13,191.0,0.22606687546495408,13,191.0,0.3400000000000001
17445.0,12,233.0,6.472222222222222,7.002002154998852,12,190.0,0.29471976633561203,12,190.0,0.010000000000000009
17450.0,16,296.0,8.222222222222221,5.886718082692866,16,296.0,0.2493531677067635,16,296.0,-1.06
17455.0,14,366.0,10.166666666666666,6.573093537894266,14,366.0,0.283000781207011,14,366.0,-0.7000000000000002
17460.0,11,307.0,9.029411764705882,6.076943747288394,11,307.0,0.23554845318462972,11,307.0,0.5900000000000003
17465.0,11,326.0,8.81081081081081,6.388599533402907,11,278.0,0.2633070707854274,11,278.0,0.29000000000000004
17470.0,11,381.0,10.583333333333334,7.543018386728728,11,381.0,0.3474980973148228,11,381.0,-1.0300000000000002
17475.0,11,282.0,7.621621621621622,6.107618227283468,11,282.0,0.2529488797944953,11,282.0,0.9900000000000002
17480.0,8,103.0,2.7837837837837838,7.046815305867388,8,54.0,0.30294055947579157,8,54.0,2.28
17485.0,9,102.0,2.6153846153846154,6.945970056110664,9,102.0,0.3090067912153559,9,102.0,-0.48
17490.0,6,99.0,2.5384615384615383,7.580033183559179,6,99.0,0.35855833907446083,6,99.0,0.030000000000000027
17495.0,11,144.0,3.789473684210526,7.394156722692764,11,131.0,0.3387761158361599,11,131.0,-0.32000000000000006
17500.0,14,206.0,5.15,6.424713727822362,14,206.0,0.2689864143767745,14,206.0,-0.75
17505.0,11,184.0,4.6,7.051355507444802,11,184.0,0.29621370848924555,11,184.0,0.21999999999999997
17510.0,11,230.0,5.75,6.775595272596132,11,192.0,0.2630172400332066,11,192.0,-0.07999999999999985
17515.0,12,289.0,7.410256410256411,7.35448634467838,12,289.0,0.31808806714205584,12,289.0,-0.9700000000000002
17520.0,10,257.0,6.589743589743589,7.205147394293279,10,257.0,0.29249222863805313,10,257.0,0.3200000000000003
17525.0,7,153.0,3.731707317073171,7.293692250019125,7,126.0,0.2979341286985379,7,126.0,1.3099999999999998
17530.0,5,155.0,4.1891891891891895,8.416347330495038,5,155.0,0.4073301229835723,5,155.0,-0.29000000000000004
17535.0,6,149.0,3.725,7.657838569474481,6,149.0,0.322009024170534,6,149.0,0.06000000000000005
17540.0,10,196.0,4.9,8.147034105698921,10,177.0,0.3459637081742321,10,177.0,-0.28
17545.0,14,247.0,6.175,7.5141068726539855,14,247.0,0.2814771998771221,14,247.0,-0.7000000000000002
17550.0,9,254.0,6.864864864864865,7.7585389469352934,9,254.0,0.3194406576497681,9,254.0,-0.06999999999999984
17555.0,5,231.0,6.416666666666667,8.391603414025782,5,218.0,0.36041206207773074,5,218.0,0.3599999999999999
17560.0,8,261.0,7.054054054054054,7.2024162381273165,8,261.0,0.30039815538467596,8,261.0,-0.4299999999999997
17565.0,9,221.0,6.138888888888889,7.447925698435615,9,221.0,0.3140147162209957,9,221.0,0.3999999999999999
17570.0,10,257.0,6.7631578947368425,6.2732676388456445,10,220.0,0.23587859641979703,10,220.0,0.009999999999999787
17575.0,10,307.0,8.297297297297296,7.578399577413915,10,307.0,0.33624331934549967,10,307.0,-0.8699999999999997
17580.0,10,357.0,9.916666666666666,7.313710574628495,10,357.0,0.2929718028574173,10,357.0,-0.5
17585.0,9,345.0,9.078947368421053,6.870156277218961,9,345.0,0.29199442727020586,9,345.0,0.11999999999999966
17590.0,6,334.0,9.277777777777779,8.203094245022067,6,315.0,0.40251375268817685,6,315.0,0.30000000000000027
17595.0,7,365.0,9.864864864864865,7.40133340166833,7,365.0,0.34981183055477,7,365.0,-0.5
17600.0,7,318.0,8.833333333333334,7.747096922017546,7,318.0,0.379281631756225,7,318.0,0.46999999999999975
17605.0,9,344.0,9.052631578947368,7.847152204445916,9,307.0,0.361249546569415,9,307.0,0.11000000000000032
17610.0,7,378.0,9.947368421052632,8.710925022518321,7,378.0,0.40859958675811175,7,378.0,-0.71
17615.0,5,69.0,1.8157894736842106,8.813595366387107,5,69.0,0.4221720671805699,5,69.0,3.09
17620.0,7,97.0,2.5526315789473686,8.102037769107454,7,-72.0,0.31885263646448025,7,-72.0,1.41
17625.0,8,137.0,3.8055555555555554,8.936901146901167,8,137.0,0.39745308969392357,8,137.0,-2.09
17630.0,10,179.0,4.972222222222222,7.794197289929621,10,179.0,0.2889048632452483,10,179.0,-0.41999999999999993
17635.0,8,152.0,4.3428571428571425,8.256829844629776,8,152.0,0.3185637264940124,8,152.0,0.27
17640.0,7,181.0,5.484848484848484,8.434712872411877,7,145.0,0.35048857888124596,7,145.0,0.07000000000000006
17645.0,9,222.0,6.3428571428571425,7.721319792867405,9,222.0,0.32234972006658463,9,222.0,-0.7700000000000002
17650.0,6,209.0,6.333333333333333,8.395039787328054,6,209.0,0.37273664099995396,6,209.0,0.13000000000000034
17655.0,8,241.0,7.088235294117647,7.53427701356742,8,214.0,0.3092943911887331,8,214.0,-0.050000000000000266
17660.0,8,281.0,8.78125,8.478941129882166,8,281.0,0.40270340874615823,8,281.0,-0.6699999999999999
17665.0,12,323.0,9.5,7.5426163904523875,12,323.0,0.32631754912044436,12,323.0,-0.41999999999999993
17670.0,10,372.0,11.625,7.652700702495743,10,372.0,0.32033823578437004,10,372.0,-0.4900000000000002
17675.0,11,427.0,14.233333333333333,7.555991101965046,11,427.0,0.334051945166291,11,427.0,-0.5499999999999994
17680.0,11,250.0,7.575757575757576,6.124470853555745,11,250.0,0.244931948992154,11,250.0,1.7699999999999996
17685.0,6,87.0,2.6363636363636362,7.339380562145691,6,9.0,0.35228724439162956,6,9.0,2.41
17690.0,6,104.0,2.9714285714285715,6.895787991027947,6,104.0,0.32953066670373354,6,104.0,-0.9500000000000001
17695.0,7,58.0,1.6571428571428573,7.2737713809232485,7,58.0,0.33242123959336195,7,58.0,0.4600000000000001
17700.0,8,91.0,2.676470588235294,7.200554916069191,8,55.0,0.31368070295273354,8,55.0,0.029999999999999916
17705.0,10,140.0,3.6842105263157894,7.096851092647466,10,140.0,0.3045630192887051,10,140.0,-0.8499999999999999
17710.0,8,103.0,2.942857142857143,7.668937583301668,8,103.0,0.35512397979013344,8,103.0,0.3699999999999999
17715.0,9,131.0,3.742857142857143,6.805051949562633,9,96.0,0.291888181533927,9,96.0,0.07000000000000006
17720.0,9,176.0,5.176470588235294,8.174863991881818,9,176.0,0.3905435167837814,9,176.0,-0.8
17725.0,10,126.0,3.5,7.510768680427546,10,126.0,0.3399297735698394,10,126.0,0.5
17730.0,5,47.0,1.3055555555555556,8.069453297249588,5,19.0,0.34570190954517477,5,19.0,1.07
17735.0,4,66.0,1.8857142857142857,9.000143219218776,4,66.0,0.42678874522301474,4,66.0,-0.47000000000000003
17740.0,9,88.0,2.3783783783783785,7.10566850597896,9,88.0,0.279241836912414,9,88.0,-0.21999999999999997
17745.0,11,142.0,4.057142857142857,7.711999251689917,11,135.0,0.3334468548767643,11,135.0,-0.4700000000000001
17750.0,12,199.0,5.527777777777778,6.620914321369189,12,199.0,0.2766201885029858,12,199.0,-0.6399999999999999
17755.0,10,144.0,4.114285714285714,7.1236244435759275,10,144.0,0.3061489071580896,10,144.0,0.55
17760.0,8,163.0,4.9393939393939394,7.4270789941820095,8,119.0,0.337881241580115,8,119.0,0.25
17765.0,10,211.0,5.861111111111111,7.112797241811309,10,211.0,0.31758059591340576,10,211.0,-0.9199999999999999
17770.0,8,165.0,4.714285714285714,7.5536095478810354,8,165.0,0.3491138617717386,8,165.0,0.45999999999999996
17775.0,4,61.0,1.6944444444444444,7.153691193260439,4,32.0,0.31238400802005356,4,32.0,1.3299999999999998
17780.0,5,83.0,2.3714285714285714,8.626994271167444,5,83.0,0.44080528824830484,5,83.0,-0.51
17785.0,9,81.0,2.1315789473684212,6.992553354855066,9,81.0,0.30811000617265905,9,81.0,0.019999999999999907
17790.0,9,125.0,3.3783783783783785,7.794503254197512,9,107.0,0.36236084281769704,9,107.0,-0.26
17795.0,9,170.0,4.857142857142857,8.16181048578059,9,170.0,0.37685385945584865,9,170.0,-0.6299999999999999
17800.0,8,171.0,4.621621621621622,7.155523477163789,8,171.0,0.274910717559706,8,171.0,-0.010000000000000009
17805.0,6,167.0,4.771428571428571,7.959834406466582,6,154.0,0.3703557025575118,6,154.0,0.16999999999999993
17810.0,6,197.0,5.184210526315789,7.814048444621001,6,197.0,0.35441142179103624,6,197.0,-0.42999999999999994
17815.0,7,121.0,3.1842105263157894,7.898240927791215,7,121.0,0.34666471786216374,7,121.0,0.76
17820.0,5,125.0,3.4722222222222223,7.678911889445713,5,82.0,0.3463148534474671,5,82.0,0.39
17825.0,7,157.0,4.243243243243243,7.464186974459589,7,157.0,0.3349114394532099,7,157.0,-0.7500000000000001
17830.0,7,192.0,5.647058823529412,8.335508114178326,7,192.0,0.4352401654501844,7,192.0,-0.34999999999999987
17835.0,6,192.0,5.1891891891891895,7.1404382643184094,6,192.0,0.3165046318294338,6,192.0,0.0
17840.0,7,227.0,6.676470588235294,8.081358877890008,7,208.0,0.41980202950309164,7,208.0,-0.16000000000000014
17845.0,9,262.0,7.485714285714286,8.601673001017199,9,262.0,0.4258883471852722,9,262.0,-0.54
17850.0,7,284.0,8.114285714285714,8.186575030355101,7,284.0,0.35930437110119423,7,284.0,-0.21999999999999975
17855.0,8,324.0,9.257142857142858,8.73180704294807,8,314.0,0.3990763662851336,8,314.0,-0.30000000000000027
17860.0,11,370.0,9.736842105263158,7.229342376056974,11,370.0,0.28698157714277023,11,370.0,-0.56
17865.0,9,402.0,11.485714285714286,7.700866445888531,9,402.0,0.3234937419519137,9,402.0,-0.3199999999999994
17870.0,10,449.0,12.82857142857143,6.855586565643438,10,437.0,0.2557515866943273,10,437.0,-0.35000000000000053
17875.0,11,503.0,14.371428571428572,7.674911352632811,11,503.0,0.312267027171706,11,503.0,-0.6600000000000001
17880.0,8,364.0,11.030303030303031,7.226483918150202,8,364.0,0.2715519290578659,8,364.0,1.3900000000000001
17885.0,6,279.0,8.205882352941176,7.1174853497012744,6,216.0,0.2961365542806945,6,216.0,1.48
17890.0,6,309.0,9.088235294117647,8.229298582105082,6,309.0,0.37726734469674084,6,309.0,-0.9299999999999997
17895.0,7,58.0,1.6571428571428573,6.675892210323772,7,58.0,0.269132646329016,7,58.0,2.51
17900.0,9,103.0,3.121212121212121,8.01138794778159,9,-49.0,0.35508017152328625,9,-49.0,1.0699999999999998
17905.0,12,148.0,4.111111111111111,7.090000519459328,12,148.0,0.2799100478112574,12,148.0,-1.97
17910.0,9,155.0,4.428571428571429,7.765409524235448,9,155.0,0.3168169868728044,9,155.0,-0.07000000000000006
17915.0,7,170.0,5.151515151515151,8.447341995658354,7,157.0,0.3839718035862575,7,157.0,-0.020000000000000018
17920.0,9,211.0,5.861111111111111,7.464847129020738,9,211.0,0.3224413511776506,9,211.0,-0.5399999999999998
17925.0,8,172.0,4.777777777777778,7.913734553836188,8,172.0,0.34803157184443795,8,172.0,0.3899999999999999
17930.0,8,203.0,5.638888888888889,6.959635592271724,8,165.0,0.27242348428843033,8,165.0,0.07000000000000006
17935.0,9,248.0,7.294117647058823,7.840343521079628,9,248.0,0.362693107136585,9,248.0,-0.8300000000000001
17940.0,8,271.0,8.46875,7.968637302342518,8,271.0,0.3919158460259317,8,271.0,-0.22999999999999998
17945.0,11,317.0,9.057142857142857,6.96789070909678,11,300.0,0.2797189316365297,11,300.0,-0.29000000000000004
17950.0,11,372.0,10.628571428571428,7.465266196883423,11,372.0,0.3115451682780396,11,372.0,-0.7200000000000002
17955.0,10,213.0,5.605263157894737,6.906157930348607,10,213.0,0.270063053103536,10,213.0,1.5900000000000003
17960.0,6,112.0,3.111111111111111,8.059450616384021,6,33.0,0.3664139329515935,6,33.0,1.7999999999999998
17965.0,9,142.0,3.736842105263158,7.916387133260711,9,142.0,0.36588928001345095,9,142.0,-1.0899999999999999
17970.0,8,72.0,2.0,7.742310135780695,8,72.0,0.356021422774481,8,72.0,0.7
17975.0,7,88.0,2.6666666666666665,8.088809398230266,7,45.0,0.3910545554578237,7,45.0,0.26999999999999996
17980.0,10,131.0,3.742857142857143,7.118327871224958,10,131.0,0.3272917203305398,10,131.0,-0.8600000000000001
17985.0,8,92.0,2.787878787878788,7.667565541888847,8,92.0,0.36257788525364537,8,92.0,0.39
17990.0,7,119.0,3.5,7.400572017666682,7,83.0,0.34081958421120406,7,83.0,0.09000000000000008
17995.0,9,160.0,4.848484848484849,7.714359068562051,9,160.0,0.348627436881488,9,160.0,-0.7700000000000001
18000.0,6,109.0,3.303030303030303,8.093469131565293,6,109.0,0.37612696404910695,6,109.0,0.51
18005.0,4,64.0,1.7297297297297298,8.06943970886034,4,36.0,0.35755963043938893,4,36.0,0.7300000000000001
18010.0,5,88.0,2.4444444444444446,9.047985551205834,5,88.0,0.4595971174569858,5,88.0,-0.52
18015.0,9,86.0,2.324324324324324,7.444298268068895,9,86.0,0.3205112298977066,9,86.0,0.020000000000000018
18020.0,9,131.0,3.742857142857143,8.307587583767942,9,100.0,0.38501239482877336,9,100.0,-0.14
18025.0,12,176.0,4.631578947368421,7.009876895368272,12,176.0,0.28091296801303384,12,176.0,-0.76
18030.0,9,184.0,5.111111111111111,7.33836949235025,9,184.0,0.33752348537398785,9,184.0,-0.08000000000000007
18035.0,8,220.0,6.285714285714286,8.102995489093054,8,207.0,0.42067977648928284,8,207.0,-0.22999999999999976
18040.0,10,264.0,6.947368421052632,7.2319439697965935,10,264.0,0.3431124488878254,10,264.0,-0.5700000000000003
18045.0,10,314.0,9.235294117647058,7.166900570182195,10,314.0,0.3651555755663912,10,314.0,-0.5
18050.0,13,367.0,10.794117647058824,5.99806838508816,13,367.0,0.26580066800521546,13,367.0,-0.5299999999999998
18055.0,12,427.0,12.93939393939394,6.514843776377785,12,427.0,0.27864690971863393,12,427.0,-0.5999999999999996
18060.0,10,357.0,10.818181818181818,6.489438053177444,10,357.0,0.28326484322171347,10,357.0,0.6999999999999997
18065.0,10,370.0,10.571428571428571,6.044608886150601,10,321.0,0.27793496356058167,10,321.0,0.3599999999999999
18070.0,10,420.0,12.0,7.090506992878968,10,420.0,0.35209802467666895,10,420.0,-0.9900000000000002
18075.0,10,229.0,6.361111111111111,6.037983317802797,10,229.0,0.27093567032392035,10,229.0,1.9100000000000001
18080.0,7,69.0,1.9714285714285715,6.8962282061948095,7,-19.0,0.31452960550267306,7,-19.0,2.48
18085.0,9,86.0,2.263157894736842,6.598061798220554,9,86.0,0.291607694543934,9,86.0,-1.05
18090.0,8,52.0,1.368421052631579,7.016528510680232,8,52.0,0.31994678845682667,8,52.0,0.33999999999999997
18095.0,10,95.0,2.5,6.938016519289365,10,65.0,0.3107203092923424,10,65.0,-0.13
18100.0,13,151.0,3.973684210526316,6.213984782619374,13,151.0,0.25836743397573153,13,151.0,-0.86
18105.0,11,164.0,4.555555555555555,6.422679229511858,11,164.0,0.2960513703732035,11,164.0,-0.1299999999999999
18110.0,8,130.0,3.4210526315789473,5.724473151631456,8,116.0,0.2573156384137658,8,116.0,0.48
18115.0,8,167.0,4.394736842105263,7.23664062647209,8,167.0,0.36143190513992585,8,167.0,-0.51
18120.0,8,207.0,5.447368421052632,7.709940284995054,8,207.0,0.39410122676020004,8,207.0,-0.3999999999999999
18125.0,11,219.0,5.341463414634147,6.481618326339911,11,219.0,0.2833830098339493,11,219.0,-0.1200000000000001
18130.0,10,266.0,7.0,7.208746941658789,10,266.0,0.32749994186988024,10,266.0,-0.4700000000000002
18135.0,9,306.0,7.846153846153846,6.901184516038323,9,304.0,0.3053297534506259,9,304.0,-0.3799999999999999
18140.0,11,358.0,9.179487179487179,7.632889669123179,11,358.0,0.34936788915420786,11,358.0,-0.54
18145.0,12,211.0,5.146341463414634,7.248789445307208,12,211.0,0.3169469530232202,12,211.0,1.4700000000000002
18150.0,6,124.0,3.1,8.039088991476362,6,56.0,0.35931430549445703,6,56.0,1.5499999999999998
18155.0,6,154.0,3.85,8.82075842120887,6,154.0,0.42776530013496306,6,154.0,-0.98
18160.0,10,182.0,4.333333333333333,7.1280640619694315,10,182.0,0.2784380302504391,10,182.0,-0.28
18165.0,11,237.0,6.405405405405405,7.867965983106954,11,231.0,0.3306582267913069,11,231.0,-0.49
18170.0,13,294.0,7.7368421052631575,6.895373812443001,13,294.0,0.26814362889195087,13,294.0,-0.6299999999999999
18175.0,10,308.0,8.105263157894736,7.516538194628577,10,308.0,0.30312007641627553,10,308.0,-0.14000000000000012
18180.0,8,327.0,9.342857142857143,7.921687445612021,8,314.0,0.33100419724153546,8,314.0,-0.06000000000000005
18185.0,10,372.0,9.789473684210526,7.561001870338896,10,372.0,0.31291991235749245,10,372.0,-0.5800000000000001
18190.0,9,237.0,6.771428571428571,7.316153914777246,8,236.0,0.3062842480827446,8,236.0,1.3600000000000003
18195.0,7,156.0,4.105263157894737,6.983197561568829,7,93.0,0.26551639059851967,7,93.0,1.4299999999999997
18200.0,6,182.0,5.055555555555555,8.1992815397512,6,182.0,0.37534783755246676,6,182.0,-0.89
18205.0,10,195.0,5.27027027027027,6.794645735275853,10,195.0,0.2875007600609159,10,195.0,-0.1299999999999999
18210.0,11,249.0,6.916666666666667,7.245088511860956,11,236.0,0.3359773918302355,11,236.0,-0.4099999999999999
18215.0,11,304.0,8.685714285714285,7.436600895546092,11,304.0,0.3485563085709562,11,304.0,-0.6800000000000002
18220.0,11,289.0,7.605263157894737,6.193919410772274,11,289.0,0.22967134291668034,11,289.0,0.1499999999999999
18225.0,11,342.0,9.5,7.250365096947878,11,311.0,0.3251503388454085,11,311.0,-0.21999999999999975
18230.0,12,398.0,10.473684210526315,6.606592415809785,12,398.0,0.2835708000759495,12,398.0,-0.8700000000000001
18235.0,10,363.0,9.552631578947368,7.034652502654253,10,363.0,0.29848164006915856,10,363.0,0.3500000000000001
18240.0,5,273.0,7.583333333333333,7.992633038418884,5,244.0,0.36296737029469145,5,244.0,1.19
18245.0,7,302.0,8.38888888888889,7.384754873466643,7,302.0,0.3446966718699788,7,302.0,-0.5800000000000001
18250.0,7,287.0,7.972222222222222,7.663839861215043,7,287.0,0.3537898806168645,7,287.0,0.1499999999999999
18255.0,9,328.0,8.631578947368421,7.21422807838379,9,303.0,0.3024860211813832,9,303.0,-0.1599999999999997
18260.0,10,377.0,10.472222222222221,8.01264029578487,10,377.0,0.37196926343124875,10,377.0,-0.7400000000000002
18265.0,11,396.0,10.153846153846153,7.1654045698089845,11,396.0,0.28558916041021176,11,396.0,-0.18999999999999995
18270.0,10,444.0,12.0,7.870785809197142,10,427.0,0.3385723515499478,10,427.0,-0.3099999999999996
18275.0,10,494.0,13.35135135135135,7.960311125326893,10,494.0,0.3497360868233502,10,494.0,-0.6700000000000008
18280.0,11,536.0,13.743589743589743,7.245756216162488,11,536.0,0.2865775639789845,11,536.0,-0.41999999999999993
18285.0,12,592.0,16.444444444444443,7.424887553113958,12,583.0,0.2985966941612075,12,583.0,-0.46999999999999975
18290.0,13,654.0,17.210526315789473,6.576815435440484,13,654.0,0.25825849949171864,13,654.0,-0.71
18295.0,11,314.0,8.722222222222221,7.006836855334657,11,314.0,0.2851954034684196,11,314.0,3.4
18300.0,10,346.0,10.484848484848484,7.411311362262953,10,155.0,0.31394828612283654,10,155.0,1.59
18305.0,13,405.0,10.945945945945946,6.842153408611947,13,405.0,0.2791054705355375,13,405.0,-2.5
18310.0,12,463.0,13.228571428571428,7.097497484617217,12,463.0,0.2898170475017985,12,463.0,-0.5800000000000001
18315.0,14,528.0,15.085714285714285,6.351894436160581,14,526.0,0.25644551472703986,14,526.0,-0.6299999999999999
18320.0,14,598.0,17.085714285714285,6.969668940212372,14,598.0,0.2933696661606443,14,598.0,-0.7200000000000006
18325.0,15,571.0,15.026315789473685,6.099249595597629,15,571.0,0.22409875754194572,15,571.0,0.27000000000000046
18330.0,12,618.0,17.166666666666668,7.053961559154939,12,582.0,0.3066279437193319,12,582.0,-0.11000000000000032
18335.0,13,679.0,19.970588235294116,7.107730284404679,13,679.0,0.3327179145486948,13,679.0,-0.9699999999999998
18340.0,14,746.0,20.72222222222222,5.6888347978042955,14,746.0,0.2319623287046723,14,746.0,-0.6699999999999999
18345.0,15,821.0,22.805555555555557,6.049853198763965,15,821.0,0.24305473955513485,15,821.0,-0.7500000000000009
18350.0,16,900.0,23.076923076923077,5.494031739581793,16,900.0,0.20945995315571123,16,900.0,-0.7899999999999991
18355.0,16,970.0,26.944444444444443,5.694615687983662,16,970.0,0.2299408371769503,16,970.0,-0.6999999999999993
18360.0,17,1052.0,30.057142857142857,5.821618281096681,17,1042.0,0.25348818316469185,17,1042.0,-0.7200000000000006
18365.0,18,1140.0,29.23076923076923,5.3265911291885555,18,1140.0,0.22993845623505765,18,1140.0,-0.9800000000000004
18370.0,18,1230.0,33.24324324324324,5.55945878101852,18,1230.0,0.2338530218846576,18,1230.0,-0.9000000000000004
18375.0,17,945.0,23.625,5.184098392531038,17,945.0,0.19696778254928451,17,945.0,2.8500000000000014
18380.0,13,470.0,11.75,6.110853152248947,13,347.0,0.2640496102405337,13,347.0,5.979999999999999
18385.0,12,231.0,5.372093023255814,6.167302627867815,12,231.0,0.2742947596284608,12,231.0,1.1600000000000001
18390.0,9,211.0,5.023809523809524,6.599067512054345,9,211.0,0.30039209637957914,9,211.0,0.20000000000000018
18395.0,14,271.0,7.131578947368421,6.200288542552544,14,261.0,0.2678301868301586,14,261.0,-0.5
18400.0,19,359.0,8.975,5.3155343638957095,19,359.0,0.21293972356185895,19,359.0,-0.98
18405.0,19,454.0,11.35,5.279272075468884,19,454.0,0.20608003876481656,19,454.0,-0.9500000000000002
18410.0,21,555.0,12.906976744186046,5.304615855854215,21,555.0,0.18563398668757108,21,555.0,-1.0099999999999998
18415.0,22,662.0,15.395348837209303,5.555390597678034,22,662.0,0.19564129847889813,22,662.0,-1.0700000000000003
18420.0,20,528.0,13.2,4.8660993906415175,20,528.0,0.16271017817396036,20,528.0,1.3399999999999999
18425.0,17,436.0,9.909090909090908,5.438520902773096,17,347.0,0.21121896001434615,17,347.0,1.81
18430.0,16,511.0,12.166666666666666,5.716709232517319,16,511.0,0.2515218223261447,16,511.0,-1.6400000000000001
18435.0,18,567.0,12.6,5.10588046031316,18,567.0,0.20730078889945802,18,567.0,-0.5599999999999996
18440.0,20,666.0,15.488372093023257,5.575817235704755,20,649.0,0.23159173451826354,20,649.0,-0.8200000000000003
18445.0,24,770.0,17.5,5.590148454167884,24,770.0,0.24601685788118444,24,770.0,-1.21
18450.0,22,877.0,20.3953488372093,5.499897001718919,22,877.0,0.22358702963089985,22,877.0,-1.0699999999999994
18455.0,23,989.0,23.547619047619047,5.175418662596674,23,989.0,0.19430950564509358,23,989.0,-1.120000000000001
18460.0,25,1109.0,24.644444444444446,4.652818813853952,25,1109.0,0.16428588947630648,25,1109.0,-1.1999999999999993
18465.0,25,1229.0,27.31111111111111,4.734007434454818,25,1229.0,0.16130235187764022,25,1229.0,-1.1999999999999993
18470.0,26,1356.0,28.851063829787233,4.613828356559309,26,1355.0,0.16628055056316576,26,1355.0,-1.2600000000000016
18475.0,26,1486.0,32.30434782608695,4.574203986970375,26,1486.0,0.1809916914003777,26,1486.0,-1.3099999999999987
18480.0,27,1620.0,36.81818181818182,4.2240212208530785,27,1620.0,0.16217040158282758,27,1620.0,-1.3399999999999999
18485.0,28,1760.0,37.4468085106383,4.144415732083942,28,1760.0,0.15575371437611704,28,1760.0,-1.4000000000000021
18490.0,29,1901.0,41.32608695652174,4.03753990506448,29,1901.0,0.1367134427772941,29,1901.0,-1.4100000000000001
18495.0,31,2050.0,41.83673469387755,3.8274816143538084,31,2050.0,0.1280138618952119,31,2050.0,-1.4899999999999984
18500.0,28,2004.0,42.638297872340424,3.8386966536318052,28,2004.0,0.140427767386953,28,2004.0,0.46000000000000085
18505.0,28,1869.0,38.9375,3.6399397828641997,28,1806.0,0.15290957306467448,28,1806.0,1.9800000000000004
18510.0,23,1944.0,40.5,4.743824114465409,23,1944.0,0.21346801427841403,23,1944.0,-1.3800000000000026
18515.0,25,2038.0,43.361702127659576,4.191198025258455,25,2038.0,0.17448094784675577,25,2038.0,-0.9399999999999977
18520.0,30,2179.0,44.46938775510204,3.7472375140757777,30,2163.0,0.1387954171026168,30,2163.0,-1.25
18525.0,31,2331.0,47.57142857142857,4.017606139371038,31,2331.0,0.14976852501066837,31,2331.0,-1.6799999999999997
18530.0,29,2437.0,46.86538461538461,3.8486600470693113,29,2437.0,0.1225540160081657,29,2437.0,-1.0600000000000023
18535.0,26,2506.0,48.19230769230769,4.557612219203513,26,2493.0,0.16052443462457722,26,2493.0,-0.5599999999999987
18540.0,26,2636.0,51.68627450980392,5.105209578049658,26,2636.0,0.20111205682333555,26,2636.0,-1.4299999999999997
18545.0,28,2758.0,51.074074074074076,4.335315406614494,28,2758.0,0.14260466629661114,28,2758.0,-1.2199999999999989
18550.0,30,2907.0,53.833333333333336,4.842544432710828,30,2898.0,0.17183045209493333,30,2898.0,-1.4000000000000021
18555.0,30,3057.0,55.58181818181818,4.569485111564533,30,3057.0,0.15992290579507557,30,3057.0,-1.5899999999999999
18560.0,33,3214.0,61.80769230769231,4.0581415967477215,33,3214.0,0.14089036999414323,33,3214.0,-1.5700000000000003
18565.0,31,2843.0,52.648148148148145,4.368398094614253,31,2843.0,0.15049884126074486,31,2843.0,3.710000000000001
18570.0,27,2105.0,40.48076923076923,3.961005562814052,27,1932.0,0.1617283424923294,27,1932.0,9.11
18575.0,22,1357.0,26.096153846153847,4.81324310218769,22,1357.0,0.21647035661131234,22,1357.0,5.75
18580.0,21,772.0,14.036363636363637,4.22721992157381,21,772.0,0.16536126477126642,21,772.0,5.8500000000000005
18585.0,22,470.0,8.545454545454545,4.641432746622291,22,463.0,0.17774220877120736,22,463.0,3.09
18590.0,23,435.0,7.5,4.71357506994362,23,435.0,0.18190517464645495,23,435.0,0.28000000000000025
18595.0,25,514.0,8.862068965517242,4.897516195006822,25,514.0,0.1856559326889022,25,514.0,-0.79
18600.0,25,564.0,10.444444444444445,4.5866820854656805,25,551.0,0.17727364607189983,25,551.0,-0.3700000000000001
18605.0,24,613.0,10.946428571428571,4.492164465551533,24,613.0,0.17982378038429303,24,613.0,-0.6200000000000001
18610.0,22,636.0,11.357142857142858,4.7603845384140016,21,635.0,0.18696175925667227,21,635.0,-0.21999999999999975
18615.0,22,669.0,11.53448275862069,4.742107034603921,22,664.0,0.1718195181580941,22,664.0,-0.29000000000000004
18620.0,25,760.0,13.333333333333334,4.921203786645986,25,760.0,0.1893053286643909,25,760.0,-0.96
18625.0,31,656.0,11.310344827586206,4.379037742633229,31,656.0,0.16925269402460805,31,656.0,1.04
18630.0,27,490.0,8.596491228070175,4.61162480504129,27,412.0,0.17469770039815902,27,412.0,2.4399999999999995
18635.0,25,561.0,10.017857142857142,5.223173895287588,25,561.0,0.20871544339056067,25,561.0,-1.4900000000000002
18640.0,28,683.0,11.775862068965518,4.633099023934922,28,683.0,0.16741477585578723,28,683.0,-1.2199999999999998
18645.0,33,839.0,14.982142857142858,4.45807169501891,33,833.0,0.14571308992320275,33,833.0,-1.5
18650.0,34,1005.0,17.033898305084747,4.318211518538928,34,1005.0,0.14346219231272128,34,1005.0,-1.7200000000000006
18655.0,32,1035.0,18.482142857142858,4.131132517191207,32,1035.0,0.1274882280611037,32,1035.0,-0.29999999999999893
18660.0,28,956.0,17.381818181818183,4.486548719673891,28,913.0,0.14782964959166753,28,913.0,1.2199999999999989
18665.0,24,858.0,14.793103448275861,4.7469425421534455,24,858.0,0.1727959312382974,24,858.0,0.5500000000000007
18670.0,20,652.0,11.241379310344827,5.078132789970227,20,652.0,0.1772762079145757,20,652.0,2.0600000000000005
18675.0,17,390.0,6.39344262295082,5.374611257459997,17,362.0,0.1895463947914892,17,362.0,2.8999999999999995
18680.0,18,421.0,7.258620689655173,5.976522381500001,18,421.0,0.2349761070274693,18,421.0,-0.5899999999999999
18685.0,26,482.0,8.456140350877194,4.862027138405322,25,481.0,0.1664033133989616,25,481.0,-0.5999999999999996
18690.0,27,538.0,9.43859649122807,4.7501600284442125,27,525.0,0.1493914900565163,27,525.0,-0.4400000000000004
18695.0,23,577.0,10.303571428571429,5.003020217371202,23,577.0,0.1700539338795783,23,577.0,-0.5199999999999996
18700.0,22,532.0,9.016949152542374,4.670429346678362,22,532.0,0.15092890090474645,22,532.0,0.4499999999999993
18705.0,22,568.0,10.142857142857142,4.773725027668959,22,536.0,0.1619116487881112,22,536.0,-0.040000000000000036
18710.0,26,682.0,11.559322033898304,4.638921782182664,26,682.0,0.14531829529533694,26,682.0,-1.46
18715.0,29,776.0,14.10909090909091,4.232987666973169,29,776.0,0.14660973557998622,29,776.0,-0.9399999999999995
18720.0,27,836.0,15.481481481481481,4.584530895999803,27,822.0,0.16537918324152429,27,822.0,-0.46000000000000085
18725.0,23,877.0,15.120689655172415,5.0658692173190705,23,877.0,0.19137666169081988,23,877.0,-0.5499999999999989
18730.0,20,882.0,15.206896551724139,5.35616963266814,20,882.0,0.19499809264402443,20,882.0,-0.05000000000000071
18735.0,23,933.0,16.36842105263158,5.0494625844200804,23,920.0,0.17822610313208845,23,920.0,-0.379999999999999
18740.0,27,1058.0,18.892857142857142,5.0355246393194415,27,1058.0,0.17947704643730092,27,1058.0,-1.3800000000000008
18745.0,33,1024.0,17.655172413793103,4.486007312099974,33,1024.0,0.15321029873849099,33,1024.0,0.33999999999999986
18750.0,26,887.0,15.56140350877193,5.065400032625936,26,829.0,0.1757043674617516,26,829.0,1.950000000000001
18755.0,24,948.0,16.928571428571427,5.340498212154498,24,948.0,0.18757377041475368,24,948.0,-1.1900000000000013
18760.0,27,1066.0,18.70175438596491,4.740685024515141,27,1066.0,0.15609488243690658,27,1066.0,-1.1799999999999997
18765.0,32,1216.0,22.10909090909091,4.5436283922623275,32,1210.0,0.14359398686159996,32,1210.0,-1.4399999999999995
18770.0,33,1378.0,24.17543859649123,4.376073183174204,33,1378.0,0.12767448082027238,33,1378.0,-1.6799999999999997
18775.0,33,1543.0,27.07017543859649,4.414971334485116,33,1543.0,0.13268163643300618,33,1543.0,-1.6500000000000004
18780.0,31,1647.0,29.945454545454545,4.239581923225644,31,1647.0,0.11542610846521796,31,1647.0,-1.0399999999999991
18785.0,28,1698.0,30.321428571428573,4.303118128180811,28,1680.0,0.14659037464040922,28,1680.0,-0.33000000000000185
18790.0,28,1830.0,33.27272727272727,4.78529273256778,28,1830.0,0.18039266914076982,28,1830.0,-1.5
18795.0,30,1972.0,34.59649122807018,4.5930174735748786,30,1972.0,0.17020612717142683,30,1972.0,-1.4199999999999982
18800.0,30,2099.0,37.482142857142854,4.508183622467061,30,2099.0,0.15720078430361475,30,2099.0,-1.2699999999999996
18805.0,32,2249.0,39.45614035087719,4.428728931878675,32,2237.0,0.15629202502918968,32,2237.0,-1.3800000000000026
18810.0,31,2404.0,42.92857142857143,4.458195039933445,31,2404.0,0.1568557198672617,31,2404.0,-1.6699999999999982
18815.0,29,1852.0,33.67272727272727,4.9990791728335555,29,1852.0,0.17052150011044517,29,1852.0,5.52
18820.0,28,1813.0,31.25862068965517,4.8334565709720385,28,1521.0,0.151501661641549,28,1521.0,3.3099999999999987
18825.0,30,1960.0,35.0,5.099311569853186,30,1960.0,0.1691278418557005,30,1960.0,-4.390000000000001
18830.0,28,1807.0,31.155172413793103,4.603485380009364,28,1807.0,0.13903469469397586,28,1807.0,1.5300000000000011
18835.0,26,1442.0,25.29824561403509,5.1351616083349025,26,1344.0,0.1556310345022664,26,1344.0,4.630000000000001
18840.0,21,1057.0,19.21818181818182,5.823639385313554,21,1057.0,0.2115976184229794,21,1057.0,2.869999999999999
18845.0,18,619.0,11.053571428571429,5.150734943090529,18,619.0,0.1735672409575599,18,619.0,4.38
18850.0,19,357.0,6.375,5.643852335622539,19,338.0,0.19251712459457826,19,338.0,2.8100000000000005
18855.0,22,362.0,6.581818181818182,5.4285046451497205,22,362.0,0.19402044927998097,22,362.0,-0.2400000000000002
18860.0,23,431.0,7.981481481481482,5.029750415553777,23,431.0,0.19429581145268104,23,431.0,-0.6899999999999995
18865.0,27,472.0,8.428571428571429,4.676133048953418,27,459.0,0.1837692016994084,27,459.0,-0.28000000000000025
18870.0,20,506.0,9.2,5.447107207555115,20,506.0,0.22673679715111023,20,506.0,-0.46999999999999975
18875.0,19,519.0,9.61111111111111,5.660220305657849,18,518.0,0.2302048155756589,18,518.0,-0.1200000000000001
18880.0,20,538.0,9.781818181818181,5.00429531768376,20,534.0,0.1810193139575476,20,534.0,-0.16000000000000014
18885.0,24,638.0,11.6,4.997852132560631,24,638.0,0.17752536460512172,24,638.0,-1.04
18890.0,26,503.0,9.145454545454545,4.45886932619914,26,503.0,0.16845349003950072,26,503.0,1.3499999999999996
18895.0,25,378.0,7.132075471698113,4.3005304638544075,25,290.0,0.1557024381065719,25,290.0,2.1300000000000003
18900.0,24,477.0,9.0,4.808254633385788,24,477.0,0.1859124675233465,24,477.0,-1.8699999999999997
18905.0,26,501.0,8.789473684210526,4.690447267801764,26,501.0,0.1738598147353016,26,501.0,-0.2400000000000002
18910.0,30,644.0,11.5,4.666385261072199,30,571.0,0.15230324347000743,30,571.0,-0.7000000000000002
18915.0,33,799.0,14.267857142857142,4.271656162994822,33,799.0,0.14704561970134622,33,799.0,-2.2800000000000002
18920.0,30,908.0,16.214285714285715,4.602871501551418,30,908.0,0.14503207016978614,30,908.0,-1.0899999999999999
18925.0,34,1059.0,17.949152542372882,4.58227430646458,34,1037.0,0.14587975538180212,34,1037.0,-1.2899999999999991
18930.0,31,1214.0,20.93103448275862,4.863626451470727,31,1214.0,0.16909315969568905,31,1214.0,-1.7700000000000014
18935.0,29,1188.0,22.0,4.733272881816398,29,1188.0,0.15815286814876575,29,1188.0,0.2599999999999998
18940.0,27,1024.0,18.285714285714285,4.546233180140083,27,966.0,0.14538113968496613,27,966.0,2.2200000000000006
18945.0,23,847.0,15.685185185185185,5.32747421425526,23,847.0,0.2041256059022606,23,847.0,1.1899999999999995
18950.0,21,643.0,12.132075471698114,4.61756648816554,21,643.0,0.17179203322977943,21,643.0,2.040000000000001
18955.0,22,493.0,9.30188679245283,4.703907785887512,22,487.0,0.17356727251708423,22,487.0,1.5599999999999996
18960.0,25,565.0,10.865384615384615,4.796720059731442,25,565.0,0.1826824964816272,25,565.0,-0.7800000000000002
18965.0,27,519.0,9.436363636363636,4.072457325889336,27,519.0,0.14085132319928764,27,519.0,0.45999999999999996
18970.0,27,377.0,6.8545454545454545,4.4703013111915535,27,319.0,0.1574120330062203,27,319.0,2.0000000000000004
18975.0,24,432.0,7.448275862068965,5.263600445540684,24,432.0,0.2057142495497408,24,432.0,-1.1300000000000003
18980.0,28,520.0,9.454545454545455,4.86120051106293,28,520.0,0.18516252490969476,28,520.0,-0.8799999999999999
18985.0,35,674.0,11.824561403508772,4.543398164366198,35,637.0,0.14400344214906283,35,637.0,-1.17
18990.0,34,841.0,15.017857142857142,4.385717405557831,34,841.0,0.13872832550838962,34,841.0,-2.04
18995.0,32,874.0,16.185185185185187,4.191687241322908,32,874.0,0.13195647776327404,32,874.0,-0.33000000000000007
19000.0,29,801.0,14.563636363636364,3.9522870132215635,29,758.0,0.1338292518957178,29,758.0,1.1600000000000001
19005.0,26,714.0,12.981818181818182,4.612934079249596,26,714.0,0.17371483571777505,26,714.0,0.4400000000000004
19010.0,23,608.0,10.857142857142858,4.746857976283506,23,608.0,0.19060093726319763,23,608.0,1.0599999999999996
19015.0,19,389.0,6.946428571428571,5.297334074195774,19,389.0,0.21131464568799974,19,389.0,2.19
19020.0,17,258.0,4.777777777777778,5.277673127869041,17,225.0,0.20856663840405765,17,225.0,1.6400000000000001
19025.0,20,309.0,5.421052631578948,5.528565915128757,20,309.0,0.22990973962280375,20,309.0,-0.8399999999999999
19030.0,25,270.0,4.821428571428571,4.728766824363656,25,270.0,0.168634836232671,25,270.0,0.3899999999999997
19035.0,27,335.0,5.775862068965517,4.798246881380064,27,275.0,0.16219371907690847,27,275.0,-0.04999999999999982
19040.0,27,470.0,8.24561403508772,5.295428327208196,27,470.0,0.19475443982695373,27,470.0,-1.9500000000000002
19045.0,31,565.0,9.416666666666666,4.851708137418342,31,565.0,0.1525695879818093,31,565.0,-0.9500000000000002
19050.0,24,629.0,10.483333333333333,5.449663185334428,24,616.0,0.18208131451177934,24,616.0,-0.5099999999999998
19055.0,25,753.0,12.982758620689655,5.831229913503822,25,753.0,0.21797562502544476,25,753.0,-1.37
19060.0,28,748.0,12.89655172413793,4.733880224253005,27,747.0,0.14946658085493955,27,747.0,0.0600000000000005
19065.0,26,652.0,11.43859649122807,4.856345673051616,26,609.0,0.1466784493094499,26,609.0,1.38
19070.0,23,535.0,9.067796610169491,4.833915859491446,23,535.0,0.15484318628302995,23,535.0,0.7400000000000002
19075.0,18,400.0,7.2727272727272725,5.092500476234047,18,400.0,0.1937651710429616,18,400.0,1.3499999999999996
19080.0,14,345.0,6.2727272727272725,5.87548049319316,14,345.0,0.2385984193586056,14,345.0,0.5499999999999998
19085.0,14,300.0,5.2631578947368425,5.565729648183168,14,300.0,0.22277863738916515,14,300.0,0.4500000000000002
19090.0,20,390.0,6.842105263157895,5.676285155140718,20,310.0,0.22320536343618844,20,310.0,-0.10000000000000009
19095.0,27,511.0,8.661016949152541,5.061085002264229,27,511.0,0.1790733552577681,27,511.0,-2.0100000000000002
19100.0,27,532.0,9.672727272727272,4.931157998576316,27,532.0,0.1645866474816571,27,532.0,-0.20999999999999996
19105.0,26,556.0,10.10909090909091,5.072588474585813,26,518.0,0.18831963562864593,26,518.0,0.14000000000000057
19110.0,24,676.0,12.754716981132075,5.3523941638870625,24,676.0,0.2245944401009763,24,676.0,-1.58
19115.0,26,595.0,11.226415094339623,4.9893906313464,26,595.0,0.18563770560870657,26,595.0,0.8099999999999996
19120.0,23,541.0,9.660714285714286,5.143031887805334,23,473.0,0.17339934374131766,23,473.0,1.2199999999999998
19125.0,24,653.0,11.872727272727273,5.487469617634877,24,653.0,0.19606531449272277,24,653.0,-1.7999999999999998
19130.0,24,773.0,14.054545454545455,5.2613347403971575,24,773.0,0.18010458422303596,24,773.0,-1.2000000000000002
19135.0,24,837.0,15.79245283018868,5.055158178644845,24,837.0,0.17637470421718546,24,837.0,-0.6399999999999988
19140.0,23,928.0,17.50943396226415,5.422648364073195,23,910.0,0.1899439851998322,23,910.0,-0.7300000000000004
19145.0,24,1045.0,19.35185185185185,5.395871054313522,24,1045.0,0.18923939544077756,24,1045.0,-1.3499999999999996
19150.0,25,1168.0,22.46153846153846,5.457319686760288,25,1168.0,0.18260213828735508,25,1168.0,-1.2300000000000004
19155.0,22,1077.0,19.581818181818182,5.230359162235527,22,1077.0,0.15986091395836502,22,1077.0,0.9100000000000001
19160.0,20,833.0,15.716981132075471,5.753898119514812,20,765.0,0.204643283194805,20,765.0,3.119999999999999
19165.0,18,568.0,10.142857142857142,6.059800176426154,18,568.0,0.23233145175382522,18,568.0,1.9700000000000006
19170.0,12,208.0,3.9245283018867925,6.104199707293943,12,208.0,0.23948091671013852,12,208.0,3.5999999999999996
19175.0,11,119.0,2.3333333333333335,6.344961299575892,11,86.0,0.2560639067191116,11,86.0,1.2200000000000002
19180.0,18,191.0,3.673076923076923,5.597839484033754,18,191.0,0.2112042020697062,18,191.0,-1.0499999999999998
19185.0,23,296.0,5.92,5.123231442036714,23,296.0,0.1973333585456399,23,296.0,-1.05
19190.0,22,351.0,6.622641509433962,4.785483548636908,22,351.0,0.16418017026794604,22,351.0,-0.5499999999999998
19195.0,18,350.0,6.60377358490566,5.568668256480878,18,332.0,0.2001532160745479,18,332.0,0.18999999999999995
19200.0,14,329.0,6.2075471698113205,6.312999232800354,14,329.0,0.24738007629406492,14,329.0,0.029999999999999805
19205.0,12,187.0,3.4,6.166001317599526,12,187.0,0.22021444497636164,12,187.0,1.42
19210.0,15,223.0,4.372549019607843,6.69491876365968,15,144.0,0.2561539343887103,15,144.0,0.43000000000000016
19215.0,20,313.0,6.137254901960785,5.846446851043906,20,313.0,0.21612283841780625,20,313.0,-1.69
19220.0,22,383.0,7.979166666666667,5.549866369211621,22,383.0,0.20108760493044667,22,383.0,-0.7000000000000002
19225.0,22,408.0,8.16,5.231921214380354,22,395.0,0.20586113057710834,22,395.0,-0.1200000000000001
19230.0,15,417.0,8.510204081632653,6.231352717426738,15,417.0,0.2866009008379644,15,417.0,-0.21999999999999975
19235.0,14,427.0,8.895833333333334,6.0727328737098984,14,427.0,0.2633046544375503,14,427.0,-0.09999999999999964
19240.0,22,517.0,10.551020408163266,5.107957025305518,22,517.0,0.18648706424983083,22,517.0,-0.9000000000000004
19245.0,26,637.0,13.270833333333334,4.826415570247082,26,637.0,0.17500623525317022,26,637.0,-1.2000000000000002
19250.0,25,630.0,12.857142857142858,4.203819049651512,25,630.0,0.15222428076397715,25,630.0,0.07000000000000028
19255.0,23,702.0,15.26086956521739,4.4957060742323325,23,648.0,0.18738858699761415,23,648.0,-0.1800000000000006
19260.0,24,819.0,17.804347826086957,4.850688005993105,24,819.0,0.19852350438145605,24,819.0,-1.709999999999999
19265.0,25,942.0,18.84,4.8097519779698885,25,942.0,0.18552051876308637,25,942.0,-1.2300000000000004
19270.0,26,1068.0,22.25,5.067705270841618,26,1068.0,0.19220539355405988,26,1068.0,-1.2599999999999998
19275.0,23,1072.0,21.019607843137255,4.903838409719164,23,1072.0,0.1684924858900845,23,1072.0,-0.040000000000000924
19280.0,19,976.0,19.137254901960784,5.418474486466591,19,938.0,0.20704544746432646,19,938.0,1.3399999999999999
19285.0,18,863.0,16.596153846153847,5.8376181765862665,18,863.0,0.23593210092442612,18,863.0,0.75
19290.0,13,842.0,17.183673469387756,6.519489199839063,13,842.0,0.29036678618354095,13,842.0,0.21000000000000085
19295.0,18,908.0,18.916666666666668,5.973415891955267,18,908.0,0.24731999825765846,18,908.0,-0.6600000000000001
19300.0,23,1008.0,19.764705882352942,5.054301055964039,23,1008.0,0.17644040410657647,23,1008.0,-1.0
19305.0,24,1120.0,22.4,5.0457940294732415,24,1120.0,0.17126333920219838,24,1120.0,-1.1199999999999992
19310.0,24,820.0,15.76923076923077,4.686309458819313,24,813.0,0.14558082645234316,24,813.0,3.0699999999999985
19315.0,20,438.0,8.588235294117647,5.564725465638266,20,288.0,0.21075309704781087,20,288.0,5.250000000000001
19320.0,16,308.0,6.416666666666667,5.986813155684491,16,308.0,0.24681472890373998,16,308.0,-0.20000000000000018
19325.0,16,279.0,5.58,5.6964051421375395,16,279.0,0.22885215005092788,16,279.0,0.29000000000000004
19330.0,17,210.0,4.285714285714286,5.45189427883925,17,182.0,0.19358634330137958,17,182.0,0.97
19335.0,17,193.0,3.784313725490196,5.345533747188098,17,193.0,0.1931759168849367,17,193.0,-0.10999999999999988
19340.0,17,201.0,4.1020408163265305,5.590759745449686,17,201.0,0.2177680994896004,17,201.0,-0.07999999999999985
19345.0,25,290.0,5.686274509803922,4.884550450337517,25,262.0,0.16939521394208476,25,262.0,-0.6100000000000003
19350.0,24,409.0,8.346938775510203,5.362616461054774,24,409.0,0.20556878983180063,24,409.0,-1.4699999999999998
19355.0,22,435.0,9.0625,5.165232919800851,22,435.0,0.19422699805986723,22,435.0,-0.2599999999999998
19360.0,21,392.0,7.84,4.9451560859636965,21,364.0,0.19542175673717935,21,364.0,0.7099999999999995
19365.0,16,366.0,7.32,5.9004110009817134,16,366.0,0.24292899237765594,16,366.0,-0.020000000000000018
19370.0,17,357.0,7.0,5.1367629481311905,17,357.0,0.19469959190733177,17,357.0,0.0900000000000003
19375.0,20,295.0,6.020408163265306,5.2326522337025185,19,264.0,0.2064882512373241,19,264.0,0.9299999999999997
19380.0,18,249.0,5.1875,5.014865389007834,18,249.0,0.19424516249123092,18,249.0,0.1499999999999999
19385.0,20,221.0,4.25,5.107956786527292,20,221.0,0.19324796865146796,20,221.0,0.28000000000000025
19390.0,23,323.0,6.46,4.946302742491975,23,241.0,0.19183524635559318,23,241.0,-0.20000000000000018
19395.0,28,456.0,8.76923076923077,4.490784790204194,28,456.0,0.16049218143628657,28,456.0,-2.1499999999999995
19400.0,28,596.0,11.461538461538462,4.9867597855068055,28,596.0,0.1729594186922499,28,596.0,-1.4000000000000004
19405.0,28,627.0,11.61111111111111,4.600194183043867,28,627.0,0.1403336512518502,28,627.0,-0.3099999999999996
19410.0,23,577.0,11.096153846153847,5.156703077052651,23,544.0,0.1996512308011208,23,544.0,0.8299999999999992
19415.0,20,583.0,11.89795918367347,4.948895061870417,20,583.0,0.21249552716865308,20,583.0,-0.3899999999999997
19420.0,22,688.0,13.490196078431373,4.995738939222389,22,688.0,0.21096058724799888,22,688.0,-1.0499999999999998
19425.0,24,798.0,15.647058823529411,4.78240266141378,24,798.0,0.1822057998127338,24,798.0,-1.1000000000000005
19430.0,28,933.0,17.60377358490566,4.140613649574822,28,932.0,0.1361532195844403,28,932.0,-1.3399999999999999
19435.0,29,1078.0,20.339622641509433,4.5626566261690895,29,1078.0,0.1521234866990133,29,1078.0,-1.459999999999999
19440.0,28,988.0,19.76,4.356703128962681,28,988.0,0.1412090100425162,28,988.0,0.8999999999999986
19445.0,23,928.0,18.19607843137255,4.425864366228763,23,846.0,0.1708190988264078,23,846.0,1.42
19450.0,24,1038.0,20.352941176470587,4.879268902172595,24,1038.0,0.1975953513958022,24,1038.0,-1.92
19455.0,25,948.0,17.555555555555557,4.533408918605011,25,948.0,0.16985354990809598,25,948.0,0.9000000000000004
19460.0,22,712.0,13.185185185185185,5.239485048414611,22,643.0,0.19615381412569394,22,643.0,3.0500000000000007
19465.0,22,467.0,8.192982456140351,5.47899816922981,22,467.0,0.20999905622379467,22,467.0,1.7599999999999998
19470.0,18,410.0,7.454545454545454,5.8892509297004585,18,410.0,0.22652385058341698,18,410.0,0.5700000000000003
19475.0,23,515.0,9.903846153846153,5.432180527456759,23,515.0,0.18909378163586332,23,515.0,-1.0500000000000007
19480.0,31,652.0,12.538461538461538,4.305229752090253,31,652.0,0.14084285698820936,31,652.0,-1.3699999999999992
19485.0,31,807.0,15.823529411764707,4.086635911382241,31,807.0,0.1248854443312691,31,807.0,-1.5500000000000007
19490.0,31,861.0,15.944444444444445,3.8406728469063607,31,861.0,0.11248515863477318,31,861.0,-0.5399999999999991
19495.0,26,881.0,16.314814814814813,4.5798797695649185,26,848.0,0.16273621005940558,26,848.0,0.129999999999999
19500.0,28,1016.0,19.169811320754718,4.617963721971061,28,1016.0,0.1663706501537291,28,1016.0,-1.6799999999999997
19505.0,28,1156.0,21.40740740740741,4.61993751657893,28,1156.0,0.18640603800581168,28,1156.0,-1.4000000000000004
19510.0,27,1039.0,19.60377358490566,4.293375526271303,27,1039.0,0.15379548113601052,27,1039.0,1.17
19515.0,23,781.0,14.2,5.11511822382952,23,698.0,0.20278471994025948,23,698.0,3.41
19520.0,19,735.0,13.867924528301886,5.63341442861296,19,735.0,0.23557043418942172,19,735.0,-0.3699999999999992
19525.0,23,669.0,12.622641509433961,5.00813050537719,23,669.0,0.20324536994506334,23,669.0,0.6599999999999993
19530.0,22,499.0,9.415094339622641,5.17911442603145,22,446.0,0.18844359933063987,22,446.0,2.2300000000000004
19535.0,19,321.0,6.056603773584905,5.7507014478370575,19,321.0,0.21964077442079513,19,321.0,1.25
19540.0,19,216.0,3.857142857142857,5.343266540472418,19,216.0,0.19040530776283568,19,216.0,1.0499999999999998
19545.0,23,312.0,5.777777777777778,4.978398108740401,23,312.0,0.16806948530522464,23,312.0,-0.96
19550.0,30,445.0,8.090909090909092,4.489301794141841,30,445.0,0.12702098687528393,30,445.0,-1.33
19555.0,30,493.0,9.12962962962963,4.3039902539181565,30,493.0,0.13234342803773413,30,493.0,-0.47999999999999954
19560.0,30,618.0,11.884615384615385,4.170367087619096,30,575.0,0.14430207873504863,30,575.0,-0.8200000000000003
19565.0,30,768.0,14.49056603773585,4.1826660635998065,30,768.0,0.17319867407272632,30,768.0,-1.9299999999999997
19570.0,29,781.0,15.01923076923077,3.958035447601572,29,781.0,0.14940090333457992,29,781.0,-0.1299999999999999
19575.0,26,691.0,12.563636363636364,4.425605223518875,26,648.0,0.1625319550589393,26,648.0,1.3299999999999992
19580.0,21,666.0,12.10909090909091,5.3572791923411645,21,666.0,0.217615066616922,21,666.0,-0.17999999999999972
19585.0,25,638.0,11.6,4.744853116173332,25,638.0,0.19005393617629263,25,638.0,0.28000000000000025
19590.0,24,523.0,9.50909090909091,4.9264558923193515,24,479.0,0.1800747527574799,24,479.0,1.5899999999999999
19595.0,21,400.0,7.6923076923076925,4.8704413097021515,21,400.0,0.19164242036026793,21,400.0,0.79
19600.0,20,268.0,4.872727272727273,4.848727410254928,20,268.0,0.19801360813628427,20,268.0,1.3199999999999998
19605.0,22,305.0,5.545454545454546,4.878017632191144,22,305.0,0.18459536919580893,22,305.0,-0.36999999999999966
19610.0,28,428.0,7.508771929824562,4.478649109007281,28,428.0,0.13741774892942665,28,428.0,-1.2300000000000004
19615.0,30,535.0,9.553571428571429,4.298490987327427,30,535.0,0.1352845894807373,30,535.0,-1.0699999999999994
19620.0,28,609.0,11.072727272727272,4.426421710870385,28,597.0,0.1519116299318478,28,597.0,-0.6200000000000001
19625.0,24,667.0,11.305084745762711,5.005199966433948,24,667.0,0.19183514119586612,24,667.0,-0.7000000000000002
19630.0,20,704.0,12.571428571428571,5.284078605911754,20,704.0,0.2057373950280786,20,704.0,-0.3700000000000001
19635.0,20,636.0,11.357142857142858,5.375060829325049,20,636.0,0.22856424276434925,20,636.0,0.6799999999999997
19640.0,20,486.0,8.836363636363636,5.726124276909321,20,438.0,0.231199785057985,20,438.0,1.9800000000000004
19645.0,24,420.0,7.368421052631579,5.25825883284138,24,420.0,0.19625658421582298,24,420.0,0.17999999999999972
19650.0,24,530.0,9.636363636363637,5.498050949499045,24,530.0,0.21676707772054188,24,530.0,-1.0999999999999996
19655.0,30,666.0,12.566037735849056,4.658980122049628,30,666.0,0.14250443678261376,30,666.0,-1.3600000000000003
19660.0,33,829.0,14.803571428571429,4.3929870294405635,33,829.0,0.1231260418005938,33,829.0,-1.629999999999999
19665.0,33,994.0,17.75,4.41945331637593,33,994.0,0.12489857904913386,33,994.0,-1.6500000000000004
19670.0,36,1168.0,19.796610169491526,4.078708327778587,36,1168.0,0.10305116226409099,36,1168.0,-1.7400000000000002
19675.0,33,1050.0,18.42105263157895,4.248476069464657,33,1050.0,0.12769612105206077,33,1050.0,1.1799999999999997
19680.0,31,925.0,17.12962962962963,3.833922146460099,31,822.0,0.12817163178450383,31,822.0,2.2799999999999994
19685.0,28,1029.0,18.70909090909091,4.254934157519536,28,1029.0,0.17572470038576113,28,1029.0,-2.0699999999999985
19690.0,29,1170.0,21.666666666666668,4.333908449468757,29,1170.0,0.16960237713079163,29,1170.0,-1.4100000000000001
19695.0,30,1139.0,20.339285714285715,4.118341355152088,30,1139.0,0.15665048439174217,30,1139.0,0.3099999999999987
19700.0,26,978.0,18.11111111111111,4.340608630943099,26,920.0,0.16232100665507712,26,920.0,2.1900000000000013
19705.0,25,801.0,14.563636363636364,4.991194120952726,25,801.0,0.20238661245845346,25,801.0,1.1899999999999995
19710.0,19,575.0,10.454545454545455,5.17823427380247,19,575.0,0.20395959078458148,19,575.0,2.26
19715.0,20,372.0,6.763636363636364,5.281655813148931,20,314.0,0.1974944850346854,20,314.0,2.61
19720.0,21,238.0,4.103448275862069,5.389463069305747,21,238.0,0.20555110418818956,21,238.0,0.7600000000000002
19725.0,21,226.0,3.896551724137931,5.340198047864288,21,226.0,0.1917268571213075,21,226.0,0.1200000000000001
19730.0,24,280.0,4.590163934426229,5.1487104529310574,24,252.0,0.1660330030997931,24,252.0,-0.26000000000000023
19735.0,27,412.0,7.103448275862069,5.504877278178878,27,412.0,0.20399697604248332,27,412.0,-1.6
19740.0,29,549.0,9.803571428571429,5.051088267191696,29,549.0,0.1704246384742052,29,549.0,-1.37
19745.0,28,671.0,11.183333333333334,5.0684596033947065,28,671.0,0.16312344252040556,28,671.0,-1.2199999999999998
19750.0,28,811.0,14.228070175438596,5.026843787987304,28,793.0,0.16488960310811898,28,793.0,-1.2199999999999998
19755.0,31,962.0,16.87719298245614,4.452818099040478,31,962.0,0.14491550621354396,31,962.0,-1.6899999999999995
19760.0,28,1006.0,17.649122807017545,4.948053690649169,28,1006.0,0.16020859549466043,28,1006.0,-0.4400000000000013
19765.0,28,962.0,16.586206896551722,5.019802366121784,28,929.0,0.17731362089464336,28,929.0,0.7700000000000014
19770.0,21,922.0,16.464285714285715,5.701409397151031,21,922.0,0.23257221320073246,21,922.0,0.06999999999999851
19775.0,21,821.0,15.49056603773585,5.302878158077993,21,821.0,0.20876829705528088,21,821.0,1.0099999999999998
19780.0,24,605.0,10.803571428571429,4.627327335145492,24,542.0,0.14818879982047106,24,542.0,2.790000000000001
19785.0,22,390.0,7.3584905660377355,4.621696198143025,22,390.0,0.17100437086277712,22,390.0,1.52
19790.0,19,203.0,3.690909090909091,4.567512063459152,19,203.0,0.17136935220481697,19,203.0,1.87
19795.0,18,188.0,3.4814814814814814,4.945090997113503,18,175.0,0.19022474459454194,18,175.0,0.2799999999999998
19800.0,19,235.0,4.607843137254902,5.2169812383499945,19,235.0,0.21703205708509077,19,235.0,-0.6000000000000001
19805.0,24,347.0,6.425925925925926,5.097068065825793,24,347.0,0.20214978738521075,24,347.0,-1.12
19810.0,26,428.0,7.925925925925926,4.937729194749962,26,428.0,0.1772013995243992,26,428.0,-0.81
19815.0,24,440.0,7.719298245614035,4.95274821404307,24,421.0,0.1634637402333343,24,421.0,0.07000000000000028
19820.0,19,435.0,7.909090909090909,5.4722411405065685,19,435.0,0.2045986440316862,19,435.0,-0.13999999999999968
19825.0,24,377.0,6.8545454545454545,4.609089273480051,23,376.0,0.1612044813779703,23,376.0,0.5899999999999999
19830.0,22,430.0,7.818181818181818,5.355750159860909,22,388.0,0.2152116015985094,22,388.0,-0.1200000000000001
19835.0,27,555.0,10.277777777777779,4.837980899049974,27,553.0,0.16472393543632455,27,553.0,-1.6500000000000004
19840.0,32,710.0,12.456140350877194,4.541015451649572,32,710.0,0.12859666410974468,32,710.0,-1.5699999999999994
19845.0,29,635.0,11.545454545454545,4.424524650427335,29,635.0,0.12029301611582673,29,635.0,0.75
19850.0,27,609.0,10.875,4.407703286562916,27,523.0,0.14502263824254338,27,523.0,1.1199999999999992
19855.0,26,737.0,13.90566037735849,4.867688598765384,26,737.0,0.1980052294632679,26,737.0,-2.1399999999999997
19860.0,30,877.0,17.19607843137255,3.9901197019610315,30,877.0,0.14595200975820544,30,877.0,-1.3999999999999995
19865.0,33,1041.0,18.927272727272726,4.04210636408068,33,1041.0,0.1298838926484421,33,1041.0,-1.6400000000000006
19870.0,34,1208.0,21.963636363636365,4.118079606208099,34,1208.0,0.13192881385844402,34,1208.0,-1.67
19875.0,36,1383.0,24.263157894736842,3.802922955026041,36,1383.0,0.12280971497504432,36,1383.0,-1.75
19880.0,34,1498.0,26.75,3.8794954957737784,34,1498.0,0.13825262559883705,34,1498.0,-1.1500000000000004
19885.0,34,1608.0,28.714285714285715,4.012071192087992,34,1590.0,0.16357866388086317,34,1590.0,-0.9199999999999999
19890.0,32,1768.0,32.74074074074074,4.063753522498814,32,1768.0,0.18235761573240264,32,1768.0,-1.7799999999999994
19895.0,32,1675.0,31.01851851851852,3.840963009234045,32,1675.0,0.14400265277395918,32,1675.0,0.9299999999999997
19900.0,30,1474.0,26.321428571428573,3.6586518155314023,30,1391.0,0.134791767627244,30,1391.0,2.84
19905.0,27,1517.0,27.089285714285715,4.40954274752695,27,1517.0,0.16931407513251368,27,1517.0,-1.2599999999999998
19910.0,27,1394.0,24.45614035087719,3.961713904057433,27,1394.0,0.14910431592139994,27,1394.0,1.2300000000000004
19915.0,29,1105.0,19.732142857142858,3.9564491448918497,29,1021.0,0.128319102553663,29,1021.0,3.7299999999999986
19920.0,26,806.0,14.654545454545454,4.208580051647585,26,806.0,0.15176835470235764,26,806.0,2.1500000000000004
19925.0,22,496.0,8.40677966101695,4.61403585621348,22,496.0,0.17674474618132455,22,496.0,3.1000000000000005
19930.0,18,353.0,5.983050847457627,5.469315238791329,18,353.0,0.23112588210006615,18,353.0,1.4300000000000002
19935.0,18,413.0,6.661290322580645,5.739570321902969,18,413.0,0.23066964638396198,18,413.0,-0.6000000000000001
19940.0,18,408.0,6.580645161290323,5.744093083134969,18,408.0,0.21967840090600943,18,408.0,0.04999999999999982
19945.0,20,344.0,5.639344262295082,5.590026352217113,20,315.0,0.21434706974246917,20,315.0,0.9300000000000002
19950.0,21,399.0,6.762711864406779,5.822071472454547,21,399.0,0.23438202513402595,21,399.0,-0.8400000000000003
19955.0,24,339.0,5.844827586206897,5.169475702126041,24,339.0,0.17132579602299544,24,339.0,0.6000000000000001
19960.0,25,345.0,5.8474576271186445,5.0726759248696345,25,287.0,0.1643277897627633,25,287.0,0.52
19965.0,25,470.0,8.24561403508772,5.62640681225972,25,470.0,0.20656477561085004,25,470.0,-1.83
19970.0,28,525.0,8.75,5.054316301774718,28,525.0,0.1544461099893421,28,525.0,-0.5499999999999998
19975.0,29,669.0,11.15,5.226933751381448,29,603.0,0.14409968307817647,29,603.0,-0.7800000000000002
19980.0,30,818.0,14.607142857142858,5.130491334267046,30,818.0,0.15710699786556304,30,818.0,-2.1499999999999995
19985.0,30,921.0,16.157894736842106,4.5159156850154645,30,921.0,0.14024777038990083,30,921.0,-1.0300000000000011
19990.0,28,1040.0,18.24561403508772,4.8728373827936515,28,1027.0,0.15712871335502035,28,1027.0,-1.0599999999999987
19995.0,30,1184.0,20.771929824561404,4.761998624781888,30,1184.0,0.17541308034456565,30,1184.0,-1.5700000000000003
20000.0,30,1332.0,23.785714285714285,4.6196873819672835,30,1332.0,0.14773228985630668,30,1332.0,-1.4800000000000004
20005.0,34,1489.0,26.589285714285715,4.289709838560549,34,1489.0,0.12603954082135943,34,1489.0,-1.5700000000000003
20010.0,33,1653.0,30.61111111111111,4.316998287904121,33,1653.0,0.14256738060291588,33,1653.0,-1.6400000000000006
20015.0,35,1822.0,33.74074074074074,3.941587163339319,35,1822.0,0.12293729472343089,35,1822.0,-1.6899999999999977
20020.0,33,1754.0,30.771929824561404,3.9375659994867274,33,1754.0,0.12959973828231505,33,1754.0,0.6799999999999997
20025.0,30,1508.0,27.418181818181818,3.963331952369994,30,1430.0,0.14184686922783987,30,1430.0,3.2399999999999984
20030.0,26,1246.0,23.074074074074073,4.215994883900785,26,1246.0,0.17583725966262814,26,1246.0,1.8399999999999999
20035.0,22,921.0,17.055555555555557,4.049419593699709,22,921.0,0.15826997092863518,22,921.0,3.25
20040.0,23,903.0,17.037735849056602,4.294194307670565,23,870.0,0.16913962632619609,23,870.0,0.5100000000000016
20045.0,28,1033.0,18.12280701754386,4.417118714983565,28,1033.0,0.17330995282623068,28,1033.0,-1.6300000000000008
20050.0,31,900.0,16.363636363636363,3.5760162366873063,31,900.0,0.12766838043745105,31,900.0,1.33
20055.0,29,585.0,10.263157894736842,4.0085330858617745,29,492.0,0.15804595290722512,29,492.0,4.08
20060.0,24,449.0,8.017857142857142,4.8341183206588605,24,449.0,0.2055246334302217,24,449.0,0.4299999999999997
20065.0,27,507.0,8.59322033898305,4.665647922974957,27,507.0,0.18287516715259947,27,507.0,-0.5800000000000001
20070.0,29,642.0,10.88135593220339,4.816614795943029,29,629.0,0.17438309662341114,29,629.0,-1.2199999999999998
20075.0,33,803.0,13.610169491525424,4.86726231228652,33,803.0,0.16971121976296047,33,803.0,-1.7399999999999993
20080.0,32,922.0,15.114754098360656,4.457975306653858,32,922.0,0.1301460247448913,32,922.0,-1.1900000000000013
20085.0,29,997.0,17.189655172413794,4.527073829200035,29,984.0,0.14987215628019293,29,984.0,-0.6199999999999992
20090.0,25,1071.0,17.85,4.903167706449258,25,1071.0,0.1837404353227894,25,1071.0,-0.870000000000001
20095.0,27,1020.0,17.586206896551722,4.489024791754893,26,1019.0,0.1554482097039356,26,1019.0,0.5200000000000014
20100.0,29,857.0,15.035087719298245,4.453323870871309,29,799.0,0.13756729461722297,29,799.0,2.1999999999999993
20105.0,26,684.0,11.4,4.541667800316131,26,684.0,0.14805111860478742,26,684.0,1.1500000000000004
20110.0,23,447.0,7.706896551724138,4.506581688030874,23,447.0,0.15547469487139162,23,447.0,2.37
20115.0,24,356.0,6.033898305084746,4.311171992644911,24,330.0,0.14942007078512942,24,330.0,1.17
20120.0,27,466.0,8.03448275862069,4.620723968534362,27,466.0,0.17066714604981711,27,466.0,-1.3600000000000003
20125.0,31,515.0,8.728813559322035,4.436732320468687,31,515.0,0.16239197762470586,31,515.0,-0.4900000000000002
20130.0,28,510.0,8.793103448275861,4.594825293651931,28,482.0,0.17054603366869525,28,482.0,0.33000000000000007
20135.0,26,584.0,10.24561403508772,5.064949280121514,26,584.0,0.19684213867906583,26,584.0,-1.0199999999999996
20140.0,29,626.0,10.793103448275861,4.206327204485939,28,625.0,0.14279851183843556,28,625.0,-0.41000000000000014
20145.0,30,615.0,10.60344827586207,4.3408629932690905,30,586.0,0.13438070993205847,30,586.0,0.3899999999999997
20150.0,26,587.0,9.94915254237288,4.311247019567643,26,587.0,0.14277920633950095,26,587.0,-0.009999999999999787
20155.0,24,331.0,5.610169491525424,4.553630519747245,24,331.0,0.15312702556310506,24,331.0,2.56
20160.0,24,289.0,5.0701754385964914,4.6187060798543635,24,162.0,0.16089875006998108,24,162.0,1.69
20165.0,28,387.0,6.45,4.389325879529513,28,387.0,0.15184007464010502,28,387.0,-2.25
20170.0,29,440.0,7.4576271186440675,4.5467260456381124,29,440.0,0.1477051510435815,29,440.0,-0.5300000000000002
20175.0,33,588.0,9.483870967741936,4.413743355620911,33,550.0,0.14177680625347344,33,550.0,-1.0999999999999996
20180.0,34,755.0,12.796610169491526,4.536857991058154,34,755.0,0.16318842127642866,34,755.0,-2.05
20185.0,34,827.0,14.016949152542374,4.195156276776682,34,827.0,0.1465372833957791,34,827.0,-0.7199999999999998
20190.0,28,821.0,14.403508771929825,4.448614140707723,28,792.0,0.15768196672315823,28,792.0,0.34999999999999964
20195.0,24,796.0,13.964912280701755,5.173333014913431,24,796.0,0.1937160766478004,24,796.0,-0.040000000000000036
20200.0,22,754.0,13.0,5.0222328735295525,22,754.0,0.1878738772504636,22,754.0,0.41999999999999993
20205.0,18,502.0,8.655172413793103,5.523398508678169,18,502.0,0.2125888709318073,18,502.0,2.5200000000000005
20210.0,18,216.0,3.6610169491525424,5.403122215462483,18,153.0,0.20254531962802244,18,153.0,3.4899999999999993
20215.0,17,159.0,2.694915254237288,5.956500199881035,17,159.0,0.23582263412900628,17,159.0,-0.06000000000000005
20220.0,22,198.0,3.3559322033898304,5.637014242504032,22,198.0,0.1951372435131367,22,198.0,-0.3899999999999999
20225.0,28,328.0,5.377049180327869,5.271384421440928,28,299.0,0.1656290572826989,28,299.0,-1.0100000000000002
20230.0,30,475.0,8.189655172413794,5.126529066030537,30,475.0,0.17541108975709813,30,475.0,-1.7599999999999998
20235.0,31,629.0,10.483333333333333,4.9084393442862,31,629.0,0.15601740648516077,31,629.0,-1.54
20240.0,28,718.0,12.596491228070175,5.167920666571987,28,718.0,0.16153511134279827,28,718.0,-0.8899999999999997
20245.0,28,749.0,12.694915254237289,4.977576836250453,28,731.0,0.162244063380691,28,731.0,-0.1299999999999999
20250.0,23,827.0,14.508771929824562,5.746107467122271,23,827.0,0.22387482643531062,23,827.0,-0.96
20255.0,25,795.0,14.454545454545455,5.137605524288539,24,794.0,0.17685639136157602,24,794.0,0.3299999999999992
20260.0,26,668.0,11.719298245614034,4.602386196620121,26,620.0,0.13062746008069603,26,620.0,1.7400000000000002
20265.0,23,530.0,9.464285714285714,5.0674337665994456,23,530.0,0.1596064899966907,23,530.0,0.9000000000000004
20270.0,21,346.0,6.0701754385964914,4.798505731923344,21,346.0,0.14927826026402038,21,346.0,1.8399999999999999
20275.0,22,287.0,5.314814814814815,4.591267085548937,22,268.0,0.14956410814361726,22,268.0,0.7799999999999998
20280.0,24,393.0,7.5576923076923075,4.532358987043437,24,393.0,0.15381498844463162,24,393.0,-1.25
20285.0,27,479.0,8.709090909090909,4.343883982395939,27,479.0,0.14470811037086298,27,479.0,-0.8599999999999999
20290.0,25,530.0,9.814814814814815,4.725528904158325,25,516.0,0.1703489713853051,25,516.0,-0.3700000000000001
20295.0,21,564.0,9.894736842105264,5.397447890771838,21,564.0,0.2067605422811493,21,564.0,-0.47999999999999954
20300.0,18,445.0,8.24074074074074,5.360269962801665,18,445.0,0.21103439953365263,18,445.0,1.1899999999999995
20305.0,16,238.0,4.327272727272727,5.752385258517394,16,195.0,0.23660076166495414,16,195.0,2.5
20310.0,17,268.0,4.872727272727273,6.139259667098485,17,268.0,0.2588847912024683,17,268.0,-0.7300000000000002
20315.0,22,323.0,5.981481481481482,5.472694232984272,22,323.0,0.20325881925605763,22,323.0,-0.5499999999999998
20320.0,25,368.0,6.571428571428571,4.815094228042786,25,355.0,0.144699395825437,25,355.0,-0.31999999999999984
20325.0,21,399.0,7.388888888888889,5.2129387546763555,21,399.0,0.1802548325085474,21,399.0,-0.4400000000000004
20330.0,18,352.0,6.4,4.6908595034722085,18,352.0,0.15679032082450187,18,352.0,0.4700000000000002
20335.0,21,421.0,7.796296296296297,4.743268301013907,21,391.0,0.15906290444342439,21,391.0,-0.3900000000000001
20340.0,25,535.0,10.09433962264151,4.9032742204902355,25,535.0,0.1669288138070259,25,535.0,-1.4399999999999995
20345.0,28,625.0,10.964912280701755,4.658484990680564,28,625.0,0.15216808594451467,28,625.0,-0.9000000000000004
20350.0,24,672.0,12.218181818181819,4.924854832858691,24,658.0,0.1835163228915065,24,658.0,-0.33000000000000007
20355.0,20,701.0,12.517857142857142,5.369378735657575,20,701.0,0.21441295653946982,20,701.0,-0.4299999999999997
20360.0,16,414.0,7.527272727272727,5.591419262566357,16,414.0,0.21967030185379324,16,414.0,2.87
20365.0,23,494.0,9.148148148148149,5.37909354449517,23,338.0,0.21155696626713813,23,338.0,0.7599999999999998
20370.0,27,618.0,11.444444444444445,5.284541307486172,27,618.0,0.19638722424928653,27,618.0,-2.8
20375.0,27,703.0,13.264150943396226,4.981644229876889,27,703.0,0.15686679860847033,27,703.0,-0.8500000000000005
20380.0,29,844.0,15.62962962962963,4.735805175885899,29,818.0,0.15916192095376833,29,818.0,-1.1499999999999995
20385.0,29,989.0,18.314814814814813,4.762487160805623,29,989.0,0.1683159320380365,29,989.0,-1.7100000000000009
20390.0,28,912.0,16.581818181818182,4.407881847870672,28,912.0,0.1368542064993526,28,912.0,0.7700000000000014
20395.0,24,676.0,12.518518518518519,4.788576632836265,24,603.0,0.1698282508923662,24,603.0,3.089999999999999
20400.0,21,617.0,11.641509433962264,5.353741737074281,21,617.0,0.2032341981971478,21,617.0,-0.13999999999999968
20405.0,20,581.0,10.563636363636364,5.246304852660721,20,581.0,0.20285773959105374,20,581.0,0.3600000000000003
20410.0,23,462.0,8.716981132075471,4.897218344073974,23,419.0,0.1703660009289238,23,419.0,1.6199999999999992
20415.0,20,338.0,6.2592592592592595,4.994277330948712,20,338.0,0.19210135000266781,20,338.0,0.8100000000000005
20420.0,17,192.0,3.5555555555555554,5.252615218139813,17,192.0,0.20008565137413664,17,192.0,1.46
20425.0,19,180.0,3.272727272727273,5.109355659844774,19,167.0,0.1989817580304583,19,167.0,0.25
20430.0,19,240.0,4.444444444444445,5.791367948464093,19,240.0,0.2402708371865587,19,240.0,-0.73
20435.0,25,299.0,5.6415094339622645,5.233436169264205,25,299.0,0.1943232644880897,25,299.0,-0.5900000000000003
20440.0,30,439.0,8.12962962962963,4.696696852877277,30,388.0,0.16008971149498027,30,388.0,-0.8899999999999997
20445.0,31,590.0,11.132075471698114,4.555003219165207,31,590.0,0.15150376557652723,31,590.0,-2.0200000000000005
20450.0,30,697.0,13.403846153846153,4.039456269560108,30,697.0,0.12135331310363033,30,697.0,-1.0699999999999994
20455.0,25,766.0,14.73076923076923,4.455654098622167,25,753.0,0.16986626677425584,25,753.0,-0.5600000000000005
20460.0,26,895.0,17.21153846153846,4.641092860148493,26,895.0,0.1822028967190358,26,895.0,-1.419999999999999
20465.0,27,852.0,15.214285714285714,4.274805934135611,27,852.0,0.14825322168042776,27,852.0,0.4299999999999997
20470.0,25,887.0,16.12727272727273,5.04283847883161,25,817.0,0.19287171945335832,25,817.0,0.34999999999999964
20475.0,26,1013.0,18.089285714285715,5.1397672430287695,26,1013.0,0.20642022513331557,26,1013.0,-1.9600000000000009
20480.0,27,961.0,18.132075471698112,4.766784933613421,27,961.0,0.18608612041515837,27,961.0,0.5200000000000014
20485.0,25,776.0,13.857142857142858,5.108109017252525,25,717.0,0.19317234473973344,25,717.0,2.4399999999999995
20490.0,19,573.0,10.61111111111111,5.5260775671410105,19,573.0,0.2361592964612149,19,573.0,1.4399999999999995
20495.0,15,352.0,6.6415094339622645,6.17933755128652,15,352.0,0.27467449608300015,15,352.0,2.2100000000000004
20500.0,15,276.0,5.0181818181818185,5.8829830005877985,15,276.0,0.2501727705610616,15,276.0,0.7600000000000002
20505.0,20,366.0,6.777777777777778,5.680415159691944,20,366.0,0.2230895480690584,20,366.0,-0.9000000000000004
20510.0,27,484.0,8.8,4.685731757423317,27,484.0,0.14627422258009087,27,484.0,-1.1799999999999997
20515.0,27,580.0,10.545454545454545,4.814937817191815,27,580.0,0.14744644702935206,27,580.0,-0.96
20520.0,23,628.0,11.849056603773585,4.733169096705767,23,615.0,0.16141901758721133,23,615.0,-0.35000000000000053
20525.0,20,662.0,11.614035087719298,5.401675308668344,20,662.0,0.2121034140213726,20,662.0,-0.46999999999999975
20530.0,19,698.0,12.24561403508772,5.287875898261858,19,698.0,0.19113106672967603,19,698.0,-0.3600000000000003
20535.0,27,815.0,14.553571428571429,4.810508390778919,27,815.0,0.1689389259779328,27,815.0,-1.17
20540.0,31,960.0,17.77777777777778,4.6947604381327315,31,960.0,0.16858307837759914,31,960.0,-1.4499999999999993
20545.0,34,919.0,16.410714285714285,3.941235304791462,34,919.0,0.13177709739564147,34,919.0,0.41000000000000014
20550.0,26,873.0,16.166666666666668,4.6527785953685585,26,810.0,0.19426749067575302,26,810.0,1.0899999999999999
20555.0,25,992.0,19.45098039215686,4.576807038667704,25,992.0,0.20157156913404325,25,992.0,-1.8200000000000003
20560.0,27,1127.0,21.264150943396228,4.44521395430059,27,1127.0,0.18353848009368834,27,1127.0,-1.3499999999999996
20565.0,27,966.0,18.576923076923077,4.3926958367740125,27,966.0,0.17316988770320496,27,966.0,1.6099999999999994
20570.0,24,683.0,12.418181818181818,4.323696619462637,24,585.0,0.16082949831638002,24,585.0,3.8100000000000005
20575.0,20,651.0,12.283018867924529,5.106707169046844,20,651.0,0.20794893673331938,20,651.0,-0.6600000000000001
20580.0,21,716.0,14.03921568627451,4.944934971798989,21,716.0,0.19788597524780072,21,716.0,-0.6500000000000004
20585.0,26,836.0,15.481481481481481,4.748360768829851,26,823.0,0.1715128971666665,26,823.0,-1.0700000000000003
20590.0,28,972.0,18.0,4.9325879555590495,28,972.0,0.18106712723704738,28,972.0,-1.4900000000000002
20595.0,26,915.0,16.05263157894737,4.974130519160102,26,915.0,0.16691044487681042,26,915.0,0.5700000000000003
20600.0,22,708.0,12.421052631578947,5.35547603725327,22,645.0,0.18220715149707406,22,645.0,2.7
20605.0,22,485.0,8.362068965517242,5.759274137982883,22,485.0,0.2248929740509607,22,485.0,1.6000000000000005
20610.0,17,317.0,5.4655172413793105,5.9787386423065705,17,317.0,0.22446892067792026,17,317.0,1.6799999999999997
20615.0,21,402.0,7.052631578947368,5.847689814099857,21,357.0,0.20440424059986273,21,357.0,-0.3999999999999999
20620.0,28,530.0,9.298245614035087,5.111151404525131,28,530.0,0.15227832040135342,28,530.0,-1.73
20625.0,27,627.0,12.057692307692308,4.6300916312880895,27,627.0,0.14109663948273476,27,627.0,-0.9699999999999998
20630.0,29,771.0,14.277777777777779,4.44467282269553,29,748.0,0.14995917779148746,29,748.0,-1.2100000000000009
20635.0,29,916.0,17.615384615384617,4.6416126243698965,29,916.0,0.18308009123196786,29,916.0,-1.6799999999999997
20640.0,31,1066.0,20.5,4.57193024778509,31,1066.0,0.14933259271615576,31,1066.0,-1.5
20645.0,29,1021.0,18.90740740740741,4.3483926672430915,29,1021.0,0.13734615808438982,29,1021.0,0.4499999999999993
20650.0,25,828.0,15.923076923076923,4.438063816094459,25,765.0,0.16299296755494166,25,765.0,2.5600000000000005
20655.0,21,703.0,13.51923076923077,4.619151703857392,21,703.0,0.19818028001487722,21,703.0,0.6200000000000001
20660.0,20,631.0,12.134615384615385,4.969207491987439,20,631.0,0.20812383639988008,20,631.0,0.7200000000000006
20665.0,25,487.0,9.018518518518519,4.411558118529304,25,439.0,0.16006138033398246,25,439.0,1.92
20670.0,21,344.0,6.490566037735849,4.878181293195945,21,344.0,0.19370819896691932,21,344.0,0.9499999999999997
20675.0,18,172.0,3.3076923076923075,4.796434907442858,18,172.0,0.18678036375308446,18,172.0,1.72
20680.0,23,249.0,4.527272727272727,4.376284739625127,23,223.0,0.15553663347468683,23,223.0,-0.51
20685.0,27,373.0,6.781818181818182,4.549151901934887,27,373.0,0.15630199435160458,27,373.0,-1.5
20690.0,32,526.0,9.392857142857142,4.361811700797179,32,526.0,0.1539047412207052,32,526.0,-1.5299999999999998
20695.0,29,575.0,10.648148148148149,4.274650938344505,29,575.0,0.14716975681363106,29,575.0,-0.4900000000000002
20700.0,26,536.0,9.925925925925926,4.84543874846717,26,503.0,0.16459228284416894,26,503.0,0.7199999999999998
20705.0,22,502.0,9.127272727272727,4.945659985278555,22,502.0,0.193573605663856,22,502.0,0.010000000000000675
20710.0,24,602.0,11.358490566037736,4.970592586743257,24,602.0,0.20142777555979788,24,602.0,-1.0
20715.0,29,737.0,13.160714285714286,4.7140582474832815,29,736.0,0.17329214172243088,29,736.0,-1.3400000000000007
20720.0,32,892.0,16.51851851851852,4.433461257321968,32,892.0,0.1635249899399338,32,892.0,-1.5599999999999996
20725.0,32,893.0,15.666666666666666,4.495251153060576,32,893.0,0.15339757367594745,32,893.0,-0.009999999999999787
20730.0,26,774.0,13.821428571428571,4.835375755531609,26,725.0,0.18097430733265177,26,725.0,1.6799999999999997
20735.0,22,638.0,11.392857142857142,5.554327853769136,22,638.0,0.23346782857030488,22,638.0,0.8700000000000001
20740.0,18,392.0,7.127272727272727,5.045958499259327,18,392.0,0.20100960098611356,18,392.0,2.46
20745.0,16,215.0,3.9814814814814814,5.010826156385479,16,187.0,0.20179869468843042,16,187.0,2.05
20750.0,18,205.0,3.5964912280701755,5.228287827103152,18,205.0,0.2122569227629213,18,205.0,-0.17999999999999972
20755.0,24,266.0,4.836363636363636,4.828585356293333,23,265.0,0.18199686612362884,23,265.0,-0.6000000000000001
20760.0,26,312.0,6.0,4.371837261038427,26,299.0,0.14325828585097786,26,299.0,-0.3400000000000003
20765.0,23,349.0,6.232142857142857,4.808294894959361,23,349.0,0.17083992640451123,23,349.0,-0.5
20770.0,19,366.0,6.777777777777778,5.33623136716746,19,366.0,0.21167356301069415,19,366.0,-0.16999999999999993
20775.0,17,322.0,5.649122807017544,5.570379917965319,17,322.0,0.21245276380576203,17,322.0,0.43999999999999995
20780.0,21,395.0,6.9298245614035086,5.397644651025279,21,352.0,0.19287842693624416,21,352.0,-0.2999999999999998
20785.0,29,511.0,8.661016949152541,5.0368461823726545,29,511.0,0.161566667138412,29,511.0,-1.5900000000000003
20790.0,28,548.0,9.785714285714286,4.910024774545356,28,548.0,0.17120914583865815,28,548.0,-0.3700000000000001
20795.0,25,501.0,9.277777777777779,4.687545485923983,25,468.0,0.16867765956728492,25,468.0,0.8000000000000007
20800.0,23,546.0,9.927272727272728,5.072432373732815,23,546.0,0.20413659136717974,23,546.0,-0.7800000000000002
20805.0,23,470.0,8.703703703703704,4.942935767654318,23,470.0,0.18298753941959572,23,470.0,0.7599999999999998
20810.0,30,607.0,10.839285714285714,4.400299179346432,30,486.0,0.13617515876262237,30,486.0,-0.16000000000000014
20815.0,30,757.0,13.763636363636364,4.681810596309877,30,757.0,0.1619156039715579,30,757.0,-2.71
20820.0,31,911.0,16.563636363636363,4.575015595656577,31,911.0,0.1297365991764287,31,911.0,-1.5399999999999991
20825.0,30,918.0,15.827586206896552,4.427969149189947,30,918.0,0.13064588566528457,30,918.0,-0.07000000000000028
20830.0,26,805.0,14.375,4.783989779566944,26,757.0,0.17232962039378258,26,757.0,1.6099999999999994
20835.0,23,674.0,11.824561403508772,5.017287389146264,23,674.0,0.2012661972247329,23,674.0,0.8300000000000001
20840.0,18,469.0,8.685185185185185,4.924654033850282,18,469.0,0.20770156021415673,18,469.0,2.05
20845.0,21,369.0,6.473684210526316,4.976267910279597,21,336.0,0.2016825103498899,21,336.0,1.3300000000000005
20850.0,21,426.0,7.607142857142857,5.610234752893571,21,426.0,0.24631398715427447,21,426.0,-0.8999999999999999
20855.0,24,496.0,9.358490566037736,5.0125601616829965,23,495.0,0.20119910392924995,23,495.0,-0.6900000000000004
20860.0,26,544.0,9.89090909090909,4.322475282489314,26,531.0,0.1424344993300443,26,531.0,-0.35999999999999943
20865.0,22,579.0,10.722222222222221,4.830581176704988,22,579.0,0.17306168954591997,22,579.0,-0.4800000000000004
20870.0,24,629.0,11.232142857142858,4.5070984592079935,24,629.0,0.14696872991733975,24,629.0,-0.5
20875.0,27,751.0,13.654545454545454,4.6638899920215815,27,746.0,0.1551258412722107,27,746.0,-1.17
20880.0,33,902.0,16.703703703703702,3.972496748978516,33,902.0,0.1065585397746388,33,902.0,-1.5599999999999996
20885.0,32,783.0,13.736842105263158,4.209162390780796,32,783.0,0.12641573515911342,32,783.0,1.1899999999999995
20890.0,28,598.0,10.872727272727273,4.036163692109275,28,504.0,0.1367114463822035,28,504.0,2.79
20895.0,26,660.0,11.578947368421053,4.691885258240141,26,660.0,0.188230406878961,26,660.0,-1.5599999999999996
20900.0,26,697.0,12.228070175438596,5.014294089479241,26,697.0,0.1961805640263295,26,697.0,-0.3700000000000001
20905.0,29,674.0,12.035714285714286,4.3909509598854655,29,645.0,0.15789868376107946,29,645.0,0.5199999999999996
20910.0,23,644.0,11.925925925925926,5.111710495504308,23,644.0,0.2190944084827482,23,644.0,0.009999999999999787
20915.0,22,657.0,12.166666666666666,4.911906164435925,22,657.0,0.18436028405889054,22,657.0,-0.1299999999999999
20920.0,29,791.0,14.125,4.526646791385111,29,791.0,0.15115823629374653,29,791.0,-1.3399999999999999
20925.0,34,951.0,17.29090909090909,3.98124388501613,34,951.0,0.12355604071470644,34,951.0,-1.5999999999999996
20930.0,37,1131.0,19.842105263157894,3.564556228670182,37,1131.0,0.10550295626902628,37,1131.0,-1.8000000000000007
20935.0,34,1070.0,18.771929824561404,4.010286375935986,34,1070.0,0.1347089444574896,34,1070.0,0.6100000000000012
20940.0,31,840.0,14.736842105263158,4.035732811585853,31,762.0,0.13869949496748793,31,762.0,3.079999999999999
20945.0,27,789.0,13.372881355932204,4.520677872364475,27,789.0,0.18645804970879776,27,789.0,-0.2699999999999996
20950.0,26,762.0,13.607142857142858,4.086388359012638,26,762.0,0.1695717053451645,26,762.0,0.2699999999999996
20955.0,28,653.0,11.258620689655173,4.126917168042843,28,605.0,0.15884097638468844,28,605.0,1.5700000000000003
20960.0,26,697.0,12.228070175438596,4.912687166440784,26,697.0,0.2108325854735211,26,697.0,-0.9199999999999999
20965.0,30,682.0,11.758620689655173,4.35252379662301,30,682.0,0.17044715012157866,30,682.0,0.14999999999999947
20970.0,28,572.0,10.214285714285714,4.60117950331626,28,524.0,0.1859432385350206,28,524.0,1.58
20975.0,24,448.0,8.0,4.904060504101947,24,448.0,0.19618938018326376,24,448.0,0.7599999999999998
20980.0,21,337.0,5.711864406779661,4.754729824021218,21,337.0,0.17081631845938824,21,337.0,1.1100000000000003
20985.0,22,297.0,5.033898305084746,5.096895152692389,22,269.0,0.18484642912530352,22,269.0,0.6800000000000002
20990.0,24,312.0,5.2,5.029433881498281,24,312.0,0.18933092104462015,24,312.0,-0.43000000000000016
20995.0,25,346.0,5.864406779661017,5.0910720003806,25,346.0,0.17897731229828676,25,346.0,-0.33999999999999986
21000.0,26,322.0,5.4576271186440675,4.747995854817587,26,294.0,0.13946253133711042,26,294.0,0.52
21005.0,25,412.0,6.645161290322581,5.46067774739875,25,412.0,0.19932204732466063,25,412.0,-1.1800000000000002
21010.0,25,537.0,9.101694915254237,5.3929811019189335,25,537.0,0.19577398214816083,25,537.0,-1.25
21015.0,27,565.0,9.262295081967213,4.963440318753109,27,565.0,0.16198882252780658,27,565.0,-0.28000000000000025
21020.0,23,515.0,8.728813559322035,5.450460387631109,23,482.0,0.20370604374287016,23,482.0,0.8300000000000001
21025.0,23,446.0,7.433333333333334,5.440660394502582,23,446.0,0.2096996123648141,23,446.0,0.3600000000000003
21030.0,17,347.0,6.087719298245614,5.804736170903309,17,347.0,0.2391797224778815,17,347.0,0.9899999999999998
21035.0,18,258.0,4.607142857142857,5.897064017712974,18,225.0,0.23563854140320706,18,225.0,1.2200000000000002
21040.0,19,271.0,4.593220338983051,5.762235841275693,19,271.0,0.2106106283390675,19,271.0,-0.45999999999999996
21045.0,22,332.0,5.724137931034483,5.61138397207452,21,331.0,0.18649736104917936,21,331.0,-0.6000000000000001
21050.0,25,368.0,6.344827586206897,4.967464449774651,25,355.0,0.1373485586740842,25,355.0,-0.23999999999999977
21055.0,20,392.0,7.127272727272727,5.50524230884828,20,392.0,0.1914907802507622,20,392.0,-0.3700000000000001
21060.0,20,377.0,6.981481481481482,5.104361160618117,20,377.0,0.16530876519665466,20,377.0,0.1499999999999999
21065.0,26,494.0,8.821428571428571,5.132007874260943,26,419.0,0.17609218830576479,26,419.0,-0.4200000000000004
21070.0,29,636.0,12.0,4.546494604020284,29,636.0,0.15938500356709492,29,636.0,-2.17
21075.0,29,607.0,10.839285714285714,4.522448157708315,29,607.0,0.13983216494527897,29,607.0,0.29000000000000004
21080.0,24,545.0,9.909090909090908,5.205945928993431,24,487.0,0.19786734443175769,24,487.0,1.2000000000000002
21085.0,28,657.0,12.166666666666666,5.007458609456761,28,657.0,0.2134471363583248,28,657.0,-1.7000000000000002
21090.0,25,689.0,13.25,4.895549119698958,25,689.0,0.2004470339298789,25,689.0,-0.3199999999999994
21095.0,23,654.0,12.823529411764707,4.789267673219465,23,625.0,0.18665277052554732,23,625.0,0.6399999999999997
21100.0,21,610.0,11.296296296296296,5.125499494748372,21,610.0,0.20889385237843816,21,610.0,0.15000000000000036
21105.0,19,681.0,13.352941176470589,5.44938212562345,19,681.0,0.23535541977117796,19,681.0,-0.71
21110.0,21,586.0,10.851851851851851,5.121596426501197,21,586.0,0.20693113559043388,21,586.0,0.9499999999999993
21115.0,21,366.0,6.90566037735849,5.181666334897689,21,303.0,0.19498475718069652,21,303.0,2.8300000000000005
21120.0,17,288.0,5.538461538461538,5.485020401706401,17,288.0,0.20798755982202788,17,288.0,0.1499999999999999
21125.0,18,270.0,4.909090909090909,5.475951076525016,18,270.0,0.20589136998418126,18,270.0,0.17999999999999972
21130.0,18,232.0,4.296296296296297,5.61820722868279,18,199.0,0.21276133182113416,18,199.0,0.7100000000000002
21135.0,21,332.0,5.824561403508772,5.79753921409924,21,332.0,0.22043901102998031,21,332.0,-1.3299999999999998
21140.0,21,347.0,6.087719298245614,5.782001441224527,21,347.0,0.19629824650157376,21,347.0,-0.15000000000000036
21145.0,22,296.0,5.016949152542373,5.679425345452507,22,268.0,0.20340878859241257,22,268.0,0.79
21150.0,17,341.0,6.089285714285714,6.591669191606035,17,341.0,0.28039639303418323,17,341.0,-0.73
21155.0,18,337.0,6.3584905660377355,6.0343116350720445,18,337.0,0.23076188126500605,18,337.0,0.040000000000000036
21160.0,19,280.0,5.090909090909091,5.651936618087966,19,252.0,0.1900187686580314,19,252.0,0.8500000000000001
21165.0,15,274.0,5.269230769230769,6.418066477115915,15,274.0,0.26120350857619634,15,274.0,-0.2200000000000002
21170.0,16,260.0,4.90566037735849,5.46351362482464,16,260.0,0.1896661259976614,16,260.0,0.14000000000000012
21175.0,18,272.0,5.551020408163265,5.782709839196945,18,244.0,0.2277390089231932,18,244.0,0.16000000000000014
21180.0,18,362.0,7.387755102040816,6.058383593054995,18,362.0,0.23290790785076051,18,362.0,-1.1800000000000002
21185.0,20,416.0,7.849056603773585,5.674913695531624,20,416.0,0.19129010874778485,20,416.0,-0.54
21190.0,15,426.0,8.192307692307692,6.434468837632566,15,413.0,0.2427762093980963,15,413.0,0.03000000000000025
21195.0,16,493.0,9.48076923076923,6.450410158027612,16,493.0,0.25067352661320585,16,493.0,-0.7999999999999998
21200.0,16,528.0,10.56,6.488883374400308,16,528.0,0.25385516779741296,16,528.0,-0.35000000000000053
21205.0,21,607.0,11.901960784313726,6.1023286306328,21,594.0,0.21900222107294567,21,594.0,-0.6600000000000001
21210.0,19,702.0,14.936170212765957,6.501720946225796,19,702.0,0.25987710973817385,19,702.0,-1.0799999999999992
21215.0,16,746.0,16.217391304347824,6.4480506311084484,16,746.0,0.24217002884180566,16,746.0,-0.4400000000000004
21220.0,15,779.0,16.574468085106382,6.125570721821774,15,766.0,0.21359880283426355,15,766.0,-0.20000000000000018
21225.0,16,859.0,18.27659574468085,6.974963490817178,16,859.0,0.2665673998246559,16,859.0,-0.9299999999999997
21230.0,18,718.0,15.27659574468085,5.80087955952648,17,717.0,0.18926478689329518,17,717.0,1.42
21235.0,15,432.0,9.391304347826088,6.428132020294714,15,359.0,0.21508381567392545,15,359.0,3.58
21240.0,11,314.0,7.136363636363637,6.59536706078407,11,314.0,0.2456207807990145,11,314.0,0.44999999999999973
21245.0,11,317.0,6.891304347826087,6.090714672459986,11,317.0,0.23669676911989387,11,317.0,-0.029999999999999805
21250.0,15,378.0,8.590909090909092,6.523701373838107,15,365.0,0.2722111953208899,15,365.0,-0.48
21255.0,19,466.0,10.130434782608695,5.910454042994022,19,466.0,0.22513995802540068,19,466.0,-1.0100000000000002
21260.0,16,472.0,10.727272727272727,6.30305770053134,16,472.0,0.25786342311249605,16,472.0,-0.05999999999999961
21265.0,19,543.0,12.066666666666666,6.105236366618936,19,508.0,0.2526237246270285,19,508.0,-0.3600000000000003
21270.0,16,623.0,14.488372093023257,6.790734014559365,16,623.0,0.3006882889494228,16,623.0,-1.1500000000000004
21275.0,14,607.0,14.452380952380953,6.551444262121622,14,607.0,0.25743360358732037,14,607.0,0.16000000000000014
21280.0,12,516.0,11.466666666666667,6.568460594055242,12,487.0,0.25611611758964137,12,487.0,1.2000000000000002
21285.0,8,419.0,9.744186046511627,7.37633260958217,8,419.0,0.31810709061048315,8,419.0,0.6799999999999997
21290.0,9,421.0,9.355555555555556,6.505280012093641,9,421.0,0.24459855691827886,9,421.0,-0.019999999999999574
21295.0,14,481.0,10.931818181818182,6.726686614325145,14,468.0,0.25679346133124004,14,468.0,-0.46999999999999975
21300.0,17,561.0,13.046511627906977,6.6372630579171465,17,561.0,0.24852341262336222,17,561.0,-0.9300000000000006
21305.0,15,607.0,13.488888888888889,6.2619519327214235,15,607.0,0.22794176448224773,15,607.0,-0.45999999999999996
21310.0,15,682.0,15.86046511627907,6.559383145235,15,664.0,0.2570173313890622,15,664.0,-0.5699999999999994
21315.0,17,763.0,16.955555555555556,5.976344619452564,17,763.0,0.2338505696713448,17,763.0,-0.9900000000000002
21320.0,17,848.0,19.272727272727273,6.169964959224137,17,848.0,0.24440131582203228,17,848.0,-0.8500000000000005
21325.0,17,825.0,19.186046511627907,6.1437460213862805,17,825.0,0.24261523485833816,17,825.0,0.23000000000000043
21330.0,12,715.0,16.627906976744185,6.595232247637888,12,682.0,0.27111617137283084,12,682.0,1.4299999999999997
21335.0,8,623.0,14.833333333333334,7.317275040866862,8,623.0,0.33136432735913524,8,623.0,0.5899999999999999
21340.0,11,656.0,15.255813953488373,6.266774068527012,11,656.0,0.24720438672716147,11,656.0,-0.3299999999999992
21345.0,16,726.0,17.285714285714285,6.243729011155197,16,719.0,0.2340033676964384,16,719.0,-0.6300000000000008
21350.0,19,815.0,18.522727272727273,5.585887577335366,19,815.0,0.19839364768716378,19,815.0,-0.96
21355.0,17,322.0,7.318181818181818,6.11697272145075,17,322.0,0.23530929528785818,17,322.0,4.93
21360.0,15,297.0,7.071428571428571,6.248576530906348,15,46.0,0.23567103225323058,15,46.0,2.7600000000000002
21365.0,16,375.0,8.928571428571429,5.85447037896185,16,375.0,0.24060466655358462,16,375.0,-3.29
21370.0,15,368.0,9.2,5.76312135588076,15,368.0,0.24849649534142654,15,368.0,0.06999999999999984
21375.0,12,285.0,6.627906976744186,6.138774510198976,12,257.0,0.25396563097718927,12,257.0,1.1100000000000003
21380.0,9,250.0,5.813953488372093,7.397263638163151,9,250.0,0.32845951721941913,9,250.0,0.06999999999999984
21385.0,13,296.0,6.7272727272727275,7.194037582034745,13,296.0,0.3143878725840294,13,296.0,-0.45999999999999996
21390.0,11,349.0,8.512195121951219,7.867018062212985,11,349.0,0.36678676217406425,11,349.0,-0.5300000000000002
21395.0,11,349.0,8.512195121951219,7.342509346138785,10,348.0,0.315006039400111,10,348.0,0.010000000000000231
21400.0,16,414.0,9.627906976744185,5.962091218213718,16,414.0,0.20362996401857086,16,414.0,-0.6599999999999997
21405.0,13,467.0,11.390243902439025,6.593013605826943,13,439.0,0.24586304348048688,13,439.0,-0.25
21410.0,15,536.0,12.181818181818182,6.274578948390353,15,536.0,0.22160367080172616,15,536.0,-0.9700000000000006
21415.0,14,352.0,8.186046511627907,6.693861302079481,14,352.0,0.25100685848231746,14,352.0,1.8400000000000003
21420.0,9,192.0,4.682926829268292,6.899823490165649,9,96.0,0.25894590771414633,9,96.0,2.56
21425.0,10,227.0,5.27906976744186,7.228144945671128,10,227.0,0.3043674410807255,10,227.0,-1.31
21430.0,10,178.0,4.238095238095238,7.088292700130396,10,178.0,0.29802551528134824,10,178.0,0.49
21435.0,13,202.0,4.590909090909091,6.299401993225499,13,170.0,0.21922659912877146,13,170.0,0.08000000000000007
21440.0,12,261.0,6.365853658536586,7.309376529694698,12,261.0,0.3048385085459027,12,261.0,-0.9099999999999999
21445.0,15,279.0,6.804878048780488,6.1784536227268365,15,279.0,0.2428203747003531,15,279.0,-0.18000000000000016
21450.0,11,292.0,7.487179487179487,6.867985943287867,11,279.0,0.29691195448732555,11,279.0,0.0
21455.0,11,347.0,9.131578947368421,7.62751038043217,11,347.0,0.35175165710017214,11,347.0,-0.6800000000000002
21460.0,14,277.0,6.7560975609756095,5.941112662462219,14,277.0,0.21959578271928018,14,277.0,0.7000000000000002
21465.0,11,287.0,7.0,7.325004335881575,11,243.0,0.3121790043316501,11,243.0,0.33999999999999986
21470.0,13,343.0,8.166666666666666,6.719858049657396,13,343.0,0.26254553953686477,13,343.0,-1.0
21475.0,12,362.0,9.05,7.056024945853627,12,362.0,0.2802968422467632,12,362.0,-0.18999999999999995
21480.0,11,412.0,10.842105263157896,7.2276451804157205,11,399.0,0.2919219243980376,11,399.0,-0.3700000000000001
21485.0,13,475.0,11.585365853658537,6.9926219441998265,13,475.0,0.28382488586370835,13,475.0,-0.7599999999999998
21490.0,10,396.0,9.658536585365853,7.446934523784372,10,396.0,0.3124042197807829,10,396.0,0.79
21495.0,8,323.0,7.878048780487805,6.846327962978043,8,279.0,0.27610310514530095,8,279.0,1.17
21500.0,9,363.0,9.307692307692308,7.475623669639676,9,362.0,0.3335697460942333,9,362.0,-0.8300000000000001
21505.0,13,324.0,7.714285714285714,6.670480528823077,13,324.0,0.2756822190335983,13,324.0,0.3799999999999999
21510.0,11,364.0,9.1,7.226079454002286,11,336.0,0.30581466631932597,11,336.0,-0.11999999999999966
21515.0,11,419.0,11.026315789473685,7.705449168414049,11,419.0,0.35903897620088726,11,419.0,-0.8300000000000005
21520.0,12,432.0,10.8,6.129357209029376,12,432.0,0.2445773529241927,12,432.0,-0.1299999999999999
21525.0,9,429.0,11.594594594594595,7.199827793535891,9,415.0,0.3281176249232502,9,415.0,0.16999999999999993
21530.0,9,474.0,12.153846153846153,7.026248871469061,9,474.0,0.30685305848770833,9,474.0,-0.5899999999999999
21535.0,11,451.0,11.564102564102564,7.150672798148841,11,451.0,0.27614911305625667,11,451.0,0.23000000000000043
21540.0,10,496.0,13.052631578947368,7.424653187370981,10,461.0,0.28699916847879625,10,461.0,-0.10000000000000053
21545.0,12,553.0,14.179487179487179,7.066221284484099,12,553.0,0.27959502698211103,12,553.0,-0.9199999999999999
21550.0,9,186.0,4.894736842105263,7.6154451398985605,9,186.0,0.3081334304665631,9,186.0,3.67
21555.0,11,198.0,5.076923076923077,6.982748974893593,11,19.0,0.267186183248113,11,19.0,1.6700000000000002
21560.0,11,253.0,6.487179487179487,8.09707743057385,11,253.0,0.3572904700336778,11,253.0,-2.34
21565.0,12,180.0,4.5,6.952285061951564,12,180.0,0.26687733381940054,12,180.0,0.7299999999999998
21570.0,8,184.0,4.717948717948718,7.933789611850189,8,140.0,0.3534534492327766,8,140.0,0.40000000000000013
21575.0,8,224.0,5.894736842105263,8.486412006774412,8,224.0,0.4163565393695641,8,224.0,-0.8400000000000003
21580.0,9,133.0,3.325,6.82908213515949,9,133.0,0.28403674939094736,9,133.0,0.9100000000000001
21585.0,6,76.0,2.054054054054054,7.823460896658443,6,33.0,0.36853971263294394,6,33.0,1.0
21590.0,6,106.0,2.717948717948718,7.478945515045368,6,106.0,0.3318022061288442,6,106.0,-0.73
21595.0,10,135.0,3.6486486486486487,7.460357589476436,10,135.0,0.3136769046736103,10,135.0,-0.29000000000000004
21600.0,10,185.0,5.138888888888889,8.397562817567952,10,174.0,0.36794966610368385,10,174.0,-0.3899999999999999
21605.0,12,238.0,6.2631578947368425,7.0917267019430446,12,238.0,0.25528144074183073,12,238.0,-0.6399999999999999
21610.0,10,252.0,7.2,7.2937964722240975,10,252.0,0.284668450599665,10,252.0,-0.14000000000000012
21615.0,11,294.0,7.945945945945946,6.675077061696575,11,281.0,0.26299021560232044,11,281.0,-0.29000000000000004
21620.0,11,349.0,9.694444444444445,7.692382703563847,11,349.0,0.3539980929884224,11,349.0,-0.6800000000000002
21625.0,12,227.0,5.973684210526316,6.64452827839864,12,227.0,0.2772061881348219,12,227.0,1.2200000000000002
21630.0,7,192.0,5.333333333333333,7.86875022940062,7,126.0,0.35322550665950603,7,126.0,1.01
21635.0,7,227.0,6.485714285714286,8.686492226394014,7,227.0,0.4266842733167541,7,227.0,-1.01
21640.0,10,256.0,7.111111111111111,6.763925603204045,10,256.0,0.28762892558137565,10,256.0,-0.29000000000000004
21645.0,11,310.0,8.61111111111111,7.49433476407299,11,302.0,0.30454116146599564,11,302.0,-0.45999999999999996
21650.0,12,367.0,10.485714285714286,6.7232578617412075,12,367.0,0.2740284904802491,12,367.0,-0.6499999999999999
21655.0,10,379.0,10.82857142857143,6.886039666166747,10,379.0,0.29406501524503315,10,379.0,-0.1200000000000001
21660.0,9,421.0,12.028571428571428,7.321281390469856,9,408.0,0.32385996392958394,9,408.0,-0.29000000000000004
21665.0,11,473.0,12.447368421052632,7.200556994792831,11,473.0,0.3072662447228937,11,473.0,-0.6500000000000004
21670.0,8,267.0,7.416666666666667,7.515004334799548,8,267.0,0.3317458364391455,8,267.0,2.0600000000000005
21675.0,4,67.0,1.763157894736842,7.7734558092155694,4,-21.0,0.3400665708016469,4,-21.0,2.88
21680.0,4,66.0,1.8857142857142857,8.80362755605644,4,66.0,0.44119521446330234,4,66.0,-0.87
21685.0,9,46.0,1.2432432432432432,7.7139717575129945,9,46.0,0.3593392431325445,9,46.0,0.2
21690.0,11,94.0,2.611111111111111,7.704830209232792,11,53.0,0.32032598249405114,11,53.0,-0.07
21695.0,11,149.0,4.257142857142857,7.786182368638175,11,149.0,0.3325184383160052,11,149.0,-0.96
21700.0,10,160.0,4.2105263157894735,6.681400608917575,10,160.0,0.24276967059911192,10,160.0,-0.1100000000000001
21705.0,7,149.0,4.027027027027027,7.913730863021445,7,136.0,0.3484445377187113,7,136.0,0.24
21710.0,8,184.0,4.972972972972973,7.242998118463009,8,184.0,0.31262352968434576,8,184.0,-0.48
21715.0,9,154.0,4.4,7.207586192494198,9,154.0,0.30511552251353014,9,154.0,0.30000000000000004
21720.0,8,190.0,5.428571428571429,7.4531054694318515,8,157.0,0.3169829511524737,8,157.0,-0.030000000000000027
21725.0,10,238.0,6.4324324324324325,7.324890537557903,10,238.0,0.31889709985901665,10,238.0,-0.8099999999999998
21730.0,7,237.0,6.771428571428571,7.857172012065199,7,237.0,0.3475438849850513,7,237.0,0.009999999999999787
21735.0,8,261.0,7.054054054054054,7.278078377305765,8,248.0,0.29774928177313476,8,248.0,-0.10999999999999988
21740.0,8,301.0,8.135135135135135,8.474669824914903,8,301.0,0.3968226335277422,8,301.0,-0.5299999999999998
21745.0,8,131.0,3.638888888888889,7.814241517783275,8,131.0,0.35074375986566037,8,131.0,1.6999999999999997
21750.0,3,22.0,0.6111111111111112,8.580237113656096,3,-55.0,0.42199696151477006,3,-55.0,1.86
21755.0,3,37.0,1.0571428571428572,9.850088331159322,3,37.0,0.5439642093763618,3,37.0,-0.92
21760.0,8,61.0,1.605263157894737,7.737891987850886,8,61.0,0.33460933240388663,8,61.0,-0.24
21765.0,9,106.0,3.0285714285714285,8.352267696663256,9,106.0,0.3798118623310451,9,106.0,-0.45000000000000007
21770.0,9,151.0,4.081081081081081,7.247499492930259,9,151.0,0.25881253752491695,9,151.0,-0.44999999999999996
21775.0,9,123.0,3.324324324324324,7.749349362868364,9,123.0,0.30547399694575283,9,123.0,0.28
21780.0,8,158.0,4.514285714285714,8.287643799025979,8,122.0,0.372092284591104,8,122.0,0.010000000000000009
21785.0,10,204.0,6.0,7.1648362517846556,10,204.0,0.3094556264606027,10,204.0,-0.8200000000000001
21790.0,7,161.0,4.878787878787879,7.7493394848332215,7,161.0,0.3578357247933751,7,161.0,0.42999999999999994
21795.0,7,187.0,5.5,7.349372110915483,7,150.0,0.3048666548398074,7,150.0,0.1100000000000001
21800.0,8,227.0,6.676470588235294,8.472442811911055,8,227.0,0.3985218408403431,8,227.0,-0.77
21805.0,11,258.0,7.371428571428571,7.509157022191557,11,258.0,0.3373009687175268,11,258.0,-0.31000000000000005
21810.0,9,301.0,9.121212121212121,8.121595283823261,9,296.0,0.36829653958561404,9,296.0,-0.3799999999999999
21815.0,9,346.0,11.161290322580646,8.208990805705868,9,346.0,0.39009728055839804,9,346.0,-0.5
21820.0,8,212.0,6.235294117647059,6.8405946502959365,8,212.0,0.27508075387256153,8,212.0,1.3399999999999999
21825.0,5,45.0,1.3235294117647058,8.153768222919906,5,-13.0,0.3848755452908061,5,-13.0,2.25
21830.0,4,55.0,1.5714285714285714,8.044277965818345,4,55.0,0.38429426500409725,4,55.0,-0.68
21835.0,7,70.0,2.0588235294117645,7.445963478812517,7,70.0,0.3394726348909445,7,70.0,-0.1499999999999999
21840.0,9,114.0,3.4545454545454546,7.8498897208914675,9,104.0,0.35031390702310494,9,104.0,-0.3400000000000001
21845.0,11,165.0,4.583333333333333,7.122889413162541,11,165.0,0.2863994855752442,11,165.0,-0.6099999999999999
21850.0,8,126.0,3.7058823529411766,7.496831549834347,8,126.0,0.3176182223270963,8,126.0,0.3899999999999999
21855.0,8,158.0,4.514285714285714,7.287735740531057,8,120.0,0.31444133181362294,8,120.0,0.06000000000000005
21860.0,9,202.0,5.9411764705882355,8.210142860435454,9,202.0,0.3959728791305093,9,202.0,-0.8200000000000001
21865.0,12,203.0,5.8,7.3238661581504285,12,203.0,0.34186899267335674,12,203.0,-0.009999999999999787
21870.0,10,251.0,7.171428571428572,7.521364723108555,10,211.0,0.31707297777906124,10,211.0,-0.08000000000000007
21875.0,11,306.0,9.0,7.5681313562340735,11,306.0,0.3200436442132433,11,306.0,-0.9500000000000002
21880.0,11,228.0,6.514285714285714,6.362846269862991,11,228.0,0.243791768917235,11,228.0,0.7800000000000002
21885.0,7,89.0,2.5428571428571427,7.287324730671643,7,46.0,0.3132323718748666,7,46.0,1.8199999999999998
21890.0,7,110.0,3.0555555555555554,7.149622782578707,7,110.0,0.32176736652197596,7,110.0,-0.6400000000000001
21895.0,8,148.0,4.352941176470588,7.839394867607459,8,148.0,0.3654479744497678,8,148.0,-0.3799999999999999
21900.0,7,95.0,2.878787878787879,7.471728248598889,7,95.0,0.3269804885076715,7,95.0,0.53
21905.0,8,125.0,3.3783783783783785,7.373538790233185,8,86.0,0.3067108968628651,8,86.0,0.08999999999999997
21910.0,8,165.0,4.714285714285714,8.379982254355241,8,165.0,0.4025314337820644,8,165.0,-0.7899999999999999
21915.0,7,101.0,2.72972972972973,7.447958151428807,7,101.0,0.31347815194070283,7,101.0,0.6399999999999999
21920.0,6,114.0,3.081081081081081,8.843068066697496,6,74.0,0.40929642956815365,6,74.0,0.27
21925.0,9,144.0,3.789473684210526,8.125450466672435,9,144.0,0.3563656491720861,9,144.0,-0.7
21930.0,6,92.0,2.5555555555555554,8.37103402510457,6,92.0,0.386598596511567,6,92.0,0.5199999999999999
21935.0,4,90.0,2.5,9.342596964917055,4,62.0,0.44842354225271663,4,62.0,0.30000000000000004
21940.0,7,115.0,3.1944444444444446,8.133725965261913,7,115.0,0.3416234644493537,7,115.0,-0.5299999999999999
21945.0,7,130.0,3.611111111111111,8.604483545668403,6,129.0,0.38160573516095136,6,129.0,-0.14000000000000012
21950.0,7,160.0,4.444444444444445,7.891311151747483,7,148.0,0.27772316782358514,7,148.0,-0.18999999999999995
21955.0,8,198.0,5.6571428571428575,8.626706989767143,8,198.0,0.3437486524810085,8,198.0,-0.5
21960.0,6,212.0,6.235294117647059,8.428133478988833,6,212.0,0.34245565900895986,6,212.0,-0.14000000000000012
21965.0,8,248.0,6.888888888888889,8.11525375170451,8,235.0,0.32150604472552224,8,235.0,-0.22999999999999998
21970.0,8,288.0,8.470588235294118,8.833270509810886,8,288.0,0.3864514152843548,8,288.0,-0.5299999999999998
21975.0,7,187.0,5.666666666666667,7.464207352402042,7,187.0,0.3010443726388242,7,187.0,1.0099999999999998
21980.0,4,164.0,5.125,9.138962535674203,4,110.0,0.4434104907621334,4,110.0,0.77
21985.0,7,184.0,5.75,8.38563694473928,7,184.0,0.40870531574044255,7,184.0,-0.74
21990.0,6,55.0,1.8333333333333333,7.719084654277097,6,55.0,0.39695039289408196,6,55.0,1.29
21995.0,6,85.0,2.8333333333333335,8.847933417067866,6,-19.0,0.473921875977172,6,-19.0,0.74
22000.0,7,117.0,3.5454545454545454,7.786657417574161,7,117.0,0.3773954140609589,7,117.0,-1.3599999999999999
22005.0,6,69.0,2.090909090909091,8.415503676888827,6,69.0,0.41778153230433634,6,69.0,0.48
22010.0,5,91.0,2.757575757575758,7.85152781776858,5,54.0,0.36787301729495714,5,54.0,0.1499999999999999
22015.0,7,126.0,3.9375,8.134300748012675,7,126.0,0.40309734791402646,7,126.0,-0.72
22020.0,4,76.0,2.375,8.486164561535514,4,76.0,0.4371677173596888,4,76.0,0.5
22025.0,5,84.0,2.5454545454545454,7.923703477420671,5,56.0,0.3512589606415646,5,56.0,0.19999999999999996
22030.0,5,109.0,3.303030303030303,9.186618929294564,5,109.0,0.4685616889322717,5,109.0,-0.53
22035.0,6,26.0,0.7647058823529411,7.681531749326577,5,25.0,0.3398893768718485,5,25.0,0.8400000000000001
22040.0,4,29.0,0.8787878787878788,8.765596441890654,4,-15.0,0.3975781904572029,4,-15.0,0.4
22045.0,6,42.0,1.2352941176470589,8.754282052044683,6,42.0,0.40248373734499027,6,42.0,-0.57
22050.0,5,25.0,0.7352941176470589,8.596049639924892,5,25.0,0.3938572131915625,5,25.0,0.16999999999999998
22055.0,5,50.0,1.5625,8.862904695061493,5,28.0,0.40986484886154834,5,28.0,-0.030000000000000027
22060.0,8,81.0,2.3823529411764706,7.800715180272753,8,81.0,0.3220725745061983,8,81.0,-0.53
22065.0,7,115.0,3.59375,8.330355571489456,7,115.0,0.3950817231971253,7,115.0,-0.33999999999999986
22070.0,10,152.0,4.75,6.981329620053172,10,151.0,0.28984451235300884,10,151.0,-0.3600000000000001
22075.0,10,199.0,6.21875,7.546424040757408,10,198.0,0.3250155091178013,10,198.0,-0.47
22080.0,9,242.0,8.066666666666666,7.3901127734976075,9,242.0,0.3448318484121705,9,242.0,-0.43999999999999995
22085.0,11,296.0,8.969696969696969,7.167353579348434,11,294.0,0.32436203652563245,11,294.0,-0.52
22090.0,11,351.0,11.32258064516129,7.507271589305164,11,351.0,0.34459971181661475,11,351.0,-0.5699999999999998
22095.0,9,265.0,8.030303030303031,6.171505539335835,9,265.0,0.256106553576247,9,265.0,0.8599999999999999
22100.0,7,260.0,8.387096774193548,7.520783166986635,7,206.0,0.3730811085644115,7,206.0,0.5899999999999999
22105.0,9,295.0,8.93939393939394,8.378324893025853,9,295.0,0.42284407919845884,9,295.0,-0.8900000000000001
22110.0,7,149.0,4.65625,7.643726994873474,7,149.0,0.3532249834128003,7,149.0,1.4600000000000002
22115.0,4,21.0,0.6774193548387096,7.6411478245647375,4,-38.0,0.34690863779199616,4,-38.0,1.87
22120.0,6,41.0,1.2424242424242424,6.815984650114329,6,41.0,0.29486823945307483,6,41.0,-0.79
22125.0,7,42.0,1.3125,7.12634022343266,7,42.0,0.3295202579056866,7,42.0,-0.010000000000000009
22130.0,10,88.0,2.5142857142857142,6.108322185980626,10,75.0,0.26099877067899907,10,75.0,-0.33
22135.0,11,143.0,4.085714285714285,7.207152904149083,11,143.0,0.3341683641563085,11,143.0,-0.6799999999999999
22140.0,8,144.0,4.235294117647059,7.366883933871116,8,144.0,0.32202160673739344,8,144.0,-0.010000000000000009
22145.0,5,111.0,2.9210526315789473,7.578897409158598,5,97.0,0.32951898317074413,5,97.0,0.47
22150.0,6,139.0,3.6578947368421053,8.196546492700259,6,139.0,0.3877763792707114,6,139.0,-0.41999999999999993
22155.0,8,68.0,1.8888888888888888,6.840365725571972,8,68.0,0.2865134739421003,8,68.0,0.7099999999999999
22160.0,8,88.0,2.588235294117647,7.562145472847608,8,46.0,0.3485482022519265,8,46.0,0.22000000000000003
22165.0,10,122.0,3.2972972972972974,6.772447122397331,10,121.0,0.26806164659045467,10,121.0,-0.75
22170.0,9,125.0,3.3783783783783785,7.4976609163907115,9,125.0,0.3253682125093275,9,125.0,-0.040000000000000036
22175.0,7,140.0,3.7837837837837838,8.015626821659849,7,127.0,0.35989585420849757,7,127.0,-0.020000000000000018
22180.0,10,182.0,4.7894736842105265,7.3481593521019875,10,182.0,0.2991872343838064,10,182.0,-0.55
22185.0,8,146.0,3.945945945945946,7.917990720074588,8,146.0,0.35114519933167404,8,146.0,0.3600000000000001
22190.0,7,173.0,4.552631578947368,7.955194169052779,7,140.0,0.351391600130423,7,140.0,0.06000000000000005
22195.0,9,214.0,6.294117647058823,8.274184732034298,9,214.0,0.39670536168031917,9,214.0,-0.7400000000000002
22200.0,6,160.0,4.848484848484849,7.732082768969711,6,160.0,0.3459010871304567,6,160.0,0.54
22205.0,6,157.0,4.361111111111111,7.474896062752028,6,128.0,0.32149464249009313,6,128.0,0.32000000000000006
22210.0,6,187.0,5.194444444444445,8.799999786242896,6,187.0,0.4381343974110495,6,187.0,-0.5900000000000001
22215.0,6,217.0,5.564102564102564,8.094454550790843,6,217.0,0.3703164101243352,6,217.0,-0.2999999999999998
22220.0,8,255.0,7.083333333333333,8.509638382635288,8,255.0,0.3735818073800894,8,255.0,-0.3799999999999999
22225.0,9,194.0,5.388888888888889,7.57017569654781,9,194.0,0.3083326603104043,9,194.0,0.6099999999999999
22230.0,6,212.0,5.888888888888889,8.68667523360563,6,174.0,0.4042549086640676,6,174.0,0.19999999999999996
22235.0,6,242.0,7.117647058823529,9.114209220417111,6,242.0,0.4654500986520489,6,242.0,-0.6799999999999999
22240.0,7,95.0,2.638888888888889,7.516179097176034,7,95.0,0.3245380716526447,7,95.0,1.47
22245.0,7,130.0,3.611111111111111,8.708955703898196,7,13.0,0.4124231543517429,7,13.0,0.82
22250.0,7,165.0,4.714285714285714,7.6530279896886455,7,165.0,0.312239066797633,7,165.0,-1.52
22255.0,7,94.0,2.8484848484848486,7.737514896782882,7,94.0,0.3284786771240141,7,94.0,0.71
22260.0,5,97.0,3.03125,8.591164888563876,5,50.0,0.4116599606369078,5,50.0,0.43999999999999995
22265.0,7,128.0,3.878787878787879,8.068916958529535,7,128.0,0.3906134557838617,7,128.0,-0.78
22270.0,7,163.0,5.09375,8.382290823348887,7,163.0,0.3977556262390707,7,163.0,-0.34999999999999987
22275.0,11,208.0,6.117647058823529,6.986583770001419,11,208.0,0.25639884973505545,11,208.0,-0.4500000000000002
22280.0,11,263.0,7.735294117647059,7.902341146252906,11,263.0,0.3216184141022285,11,263.0,-0.5499999999999998
22285.0,11,177.0,5.205882352941177,6.879467611749399,11,177.0,0.2801028300011058,11,177.0,0.8599999999999999
22290.0,8,180.0,5.294117647058823,7.690360307652148,8,126.0,0.3443861979057433,8,126.0,0.51
22295.0,8,220.0,7.096774193548387,8.2388527573004,8,220.0,0.4064842515484781,8,220.0,-0.9400000000000002
22300.0,10,199.0,6.21875,6.005564590548269,10,199.0,0.2692557212941573,10,199.0,0.2100000000000002
22305.0,9,243.0,7.59375,7.235420361612244,9,218.0,0.35444473977032015,9,218.0,-0.19000000000000017
22310.0,11,291.0,8.558823529411764,6.209260630583334,11,291.0,0.2757562935790554,11,291.0,-0.73
22315.0,9,154.0,4.529411764705882,6.931676859156601,8,153.0,0.3139589005675115,8,153.0,1.3800000000000001
22320.0,6,80.0,2.5806451612903225,7.680453015387051,6,9.0,0.36803337197085645,6,9.0,1.44
22325.0,5,99.0,2.8285714285714287,7.580753713674904,5,99.0,0.34283622281656073,5,99.0,-0.9
22330.0,7,53.0,1.5588235294117647,7.390826623174175,7,53.0,0.3480516651814716,7,53.0,0.45999999999999996
22335.0,8,83.0,2.2432432432432434,6.490616364766957,8,55.0,0.26903263834596886,8,55.0,-0.020000000000000018
22340.0,9,128.0,3.657142857142857,7.444863627638703,9,128.0,0.35857534620834314,9,128.0,-0.73
22345.0,9,122.0,3.388888888888889,6.982154848335725,9,122.0,0.33541186598966777,9,122.0,0.06000000000000005
22350.0,6,108.0,3.0,7.626467623391509,6,94.0,0.3762727926840494,6,94.0,0.28
22355.0,6,138.0,3.942857142857143,8.305748617527104,6,138.0,0.4283704694430243,6,138.0,-0.43999999999999995
22360.0,10,117.0,3.0789473684210527,6.653910005882552,10,117.0,0.2716349390942393,10,117.0,0.20999999999999996
22365.0,10,167.0,4.394736842105263,7.768615347526297,10,110.0,0.3456008582596376,10,110.0,0.06999999999999984
22370.0,12,219.0,5.341463414634147,6.703207599032033,12,219.0,0.25648531612219266,12,219.0,-1.0899999999999999
22375.0,10,205.0,5.125,7.226364773557188,10,205.0,0.2862322372725877,10,205.0,0.14000000000000012
22380.0,9,244.0,6.777777777777778,7.726293831299824,9,216.0,0.3324748694018724,9,216.0,-0.11000000000000032
22385.0,11,294.0,7.945945945945946,7.20086589757273,11,294.0,0.3050140176342567,11,294.0,-0.7799999999999998
22390.0,8,184.0,5.111111111111111,7.650378971213535,8,184.0,0.3355112856041612,8,184.0,1.0999999999999999
22395.0,8,152.0,4.222222222222222,6.974233368759828,8,93.0,0.30827863550183915,8,93.0,0.91
22400.0,7,187.0,5.194444444444445,8.577279211076323,7,187.0,0.4210336370796558,7,187.0,-0.9400000000000001
22405.0,10,87.0,2.3513513513513513,7.302637662883856,10,87.0,0.32504172810097676,10,87.0,1.0
22410.0,6,39.0,1.1142857142857143,7.648345986229205,6,-4.0,0.3397113581776586,6,-4.0,0.91
22415.0,5,63.0,1.8529411764705883,8.475559119790868,5,63.0,0.4191878725434166,5,63.0,-0.67
22420.0,8,51.0,1.457142857142857,6.567577928699174,8,51.0,0.27791359588521386,8,51.0,0.12
22425.0,9,94.0,2.6857142857142855,7.651152844151198,9,81.0,0.3585086334752039,9,81.0,-0.30000000000000004
22430.0,11,141.0,3.810810810810811,6.799988550037963,11,141.0,0.30131275141092223,11,141.0,-0.5999999999999999
22435.0,8,111.0,3.0833333333333335,7.3230896357082305,8,111.0,0.334564303794983,8,111.0,0.2999999999999998
22440.0,7,140.0,4.242424242424242,7.7816990057172175,7,104.0,0.3873752229798955,7,104.0,0.07000000000000006
22445.0,9,181.0,4.891891891891892,7.400411902820504,9,181.0,0.3270022331857489,9,181.0,-0.77
22450.0,9,198.0,5.351351351351352,8.087539846807232,8,197.0,0.3889267559239431,8,197.0,-0.15999999999999992
22455.0,8,237.0,5.925,7.66734650887584,8,213.0,0.2957621236002143,8,213.0,-0.15999999999999992
22460.0,11,290.0,7.837837837837838,8.1384505034729,11,290.0,0.32408979996181814,11,290.0,-0.77
22465.0,12,202.0,5.45945945945946,6.8481491221666815,12,202.0,0.2565167445035886,12,202.0,0.8799999999999999
22470.0,6,68.0,1.837837837837838,8.137707473900335,6,24.0,0.35817122174066934,6,24.0,1.78
22475.0,5,87.0,2.5588235294117645,8.516147691885559,5,87.0,0.41879059227471904,5,87.0,-0.63
22480.0,8,51.0,1.457142857142857,6.535275176333716,8,51.0,0.28387159898869824,8,51.0,0.36
22485.0,9,92.0,2.6285714285714286,7.700006562125278,9,61.0,0.3574267314646292,9,61.0,-0.09999999999999998
22490.0,10,138.0,3.942857142857143,6.734139641046202,10,138.0,0.2752668236398729,10,138.0,-0.7699999999999999
22495.0,8,108.0,3.176470588235294,7.376578331656453,8,108.0,0.32298207149303926,8,108.0,0.2999999999999998
22500.0,7,138.0,4.3125,7.950559738416777,7,105.0,0.36751733485926574,7,105.0,0.030000000000000027
22505.0,9,180.0,5.142857142857143,7.454515649716555,9,180.0,0.34068436906454885,9,180.0,-0.75
22510.0,6,129.0,3.6857142857142855,8.1360702094622,6,129.0,0.3926845385409331,6,129.0,0.51
22515.0,3,51.0,1.3421052631578947,7.935257915269477,3,23.0,0.3672100048889924,3,23.0,1.06
22520.0,4,69.0,1.9166666666666667,9.031862351131945,4,69.0,0.47438164108131514,4,69.0,-0.45999999999999996
22525.0,10,88.0,2.2564102564102564,7.941503861763277,9,87.0,0.3791078808733215,9,87.0,-0.18000000000000005
22530.0,8,123.0,3.324324324324324,8.278647872594268,8,120.0,0.3601858198973755,8,120.0,-0.32999999999999996
22535.0,8,163.0,4.6571428571428575,8.436434802558452,8,163.0,0.3976415738748993,8,163.0,-0.42999999999999994
22540.0,9,160.0,4.444444444444445,7.1128684771559705,9,160.0,0.31330377214071103,9,160.0,0.029999999999999805
22545.0,7,175.0,5.303030303030303,7.914055055890968,7,162.0,0.38352832189343233,7,162.0,-0.020000000000000018
22550.0,8,211.0,5.861111111111111,7.346769510457692,8,211.0,0.3404797093497009,8,211.0,-0.48999999999999977
22555.0,9,255.0,7.083333333333333,7.718858368380356,9,255.0,0.3521072964937994,9,255.0,-0.43999999999999995
22560.0,9,300.0,8.823529411764707,8.398864012163138,9,300.0,0.35201957174780407,9,300.0,-0.4500000000000002
22565.0,8,199.0,6.03030303030303,6.894844259937701,8,199.0,0.2794075705722367,8,199.0,1.01
22570.0,5,177.0,5.363636363636363,8.337200743326388,5,119.0,0.4071042696428172,5,119.0,0.8
22575.0,5,202.0,5.9411764705882355,8.375225187553355,5,202.0,0.41120713974231626,5,202.0,-0.8300000000000001
22580.0,6,153.0,4.5,8.187838170363143,6,153.0,0.3865215020241858,6,153.0,0.49
22585.0,7,177.0,5.057142857142857,7.880426271933184,7,144.0,0.36083052638474594,7,144.0,0.09000000000000008
22590.0,7,210.0,6.176470588235294,8.421213064349615,7,210.0,0.4153396837123581,7,210.0,-0.6600000000000001
22595.0,4,200.0,5.882352941176471,9.228885096289288,4,200.0,0.4706267969053824,4,200.0,0.10000000000000009
22600.0,6,224.0,6.4,8.042885984627652,6,211.0,0.36039192454156693,6,211.0,-0.10999999999999988
22605.0,7,258.0,8.0625,8.557996439833374,7,258.0,0.4129315737659143,7,258.0,-0.4700000000000002
22610.0,5,79.0,2.257142857142857,7.174665885121503,5,79.0,0.28987882666684817,5,79.0,1.79
22615.0,7,113.0,3.4242424242424243,8.097940557709448,7,-14.0,0.3699706204529899,7,-14.0,0.93
22620.0,7,148.0,4.625,8.337964784546962,7,148.0,0.3999210540415967,7,148.0,-1.62
22625.0,6,76.0,2.1714285714285713,7.414459184299117,6,76.0,0.3193204057574527,6,76.0,0.72
22630.0,5,81.0,2.3142857142857145,8.484646904044927,5,37.0,0.4106071482880461,5,37.0,0.39
22635.0,7,110.0,2.972972972972973,7.725839847952976,7,110.0,0.35218713080748254,7,110.0,-0.7300000000000001
22640.0,5,61.0,1.7428571428571429,8.388125330834642,5,61.0,0.4061552054045462,5,61.0,0.4900000000000001
22645.0,6,74.0,2.0,8.35344546070958,6,40.0,0.3891671065249924,6,40.0,0.20999999999999996
22650.0,6,102.0,2.914285714285714,8.81642064363259,6,102.0,0.42845564898768235,6,102.0,-0.62
22655.0,4,40.0,1.25,8.676434750806687,4,40.0,0.4221703471102361,4,40.0,0.62
22660.0,7,51.0,1.6451612903225807,7.22223862726871,7,12.0,0.33320742664009895,7,12.0,0.28
22665.0,6,81.0,2.6129032258064515,8.752630952322223,6,81.0,0.4458932222225379,6,81.0,-0.6900000000000001
22670.0,6,100.0,3.125,7.025244451793734,6,100.0,0.31195635413634326,6,100.0,-0.18999999999999995
22675.0,8,139.0,4.34375,7.94462153019473,8,133.0,0.34631107868172634,8,133.0,-0.33000000000000007
22680.0,8,179.0,5.59375,8.358651424180332,8,179.0,0.37854050184585547,8,179.0,-0.45999999999999996
22685.0,11,225.0,6.428571428571429,7.130278497370839,11,225.0,0.26591377991284026,11,225.0,-0.45999999999999996
22690.0,8,190.0,5.9375,7.917754012875251,8,190.0,0.35557857755589306,8,190.0,0.3500000000000001
22695.0,8,218.0,6.411764705882353,7.323167108251637,8,184.0,0.3396757893670639,8,184.0,0.05999999999999983
22700.0,9,263.0,7.735294117647059,8.257008199027954,9,263.0,0.40695911677120084,9,263.0,-0.7899999999999998
22705.0,8,133.0,3.6944444444444446,7.370982296941768,8,133.0,0.32743691599238905,8,133.0,1.2999999999999998
22710.0,5,89.0,2.696969696969697,7.862020338317591,5,26.0,0.3798421377032063,5,26.0,1.07
22715.0,5,114.0,3.8,8.91821740867257,5,114.0,0.47211988274806027,5,114.0,-0.8799999999999999
22720.0,7,36.0,1.1612903225806452,6.577319604566448,7,36.0,0.29650378969556795,7,36.0,0.7799999999999999
22725.0,6,50.0,1.6129032258064515,8.302663319561544,6,6.0,0.40581078987500246,6,6.0,0.3
22730.0,7,81.0,2.4545454545454546,7.140349383477177,7,81.0,0.320156107023889,7,81.0,-0.75
22735.0,8,108.0,3.272727272727273,7.726516478225482,8,108.0,0.3699716295211328,8,108.0,-0.27
22740.0,8,148.0,4.484848484848484,8.515662343248618,8,137.0,0.39193112103202754,8,137.0,-0.29000000000000004
22745.0,10,192.0,5.1891891891891895,7.571999571166972,10,192.0,0.2990810616686644,10,192.0,-0.5499999999999998
22750.0,11,245.0,6.621621621621622,7.902172616017129,11,245.0,0.3167362628500963,11,245.0,-0.5300000000000002
22755.0,11,196.0,5.157894736842105,6.858425779242138,11,196.0,0.25001175628041994,11,196.0,0.4900000000000002
22760.0,9,226.0,6.457142857142857,7.888343424389896,9,183.0,0.36473486589176457,9,183.0,0.1299999999999999
22765.0,13,272.0,7.771428571428571,6.907914981491146,13,272.0,0.32083574850561364,13,272.0,-0.8900000000000001
22770.0,9,251.0,7.382352941176471,7.301166497984485,9,251.0,0.3423152262059861,9,251.0,0.2100000000000004
22775.0,8,286.0,8.411764705882353,7.87169365783289,8,253.0,0.36762739958366764,8,253.0,-0.020000000000000018
22780.0,10,331.0,10.030303030303031,6.901834574214235,10,331.0,0.3127664816925363,10,331.0,-0.7800000000000002
22785.0,9,185.0,5.78125,7.08133012102934,8,184.0,0.3242288294765742,8,184.0,1.47
22790.0,7,48.0,1.4545454545454546,6.521603672599063,7,-15.0,0.27008541022653265,7,-15.0,1.99
22795.0,5,63.0,1.9090909090909092,7.749878559358863,5,63.0,0.3533290125517872,5,63.0,-0.78
22800.0,8,88.0,2.6666666666666665,7.113952947983594,8,88.0,0.3085228776753157,8,88.0,-0.25
22805.0,12,143.0,3.864864864864865,6.743228225718083,12,138.0,0.2703797996213799,12,138.0,-0.4999999999999999
22810.0,12,203.0,5.638888888888889,7.428989785497019,12,203.0,0.32102498019017583,12,203.0,-0.6499999999999999
22815.0,13,266.0,6.82051282051282,6.986185152468748,13,266.0,0.2795824230413175,13,266.0,-0.6300000000000003
22820.0,12,218.0,5.891891891891892,7.356391225307744,12,218.0,0.3055603100159878,12,218.0,0.48
22825.0,13,245.0,6.621621621621622,6.7166635433682735,13,198.0,0.2917017784110264,13,198.0,0.20000000000000018
22830.0,12,302.0,8.628571428571428,7.214479257636302,12,302.0,0.3331614257189829,12,302.0,-1.04
22835.0,10,251.0,7.606060606060606,7.080191246507397,10,251.0,0.3329454190142521,10,251.0,0.5100000000000002
22840.0,8,124.0,3.4444444444444446,6.706134508501526,8,90.0,0.2880761794523832,8,90.0,1.6099999999999999
22845.0,7,138.0,4.0588235294117645,7.792159609357365,7,138.0,0.37741460242561015,7,138.0,-0.47999999999999987
22850.0,7,114.0,3.1666666666666665,6.109855244987093,7,114.0,0.24300059992390102,7,114.0,0.24
22855.0,11,166.0,4.882352941176471,6.8035270179377605,11,139.0,0.31019332324815574,11,139.0,-0.25
22860.0,11,221.0,6.5,7.162096386649844,11,221.0,0.33902007852327126,11,221.0,-0.8200000000000001
22865.0,11,232.0,6.105263157894737,6.4409126614536065,10,231.0,0.2614697490612876,10,231.0,-0.10000000000000009
22870.0,8,220.0,5.7894736842105265,7.242455919062162,8,207.0,0.2995716693734648,8,207.0,0.2400000000000002
22875.0,8,250.0,6.097560975609756,6.954725698459447,8,250.0,0.28361837313089483,8,250.0,-0.43000000000000016
22880.0,9,183.0,4.6923076923076925,7.208810627662081,9,183.0,0.3239547777183964,9,183.0,0.6699999999999999
22885.0,12,198.0,4.714285714285714,6.480608394353259,12,155.0,0.2515495313148513,12,155.0,0.28
22890.0,10,247.0,5.880952380952381,7.4667613468303795,10,247.0,0.32941706724180725,10,247.0,-0.9200000000000002
22895.0,10,131.0,3.4473684210526314,7.151370718568501,10,131.0,0.3263189344807853,10,131.0,1.1600000000000001
22900.0,14,191.0,4.658536585365853,6.210478489340858,14,82.0,0.2378310791027224,14,82.0,0.4900000000000001
22905.0,13,255.0,6.7105263157894735,6.829378745385535,13,255.0,0.2999134089722678,13,255.0,-1.73
22910.0,13,224.0,5.6,5.59367732597423,13,224.0,0.2029620467065515,13,224.0,0.3099999999999996
22915.0,8,162.0,4.05,7.015527322124027,8,133.0,0.3129329715585853,8,133.0,0.9100000000000001
22920.0,8,202.0,5.611111111111111,7.5973887635728055,8,202.0,0.3610241575244589,8,202.0,-0.69
22925.0,9,159.0,4.184210526315789,6.591653964275705,9,159.0,0.27146545440493436,9,159.0,0.42999999999999994
22930.0,9,184.0,4.842105263157895,7.330428469011174,9,156.0,0.3083494580309668,9,156.0,0.030000000000000027
22935.0,11,233.0,5.9743589743589745,6.759055413951064,11,233.0,0.2748390264464165,11,233.0,-0.77
22940.0,10,133.0,3.5,7.164999329374953,10,133.0,0.31995013620296114,10,133.0,1.0
22945.0,10,115.0,2.8048780487804876,6.961069533040052,10,54.0,0.30139071751790303,10,54.0,0.79
22950.0,9,157.0,3.925,8.072129410937102,9,157.0,0.3754772892079175,9,157.0,-1.03
22955.0,8,161.0,4.2368421052631575,8.091938139137277,8,161.0,0.3796604569040193,8,161.0,-0.040000000000000036
22960.0,10,206.0,5.282051282051282,7.150043978162869,10,192.0,0.26791147857103814,10,192.0,-0.30999999999999983
22965.0,11,261.0,7.054054054054054,7.969541824921287,11,261.0,0.3422312309750694,11,261.0,-0.69
22970.0,8,175.0,4.605263157894737,6.926977565133575,8,175.0,0.2560695544696133,8,175.0,0.8599999999999999
22975.0,6,85.0,2.236842105263158,8.109840603348614,6,42.0,0.3366866404121663,6,42.0,1.33
22980.0,6,115.0,3.1944444444444446,8.408797640300074,6,115.0,0.37475631383216784,6,115.0,-0.73
22985.0,8,68.0,1.837837837837838,7.12255289376685,8,68.0,0.27389640837733786,8,68.0,0.46999999999999986
22990.0,7,85.0,2.2972972972972974,8.537598934586839,7,57.0,0.37174183518816806,7,57.0,0.1100000000000001
22995.0,7,120.0,3.2432432432432434,8.119564660656486,7,120.0,0.34375451675548363,7,120.0,-0.63
23000.0,7,116.0,3.3142857142857145,8.174465026624858,7,116.0,0.3605961308273994,7,116.0,0.040000000000000036
23005.0,10,151.0,3.973684210526316,7.610926307272354,10,127.0,0.2991886360792762,10,127.0,-0.1100000000000001
23010.0,9,195.0,5.416666666666667,8.403132454085842,9,195.0,0.3778308931001927,9,195.0,-0.6799999999999999
23015.0,6,144.0,4.235294117647059,8.496314728496532,6,144.0,0.3990866583548894,6,144.0,0.51
23020.0,5,102.0,2.914285714285714,7.649857279527133,5,74.0,0.3338691234725064,5,74.0,0.7
23025.0,6,131.0,3.742857142857143,8.901347642176056,6,131.0,0.4490714855836605,6,131.0,-0.5700000000000001
23030.0,6,161.0,4.351351351351352,8.154894441119447,6,161.0,0.3787669117490913,6,161.0,-0.30000000000000004
23035.0,4,115.0,3.3823529411764706,8.207745096902137,4,115.0,0.3968722377566004,4,115.0,0.4600000000000002
23040.0,4,130.0,3.823529411764706,9.328518473218258,4,97.0,0.49599781027137196,4,97.0,0.17999999999999994
23045.0,6,153.0,4.25,8.272969029042532,6,153.0,0.3779868968684273,6,153.0,-0.56
23050.0,4,60.0,1.7142857142857142,9.017284133489133,4,60.0,0.4634453813043022,4,60.0,0.93
23055.0,7,84.0,2.4705882352941178,7.962242103700618,7,-3.0,0.3400772352677472,7,-3.0,0.63
23060.0,7,119.0,3.5,8.676926786818578,7,119.0,0.4046608722368255,7,119.0,-1.22
23065.0,7,56.0,1.6,7.8455916370645244,7,56.0,0.3389846842895916,7,56.0,0.6299999999999999
23070.0,5,66.0,1.8857142857142857,8.681882201665287,5,24.0,0.3966287757362051,5,24.0,0.32000000000000006
23075.0,5,91.0,2.6,9.359777996290898,5,91.0,0.46562029609041056,5,91.0,-0.67
23080.0,5,46.0,1.2777777777777777,8.061044624107645,5,46.0,0.3626655406083692,5,46.0,0.45
23085.0,5,66.0,2.0,8.90994184567251,5,34.0,0.4188485830176339,5,34.0,0.12
23090.0,5,91.0,2.935483870967742,8.716793758840117,5,91.0,0.41572244913260664,5,91.0,-0.5700000000000001
23095.0,4,33.0,1.1,8.714739688099542,4,33.0,0.41453326647660577,4,33.0,0.5800000000000001
23100.0,3,47.0,1.6206896551724137,9.429465795188205,3,11.0,0.45397192232319494,3,11.0,0.22000000000000003
23105.0,5,68.0,2.2666666666666666,8.373979257863843,5,68.0,0.39484415531794936,5,68.0,-0.5700000000000001
23110.0,4,61.0,2.033333333333333,9.398525035869541,4,61.0,0.4988899406834347,4,61.0,0.07000000000000006
23115.0,6,82.0,2.5625,8.166182646677843,6,55.0,0.34360424892063784,6,55.0,0.05999999999999994
23120.0,7,116.0,3.7419354838709675,8.972004256086162,7,116.0,0.41866669758592473,7,116.0,-0.6099999999999999
23125.0,7,52.0,1.5294117647058822,7.749680817821174,7,52.0,0.33126562571218854,7,52.0,0.6399999999999999
23130.0,5,66.0,1.9411764705882353,8.671182325030928,5,29.0,0.42502065260356775,5,29.0,0.23000000000000004
23135.0,5,91.0,2.935483870967742,9.718134076588715,5,91.0,0.5350530932339989,5,91.0,-0.6200000000000001
23140.0,3,75.0,2.34375,8.158574560462664,3,75.0,0.3985342299027059,3,75.0,0.16000000000000003
23145.0,6,102.0,3.2903225806451615,8.85626513701717,6,81.0,0.43337937858966447,6,81.0,-0.06000000000000005
23150.0,7,133.0,4.586206896551724,7.860440950398349,7,133.0,0.36579846120475257,7,133.0,-0.52
23155.0,5,53.0,1.8275862068965518,7.935688374059695,5,53.0,0.37705152848857204,5,53.0,0.8
23160.0,4,52.0,1.9259259259259258,8.499692221262054,4,5.0,0.42103757315669094,4,5.0,0.48000000000000004
23165.0,6,78.0,2.6,7.6476868456983285,6,78.0,0.3702189667849073,6,78.0,-0.73
23170.0,6,82.0,2.7333333333333334,8.400609816406332,6,82.0,0.41813267038784285,6,82.0,-0.039999999999999925
23175.0,8,114.0,3.4545454545454546,7.80303322793516,8,90.0,0.33887888298648267,8,90.0,-0.08000000000000007
23180.0,9,156.0,4.7272727272727275,8.418079069392522,9,156.0,0.3676924881061222,9,156.0,-0.66
23185.0,9,100.0,2.857142857142857,7.7948482736763856,9,100.0,0.32730711631920945,9,100.0,0.56
23190.0,7,122.0,3.696969696969697,8.294690629963245,7,84.0,0.3918801517641579,7,84.0,0.16000000000000003
23195.0,7,157.0,5.413793103448276,8.298510932569743,7,157.0,0.4339837514948159,7,157.0,-0.7300000000000001
23200.0,7,90.0,2.903225806451613,6.684010837212451,7,90.0,0.32509540404780735,7,90.0,0.67
23205.0,6,102.0,3.2903225806451615,7.798419703504446,6,62.0,0.3935412114810231,6,62.0,0.28
23210.0,7,133.0,4.03030303030303,7.48394029956538,7,133.0,0.37739593771617297,7,133.0,-0.7100000000000001
23215.0,6,58.0,1.7575757575757576,7.690398468891162,6,58.0,0.37110085895900147,6,58.0,0.7500000000000001
23220.0,5,60.0,2.0,8.046752476571294,5,17.0,0.3849563158181263,5,17.0,0.4099999999999999
23225.0,6,84.0,2.5454545454545454,7.445495772477076,6,84.0,0.34599325351767984,6,84.0,-0.6699999999999999
23230.0,6,114.0,3.4545454545454546,8.376784387523378,6,114.0,0.4441805232299863,6,114.0,-0.29999999999999993
23235.0,8,111.0,3.1714285714285713,6.795526563834099,8,111.0,0.3199306173260986,8,111.0,0.029999999999999805
23240.0,8,151.0,4.314285714285714,7.91075284014984,8,119.0,0.3897247473587218,8,119.0,-0.07999999999999985
23245.0,12,192.0,5.052631578947368,7.270212627885823,12,192.0,0.32668468059043687,12,192.0,-0.73
23250.0,7,158.0,4.157894736842105,7.64152601652939,7,158.0,0.34659836528005605,7,158.0,0.33999999999999986
23255.0,7,190.0,5.428571428571429,7.941300116984738,7,157.0,0.38487806068536623,7,157.0,0.010000000000000009
23260.0,9,232.0,6.444444444444445,7.339226746586943,9,232.0,0.3553167006439198,9,232.0,-0.7499999999999998
23265.0,7,117.0,3.4411764705882355,7.614327592851439,7,117.0,0.3625631305303752,7,117.0,1.15
23270.0,6,77.0,2.264705882352941,7.044607606658421,6,15.0,0.3097797698079261,6,15.0,1.02
23275.0,6,106.0,3.212121212121212,8.346437287471712,6,106.0,0.4167394845118741,6,106.0,-0.91
23280.0,5,42.0,1.2727272727272727,7.749504871224216,5,42.0,0.35668955513209943,5,42.0,0.6400000000000001
23285.0,6,58.0,1.5675675675675675,7.664496020885521,6,17.0,0.34231805897550277,6,17.0,0.24999999999999997
23290.0,6,88.0,2.5142857142857142,8.79870831228575,6,88.0,0.4584825308991025,6,88.0,-0.71
23295.0,6,83.0,2.3714285714285714,7.645411136741536,6,83.0,0.3247817769836015,6,83.0,0.050000000000000044
23300.0,6,113.0,3.323529411764706,8.80122757473724,6,94.0,0.42512155766722926,6,94.0,-0.10999999999999999
23305.0,8,143.0,3.9722222222222223,8.606838673170456,8,143.0,0.4063692916189673,8,143.0,-0.49
23310.0,7,162.0,4.628571428571429,8.217231017197975,7,162.0,0.387381151464771,7,162.0,-0.19000000000000017
23315.0,6,191.0,5.617647058823529,8.599076505050023,6,180.0,0.41396157243067133,6,180.0,-0.17999999999999994
23320.0,9,229.0,6.735294117647059,7.386633239499386,9,229.0,0.3220670142358391,9,229.0,-0.49
23325.0,8,267.0,7.852941176470588,8.065693001592948,8,267.0,0.38834734072810767,8,267.0,-0.3799999999999999
23330.0,8,307.0,8.297297297297296,7.112821409500624,8,305.0,0.2939318549052442,8,305.0,-0.3799999999999999
23335.0,10,357.0,10.818181818181818,7.353321877524528,10,357.0,0.3245305700116982,10,357.0,-0.52
23340.0,9,397.0,12.40625,7.786273539167683,9,397.0,0.36634346051288585,9,397.0,-0.40000000000000036
23345.0,11,447.0,12.416666666666666,6.973392194472034,11,442.0,0.28580299536975384,11,442.0,-0.44999999999999973
23350.0,11,502.0,14.764705882352942,7.656954081123367,11,502.0,0.3305271984994817,11,502.0,-0.5999999999999996
23355.0,10,331.0,10.030303030303031,6.5743020656780535,10,331.0,0.2712217385575269,10,331.0,1.7099999999999995
23360.0,6,171.0,5.516129032258065,7.828350007567532,6,98.0,0.36413185502149714,6,98.0,2.33
23365.0,8,189.0,5.5588235294117645,7.658810873653495,8,189.0,0.35836266184033927,8,189.0,-0.9099999999999999
23370.0,7,221.0,6.696969696969697,8.269061822604119,7,221.0,0.4076341611561743,7,221.0,-0.32000000000000006
23375.0,8,93.0,3.0,8.01325134285558,8,93.0,0.3819500393798537,8,93.0,1.2799999999999998
23380.0,11,135.0,4.21875,6.0729532920390685,11,135.0,0.2500901102555668,11,135.0,-0.42000000000000004
23385.0,10,184.0,5.75,7.489960753600019,10,77.0,0.3396819349234465,10,77.0,0.5800000000000001
23390.0,9,189.0,5.4,6.5501449520347865,9,188.0,0.26926808479149034,9,188.0,-1.1099999999999999
23395.0,9,234.0,6.882352941176471,7.404334082075682,9,221.0,0.3345210697211022,9,221.0,-0.33000000000000007
23400.0,9,279.0,8.205882352941176,7.99753758863608,9,279.0,0.37083926595988537,9,279.0,-0.5800000000000001
23405.0,8,216.0,5.837837837837838,7.300370301742383,8,216.0,0.3053636949794421,8,216.0,0.6299999999999999
23410.0,6,227.0,6.305555555555555,8.282549597964566,6,184.0,0.3965503122768398,6,184.0,0.32000000000000006
23415.0,7,259.0,7.0,7.737762925455659,7,259.0,0.35566938220687794,7,259.0,-0.7499999999999998
23420.0,6,105.0,3.0,7.882282399846135,6,105.0,0.3772930412458314,6,105.0,1.5399999999999998
23425.0,5,16.0,0.43243243243243246,8.163222793465321,5,-55.0,0.4035818574799309,5,-55.0,1.6
23430.0,4,29.0,0.8055555555555556,9.039902468622213,4,29.0,0.45629541799830353,4,29.0,-0.8400000000000001
23435.0,7,55.0,1.5714285714285714,8.74214578552394,7,55.0,0.40854265107425586,7,55.0,-0.26000000000000006
23440.0,10,97.0,2.5526315789473686,7.502477134821908,10,97.0,0.2777976058203286,10,97.0,-0.41999999999999993
23445.0,10,147.0,3.8684210526315788,8.119525546447884,10,147.0,0.3293556318842763,10,147.0,-0.5
23450.0,10,132.0,3.7714285714285714,6.893968305540072,10,132.0,0.24257067775913446,10,132.0,0.1499999999999999
23455.0,9,175.0,5.303030303030303,7.449302010118336,9,147.0,0.32366771339490985,9,147.0,-0.1499999999999999
23460.0,9,220.0,6.666666666666667,7.531684808697034,9,220.0,0.3404720174057207,9,220.0,-0.7300000000000002
23465.0,8,163.0,4.405405405405405,7.078391515747066,8,163.0,0.2873426873592476,8,163.0,0.5700000000000003
23470.0,6,172.0,5.0588235294117645,8.160985272396063,6,129.0,0.3753663832752395,6,129.0,0.33999999999999986
23475.0,8,207.0,5.75,7.572471730898513,8,207.0,0.35200747537228366,8,207.0,-0.7799999999999998
23480.0,8,243.0,7.147058823529412,8.09346749023523,8,243.0,0.3934041182250888,8,243.0,-0.3600000000000003
23485.0,10,283.0,8.575757575757576,8.080885237009173,10,281.0,0.34725971116313104,10,281.0,-0.3799999999999999
23490.0,9,327.0,9.909090909090908,7.538215872233981,9,327.0,0.3416563521019246,9,327.0,-0.45999999999999996
23495.0,7,191.0,5.96875,8.108939541843363,7,191.0,0.3921918449314485,7,191.0,1.36
23500.0,6,41.0,1.1714285714285715,7.198826325261055,6,-17.0,0.3049605417948003,6,-17.0,2.08
23505.0,5,62.0,1.8235294117647058,8.576536299482507,5,62.0,0.4240534610276213,5,62.0,-0.79
23510.0,6,29.0,0.7837837837837838,6.9887532668137,6,29.0,0.2915208340937365,6,29.0,0.33
23515.0,8,66.0,1.8333333333333333,7.620729978297124,8,38.0,0.31005875490338164,8,38.0,-0.09000000000000002
23520.0,8,106.0,3.3125,8.078181463439757,8,106.0,0.3549711442676125,8,106.0,-0.68
23525.0,10,152.0,4.222222222222222,7.395652737840992,10,152.0,0.315881673291948,10,152.0,-0.45999999999999996
23530.0,7,145.0,4.264705882352941,7.711070314813389,7,145.0,0.35475938701018017,7,145.0,0.07000000000000006
23535.0,9,184.0,5.411764705882353,7.005559338584164,9,158.0,0.30236739778494887,9,158.0,-0.13000000000000012
23540.0,9,229.0,6.735294117647059,8.087974494010885,9,229.0,0.3830323588841773,9,229.0,-0.71
23545.0,9,163.0,4.527777777777778,6.856483423880202,9,163.0,0.2893847364513426,9,163.0,0.6600000000000001
23550.0,4,75.0,2.0833333333333335,8.215929364263012,4,42.0,0.38766787175261347,4,42.0,1.21
23555.0,4,95.0,2.878787878787879,9.367367906341652,4,95.0,0.4928301631935364,4,95.0,-0.53
23560.0,8,63.0,1.8,7.3240557590416415,8,63.0,0.3148284326781215,8,63.0,0.31999999999999995
23565.0,9,108.0,3.176470588235294,8.226548356453264,9,52.0,0.37520543719242927,9,52.0,0.10999999999999999
23570.0,10,155.0,4.1891891891891895,6.828026083383536,10,155.0,0.26818537519845065,10,155.0,-1.03
23575.0,9,166.0,4.742857142857143,7.450744822427308,9,166.0,0.30804430545811734,9,166.0,-0.10999999999999988
23580.0,9,211.0,6.393939393939394,8.043668068894137,9,188.0,0.3704027660979821,9,188.0,-0.21999999999999997
23585.0,11,261.0,7.25,7.240972829338059,11,261.0,0.3197147896290781,11,261.0,-0.73
23590.0,8,220.0,6.285714285714286,7.57939937740322,8,220.0,0.3337643144751111,8,220.0,0.4099999999999997
23595.0,6,188.0,5.222222222222222,7.596743361114125,6,160.0,0.3311776222442641,6,160.0,0.6000000000000001
23600.0,7,221.0,6.314285714285714,8.58282165212691,7,221.0,0.41299110162019165,7,221.0,-0.6099999999999999
23605.0,10,85.0,2.4285714285714284,7.245664466832307,9,84.0,0.3133620258555177,9,84.0,1.37
23610.0,7,38.0,1.1515151515151516,7.517523010717056,7,-28.0,0.3216475122178057,7,-28.0,1.12
23615.0,5,60.0,1.8181818181818181,8.389580310279698,5,60.0,0.3820200812740258,5,60.0,-0.88
23620.0,9,53.0,1.5588235294117647,6.5683917124833116,9,53.0,0.25565317799775983,9,53.0,0.06999999999999995
23625.0,9,96.0,2.823529411764706,7.854880243466186,9,83.0,0.3412902860644898,9,83.0,-0.29999999999999993
23630.0,11,144.0,3.891891891891892,7.300855541207128,11,144.0,0.29859795899084896,11,144.0,-0.61
23635.0,8,115.0,3.1944444444444446,7.803256402728348,8,115.0,0.3243413930288427,8,115.0,0.29000000000000004
23640.0,7,144.0,4.235294117647059,7.908192720618746,7,111.0,0.3559732467847459,7,111.0,0.039999999999999813
23645.0,9,187.0,5.054054054054054,7.771797683116476,9,187.0,0.33723975991885563,9,187.0,-0.76
23650.0,9,201.0,5.742857142857143,8.008122205262111,8,200.0,0.3636370650255583,8,200.0,-0.1299999999999999
23655.0,10,244.0,6.9714285714285715,6.803275192220803,10,217.0,0.25372707982744747,10,217.0,-0.16999999999999993
23660.0,11,299.0,8.794117647058824,7.561691451978121,11,299.0,0.32348896789719694,11,299.0,-0.8200000000000003
23665.0,11,210.0,5.833333333333333,6.766193291977225,11,210.0,0.2883297699625231,11,210.0,0.8900000000000001
23670.0,6,70.0,1.9444444444444444,7.681869504764915,6,26.0,0.35584138102606344,6,26.0,1.84
23675.0,5,91.0,2.6,8.422891314930006,5,91.0,0.4249637751503275,5,91.0,-0.65
23680.0,8,52.0,1.368421052631579,6.804604610789104,8,52.0,0.2800997749922579,8,52.0,0.39
23685.0,9,95.0,2.7142857142857144,7.706661101095933,9,62.0,0.35180387120887285,9,62.0,-0.09999999999999998
23690.0,10,142.0,3.9444444444444446,6.976088404305462,10,142.0,0.2888183687199929,10,142.0,-0.7999999999999999
23695.0,11,196.0,5.444444444444445,7.2941938613150334,11,196.0,0.2986141945810844,11,196.0,-0.54
23700.0,8,148.0,4.352941176470588,7.832536118988924,8,148.0,0.3115234900948559,8,148.0,0.48
23705.0,10,181.0,5.171428571428572,7.239618195302716,10,140.0,0.2861673191124984,10,140.0,0.08000000000000007
23710.0,9,226.0,6.647058823529412,7.892134303131438,9,226.0,0.34951053754964306,9,226.0,-0.8599999999999999
23715.0,10,262.0,7.081081081081081,6.946337279406776,10,262.0,0.28592012403772493,10,262.0,-0.3600000000000003
23720.0,10,312.0,8.432432432432432,8.14141905904032,10,304.0,0.34653469316598257,10,304.0,-0.41999999999999993
23725.0,14,364.0,9.578947368421053,7.428141180224479,14,364.0,0.3142176110790677,14,364.0,-0.6000000000000001
23730.0,9,267.0,7.628571428571429,7.726246677730309,9,267.0,0.3356015522087274,9,267.0,0.9700000000000002
23735.0,4,99.0,2.911764705882353,8.211634824211199,4,51.0,0.40365879620161527,4,51.0,2.16
23740.0,5,106.0,2.9444444444444446,7.724458738065246,5,106.0,0.3769393359712028,5,106.0,-0.55
23745.0,10,146.0,4.424242424242424,7.482268895037678,10,146.0,0.36098950536916047,10,146.0,-0.3999999999999999
23750.0,11,201.0,5.583333333333333,7.096345586478738,11,201.0,0.2899747504644272,11,201.0,-0.5499999999999998
23755.0,13,264.0,7.764705882352941,7.019308877300976,13,264.0,0.27398118582116743,13,264.0,-0.6300000000000003
23760.0,10,227.0,6.878787878787879,6.966317227952535,10,227.0,0.2643527305048363,10,227.0,0.3700000000000001
23765.0,11,271.0,7.527777777777778,6.7264506784905524,11,230.0,0.26941333237575926,11,230.0,-0.029999999999999805
23770.0,11,326.0,9.588235294117647,7.559357623061417,11,326.0,0.3489738571931609,11,326.0,-0.96
23775.0,10,283.0,7.861111111111111,6.3384246619544005,10,283.0,0.27917506351374655,10,283.0,0.4299999999999997
23780.0,6,180.0,5.0,8.12739758906038,6,150.0,0.37969115932072034,6,150.0,1.33
23785.0,8,197.0,5.324324324324325,7.381124592640247,8,197.0,0.34661555613327893,8,197.0,-0.47
23790.0,7,189.0,5.25,7.275665157417013,7,189.0,0.3461001027796614,7,189.0,0.08000000000000007
23795.0,9,233.0,6.472222222222222,8.253653461467094,9,211.0,0.40741007988593164,9,211.0,-0.21999999999999997
23800.0,11,281.0,7.394736842105263,7.4430618080827635,11,281.0,0.33001822176080414,11,281.0,-0.7000000000000002
23805.0,9,289.0,8.257142857142858,7.834315033574026,9,289.0,0.34417555800585153,9,289.0,-0.08000000000000007
23810.0,7,284.0,7.675675675675675,6.992400888646656,7,271.0,0.27860294481397574,7,271.0,0.18000000000000016
23815.0,8,324.0,9.0,8.052285485390222,8,324.0,0.38133283936915985,8,324.0,-0.5300000000000002
23820.0,9,359.0,10.257142857142858,7.9093739708353,9,359.0,0.3650173252870817,9,359.0,-0.34999999999999964
23825.0,11,407.0,10.435897435897436,7.375625626268749,11,402.0,0.2831296214627471,11,402.0,-0.4299999999999997
23830.0,11,462.0,13.2,7.554106074340793,11,462.0,0.3298670451889767,11,462.0,-0.6000000000000005
23835.0,10,476.0,12.526315789473685,6.876908059725552,10,476.0,0.27127638270490306,10,476.0,-0.13999999999999968
23840.0,10,523.0,14.527777777777779,7.832839573174438,10,510.0,0.35313532793843694,10,510.0,-0.33999999999999986
23845.0,13,574.0,15.513513513513514,7.651621933117366,13,574.0,0.3537799518575823,13,574.0,-0.6400000000000006
23850.0,9,442.0,12.628571428571428,7.363734629482061,8,441.0,0.33971560645083837,8,441.0,1.33
23855.0,7,377.0,11.088235294117647,7.727256317319747,7,307.0,0.3289224799603715,7,307.0,1.3400000000000003
23860.0,8,405.0,11.25,6.904876137120613,8,405.0,0.2777242950673758,8,405.0,-0.98
23865.0,9,74.0,2.0555555555555554,7.128975313753498,9,74.0,0.2912200970468518,9,74.0,3.3099999999999996
23870.0,11,114.0,3.1666666666666665,5.940496337280795,11,-68.0,0.21126241786809322,11,-68.0,1.42
23875.0,12,173.0,5.242424242424242,6.781501681809039,12,173.0,0.2905568970519855,12,173.0,-2.41
23880.0,9,179.0,5.424242424242424,6.9069740324015285,9,179.0,0.3053728077574867,9,179.0,-0.06000000000000005
23885.0,8,174.0,4.702702702702703,6.942833729573078,8,160.0,0.3055573151080022,8,160.0,0.18999999999999995
23890.0,8,214.0,5.783783783783784,8.084227773503686,8,214.0,0.3827731512322011,8,214.0,-0.54
23895.0,10,124.0,3.1,6.922567863967393,10,124.0,0.2686790385040808,10,124.0,0.9000000000000001
23900.0,7,117.0,3.0789473684210527,8.21532707776853,7,63.0,0.39521887353908086,7,63.0,0.61
23905.0,10,152.0,4.0,7.907246268221126,10,152.0,0.38152018950600647,10,152.0,-0.89
23910.0,11,199.0,5.527777777777778,7.642336435276775,11,199.0,0.33808479905601524,11,199.0,-0.47
23915.0,11,254.0,7.055555555555555,7.902814840096814,11,254.0,0.34599537731041785,11,254.0,-0.55
23920.0,13,314.0,8.263157894736842,6.313661531755658,13,314.0,0.2175363587708384,13,314.0,-0.6000000000000001
23925.0,14,384.0,10.666666666666666,6.664936191011726,14,384.0,0.25675242225376677,14,384.0,-0.6999999999999997
23930.0,14,346.0,9.35135135135135,5.806784914348927,14,346.0,0.2152429307559897,14,346.0,0.3799999999999999
23935.0,11,360.0,9.72972972972973,6.793354159941956,11,327.0,0.2797987916429878,11,327.0,0.18999999999999995
23940.0,11,415.0,11.527777777777779,6.507144111022183,11,415.0,0.2705145856111542,11,415.0,-0.8800000000000003
23945.0,12,384.0,10.105263157894736,6.085632978583033,12,384.0,0.24272841203762327,12,384.0,0.3100000000000005
23950.0,10,418.0,11.61111111111111,7.176125692801406,10,385.0,0.320561270937338,10,385.0,-0.010000000000000231
23955.0,12,471.0,12.076923076923077,6.847354167927624,12,471.0,0.2920703255067286,12,471.0,-0.8599999999999999
23960.0,10,492.0,12.947368421052632,7.450871516006635,10,492.0,0.32979520456263406,10,492.0,-0.20999999999999996
23965.0,12,543.0,14.289473684210526,7.407858856579004,12,530.0,0.3083469735928939,12,530.0,-0.3799999999999999
23970.0,12,601.0,16.694444444444443,7.455812352336401,12,601.0,0.3267835073003995,12,601.0,-0.71
23975.0,9,347.0,9.63888888888889,7.486257930839553,9,347.0,0.3204509398047249,9,347.0,2.5399999999999996
23980.0,8,88.0,2.2564102564102564,7.067659608207279,8,-23.0,0.27544149991583405,8,-23.0,3.7
23985.0,5,66.0,1.7837837837837838,8.156007634866777,5,66.0,0.3880174741640596,5,66.0,-0.89
23990.0,6,29.0,0.7631578947368421,6.736981976370574,6,29.0,0.2805878306291925,6,29.0,0.37000000000000005
23995.0,10,72.0,1.894736842105263,7.534382054463468,10,44.0,0.3331867443458137,10,44.0,-0.15000000000000002
24000.0,10,122.0,3.388888888888889,7.803474640986991,10,122.0,0.3765852697088629,10,122.0,-0.78
24005.0,9,127.0,3.2564102564102564,6.941824286389447,9,127.0,0.2988350091786503,9,127.0,-0.050000000000000044
24010.0,5,91.0,2.3947368421052633,8.090912903243696,5,78.0,0.38161918640395326,5,78.0,0.49
24015.0,6,117.0,2.8536585365853657,7.823321593645746,6,117.0,0.34171539123382955,6,117.0,-0.3899999999999999
24020.0,7,152.0,4.108108108108108,8.656755676207053,7,152.0,0.41776869130330785,7,152.0,-0.3500000000000001
24025.0,9,159.0,4.184210526315789,8.099285402780358,9,159.0,0.3649962772664643,9,159.0,-0.07000000000000006
24030.0,7,194.0,5.105263157894737,8.741032534745232,7,178.0,0.38721254587598597,7,178.0,-0.18999999999999995
24035.0,8,234.0,6.685714285714286,9.08629866191836,8,234.0,0.4143874502555576,8,234.0,-0.5599999999999998
24040.0,9,251.0,6.783783783783784,7.445464194419106,8,250.0,0.29714120449215076,8,250.0,-0.16000000000000014
24045.0,8,290.0,8.055555555555555,8.347789872167645,8,277.0,0.3648084045728264,8,277.0,-0.27
24050.0,10,331.0,9.194444444444445,7.464277800288987,10,331.0,0.3106644747991597,10,331.0,-0.54
24055.0,7,191.0,5.457142857142857,7.84962001712106,7,191.0,0.3451883996109819,7,191.0,1.4000000000000001
24060.0,5,115.0,3.3823529411764706,7.911696901568074,5,44.0,0.3601215022700326,5,44.0,1.47
24065.0,5,133.0,3.6944444444444446,7.2861817100308155,5,133.0,0.3145377140059493,5,133.0,-0.8900000000000001
24070.0,7,39.0,1.1818181818181819,7.902601576788105,7,39.0,0.380169930231249,7,39.0,0.9400000000000001
24075.0,9,79.0,2.323529411764706,6.617085029828541,9,-8.0,0.2842657281967683,9,-8.0,0.47000000000000003
24080.0,11,133.0,3.911764705882353,7.656789369080676,11,133.0,0.3500927368896667,11,133.0,-1.4100000000000001
24085.0,11,137.0,3.8055555555555554,6.460860695269834,11,137.0,0.2825707212501953,11,137.0,-0.040000000000000036
24090.0,7,131.0,3.9696969696969697,7.410148976481739,7,118.0,0.3654469713117579,7,118.0,0.19000000000000017
24095.0,7,166.0,5.03030303030303,8.572416088667461,7,166.0,0.4585362771648081,7,166.0,-0.48
24100.0,9,95.0,2.638888888888889,6.498799699116245,9,95.0,0.2782689162655684,9,95.0,0.71
24105.0,8,119.0,3.3055555555555554,7.939196586757291,8,76.0,0.3625250764293995,8,76.0,0.18999999999999995
24110.0,9,160.0,4.2105263157894735,7.543340900168853,9,160.0,0.32559325858121735,9,160.0,-0.8400000000000001
24115.0,10,208.0,6.117647058823529,7.599508441106379,10,208.0,0.33464373909988726,10,208.0,-0.48
24120.0,7,192.0,5.818181818181818,7.691961420397831,7,192.0,0.3266246858510418,7,192.0,0.16000000000000014
24125.0,8,220.0,6.285714285714286,7.439319691588421,8,202.0,0.32432613159560525,8,202.0,-0.10000000000000009
24130.0,8,260.0,7.647058823529412,8.301387135333353,8,260.0,0.4124398780752854,8,260.0,-0.5800000000000001
24135.0,8,128.0,3.4594594594594597,6.957437015524287,8,128.0,0.2961560668426578,8,128.0,1.32
24140.0,4,69.0,1.864864864864865,8.45866523464448,4,4.0,0.42932203138425207,4,4.0,1.24
24145.0,6,89.0,2.4054054054054053,8.636867263985808,6,89.0,0.44841168734963716,6,89.0,-0.85
24150.0,8,72.0,2.0,7.964943047793259,8,72.0,0.3810112287397766,8,72.0,0.17000000000000004
24155.0,8,112.0,3.2,8.49780026143233,8,67.0,0.413176669163545,8,67.0,0.04999999999999993
24160.0,11,159.0,4.416666666666667,6.860093338961335,11,159.0,0.2730799076832137,11,159.0,-0.92
24165.0,8,122.0,3.588235294117647,7.589938755052568,8,122.0,0.3535736521039978,8,122.0,0.3700000000000001
24170.0,9,151.0,4.194444444444445,6.586997952971511,9,114.0,0.2817963420740385,9,114.0,0.08000000000000007
24175.0,9,196.0,5.6,7.4730529668082095,9,196.0,0.36506201367094077,9,196.0,-0.8200000000000001
24180.0,6,145.0,4.142857142857143,7.934380112633643,6,145.0,0.4062643652256863,6,145.0,0.51
24185.0,6,134.0,3.526315789473684,7.232089112438962,6,106.0,0.29604170368476873,6,106.0,0.3899999999999999
24190.0,6,163.0,4.527777777777778,8.436485317283793,6,163.0,0.3973581076338663,6,163.0,-0.5699999999999998
24195.0,7,57.0,1.5405405405405406,7.169580749982071,7,57.0,0.291577760400252,7,57.0,1.06
24200.0,6,48.0,1.3714285714285714,8.040098018728617,6,-8.0,0.35992446152143487,6,-8.0,0.6499999999999999
24205.0,8,78.0,2.3636363636363638,7.428669025280514,8,78.0,0.32927085068816453,8,78.0,-0.86
24210.0,7,66.0,2.0,7.6152563191016425,7,66.0,0.3534286736170867,7,66.0,0.12
24215.0,6,76.0,2.303030303030303,8.381137062442525,6,62.0,0.40772678811704854,6,62.0,0.040000000000000036
24220.0,9,114.0,3.257142857142857,7.357952774450704,9,114.0,0.32828851934136316,9,114.0,-0.5199999999999999
24225.0,7,74.0,2.242424242424242,7.884002693507301,7,74.0,0.3715520874667861,7,74.0,0.3999999999999999
24230.0,6,96.0,2.742857142857143,7.25098716039837,6,61.0,0.30853889602653234,6,61.0,0.13
24235.0,8,136.0,4.0,8.308826847922386,8,136.0,0.38567497414209484,8,136.0,-0.7500000000000001
24240.0,5,83.0,2.515151515151515,8.589823457600145,5,83.0,0.40384916649591635,5,83.0,0.5300000000000001
24245.0,5,69.0,1.9166666666666667,8.099012298508272,5,42.0,0.36257645024464147,5,42.0,0.41
24250.0,5,94.0,2.764705882352941,9.112359564328072,5,94.0,0.46890053988163305,5,94.0,-0.52
24255.0,7,113.0,3.054054054054054,7.494892028644535,7,113.0,0.3164904033305483,7,113.0,-0.18999999999999995
24260.0,7,148.0,4.0,8.592544155035116,7,141.0,0.4133141204341866,7,141.0,-0.28
24265.0,10,183.0,5.083333333333333,8.41242237579383,10,183.0,0.3794393227428315,10,183.0,-0.42000000000000015
24270.0,8,171.0,4.885714285714286,8.167382831819916,8,171.0,0.37330620542588355,8,171.0,0.1200000000000001
24275.0,8,211.0,6.205882352941177,8.562340613759137,8,164.0,0.39717156461030767,8,164.0,0.07000000000000006
24280.0,10,256.0,7.314285714285714,7.024640443410761,10,256.0,0.28557890550112985,10,256.0,-0.9200000000000002
24285.0,11,311.0,9.147058823529411,7.531720386289518,11,311.0,0.31169404332906075,11,311.0,-0.5499999999999998
24290.0,11,194.0,5.705882352941177,6.43683479640469,11,194.0,0.24929018207587605,11,194.0,1.17
24295.0,7,153.0,4.636363636363637,7.431571642188818,7,90.0,0.3436851407378572,7,90.0,1.04
24300.0,7,188.0,5.696969696969697,7.821922695523518,7,188.0,0.372063211815621,7,188.0,-0.9799999999999999
24305.0,9,94.0,2.6857142857142855,6.6965670638259684,9,94.0,0.28044014984616783,9,94.0,0.94
24310.0,6,77.0,2.4838709677419355,7.59615665704136,6,29.0,0.36335477487821977,6,29.0,0.6499999999999999
24315.0,7,108.0,3.272727272727273,7.068923548665435,7,108.0,0.33319165378595467,7,108.0,-0.79
24320.0,11,157.0,4.90625,7.185892340141233,11,157.0,0.33954437431606704,11,157.0,-0.49
24325.0,14,212.0,6.235294117647059,6.069194135341693,14,212.0,0.2596738505870665,14,212.0,-0.55
24330.0,14,280.0,8.484848484848484,6.43860614370889,14,280.0,0.27959583219795425,14,280.0,-0.6799999999999997
24335.0,11,219.0,6.636363636363637,7.176125465762581,11,219.0,0.3329885242911772,11,219.0,0.6099999999999999
24340.0,12,241.0,6.694444444444445,6.100859725139394,12,191.0,0.2605957430858663,12,191.0,0.28
24345.0,12,301.0,8.36111111111111,7.0805251517759995,12,301.0,0.33981965085608296,12,301.0,-1.0999999999999999
24350.0,11,267.0,6.846153846153846,5.903798193866939,11,267.0,0.23974577819663553,11,267.0,0.33999999999999986
24355.0,10,282.0,7.833333333333333,6.916547372355483,10,253.0,0.30686209263533804,10,253.0,0.14000000000000012
24360.0,10,332.0,9.485714285714286,7.474139959346193,10,332.0,0.3508374852759966,10,332.0,-0.79
24365.0,12,357.0,9.916666666666666,6.076807524679717,12,357.0,0.2498659216358439,12,357.0,-0.25
24370.0,11,412.0,11.444444444444445,7.114461135608603,11,399.0,0.31850454202918466,11,399.0,-0.4200000000000004
24375.0,12,470.0,12.702702702702704,6.665590998254241,12,470.0,0.2967697491570359,12,470.0,-0.71
24380.0,11,305.0,8.243243243243244,7.242468957344091,11,305.0,0.3229819559677412,11,305.0,1.6500000000000004
24385.0,10,118.0,2.95,6.591263258650545,10,45.0,0.26173023207627394,10,45.0,2.5999999999999996
24390.0,6,130.0,3.25,7.950302483483696,6,130.0,0.3778743480253268,6,130.0,-0.8500000000000001
24395.0,6,160.0,4.102564102564102,8.838149416325463,6,160.0,0.4757301667933966,6,160.0,-0.30000000000000004
24400.0,8,99.0,2.475,7.137298901331873,8,99.0,0.31439623470383454,8,99.0,0.6100000000000001
24405.0,9,120.0,3.2432432432432434,7.062542724953358,9,120.0,0.3035106773944874,9,120.0,-0.20999999999999996
24410.0,9,159.0,4.184210526315789,6.0281439964660155,9,126.0,0.2295396415940368,9,126.0,-0.06000000000000005
24415.0,10,209.0,5.648648648648648,7.261762852584771,10,209.0,0.3189122407060784,10,209.0,-0.8299999999999998
24420.0,9,200.0,5.555555555555555,7.356442119819483,9,200.0,0.31946532322922966,9,200.0,0.08999999999999986
24425.0,9,214.0,5.35,7.232731652454026,9,196.0,0.3008679865702112,9,196.0,0.040000000000000036
24430.0,9,259.0,7.0,8.288826410094423,9,259.0,0.39549051818409453,9,259.0,-0.6299999999999999
24435.0,9,203.0,5.205128205128205,7.082626099981965,9,203.0,0.28228724858290183,9,203.0,0.56
24440.0,8,228.0,6.162162162162162,8.13044182964771,8,185.0,0.37357642261391155,8,185.0,0.17999999999999972
24445.0,11,268.0,7.052631578947368,7.477171411095845,11,268.0,0.3462580539727236,11,268.0,-0.8300000000000001
24450.0,7,222.0,6.0,7.670910896796788,7,222.0,0.36356216659954504,7,222.0,0.45999999999999996
24455.0,6,232.0,6.628571428571429,8.43470110077155,6,203.0,0.4228827851742739,6,203.0,0.1900000000000004
24460.0,9,269.0,7.078947368421052,7.531153244934671,9,269.0,0.33725573353804883,9,269.0,-0.6600000000000001
24465.0,9,314.0,8.263157894736842,8.05074459922358,9,314.0,0.36966426718658757,9,314.0,-0.4500000000000002
24470.0,7,262.0,7.081081081081081,7.109044702877554,7,262.0,0.29671876249955037,7,262.0,0.52
24475.0,7,281.0,7.594594594594595,7.895621622995256,7,248.0,0.3604548177009363,7,248.0,0.14000000000000012
24480.0,7,316.0,8.54054054054054,8.558681023315806,7,316.0,0.41606222541005694,7,316.0,-0.6800000000000002
24485.0,7,282.0,7.230769230769231,7.3999503880748465,7,282.0,0.3041374235283617,7,282.0,0.3400000000000003
24490.0,6,309.0,8.35135135135135,8.549602659667215,6,279.0,0.4152587244832522,6,279.0,0.029999999999999805
24495.0,7,340.0,9.444444444444445,7.680237652650939,7,340.0,0.35665606452811904,7,340.0,-0.6099999999999999
24500.0,5,72.0,2.057142857142857,8.305970280437444,5,72.0,0.4012932978393265,5,72.0,2.6799999999999997
24505.0,8,97.0,2.6216216216216215,8.159874029710789,8,-60.0,0.3722374963213318,8,-60.0,1.3199999999999998
24510.0,8,132.0,3.5675675675675675,8.405141818532545,8,132.0,0.38430168288313615,8,132.0,-1.92
24515.0,5,76.0,2.111111111111111,8.322684365382987,5,76.0,0.385478968372684,5,76.0,0.56
24520.0,7,92.0,2.6285714285714286,7.861788314859593,7,54.0,0.3403879018874109,7,54.0,0.21999999999999997
24525.0,7,127.0,3.735294117647059,8.533960271147215,7,127.0,0.4206684698909514,7,127.0,-0.73
24530.0,6,59.0,1.5945945945945945,7.415886700963492,6,59.0,0.316605217702644,6,59.0,0.68
24535.0,5,67.0,1.9705882352941178,8.35851353551938,5,25.0,0.3833427028170521,5,25.0,0.33999999999999997
24540.0,5,92.0,2.875,8.978082139116363,5,92.0,0.44686740758831234,5,92.0,-0.67
24545.0,6,96.0,2.6666666666666665,8.070761600657116,6,96.0,0.3351222909806872,6,96.0,-0.039999999999999925
24550.0,7,131.0,3.9696969696969697,8.965666616944992,7,109.0,0.4015052350899296,7,109.0,-0.13000000000000012
24555.0,9,169.0,5.28125,7.7930689145888055,9,169.0,0.3220800197042735,9,169.0,-0.5999999999999999
24560.0,8,195.0,6.290322580645161,8.094873894008323,8,195.0,0.37096435796536315,8,195.0,-0.26
24565.0,12,236.0,6.9411764705882355,6.959710287026435,12,226.0,0.2983396111681819,12,226.0,-0.30999999999999983
24570.0,10,286.0,8.411764705882353,7.480922296700873,10,286.0,0.34203623527364346,10,286.0,-0.6000000000000001
24575.0,7,168.0,5.090909090909091,8.08000946956397,7,168.0,0.3716325865797221,7,168.0,1.18
24580.0,5,128.0,3.878787878787879,7.172244124071236,5,67.0,0.30787718562723393,5,67.0,1.0099999999999998
24585.0,7,163.0,5.09375,8.123851544116734,7,163.0,0.3936334358994137,7,163.0,-0.9599999999999999
24590.0,7,64.0,1.8823529411764706,6.861214438822564,7,64.0,0.3064747802797334,7,64.0,0.9899999999999999
24595.0,5,50.0,1.5625,8.060752784535005,5,-2.0,0.38561521368002905,5,-2.0,0.66
24600.0,6,80.0,2.7586206896551726,8.168552436097752,6,80.0,0.4134876396026663,6,80.0,-0.8200000000000001
24605.0,7,71.0,2.1515151515151514,7.124844330408874,7,71.0,0.32453123344110335,7,71.0,0.09000000000000008
24610.0,6,97.0,2.9393939393939394,8.556835541068121,6,84.0,0.4199329334412689,6,84.0,-0.13
24615.0,7,129.0,3.5833333333333335,7.790308093837827,7,129.0,0.34028081379943265,7,129.0,-0.45000000000000007
24620.0,7,129.0,3.5833333333333335,8.488221621930492,7,129.0,0.40074472235755687,7,129.0,0.0
24625.0,10,164.0,4.4324324324324325,8.077653543828987,10,129.0,0.3401128298637361,10,129.0,0.0
24630.0,10,211.0,5.861111111111111,8.32147448400664,10,211.0,0.3440458393321125,10,211.0,-0.8199999999999998
24635.0,7,174.0,5.2727272727272725,8.253962602200893,7,174.0,0.35136597921660034,7,174.0,0.3699999999999999
24640.0,9,201.0,5.911764705882353,7.059613466744483,9,173.0,0.28964601146754054,9,173.0,0.010000000000000009
24645.0,9,246.0,7.235294117647059,8.143010820360997,9,246.0,0.38424746142580224,9,246.0,-0.73
24650.0,7,120.0,3.4285714285714284,6.937329502906659,7,120.0,0.2763424154810224,7,120.0,1.26
24655.0,5,71.0,2.1515151515151514,7.966732201115356,5,6.0,0.36122744418206776,5,6.0,1.14
24660.0,5,96.0,3.096774193548387,8.763009667582377,5,96.0,0.4347642542773257,5,96.0,-0.8999999999999999
24665.0,9,105.0,3.088235294117647,7.311447861856918,9,105.0,0.2989630107102269,9,105.0,-0.09000000000000008
24670.0,9,150.0,4.838709677419355,8.034697147055297,9,129.0,0.3544935719425395,9,129.0,-0.24
24675.0,11,198.0,5.823529411764706,6.852034519168313,11,198.0,0.2680247579743637,11,198.0,-0.69
24680.0,9,207.0,6.088235294117647,7.848772538956844,9,207.0,0.3428742303888265,9,207.0,-0.08999999999999986
24685.0,12,252.0,7.0,7.301519076300439,12,228.0,0.3204355026834747,12,228.0,-0.20999999999999996
24690.0,11,303.0,8.657142857142857,7.601065322635197,11,303.0,0.3512308507360917,11,303.0,-0.75
24695.0,8,187.0,5.666666666666667,7.693308287767963,8,187.0,0.36290225682965577,8,187.0,1.1599999999999997
24700.0,8,155.0,4.428571428571429,6.82908339293651,8,91.0,0.2859254371096812,8,91.0,0.9600000000000001
24705.0,8,195.0,5.735294117647059,8.130397728226376,8,195.0,0.3862180792954717,8,195.0,-1.04
24710.0,10,231.0,6.416666666666667,6.68387317510337,10,231.0,0.26866189126850515,10,231.0,-0.3600000000000001
24715.0,11,286.0,8.411764705882353,7.464041037457877,11,280.0,0.3035277067938305,11,280.0,-0.48999999999999977
24720.0,11,341.0,10.65625,7.379547016578528,11,341.0,0.2761648130197019,11,341.0,-0.6100000000000003
24725.0,10,218.0,6.228571428571429,6.837276899162756,10,218.0,0.2524672713801948,10,218.0,1.23
24730.0,5,105.0,3.0,7.909174015212914,5,47.0,0.3349101788300189,5,47.0,1.7100000000000002
24735.0,7,133.0,3.5,7.852682709864697,7,133.0,0.3372116367681876,7,133.0,-0.8600000000000001
24740.0,7,168.0,4.8,8.751970254333107,7,168.0,0.41463132961088706,7,168.0,-0.34999999999999987
24745.0,12,198.0,5.351351351351352,7.558923457868462,12,198.0,0.31182472534743216,12,198.0,-0.30000000000000004
24750.0,9,240.0,6.666666666666667,8.043931002138699,9,238.0,0.32356889096321384,9,238.0,-0.3999999999999999
24755.0,9,285.0,8.382352941176471,8.097394416849564,9,283.0,0.35069107961065044,9,283.0,-0.4500000000000002
24760.0,8,181.0,5.027777777777778,7.165873505862312,8,181.0,0.2946185195861974,8,181.0,1.02
24765.0,5,121.0,3.4571428571428573,8.326195966699416,5,73.0,0.3923067796999335,5,73.0,1.08
24770.0,6,147.0,3.972972972972973,7.880298659721015,6,147.0,0.34222836024717906,6,147.0,-0.74
24775.0,7,181.0,5.171428571428572,8.563520161418715,7,181.0,0.38985649631723757,7,181.0,-0.3400000000000001
24780.0,5,125.0,3.676470588235294,8.464017734029879,5,125.0,0.3874689142578915,5,125.0,0.56
24785.0,6,134.0,3.7222222222222223,7.42820303407584,6,134.0,0.2921397014028918,6,134.0,-0.09000000000000008
24790.0,5,158.0,4.647058823529412,8.729370255149457,5,125.0,0.40820485601352136,5,125.0,0.09000000000000008
24795.0,6,56.0,1.5135135135135136,8.078397128635025,6,55.0,0.335885244763418,6,55.0,0.7
24800.0,8,95.0,2.878787878787879,8.680640406780418,8,3.0,0.39050396479431915,8,3.0,0.52
24805.0,10,135.0,3.857142857142857,7.7118812181652485,10,135.0,0.3110694747350586,10,135.0,-1.32
24810.0,8,104.0,3.0588235294117645,8.028683917103429,8,104.0,0.3423416086177148,8,104.0,0.31000000000000005
24815.0,7,134.0,3.9411764705882355,8.667704555039009,7,100.0,0.39756119412040086,7,100.0,0.040000000000000036
24820.0,9,174.0,5.117647058823529,7.256274188587972,9,174.0,0.30567249229126897,9,174.0,-0.74
24825.0,7,134.0,4.1875,7.937413655199735,7,134.0,0.3676280422565308,7,134.0,0.3999999999999999
24830.0,7,157.0,4.757575757575758,7.278916282718159,7,121.0,0.3038737942398812,7,121.0,0.13000000000000012
24835.0,8,197.0,5.96969696969697,8.283740736442818,8,197.0,0.3752121636208837,8,197.0,-0.76
24840.0,5,98.0,3.161290322580645,8.617137533014558,5,98.0,0.4023053388278668,5,98.0,0.99
24845.0,3,42.0,1.2352941176470589,8.017388775828328,3,-1.0,0.3431898461582207,3,-1.0,0.99
24850.0,4,61.0,1.90625,8.968996382381869,4,61.0,0.44443383313125107,4,61.0,-0.62
24855.0,7,56.0,1.6470588235294117,6.9895307274577165,7,56.0,0.3021758962914082,7,56.0,0.04999999999999993
24860.0,9,101.0,2.9705882352941178,8.20395993211038,9,71.0,0.38253639608497136,9,71.0,-0.1499999999999999
24865.0,11,146.0,4.055555555555555,7.619732733849954,11,146.0,0.3246936266696332,11,146.0,-0.75
24870.0,9,119.0,3.71875,7.509681170170609,9,119.0,0.3310683484222863,9,119.0,0.27
24875.0,8,154.0,4.8125,8.222363821440574,8,119.0,0.3993768209986367,8,119.0,0.0
24880.0,11,199.0,5.685714285714286,6.832734460047314,11,199.0,0.28039364383291937,11,199.0,-0.8
24885.0,8,155.0,4.696969696969697,7.445442117473718,8,155.0,0.331338201059065,8,155.0,0.43999999999999995
24890.0,6,124.0,3.6470588235294117,6.901822847401641,6,95.0,0.2728885659399891,6,95.0,0.6000000000000001
24895.0,7,159.0,4.96875,8.247871008295952,7,159.0,0.39044890108415314,7,159.0,-0.6400000000000001
24900.0,6,69.0,2.225806451612903,8.080209030879836,6,69.0,0.37236578811926574,6,69.0,0.9000000000000001
24905.0,6,63.0,1.8,7.900767254988995,6,14.0,0.35094329714938005,6,14.0,0.5499999999999999
24910.0,6,93.0,2.735294117647059,9.007190001261757,6,93.0,0.44202931676258145,6,93.0,-0.79
24915.0,8,92.0,2.6285714285714286,7.605620150831179,8,92.0,0.3154002082590398,8,92.0,0.010000000000000009
24920.0,9,137.0,3.914285714285714,8.60821756353815,9,106.0,0.3741193771676425,9,106.0,-0.14
24925.0,12,182.0,4.918918918918919,6.99403491278983,12,182.0,0.2651231088809391,12,182.0,-0.76
24930.0,9,157.0,4.485714285714286,7.632062058333829,9,157.0,0.3327615709318539,9,157.0,0.25
24935.0,8,192.0,5.818181818181818,7.9949986295992685,8,157.0,0.3830313836480759,8,157.0,0.0
24940.0,11,238.0,6.611111111111111,6.87481119988637,11,238.0,0.29742886279599307,11,238.0,-0.8099999999999998
24945.0,8,210.0,6.176470588235294,7.370659361949873,8,210.0,0.3505964002187365,8,210.0,0.2799999999999998
24950.0,8,239.0,6.828571428571428,7.191082397144013,8,211.0,0.31599750955089945,8,211.0,-0.009999999999999787
24955.0,9,281.0,8.264705882352942,7.846518771259853,9,281.0,0.36437117098649807,9,281.0,-0.7000000000000002
24960.0,9,326.0,10.1875,7.77582645065399,9,326.0,0.35382087672676804,9,326.0,-0.44999999999999973
24965.0,7,178.0,4.944444444444445,7.2560794802443604,7,178.0,0.2952450305749429,7,178.0,1.4799999999999998
24970.0,5,55.0,1.5714285714285714,8.201961520153318,5,-8.0,0.3747690522969429,5,-8.0,1.86
24975.0,6,71.0,2.0285714285714285,7.3363094524098775,6,71.0,0.3053135039282303,6,71.0,-0.7899999999999999
24980.0,5,93.0,2.657142857142857,9.11072054330529,5,93.0,0.4414224528839451,5,93.0,-0.22000000000000008
24985.0,10,114.0,3.1666666666666665,7.182243095330583,10,114.0,0.3100199939451204,10,114.0,-0.20999999999999985
24990.0,10,163.0,4.6571428571428575,7.7374892882683675,10,158.0,0.34298253543312257,10,158.0,-0.44000000000000017
24995.0,10,213.0,6.454545454545454,8.156260334482123,10,213.0,0.3776389046537512,10,213.0,-0.5499999999999998
25000.0,11,163.0,4.6571428571428575,6.525869480043258,11,163.0,0.24530673626298982,11,163.0,0.5
25005.0,9,191.0,5.617647058823529,7.68189138224817,9,149.0,0.35154150958207214,9,149.0,0.1399999999999999
25010.0,11,238.0,7.0,6.497871848006875,11,238.0,0.29194110290273373,11,238.0,-0.8899999999999999
25015.0,9,200.0,5.882352941176471,7.1407422315458,9,200.0,0.32182344983046,9,200.0,0.3799999999999999
25020.0,5,142.0,4.303030303030303,7.683078944696199,5,114.0,0.36496711255819403,5,114.0,0.8600000000000001
25025.0,7,173.0,4.805555555555555,7.506488580743299,7,173.0,0.35356068970903937,7,173.0,-0.5900000000000001
25030.0,8,91.0,2.5277777777777777,7.786237172437249,8,91.0,0.36125889751281715,8,91.0,0.82
25035.0,10,134.0,3.6216216216216215,6.947737991104311,10,48.0,0.2738052602226403,10,48.0,0.43000000000000005
25040.0,11,189.0,5.4,7.690735154456021,11,189.0,0.3433442434365768,11,189.0,-1.41
25045.0,11,193.0,5.361111111111111,6.770724954850056,11,193.0,0.27771231426230786,11,193.0,-0.040000000000000036
25050.0,9,225.0,6.25,7.727577514486179,9,212.0,0.3482885125598269,9,212.0,-0.19000000000000017
25055.0,9,270.0,7.5,8.04253625398745,9,270.0,0.387416575497499,9,270.0,-0.5800000000000001
25060.0,10,176.0,4.512820512820513,6.717453631296168,10,176.0,0.2675992334172724,10,176.0,0.9400000000000002
25065.0,7,169.0,4.447368421052632,8.132664162435907,7,113.0,0.37587316227150164,7,113.0,0.6300000000000001
25070.0,8,205.0,5.394736842105263,7.592105932127442,8,205.0,0.3281593999059471,8,205.0,-0.9199999999999999
25075.0,8,96.0,2.742857142857143,7.516578183283965,8,96.0,0.33635648544270264,8,96.0,1.0899999999999999
25080.0,5,68.0,2.125,8.003319580026293,5,10.0,0.36639339723602743,5,10.0,0.86
25085.0,7,99.0,2.8285714285714287,7.763416959890196,7,99.0,0.3518947755305749,7,99.0,-0.89
25090.0,6,97.0,2.8529411764705883,7.959419851447846,6,97.0,0.37839988609433584,6,97.0,0.020000000000000018
25095.0,8,131.0,3.5405405405405403,7.675601442552515,8,118.0,0.34038232832282805,8,118.0,-0.20999999999999996
25100.0,8,171.0,4.621621621621622,8.727283921075152,8,171.0,0.4301883438419597,8,171.0,-0.53
25105.0,9,107.0,2.8157894736842106,8.129098560764925,9,107.0,0.3724075426210628,9,107.0,0.6399999999999999
25110.0,6,118.0,3.2777777777777777,8.394103306631422,6,76.0,0.37399925706285925,6,76.0,0.31000000000000005
25115.0,6,148.0,4.228571428571429,9.11712587273698,6,148.0,0.4553615917674444,6,148.0,-0.72
25120.0,9,97.0,2.6944444444444446,7.022541051200758,9,97.0,0.30037649583794507,9,97.0,0.51
25125.0,6,111.0,3.264705882352941,7.881158123419435,6,83.0,0.36798056672440704,6,83.0,0.14
25130.0,7,141.0,4.0285714285714285,7.2972323036441455,7,141.0,0.3135957151037877,7,141.0,-0.58
25135.0,7,137.0,4.029411764705882,7.598455568280504,7,137.0,0.34058268296367056,7,137.0,0.039999999999999813
25140.0,7,172.0,5.548387096774194,8.343236408751359,7,151.0,0.4157685180571233,7,151.0,-0.1399999999999999
25145.0,9,211.0,6.0285714285714285,7.602147682110046,9,211.0,0.33383828450866315,9,211.0,-0.5999999999999999
25150.0,7,173.0,4.942857142857143,8.519087612089285,7,173.0,0.40273379991850666,7,173.0,0.3799999999999999
25155.0,6,191.0,5.617647058823529,7.854614711991574,6,162.0,0.341515248994263,6,162.0,0.10999999999999988
25160.0,7,223.0,6.757575757575758,8.78078960306203,7,223.0,0.43291417312774216,7,223.0,-0.6099999999999999
25165.0,10,110.0,3.142857142857143,7.571354850788145,10,110.0,0.36270759678980363,10,110.0,1.13
25170.0,9,150.0,4.545454545454546,7.805151364242437,9,48.0,0.35362540996332587,9,48.0,0.6200000000000001
25175.0,9,195.0,5.909090909090909,8.602151129502014,9,195.0,0.4065984220881292,9,195.0,-1.47
25180.0,10,114.0,3.1666666666666665,7.0751353547012235,10,114.0,0.2580866891721036,10,114.0,0.81
25185.0,7,110.0,3.3333333333333335,8.28314278838841,7,67.0,0.3718932459681357,7,67.0,0.46999999999999986
25190.0,9,147.0,4.454545454545454,7.175280717842436,9,147.0,0.31492341114371203,9,147.0,-0.7999999999999999
25195.0,8,113.0,3.53125,7.175525984974002,8,113.0,0.3204091554144963,8,113.0,0.3400000000000001
25200.0,7,142.0,4.580645161290323,8.072259858244845,7,106.0,0.3650589827128501,7,106.0,0.06999999999999984
25205.0,9,183.0,5.228571428571429,7.714381322121252,9,183.0,0.3308258515658849,9,183.0,-0.77
25210.0,7,104.0,3.0588235294117645,8.056113149467192,6,103.0,0.3617578873645418,6,103.0,0.8
25215.0,8,100.0,2.7777777777777777,7.208664513745173,8,56.0,0.27748258303930573,8,56.0,0.47
25220.0,6,127.0,3.735294117647059,8.54827062413825,6,127.0,0.4116782717038083,6,127.0,-0.71
25225.0,9,78.0,2.2285714285714286,7.508629675340368,9,78.0,0.3600337949026526,9,78.0,0.49
25230.0,7,97.0,2.7714285714285714,7.740440100990869,7,69.0,0.3506176660195437,7,69.0,0.09000000000000008
25235.0,7,132.0,4.0,8.563134408558003,7,132.0,0.42767060588728417,7,132.0,-0.6300000000000001
25240.0,8,121.0,3.361111111111111,6.879119845482511,8,121.0,0.27654522106079166,8,121.0,0.1100000000000001
25245.0,7,139.0,4.088235294117647,8.09778190363771,7,125.0,0.37229641387902807,7,125.0,-0.040000000000000036
25250.0,8,175.0,5.0,7.269069000864672,8,175.0,0.3148399539287702,8,175.0,-0.5
25255.0,7,138.0,3.942857142857143,7.915801593566637,7,138.0,0.3478450833412518,7,138.0,0.3700000000000001
25260.0,6,162.0,4.909090909090909,8.134475796572643,6,126.0,0.366246095924078,6,126.0,0.11999999999999988
25265.0,8,200.0,5.714285714285714,7.766039883875515,8,200.0,0.3602531708485558,8,200.0,-0.74
25270.0,5,158.0,4.514285714285714,8.507657584480091,5,158.0,0.42167555173811716,5,158.0,0.41999999999999993
25275.0,5,170.0,4.722222222222222,7.658562113650918,5,142.0,0.3402375584123191,5,142.0,0.16000000000000014
25280.0,6,200.0,5.714285714285714,8.776933531287671,6,200.0,0.44418566328737574,6,200.0,-0.5800000000000001
25285.0,8,220.0,5.7894736842105265,8.670180198245353,8,220.0,0.4260277858155046,8,220.0,-0.20000000000000018
25290.0,7,249.0,6.72972972972973,8.618991270229724,7,244.0,0.38929589174921625,7,244.0,-0.23999999999999977
25295.0,7,284.0,8.606060606060606,9.069065204364513,7,284.0,0.42143860827755325,7,284.0,-0.3999999999999999
25300.0,7,212.0,6.057142857142857,7.587404505940786,7,212.0,0.29651056279085597,7,212.0,0.7199999999999998
25305.0,7,225.0,6.818181818181818,8.431846979229725,7,182.0,0.4016130986796316,7,182.0,0.30000000000000004
25310.0,6,248.0,7.294117647058823,6.603161890940767,6,248.0,0.27813628233449667,6,248.0,-0.6599999999999999
25315.0,7,60.0,1.7647058823529411,7.66538407545842,7,60.0,0.34781207594748564,7,60.0,1.88
25320.0,7,95.0,2.7941176470588234,8.371134867341832,7,-36.0,0.41299129244302013,7,-36.0,0.96
25325.0,10,136.0,4.0,7.3091332399306355,10,136.0,0.30536678466668865,10,136.0,-1.7200000000000002
25330.0,7,92.0,2.787878787878788,8.067810803219567,7,92.0,0.3522851400422818,7,92.0,0.44000000000000006
25335.0,9,117.0,3.5454545454545454,7.223930609419948,9,80.0,0.3017223807691835,9,80.0,0.12
25340.0,8,157.0,4.90625,8.435140001937961,8,157.0,0.40550829123400217,8,157.0,-0.77
25345.0,7,130.0,3.9393939393939394,7.605965925665822,7,130.0,0.33982428227190065,7,130.0,0.27
25350.0,7,164.0,4.96969696969697,8.275911515417887,7,134.0,0.3802044499316436,7,134.0,-0.040000000000000036
25355.0,7,199.0,6.419354838709677,9.042903771421622,7,199.0,0.4521796546486416,7,199.0,-0.6499999999999999
25360.0,9,101.0,3.0606060606060606,6.95467514127449,9,101.0,0.28719049357136595,9,101.0,0.98
25365.0,5,39.0,1.21875,8.184830256057145,5,-4.0,0.37326893401850336,5,-4.0,1.05
25370.0,4,58.0,1.6571428571428573,7.966442938634298,4,58.0,0.37530546865540254,4,58.0,-0.62
25375.0,8,76.0,2.303030303030303,7.593988092101049,8,76.0,0.3501405597257491,8,76.0,-0.18000000000000005
25380.0,8,116.0,3.625,7.8737235648834165,8,104.0,0.354843716517139,8,104.0,-0.28
25385.0,10,161.0,4.472222222222222,7.214221490940414,10,161.0,0.2939366792464131,10,161.0,-0.5700000000000001
25390.0,9,180.0,5.142857142857143,7.915020273740408,9,180.0,0.33887713883928344,9,180.0,-0.18999999999999995
25395.0,12,229.0,6.542857142857143,6.789215292430482,12,203.0,0.25726097834861184,12,203.0,-0.22999999999999976
25400.0,12,289.0,8.757575757575758,7.343920310825935,12,289.0,0.310103021519993,12,289.0,-0.8600000000000003
25405.0,17,351.0,9.75,6.020440998094374,17,351.0,0.21679275252966745,17,351.0,-0.6199999999999997
25410.0,12,270.0,7.9411764705882355,6.665816882566718,12,270.0,0.27544378068206127,12,270.0,0.8099999999999996
25415.0,9,266.0,8.06060606060606,7.228952357514134,9,207.0,0.3297522223151347,9,207.0,0.6300000000000003
25420.0,12,319.0,8.86111111111111,6.597839252080693,12,319.0,0.29148300321119636,12,319.0,-1.12
25425.0,11,225.0,6.617647058823529,6.654458593562243,11,225.0,0.3030334384094801,11,225.0,0.94
25430.0,8,101.0,2.9705882352941178,6.171196023687007,8,52.0,0.2685177219655822,8,52.0,1.73
25435.0,8,138.0,4.181818181818182,7.578408995970469,8,138.0,0.36618413655668536,8,138.0,-0.8599999999999999
25440.0,8,178.0,5.5625,7.482980674973768,8,178.0,0.3435923118085868,8,178.0,-0.40000000000000013
25445.0,9,113.0,3.138888888888889,6.843051012287815,9,113.0,0.29261442815932465,9,113.0,0.6500000000000001
25450.0,7,128.0,3.657142857142857,7.923843110523514,7,83.0,0.3559163872464079,7,83.0,0.29999999999999993
25455.0,8,165.0,4.342105263157895,8.013713330764807,8,165.0,0.3596345577229439,8,165.0,-0.82
25460.0,9,207.0,5.447368421052632,8.455126053319185,9,207.0,0.36597090662966425,9,207.0,-0.41999999999999993
25465.0,10,134.0,3.35,7.549790734278318,10,134.0,0.2961101010168583,10,134.0,0.7299999999999998
25470.0,6,126.0,3.15,8.65884471900734,6,88.0,0.3818350466277649,6,88.0,0.4600000000000001
25475.0,6,156.0,4.105263157894737,9.138362053564766,6,156.0,0.4364611774448692,6,156.0,-0.68
25480.0,8,101.0,2.58974358974359,7.546287231655045,8,101.0,0.29268293247740085,8,101.0,0.55
25485.0,6,114.0,3.081081081081081,8.78755360412003,6,81.0,0.39031196460242606,6,81.0,0.19999999999999996
25490.0,6,144.0,3.891891891891892,7.8976788357958885,6,144.0,0.31820947040989056,6,144.0,-0.6299999999999999
25495.0,7,93.0,2.657142857142857,8.298446216649063,7,93.0,0.3536138312239154,7,93.0,0.5099999999999999
25500.0,7,128.0,3.764705882352941,8.306253387660236,7,56.0,0.34110312249183267,7,56.0,0.37
25505.0,10,173.0,4.942857142857143,7.420191937157297,10,173.0,0.3017108235772056,10,173.0,-1.17
25510.0,7,139.0,4.212121212121212,8.015739136096474,7,139.0,0.3632151330330801,7,139.0,0.3400000000000001
25515.0,8,164.0,4.685714285714286,7.263373387624253,8,136.0,0.3054136718958,8,136.0,0.029999999999999805
25520.0,8,204.0,6.0,8.384184455057706,8,204.0,0.41066474375528533,8,204.0,-0.6799999999999999
25525.0,12,245.0,6.621621621621622,7.332801434599953,12,245.0,0.3128449050979788,12,245.0,-0.41000000000000014
25530.0,8,140.0,4.0,7.89612821745358,8,140.0,0.34507127434181856,8,140.0,1.0500000000000003
25535.0,5,114.0,3.6774193548387095,9.026403657590826,5,55.0,0.4501052683732441,5,55.0,0.8499999999999999
25540.0,8,143.0,4.205882352941177,7.720169771190757,8,143.0,0.35381845319399363,8,143.0,-0.8799999999999999
25545.0,7,60.0,1.8181818181818181,8.028276081772846,7,60.0,0.3887897389781128,7,60.0,0.83
25550.0,7,60.0,1.7142857142857142,6.54875898603698,7,12.0,0.2494545621313212,7,12.0,0.48
25555.0,7,94.0,2.8484848484848486,7.89188871570629,7,94.0,0.3436345486618248,7,94.0,-0.82
25560.0,7,92.0,2.967741935483871,7.855023869166908,7,92.0,0.36156155316708943,7,92.0,0.019999999999999907
25565.0,9,132.0,3.7714285714285714,7.57301489650172,9,119.0,0.3309022530007744,9,119.0,-0.2699999999999999
25570.0,9,177.0,5.363636363636363,8.458357907552898,9,177.0,0.4033127703358192,9,177.0,-0.5800000000000001
25575.0,8,118.0,3.4705882352941178,7.238627360518995,8,118.0,0.3054397191806931,8,118.0,0.5900000000000001
25580.0,6,135.0,3.9705882352941178,8.933349349868662,6,94.0,0.42696676362933816,6,94.0,0.24
25585.0,8,165.0,4.714285714285714,8.148843030545862,8,165.0,0.3777349531670313,8,165.0,-0.71
25590.0,6,108.0,3.176470588235294,8.154441767235875,6,108.0,0.39739803442670557,6,108.0,0.5699999999999998
25595.0,3,73.0,2.28125,8.801725715858648,3,44.0,0.4594507181739784,3,44.0,0.6400000000000001
25600.0,5,92.0,2.6285714285714286,8.081300036310816,5,92.0,0.3921382260776474,5,92.0,-0.48000000000000004
25605.0,6,56.0,1.696969696969697,8.091546056676144,6,56.0,0.3978114379375144,6,56.0,0.36
25610.0,7,87.0,2.4857142857142858,7.277652372904937,7,26.0,0.33011835769343306,7,26.0,0.30000000000000004
25615.0,9,128.0,3.764705882352941,7.807091900026814,9,128.0,0.3543617195902513,9,128.0,-1.02
25620.0,6,108.0,3.176470588235294,8.143176996060483,6,108.0,0.35603110631205304,6,108.0,0.19999999999999996
25625.0,8,145.0,4.027777777777778,7.489420533087294,8,117.0,0.31824340523180716,8,117.0,-0.08999999999999986
25630.0,8,185.0,5.138888888888889,8.321593717384776,8,185.0,0.3957188346329764,8,185.0,-0.6800000000000002
25635.0,7,117.0,3.0,7.397405312628632,7,117.0,0.301989366328114,7,117.0,0.6800000000000002
25640.0,5,127.0,3.6285714285714286,8.869710722828689,5,83.0,0.43194643120120296,5,83.0,0.33999999999999997
25645.0,9,153.0,4.371428571428571,8.436398868143208,9,153.0,0.40517406249919735,9,153.0,-0.7000000000000001
25650.0,5,57.0,1.7272727272727273,8.52559635016682,5,57.0,0.42045880477480374,5,57.0,0.9600000000000001
25655.0,3,16.0,0.5161290322580645,9.424074170197215,3,-27.0,0.4705335312765956,3,-27.0,0.84
25660.0,5,29.0,0.90625,7.872185291971353,5,29.0,0.3377951769139266,5,29.0,-0.56
25665.0,7,40.0,1.25,8.393045832439833,7,40.0,0.3814888837746465,7,40.0,-0.11000000000000004
25670.0,7,75.0,2.142857142857143,7.43216490630726,7,63.0,0.29009651063498837,7,63.0,-0.22999999999999998
25675.0,9,119.0,3.606060606060606,8.036291047383056,9,119.0,0.33606087501881576,9,119.0,-0.5599999999999999
25680.0,6,110.0,3.5483870967741935,7.890824374389858,6,110.0,0.3416185107459407,6,110.0,0.08999999999999986
25685.0,6,110.0,3.4375,7.285006434563399,6,96.0,0.32983604838069214,6,96.0,0.14000000000000012
25690.0,6,140.0,4.516129032258065,8.694069091760362,6,140.0,0.4450175293781256,6,140.0,-0.43999999999999995
25695.0,7,68.0,2.0606060606060606,6.894626186791189,7,68.0,0.30727174848125915,7,68.0,0.7199999999999999
25700.0,5,78.0,2.5161290322580645,8.491693578038648,5,35.0,0.43169357279187004,5,35.0,0.33000000000000007
25705.0,8,103.0,3.0294117647058822,8.44354416105718,8,103.0,0.4182424269338669,8,103.0,-0.68
25710.0,7,85.0,2.5757575757575757,8.263635330573782,7,85.0,0.40430574930835744,7,85.0,0.18000000000000005
25715.0,7,120.0,3.75,9.019220691363394,7,74.0,0.4363587424284724,7,74.0,0.10999999999999999
25720.0,9,160.0,4.571428571428571,8.056974858635707,9,160.0,0.355758912560444,9,160.0,-0.8600000000000001
25725.0,7,125.0,3.5714285714285716,8.441703231351898,7,125.0,0.38260187732939127,7,125.0,0.3500000000000001
25730.0,8,149.0,4.138888888888889,7.286439809467172,8,121.0,0.2822298144493355,8,121.0,0.040000000000000036
25735.0,8,189.0,5.7272727272727275,8.234808455486416,8,189.0,0.38001900872405087,8,189.0,-0.6799999999999999
25740.0,5,94.0,3.032258064516129,7.923739996201625,5,94.0,0.3649914067352238,5,94.0,0.95
25745.0,5,82.0,2.411764705882353,7.624838928333568,5,30.0,0.3307142541448264,5,30.0,0.6399999999999999
25750.0,5,107.0,3.34375,8.767770853252918,5,107.0,0.44536962233114036,5,107.0,-0.77
25755.0,8,128.0,3.764705882352941,7.068875551243141,8,128.0,0.30843221069230964,8,128.0,-0.20999999999999996
25760.0,8,167.0,5.21875,8.044409572270634,8,159.0,0.37494571585268266,8,159.0,-0.31000000000000005
25765.0,11,207.0,6.2727272727272725,7.7049400772651095,11,207.0,0.32810623193891036,11,207.0,-0.47999999999999976
25770.0,10,255.0,7.7272727272727275,7.907420988499287,10,255.0,0.33211782190463845,10,255.0,-0.48
25775.0,10,305.0,9.242424242424242,8.19750199511374,10,305.0,0.34544047382352183,10,305.0,-0.5
25780.0,13,362.0,10.647058823529411,6.702899872104904,13,362.0,0.25219121550270407,13,362.0,-0.5700000000000003
25785.0,10,331.0,10.030303030303031,7.232518183333541,10,331.0,0.3122432457381414,10,331.0,0.31000000000000005
25790.0,10,348.0,10.545454545454545,6.408892471155172,10,319.0,0.284199906420662,10,319.0,0.1200000000000001
25795.0,10,398.0,12.06060606060606,7.457886363486149,10,398.0,0.3607851477343743,10,398.0,-0.79
25800.0,9,211.0,6.806451612903226,6.930246075838827,9,211.0,0.32424741399968754,9,211.0,1.87
25805.0,5,59.0,1.6857142857142857,7.246674582482661,5,-29.0,0.3356000509910746,5,-29.0,2.4
25810.0,5,77.0,2.40625,8.214006178338362,5,77.0,0.4245815197014646,5,77.0,-1.06
25815.0,6,39.0,1.1470588235294117,7.200676408295197,6,39.0,0.3566468245341916,6,39.0,0.38
25820.0,8,78.0,2.3636363636363638,7.692680754740295,8,47.0,0.36380572280702567,8,47.0,-0.07999999999999996
25825.0,11,118.0,3.2777777777777777,7.007322484670045,11,118.0,0.3091128210511024,11,118.0,-0.71
25830.0,9,123.0,3.4166666666666665,7.325085136997092,9,123.0,0.3163296379827139,9,123.0,-0.050000000000000044
25835.0,6,119.0,3.4,8.493599380429185,6,106.0,0.4166019850392406,6,106.0,0.16999999999999993
25840.0,9,152.0,4.0,7.660401098423281,9,152.0,0.3237244338490814,9,152.0,-0.45999999999999996
25845.0,8,79.0,2.1944444444444446,7.795757960469942,8,79.0,0.3324462710701811,8,79.0,0.73
25850.0,9,86.0,2.324324324324324,6.856223909435165,9,43.0,0.2779092323412157,9,43.0,0.36000000000000004
25855.0,8,126.0,3.6,8.058345908947862,8,126.0,0.3781597332505205,8,126.0,-0.8300000000000001
25860.0,6,81.0,2.3142857142857145,8.026911232877152,6,81.0,0.3725626250947719,6,81.0,0.44999999999999996
25865.0,7,102.0,2.7567567567567566,7.711094853428045,7,73.0,0.3374290652282392,7,73.0,0.08000000000000007
25870.0,7,137.0,3.914285714285714,8.639015646925206,7,137.0,0.4350822577895169,7,137.0,-0.6400000000000001
25875.0,7,84.0,2.3333333333333335,6.9802185991793415,7,84.0,0.30774942701479685,7,84.0,0.5300000000000001
25880.0,5,94.0,2.611111111111111,8.379138393939606,5,66.0,0.42939623089247086,5,66.0,0.17999999999999994
25885.0,8,119.0,3.051282051282051,8.55257980834571,8,119.0,0.43362106486595875,8,119.0,-0.5299999999999999
25890.0,7,151.0,4.081081081081081,8.439834202420126,7,151.0,0.4173593659758082,7,151.0,-0.32000000000000006
25895.0,4,94.0,2.8484848484848486,8.412973337603457,4,94.0,0.4302881661383856,4,94.0,0.5700000000000001
25900.0,5,105.0,2.9166666666666665,7.685857181198035,5,72.0,0.3481648613217411,5,72.0,0.21999999999999997
25905.0,6,134.0,3.8285714285714287,8.738393035615799,6,134.0,0.445228589332546,6,134.0,-0.6200000000000001
25910.0,8,165.0,4.714285714285714,7.638561209667832,8,165.0,0.34182447093650226,8,165.0,-0.30999999999999983
25915.0,6,111.0,3.1714285714285713,8.268981511710155,6,111.0,0.36453589889748494,6,111.0,0.5399999999999998
25920.0,7,144.0,4.235294117647059,8.31075289085071,7,73.0,0.35583979011416617,7,73.0,0.3800000000000001
25925.0,9,181.0,4.7631578947368425,7.566895393434683,9,178.0,0.30297659461989,9,178.0,-1.05
25930.0,6,94.0,2.5405405405405403,8.360159012770096,6,94.0,0.35814039393202957,6,94.0,0.8400000000000001
25935.0,6,89.0,2.6176470588235294,7.849109148061842,6,38.0,0.34168432259688664,6,38.0,0.5599999999999999
25940.0,6,119.0,3.838709677419355,8.862367119606951,6,119.0,0.4453139335624778,6,119.0,-0.8099999999999999
25945.0,9,149.0,4.515151515151516,7.771293519147731,9,149.0,0.3284803399662793,9,149.0,-0.30000000000000004
25950.0,5,70.0,2.1875,8.433672109877607,5,70.0,0.38923655341895474,5,70.0,0.79
25955.0,3,63.0,2.1,9.515354732572886,3,19.0,0.48926665115254325,3,19.0,0.51
25960.0,5,82.0,2.5625,8.204684578348457,5,82.0,0.371553630319177,5,82.0,-0.6299999999999999
25965.0,4,22.0,0.7096774193548387,8.97855376123067,4,22.0,0.4388364402964829,4,22.0,0.6
25970.0,3,29.0,0.8529411764705882,8.458612251392703,3,-9.0,0.38157402554253683,3,-9.0,0.31
25975.0,5,54.0,1.6363636363636365,9.118162672190094,5,54.0,0.4450776487466321,5,54.0,-0.63
25980.0,3,51.0,1.6451612903225807,9.04684562326936,3,51.0,0.46724862882694035,3,51.0,0.030000000000000027
25985.0,4,70.0,2.0588235294117645,8.549254438848042,4,57.0,0.39256724855717234,4,57.0,-0.05999999999999994
25990.0,5,95.0,2.878787878787879,9.399349607711192,5,95.0,0.4692927506351299,5,95.0,-0.38
25995.0,5,112.0,3.2941176470588234,8.091695424009163,5,112.0,0.3452142352361743,5,112.0,-0.17000000000000015
26000.0,6,141.0,4.548387096774194,9.02372008658511,6,136.0,0.4282502207523607,6,136.0,-0.24
26005.0,9,171.0,5.029411764705882,8.51388120327747,9,171.0,0.38736515488100115,9,171.0,-0.34999999999999987
26010.0,8,208.0,6.117647058823529,8.7210023375409,8,208.0,0.3882930768241975,8,208.0,-0.3700000000000001
26015.0,5,114.0,3.6774193548387095,8.78902347808019,5,114.0,0.3980047786034033,5,114.0,0.9400000000000002
26020.0,6,104.0,3.3548387096774195,7.509078671634436,6,54.0,0.3304563775969399,6,54.0,0.5999999999999999
26025.0,6,134.0,4.620689655172414,8.716213877513997,6,134.0,0.44249573062016634,6,134.0,-0.8
26030.0,6,84.0,2.8,6.5691486957417995,6,84.0,0.28406777867658983,6,84.0,0.5000000000000001
26035.0,8,124.0,4.133333333333334,7.714330379558547,8,58.0,0.3465120770436001,8,58.0,0.26
26040.0,8,164.0,5.857142857142857,7.989180318710006,8,164.0,0.36548954911142056,8,164.0,-1.06
26045.0,8,98.0,3.161290322580645,6.917705108335519,8,98.0,0.2853066646704809,8,98.0,0.6599999999999999
26050.0,6,109.0,3.5161290322580645,8.274093029195287,6,65.0,0.3936046491133777,6,65.0,0.32999999999999996
26055.0,7,141.0,4.147058823529412,7.686901831556074,7,141.0,0.35420702669834997,7,141.0,-0.7599999999999999
26060.0,9,183.0,5.903225806451613,8.075611842620345,9,183.0,0.37545873882386455,9,183.0,-0.42000000000000015
26065.0,12,228.0,6.705882352941177,6.978810616315954,12,228.0,0.2638998544027935,12,228.0,-0.44999999999999973
26070.0,12,286.0,8.411764705882353,7.554987291956788,12,286.0,0.29651949879838857,12,286.0,-0.5800000000000001
26075.0,12,346.0,10.484848484848484,7.449571815456803,12,346.0,0.2973698525978978,12,346.0,-0.6000000000000001
26080.0,12,265.0,8.030303030303031,6.128358164014903,12,265.0,0.2279599550498526,12,265.0,0.81
26085.0,9,268.0,8.64516129032258,7.041108912003936,9,212.0,0.3193960494331363,9,212.0,0.5299999999999998
26090.0,11,316.0,9.575757575757576,6.227481493538351,11,316.0,0.2833574286234921,11,316.0,-1.04
26095.0,10,293.0,8.878787878787879,6.781605125999127,10,293.0,0.3143874897529916,10,293.0,0.22999999999999998
26100.0,9,332.0,10.06060606060606,7.096134796572416,9,299.0,0.3071149038918259,9,299.0,-0.06000000000000005
26105.0,11,385.0,10.694444444444445,6.983373942950463,11,385.0,0.3040231931155881,11,385.0,-0.8599999999999999
26110.0,9,211.0,6.393939393939394,7.366715157950549,8,210.0,0.35329318466374365,8,210.0,1.75
26115.0,7,65.0,1.8571428571428572,6.473528444240661,7,-13.0,0.25542512401823886,7,-13.0,2.23
26120.0,5,85.0,2.4285714285714284,8.153758998985781,5,85.0,0.37161222624334755,5,85.0,-0.98
26125.0,8,32.0,0.8648648648648649,7.579296401601809,8,32.0,0.32892946441271026,8,32.0,0.53
26130.0,9,60.0,1.6216216216216217,7.574756892975088,9,32.0,0.31462340726370674,9,32.0,0.0
26135.0,9,105.0,2.8378378378378377,7.942315643454189,9,105.0,0.3368549592735445,9,105.0,-0.73
26140.0,11,108.0,2.8421052631578947,6.6278061005276,11,108.0,0.2474117405536209,11,108.0,-0.030000000000000027
26145.0,6,77.0,2.138888888888889,7.787978782917126,6,63.0,0.33284043118572687,6,63.0,0.45000000000000007
26150.0,7,108.0,3.0,7.1132127726215835,7,108.0,0.30662247542584875,7,108.0,-0.45000000000000007
26155.0,8,148.0,4.111111111111111,8.232323422923884,8,148.0,0.37482296432779905,8,148.0,-0.3999999999999999
26160.0,8,188.0,5.371428571428571,8.416063085019356,8,188.0,0.37970444053923674,8,188.0,-0.3999999999999999
26165.0,7,121.0,3.27027027027027,7.715794248205659,7,121.0,0.30629288040209757,7,121.0,0.6699999999999999
26170.0,5,127.0,3.5277777777777777,9.025993394634067,5,82.0,0.4310879513043166,5,82.0,0.39
26175.0,6,154.0,4.052631578947368,8.498443867183259,6,154.0,0.38412417595032294,6,154.0,-0.7200000000000001
26180.0,5,75.0,2.027027027027027,8.716700810123779,5,75.0,0.4077028637135648,5,75.0,0.79
26185.0,5,64.0,1.6842105263157894,8.548889953428153,5,26.0,0.396239139134234,5,26.0,0.49
26190.0,5,85.0,2.2972972972972974,9.079345981596457,5,85.0,0.4477814562483857,5,85.0,-0.59
26195.0,4,88.0,2.5142857142857142,9.371121171988156,4,88.0,0.4883135415429557,4,88.0,-0.030000000000000027
26200.0,6,112.0,3.111111111111111,8.445460424240586,6,99.0,0.37934198844146216,6,99.0,-0.10999999999999999
26205.0,7,145.0,4.264705882352941,8.88580855863431,7,145.0,0.4200587908787436,7,145.0,-0.45999999999999996
26210.0,6,97.0,2.6944444444444446,7.436267129049885,6,97.0,0.2814521489116215,6,97.0,0.48
26215.0,8,137.0,4.151515151515151,8.255064473246813,8,70.0,0.3570518908246475,8,70.0,0.27
26220.0,8,177.0,5.53125,8.463266408385332,8,177.0,0.3855468996255325,8,177.0,-1.07
26225.0,8,109.0,3.1142857142857143,7.309796730150703,8,109.0,0.2857060862893997,8,109.0,0.6799999999999999
26230.0,6,120.0,3.75,8.480192972228089,6,76.0,0.39993488056305154,6,76.0,0.33000000000000007
26235.0,8,153.0,4.5,7.662114088336045,8,153.0,0.3429168397924369,8,153.0,-0.77
26240.0,6,80.0,2.4242424242424243,8.378568734235046,6,80.0,0.3941639033094074,6,80.0,0.73
26245.0,6,76.0,2.375,7.904503021446196,6,33.0,0.35272340587122597,6,33.0,0.47000000000000003
26250.0,6,104.0,3.3548387096774195,8.468932611578309,6,104.0,0.40823263261829534,6,104.0,-0.71
26255.0,5,43.0,1.3870967741935485,8.26138044070522,5,43.0,0.4031026090339585,5,43.0,0.6100000000000001
26260.0,7,59.0,1.84375,7.118560379998196,7,19.0,0.3114532131265568,7,19.0,0.24
26265.0,7,94.0,3.1333333333333333,8.311630442863336,7,94.0,0.4242523022897969,7,94.0,-0.75
26270.0,7,119.0,3.606060606060606,7.101673993224764,7,119.0,0.3132950820916912,7,119.0,-0.25
26275.0,9,162.0,4.909090909090909,7.969069747970212,9,156.0,0.33658462898613356,9,156.0,-0.3700000000000001
26280.0,9,207.0,6.2727272727272725,8.068839986615957,9,207.0,0.34250018261272946,9,207.0,-0.5099999999999998
26285.0,8,166.0,4.742857142857143,7.129372501628105,8,166.0,0.27328202422182185,8,166.0,0.4099999999999999
26290.0,7,183.0,5.545454545454546,8.014100595629248,7,154.0,0.3709254181675521,7,154.0,0.11999999999999988
26295.0,9,222.0,6.3428571428571425,7.507396878916264,9,222.0,0.34948216559868933,9,222.0,-0.6800000000000002
26300.0,7,109.0,3.2058823529411766,7.978989471821184,7,109.0,0.37668111616214156,7,109.0,1.1300000000000001
26305.0,7,74.0,2.0,7.597102435337982,7,16.0,0.3369488892781355,7,16.0,0.93
26310.0,6,103.0,2.942857142857143,8.65831826453531,6,103.0,0.4229757668869183,6,103.0,-0.87
26315.0,5,41.0,1.28125,8.551919247136121,5,41.0,0.41912984412591764,5,41.0,0.6200000000000001
26320.0,7,56.0,1.6470588235294117,7.51063124120074,7,16.0,0.31992214402115754,7,16.0,0.24999999999999997
26325.0,7,91.0,2.935483870967742,8.523886271106269,7,91.0,0.41793478051895455,7,91.0,-0.75
26330.0,8,127.0,3.735294117647059,7.133863005079649,8,127.0,0.30314654337556984,8,127.0,-0.36
26335.0,6,89.0,2.6176470588235294,8.121934189757706,6,89.0,0.3543042214558476,6,89.0,0.38
26340.0,5,109.0,3.2058823529411766,8.86371351495827,5,77.0,0.40979433159436274,5,77.0,0.12
26345.0,7,140.0,3.888888888888889,8.256111504177273,7,140.0,0.359060623949668,7,140.0,-0.6299999999999999
26350.0,4,68.0,1.9428571428571428,8.813684050334661,4,68.0,0.41413641645969995,4,68.0,0.7199999999999999
26355.0,3,50.0,1.3513513513513513,8.304388657324102,3,17.0,0.36325917752484277,3,17.0,0.51
26360.0,4,70.0,2.0,9.726803770422944,4,70.0,0.49302665132965323,4,70.0,-0.5299999999999999
26365.0,6,47.0,1.3823529411764706,8.482867541795335,6,47.0,0.3787456664222964,6,47.0,0.22999999999999998
26370.0,7,80.0,2.4242424242424243,8.727172452058298,7,39.0,0.3877607971876072,7,39.0,0.07999999999999996
26375.0,7,115.0,3.7096774193548385,9.068592543955223,7,115.0,0.4240726366011453,7,115.0,-0.7599999999999999
26380.0,6,120.0,3.870967741935484,7.366103644883518,6,120.0,0.3033262171091725,6,120.0,-0.050000000000000044
26385.0,7,155.0,5.0,8.346186072963057,7,142.0,0.39328215671174055,7,142.0,-0.21999999999999997
26390.0,8,192.0,5.647058823529412,7.131009687629147,8,192.0,0.30388956363588876,8,192.0,-0.5
26395.0,7,151.0,4.4411764705882355,7.690663333497828,7,151.0,0.35751497078829975,7,151.0,0.4099999999999999
26400.0,5,170.0,5.483870967741935,8.49128232626689,5,135.0,0.4111417423361353,5,135.0,0.15999999999999992
26405.0,6,200.0,6.25,8.029603774255127,6,200.0,0.36955704270317496,6,200.0,-0.6499999999999999
26410.0,5,70.0,2.1875,8.510226581232677,5,70.0,0.40947302607147656,5,70.0,1.3
26415.0,3,19.0,0.59375,7.88227973204625,3,-44.0,0.3521004051774657,3,-44.0,1.14
26420.0,4,39.0,1.2580645161290323,9.555762092285699,4,39.0,0.4779937574392257,4,39.0,-0.8300000000000001
26425.0,9,64.0,1.9393939393939394,8.096257286212658,9,64.0,0.3451767279270454,9,64.0,-0.25
26430.0,9,106.0,3.3125,8.55145257909199,9,106.0,0.35655635808918024,9,106.0,-0.42000000000000004
26435.0,9,151.0,5.033333333333333,8.663439395273652,9,151.0,0.38350958564075655,9,151.0,-0.44999999999999996
26440.0,8,153.0,4.636363636363637,7.170349125732459,8,153.0,0.27856813902600497,8,153.0,-0.020000000000000018
26445.0,8,193.0,6.225806451612903,7.787327215076795,8,180.0,0.3653023449115097,8,180.0,-0.27
26450.0,9,235.0,6.911764705882353,6.462170024896179,9,235.0,0.2830768737427,9,235.0,-0.55
26455.0,9,174.0,5.4375,7.101694427377495,9,174.0,0.31860913052206574,9,174.0,0.6100000000000001
26460.0,7,184.0,6.133333333333334,7.612764539862734,7,141.0,0.369185249912235,7,141.0,0.33000000000000007
26465.0,9,226.0,6.848484848484849,7.2294887307366045,9,226.0,0.34669021062683797,9,226.0,-0.8499999999999999
26470.0,7,110.0,3.5483870967741935,7.785525704285959,7,110.0,0.3920171393094253,7,110.0,1.1599999999999997
26475.0,5,69.0,2.0294117647058822,7.320838782316107,5,9.0,0.33578429976454843,5,9.0,1.01
26480.0,6,99.0,3.09375,8.729258255090139,6,99.0,0.447699451413622,6,99.0,-0.9
26485.0,8,44.0,1.2571428571428571,7.833633630581503,8,44.0,0.3553501223954128,8,44.0,0.55
26490.0,6,62.0,1.7714285714285714,8.497949395444662,6,33.0,0.41081818446033375,6,33.0,0.10999999999999999
26495.0,6,92.0,2.7058823529411766,9.116617960586396,6,92.0,0.4867341252780148,6,92.0,-0.5900000000000001
26500.0,9,128.0,3.657142857142857,7.40450582907729,9,128.0,0.3488270783164562,9,128.0,-0.36
26505.0,9,173.0,5.088235294117647,8.075308344190319,9,173.0,0.3815722653380255,9,173.0,-0.44999999999999996
26510.0,10,219.0,5.918918918918919,6.872223461959622,10,219.0,0.26316011123198646,10,219.0,-0.45999999999999996
26515.0,10,255.0,7.285714285714286,7.191709873046779,10,255.0,0.30162291539147545,10,255.0,-0.3599999999999999
26520.0,10,305.0,9.53125,7.255184236488164,10,293.0,0.3309906620107391,10,293.0,-0.38000000000000034
26525.0,11,359.0,9.972222222222221,6.583275783795143,11,359.0,0.272634247530888,11,359.0,-0.6599999999999997
26530.0,12,419.0,11.63888888888889,7.314553818048982,12,419.0,0.3121811600987432,12,419.0,-0.6000000000000005
26535.0,15,482.0,12.68421052631579,6.335548490137514,15,482.0,0.2197196867519162,15,482.0,-0.6299999999999999
26540.0,15,557.0,15.914285714285715,6.935449396842429,15,557.0,0.2730242289183397,15,557.0,-0.75
26545.0,16,426.0,12.17142857142857,5.652289016302893,16,426.0,0.21766324841100357,16,426.0,1.3100000000000005
26550.0,10,357.0,10.5,6.555854638249259,10,284.0,0.3060868242291861,10,284.0,1.42
26555.0,10,407.0,12.71875,6.961032794604364,10,407.0,0.3463098642719595,10,407.0,-1.2300000000000004
26560.0,13,465.0,13.676470588235293,5.730457067005712,13,465.0,0.2772118694545341,13,465.0,-0.5800000000000001
26565.0,11,289.0,8.5,6.165789634914985,11,289.0,0.2879996043490003,11,289.0,1.7600000000000002
26570.0,8,109.0,3.1142857142857143,5.324702010155447,8,31.0,0.24870218334465058,8,31.0,2.58
26575.0,7,126.0,3.6,7.199803547777586,7,126.0,0.3822280661005659,7,126.0,-0.95
26580.0,7,161.0,4.735294117647059,7.888789779755409,7,161.0,0.4187143753370066,7,161.0,-0.3500000000000001
26585.0,9,90.0,2.3684210526315788,6.773258974407744,9,90.0,0.31821153350858267,9,90.0,0.7100000000000001
26590.0,7,107.0,2.8157894736842106,7.914992823399859,7,61.0,0.3947557235680955,7,61.0,0.29000000000000004
26595.0,8,143.0,3.4878048780487805,7.489727239025385,8,143.0,0.36428630129553513,8,143.0,-0.82
26600.0,9,149.0,3.6341463414634148,7.978609315672415,9,149.0,0.408393049153239,9,149.0,-0.06000000000000005
26605.0,12,194.0,4.409090909090909,7.427945261544831,12,158.0,0.31335051587725365,12,158.0,-0.09000000000000008
26610.0,12,250.0,5.681818181818182,7.446504902124129,12,250.0,0.3090632915577356,12,250.0,-0.9199999999999999
26615.0,9,180.0,4.390243902439025,8.093350353074866,9,180.0,0.38334898053256294,9,180.0,0.7
26620.0,8,188.0,4.82051282051282,7.4070250322238715,8,140.0,0.31400086491948953,8,140.0,0.40000000000000013
26625.0,10,237.0,6.2368421052631575,7.674487152425923,10,237.0,0.3550720201730303,10,237.0,-0.9700000000000002
26630.0,12,290.0,7.631578947368421,6.383407490640733,12,290.0,0.23293588686958205,12,290.0,-0.5299999999999998
26635.0,9,269.0,7.078947368421052,6.98342269548272,9,269.0,0.28641306486894885,9,269.0,0.20999999999999996
26640.0,8,303.0,8.657142857142857,7.527578169529524,8,270.0,0.3580616599093354,8,270.0,-0.010000000000000231
26645.0,10,349.0,9.694444444444445,7.120258276591144,10,349.0,0.32092708349657484,10,349.0,-0.79
26650.0,8,199.0,5.852941176470588,7.483855820008125,7,198.0,0.3679582364322697,7,198.0,1.5100000000000002
26655.0,5,52.0,1.4857142857142858,7.1118230352921215,5,-11.0,0.31954688985788804,5,-11.0,2.09
26660.0,3,60.0,1.7142857142857142,8.358205117097045,3,60.0,0.43564826601824364,3,60.0,-0.71
26665.0,10,85.0,2.236842105263158,7.199670771742767,10,85.0,0.34517708763669136,10,85.0,-0.25
26670.0,11,134.0,3.526315789473684,7.326417130645844,11,134.0,0.3185191562222975,11,134.0,-0.4900000000000001
26675.0,11,189.0,5.108108108108108,7.938511039066438,11,189.0,0.36436370555774805,11,189.0,-0.5499999999999998
26680.0,9,193.0,5.078947368421052,6.854282809149969,9,193.0,0.2687698510314598,9,193.0,-0.040000000000000036
26685.0,7,165.0,4.45945945945946,7.643562535176845,7,151.0,0.33229860845492537,7,151.0,0.41999999999999993
26690.0,9,201.0,5.4324324324324325,7.244466360714969,9,201.0,0.3252565164816932,9,201.0,-0.4999999999999998
26695.0,9,132.0,3.7714285714285714,7.023063596747792,9,132.0,0.2967601570189262,9,132.0,0.6899999999999997
26700.0,8,151.0,4.4411764705882355,7.091818573670174,8,105.0,0.2943743572803238,8,105.0,0.27
26705.0,10,198.0,5.5,6.8672102067384575,10,198.0,0.29273640884334806,10,198.0,-0.9299999999999999
26710.0,9,204.0,6.0,7.151398400585913,9,204.0,0.3272043458112054,9,204.0,-0.06000000000000005
26715.0,7,215.0,5.8108108108108105,6.726045959769798,7,202.0,0.28249847427949876,7,202.0,0.020000000000000018
26720.0,9,260.0,7.428571428571429,7.997492265585689,9,260.0,0.3840549489150483,9,260.0,-0.5800000000000001
26725.0,11,262.0,7.081081081081081,6.823942024969606,10,261.0,0.28374582999799514,10,261.0,-0.009999999999999787
26730.0,9,304.0,8.216216216216216,7.689933081106941,9,290.0,0.31184029998998825,9,290.0,-0.29000000000000004
26735.0,9,349.0,9.432432432432432,7.808741182778569,9,349.0,0.33598879856117236,9,349.0,-0.5900000000000003
26740.0,11,228.0,5.846153846153846,6.437015084247536,11,228.0,0.24502106294876164,11,228.0,1.2100000000000004
26745.0,11,283.0,7.447368421052632,7.213589741268005,11,169.0,0.2994254843970765,11,169.0,0.5899999999999999
26750.0,12,339.0,8.692307692307692,6.358430197193603,12,339.0,0.2257878578150267,12,339.0,-1.7000000000000002
26755.0,11,220.0,5.945945945945946,7.044795624107847,11,220.0,0.287930735193512,11,220.0,1.19
26760.0,7,162.0,4.5,7.147201747459513,7,94.0,0.2995233741167707,7,94.0,1.2600000000000002
26765.0,9,204.0,5.368421052631579,7.268444821159929,9,204.0,0.3264924040197124,9,204.0,-1.1
26770.0,9,169.0,4.5675675675675675,7.389337991374006,9,169.0,0.3287632138931215,9,169.0,0.3500000000000001
26775.0,10,204.0,5.230769230769231,6.904130613867137,10,175.0,0.27566833056807005,10,175.0,-0.06000000000000005
26780.0,10,254.0,7.257142857142857,7.825058061322442,10,254.0,0.3631155874498408,10,254.0,-0.79
26785.0,11,254.0,6.864864864864865,6.557684891821761,11,254.0,0.27901969954456296,11,254.0,0.0
26790.0,8,281.0,7.594594594594595,7.746943421272474,8,268.0,0.3531037988819155,8,268.0,-0.14000000000000012
26795.0,8,321.0,8.916666666666666,8.221028190911268,8,321.0,0.38394783362043117,8,321.0,-0.5299999999999998
26800.0,11,368.0,9.435897435897436,7.081274555512364,11,368.0,0.2658049681447709,11,368.0,-0.4700000000000002
26805.0,8,193.0,4.948717948717949,7.666386244524726,8,193.0,0.2964030382893569,8,193.0,1.7500000000000002
26810.0,5,50.0,1.2820512820512822,7.3379850148266295,5,-28.0,0.2823404913624988,5,-28.0,2.21
26815.0,5,71.0,1.8205128205128205,8.816771039655759,5,71.0,0.39574709507908734,5,71.0,-0.99
26820.0,7,92.0,2.4210526315789473,7.970970901304587,7,92.0,0.31209133755297325,7,92.0,-0.21000000000000008
26825.0,10,139.0,3.5641025641025643,7.800462793100424,10,134.0,0.2921424912137387,10,134.0,-0.42000000000000004
26830.0,10,189.0,5.4,8.030358504544788,10,189.0,0.33632706667082857,10,189.0,-0.5499999999999998
26835.0,9,135.0,3.6486486486486487,7.120995208826108,9,135.0,0.26798357060976796,9,135.0,0.5399999999999998
26840.0,7,154.0,4.4,8.437970283773925,7,110.0,0.38855415508629076,7,110.0,0.25
26845.0,9,189.0,5.108108108108108,8.475758241588009,9,189.0,0.3963658912690305,9,189.0,-0.7899999999999998
26850.0,9,232.0,6.628571428571429,8.28844417923178,9,232.0,0.3925579367217756,9,232.0,-0.42999999999999994
26855.0,9,277.0,8.393939393939394,8.383205581578933,9,277.0,0.3854639424747891,9,277.0,-0.4500000000000002
26860.0,10,205.0,5.694444444444445,7.026470174990617,10,205.0,0.2746710044556699,10,205.0,0.7200000000000002
26865.0,5,105.0,3.1818181818181817,7.993986147441631,5,67.0,0.3773152415689729,5,67.0,1.38
26870.0,5,130.0,3.823529411764706,7.677353930293329,5,130.0,0.3575893929725597,5,130.0,-0.63
26875.0,8,76.0,2.375,6.930523915923624,8,76.0,0.31803039148798645,8,76.0,0.54
26880.0,9,121.0,3.903225806451613,7.9963156474063775,9,49.0,0.3913561754956078,9,49.0,0.27
26885.0,9,166.0,4.742857142857143,7.232028872831185,9,166.0,0.32141842072440346,9,166.0,-1.17
26890.0,8,170.0,5.0,7.39472109788273,8,170.0,0.3159226652361944,8,170.0,-0.040000000000000036
26895.0,9,194.0,5.388888888888889,6.932739144619845,9,181.0,0.2864776714824603,9,181.0,-0.1100000000000001
26900.0,9,239.0,7.029411764705882,8.203267512720494,9,239.0,0.3899156536029922,9,239.0,-0.5800000000000001
26905.0,11,149.0,4.138888888888889,7.136991897745148,11,149.0,0.3123095431791168,11,149.0,0.9000000000000001
26910.0,7,145.0,4.027777777777778,8.1519449753273,7,92.0,0.36771381971332795,7,92.0,0.57
26915.0,7,180.0,5.142857142857143,9.013812780366136,7,180.0,0.4490403181399476,7,180.0,-0.88
26920.0,11,224.0,6.222222222222222,7.31999217126133,11,224.0,0.3110008257955854,11,224.0,-0.44000000000000017
26925.0,11,279.0,8.454545454545455,7.676861762665992,11,279.0,0.331597049705992,11,279.0,-0.5499999999999998
26930.0,13,337.0,9.628571428571428,6.208420648357153,13,337.0,0.216425018117159,13,337.0,-0.5800000000000001
26935.0,11,215.0,6.323529411764706,6.788635667222593,11,215.0,0.27330484476269734,11,215.0,1.2200000000000002
26940.0,7,157.0,4.757575757575758,7.142146165850268,7,86.0,0.3232859072551562,7,86.0,1.29
26945.0,8,196.0,5.444444444444445,7.329611183465452,8,196.0,0.3514031705698629,8,196.0,-1.1
26950.0,9,123.0,3.5142857142857142,7.130020926961509,9,123.0,0.3319539147826324,9,123.0,0.73
26955.0,9,132.0,3.5675675675675675,6.76023956298625,9,89.0,0.29321862889180556,9,89.0,0.33999999999999997
26960.0,9,177.0,4.783783783783784,8.121662666299251,9,177.0,0.3957248632040107,9,177.0,-0.88
26965.0,10,97.0,2.5526315789473686,6.805995469441089,10,97.0,0.2917201425637318,10,97.0,0.8
26970.0,7,99.0,2.675675675675676,7.859390739847927,7,56.0,0.37679602132515555,7,56.0,0.4099999999999999
26975.0,7,134.0,3.7222222222222223,8.49429236704041,7,134.0,0.44107545431595857,7,134.0,-0.78
26980.0,8,82.0,2.2777777777777777,6.943726570785541,8,82.0,0.2988785872948505,8,82.0,0.5200000000000001
26985.0,6,67.0,1.8611111111111112,8.278568626528704,6,39.0,0.375408917953411,6,39.0,0.42999999999999994
26990.0,6,97.0,2.4871794871794872,8.045850061496113,6,97.0,0.3508530103290912,6,97.0,-0.58
26995.0,7,61.0,1.6944444444444444,7.811421928652231,7,61.0,0.3276131451362173,7,61.0,0.36
27000.0,6,89.0,2.6176470588235294,7.989887979855966,6,61.0,0.3441056164210868,6,61.0,0.0
27005.0,8,126.0,3.3157894736842106,8.043736916018373,8,126.0,0.3490488245602937,8,126.0,-0.65
27010.0,7,136.0,3.675675675675676,8.549064507206266,7,136.0,0.39120442820270523,7,136.0,-0.10000000000000009
27015.0,10,176.0,4.756756756756757,7.589912109695539,10,151.0,0.28771235037450776,10,151.0,-0.1499999999999999
27020.0,10,226.0,6.457142857142857,8.119486200780374,10,226.0,0.3499532062129199,10,226.0,-0.7499999999999998
27025.0,9,147.0,4.083333333333333,7.381907244674917,9,147.0,0.2915689183630541,9,147.0,0.7899999999999998
27030.0,7,144.0,4.0,7.98230428962594,7,101.0,0.3508193863502893,7,101.0,0.45999999999999996
27035.0,7,179.0,4.972222222222222,8.644427464123599,7,179.0,0.40831829456391505,7,179.0,-0.78
27040.0,9,92.0,2.6285714285714286,7.020196150595863,9,92.0,0.2809693775791792,9,92.0,0.87
27045.0,6,78.0,2.4375,7.877431654958482,6,35.0,0.34509457036325836,6,35.0,0.5700000000000001
27050.0,7,109.0,3.2058823529411766,7.109244483951863,7,109.0,0.29971967725511894,7,109.0,-0.7400000000000001
27055.0,7,68.0,2.125,7.5912103515444915,7,68.0,0.3407293901260251,7,68.0,0.41000000000000003
27060.0,6,92.0,2.875,8.34048552042822,6,56.0,0.3845788994852831,6,56.0,0.12
27065.0,8,126.0,3.5,7.890314870599503,8,126.0,0.34936751341194827,8,126.0,-0.7
27070.0,5,81.0,2.3823529411764706,8.649165935127016,5,81.0,0.41722800699644264,5,81.0,0.44999999999999996
27075.0,5,95.0,2.638888888888889,8.49497826503307,5,67.0,0.3928653273469905,5,67.0,0.14
27080.0,6,124.0,3.5428571428571427,9.349672441644488,6,124.0,0.46442598606093544,6,124.0,-0.57
27085.0,5,68.0,1.9428571428571428,9.03232042314174,5,68.0,0.4511029688392036,5,68.0,0.5599999999999999
27090.0,4,70.0,2.0588235294117645,9.169608095419244,4,42.0,0.4330398280659087,4,42.0,0.26000000000000006
27095.0,4,90.0,2.6470588235294117,9.99717824935998,4,90.0,0.5063413185451529,4,90.0,-0.48000000000000004
27100.0,5,103.0,3.121212121212121,8.239426873987185,5,103.0,0.3463303216295133,5,103.0,-0.13
27105.0,6,133.0,4.15625,8.99100852441238,6,127.0,0.4182918362752752,6,127.0,-0.24
27110.0,7,164.0,4.823529411764706,7.916390826110957,7,164.0,0.30060379264161713,7,164.0,-0.3699999999999999
27115.0,5,120.0,3.6363636363636362,8.426124561231656,5,120.0,0.3640180302027652,5,120.0,0.43999999999999995
27120.0,5,135.0,4.5,8.995854047176094,5,101.0,0.4484444379733578,5,101.0,0.18999999999999995
27125.0,6,157.0,4.90625,7.371113576771584,6,157.0,0.32546890737198214,6,157.0,-0.56
27130.0,5,65.0,2.096774193548387,8.627189849363132,5,65.0,0.4144232159019485,5,65.0,0.92
27135.0,8,98.0,3.0625,7.547167180246143,8,11.0,0.3465947986676633,8,11.0,0.54
27140.0,9,141.0,4.40625,8.268509747153121,9,141.0,0.39442452442926135,9,141.0,-1.2999999999999998
27145.0,9,156.0,5.032258064516129,7.204618331375835,9,156.0,0.3208304522734437,9,156.0,-0.15000000000000013
27150.0,9,201.0,6.483870967741935,7.665965640286628,9,184.0,0.35980659659898384,9,184.0,-0.28
27155.0,9,246.0,7.935483870967742,7.995423399407933,9,246.0,0.38085219335252646,9,246.0,-0.6199999999999999
27160.0,9,150.0,4.545454545454546,6.6187660926906995,9,150.0,0.26271619959349946,9,150.0,0.96
27165.0,7,141.0,4.548387096774194,7.647692409880197,7,84.0,0.3475788960301158,7,84.0,0.66
27170.0,8,178.0,5.235294117647059,7.4443484568453835,8,178.0,0.34537398807167113,8,178.0,-0.9400000000000001
27175.0,9,209.0,6.53125,7.376578096074401,9,209.0,0.33767545807034416,9,209.0,-0.30999999999999983
27180.0,9,254.0,8.193548387096774,7.638582884411978,9,245.0,0.34361785522925703,9,245.0,-0.3600000000000003
27185.0,11,307.0,9.303030303030303,6.8178073002030875,11,307.0,0.3046974915474329,11,307.0,-0.6199999999999997
27190.0,8,185.0,5.606060606060606,7.55529794564989,8,185.0,0.33418530280648034,8,185.0,1.2199999999999998
27195.0,5,96.0,2.742857142857143,7.333611156220939,5,40.0,0.3061735719903339,5,40.0,1.4500000000000002
27200.0,6,125.0,3.5714285714285716,8.730497994306832,6,125.0,0.4125646748766242,6,125.0,-0.85
27205.0,10,74.0,2.0555555555555554,7.329804605648452,10,74.0,0.30664292533361764,10,74.0,0.51
27210.0,7,93.0,2.657142857142857,8.183273486265737,7,65.0,0.35607638355518434,7,65.0,0.08999999999999997
27215.0,7,128.0,3.764705882352941,8.475694520381046,7,128.0,0.40090384939449974,7,128.0,-0.63
27220.0,10,113.0,3.2285714285714286,6.627018700267018,10,113.0,0.274263384737955,10,113.0,0.15000000000000013
27225.0,10,163.0,4.9393939393939394,7.252064505930137,10,106.0,0.33599308277099316,10,106.0,0.06999999999999984
27230.0,11,214.0,5.944444444444445,6.211981687231124,11,214.0,0.23687666379268596,11,214.0,-1.08
27235.0,10,194.0,5.388888888888889,6.9697656130279935,10,194.0,0.2981487394604092,10,194.0,0.20000000000000018
27240.0,9,233.0,6.6571428571428575,7.423460196649381,9,199.0,0.33515201832314007,9,199.0,-0.050000000000000044
27245.0,11,286.0,7.944444444444445,6.967359607346173,11,286.0,0.2998456649749504,11,286.0,-0.8699999999999999
27250.0,8,256.0,7.111111111111111,7.533209369810155,8,256.0,0.3354891655078987,8,256.0,0.2999999999999998
27255.0,7,282.0,7.833333333333333,7.4412202493596675,7,253.0,0.3123638633856888,7,253.0,0.03000000000000025
27260.0,9,326.0,9.314285714285715,8.187085536126636,9,326.0,0.37681969710134255,9,326.0,-0.73
27265.0,13,372.0,9.789473684210526,7.21898127155725,13,372.0,0.28350489595778244,13,372.0,-0.4600000000000004
27270.0,12,429.0,11.916666666666666,7.743644830554795,12,429.0,0.30696484523845363,12,429.0,-0.5699999999999998
27275.0,12,489.0,14.818181818181818,7.464921999544515,12,489.0,0.29937734304351493,12,489.0,-0.5999999999999996
27280.0,12,327.0,9.083333333333334,6.4238344190882275,12,327.0,0.23032666502672636,12,327.0,1.6199999999999997
27285.0,7,111.0,3.1714285714285713,7.4965576797252425,7,38.0,0.3272822399106116,7,38.0,2.89
27290.0,6,106.0,2.789473684210526,7.374411427698454,6,106.0,0.31903595989716027,6,106.0,-0.68
27295.0,7,98.0,2.6486486486486487,7.703136705005326,7,98.0,0.3305841498391385,7,98.0,0.08000000000000007
27300.0,10,145.0,4.393939393939394,7.146887677608679,10,122.0,0.2841452284904273,10,122.0,-0.24
27305.0,12,205.0,5.694444444444445,6.994151784318792,12,205.0,0.28097682401883356,12,205.0,-0.8299999999999998
27310.0,12,265.0,8.030303030303031,6.94949796230628,12,265.0,0.2989888751708596,12,265.0,-0.6000000000000001
27315.0,11,184.0,5.257142857142857,6.191435329133546,11,184.0,0.25206438653084173,11,184.0,0.8099999999999998
27320.0,9,185.0,5.285714285714286,7.605547401856001,9,131.0,0.3464598985606317,9,131.0,0.53
27325.0,12,231.0,6.243243243243243,7.467337091788025,12,231.0,0.33712509306076377,12,231.0,-1.0
27330.0,11,283.0,7.648648648648648,7.441867216123786,11,283.0,0.3274986843208749,11,283.0,-0.52
27335.0,8,212.0,6.057142857142857,7.546390579314761,8,212.0,0.3331161454541692,8,212.0,0.71
27340.0,6,60.0,1.6216216216216217,7.242808311288192,6,22.0,0.31015138740915144,6,22.0,1.9000000000000001
27345.0,5,63.0,1.7027027027027026,8.472866688055081,5,63.0,0.3967054600126549,5,63.0,-0.41000000000000003
27350.0,8,87.0,2.289473684210526,6.9037633757254016,8,87.0,0.26152462787779046,8,87.0,-0.24
27355.0,11,139.0,3.7567567567567566,7.551821612760099,11,136.0,0.31890899159007174,11,136.0,-0.4900000000000001
27360.0,11,194.0,5.388888888888889,7.3912756764689265,11,194.0,0.2955080267640136,11,194.0,-0.5799999999999998
27365.0,10,144.0,3.6923076923076925,6.752482606627468,10,144.0,0.2790697963346957,10,144.0,0.5
27370.0,8,163.0,4.2894736842105265,7.81147128496626,8,119.0,0.3647016992330904,8,119.0,0.25
27375.0,9,206.0,5.282051282051282,7.518227147235082,9,206.0,0.34460750627787,9,206.0,-0.8700000000000001
27380.0,8,163.0,4.405405405405405,7.681220791862867,8,163.0,0.3594043422039278,8,163.0,0.43000000000000016
27385.0,7,66.0,1.736842105263158,7.238364689712557,7,38.0,0.32761725556750365,7,38.0,1.25
27390.0,5,88.0,2.3783783783783785,8.342971196293556,5,88.0,0.4208294366878959,5,88.0,-0.5
27395.0,7,62.0,1.7222222222222223,8.199338932273227,7,62.0,0.396031421431227,7,62.0,0.26
27400.0,11,108.0,2.8421052631578947,7.044076886864571,11,56.0,0.27137508409502026,11,56.0,0.05999999999999994
27405.0,11,163.0,4.2894736842105265,7.729289167626761,11,163.0,0.32682582759022993,11,163.0,-1.0699999999999998
27410.0,12,219.0,5.7631578947368425,6.7884476074286395,12,219.0,0.24031948716260065,12,219.0,-0.56
27415.0,11,202.0,5.45945945945946,7.3106522304105255,11,202.0,0.2765026365585908,11,202.0,0.16999999999999993
27420.0,10,250.0,7.142857142857143,6.975631322230819,10,217.0,0.27544924792782616,10,217.0,-0.1499999999999999
27425.0,12,309.0,8.131578947368421,6.962354327380972,12,309.0,0.29731740526619116,12,309.0,-0.9199999999999999
27430.0,9,238.0,6.8,7.432295349825369,9,238.0,0.33674111302375653,9,238.0,0.71
27435.0,9,246.0,6.648648648648648,6.890292892600655,9,196.0,0.2977692122666006,9,196.0,0.41999999999999993
27440.0,9,291.0,8.558823529411764,8.119937384063768,9,291.0,0.4040606747901974,9,291.0,-0.9500000000000002
27445.0,10,184.0,5.257142857142857,6.990460532406654,10,184.0,0.3198172664228644,10,184.0,1.07
27450.0,6,38.0,1.1176470588235294,7.246740528716743,6,-10.0,0.33338913698159744,6,-10.0,1.9400000000000002
27455.0,4,51.0,1.5454545454545454,8.341951104294806,4,51.0,0.418793123196757,4,51.0,-0.61
27460.0,7,50.0,1.3888888888888888,6.737988325291777,7,50.0,0.2839544120464431,7,50.0,0.010000000000000009
27465.0,11,102.0,2.8333333333333335,7.510888092846567,11,89.0,0.33190996865724026,11,89.0,-0.39
27470.0,12,158.0,4.051282051282051,6.841826993029313,12,158.0,0.2662766409864381,12,158.0,-0.6900000000000001
27475.0,10,138.0,3.72972972972973,7.080840705093734,10,138.0,0.29064520761980206,10,138.0,0.20000000000000018
27480.0,9,178.0,4.944444444444445,7.777066772598594,9,142.0,0.33102307408977066,9,142.0,-0.040000000000000036
27485.0,11,228.0,6.0,7.364819045714339,11,228.0,0.3014170327846367,11,228.0,-0.8599999999999999
27490.0,8,184.0,5.111111111111111,7.792227087896903,8,184.0,0.3309908156847341,8,184.0,0.4399999999999997
27495.0,5,65.0,1.8055555555555556,7.38531900897765,5,36.0,0.3104159432654337,5,36.0,1.48
27500.0,4,68.0,1.9428571428571428,8.837944251816886,4,68.0,0.4425164467153621,4,68.0,-0.32000000000000006
27505.0,8,61.0,1.605263157894737,7.597604055905818,8,61.0,0.3329372138453723,8,61.0,0.07000000000000006
27510.0,9,102.0,2.7567567567567566,8.00552265004584,9,85.0,0.36538464605477067,9,85.0,-0.24
27515.0,9,147.0,4.083333333333333,8.749498415032575,9,147.0,0.41352685864340655,9,147.0,-0.62
27520.0,9,148.0,4.111111111111111,6.905075637206042,9,148.0,0.2641120904427736,9,148.0,-0.010000000000000009
27525.0,6,133.0,3.8,8.136387813163635,6,120.0,0.37704555266864137,6,120.0,0.28
27530.0,6,163.0,4.405405405405405,7.70395099426573,6,163.0,0.36493478549065966,6,163.0,-0.42999999999999994
27535.0,9,121.0,3.361111111111111,7.379596383212651,8,120.0,0.31580058520695153,8,120.0,0.42999999999999994
27540.0,7,150.0,4.411764705882353,8.20071511408151,7,115.0,0.3485173646385985,7,115.0,0.050000000000000044
27545.0,9,189.0,5.108108108108108,7.462329523929411,9,189.0,0.29552097567844215,9,189.0,-0.74
27550.0,8,190.0,5.428571428571429,7.556578694623493,8,190.0,0.32226390828291834,8,190.0,-0.010000000000000009
27555.0,8,219.0,6.083333333333333,7.045167256903617,8,206.0,0.28858024568678314,8,206.0,-0.16000000000000014
27560.0,9,264.0,7.542857142857143,8.337472850881273,9,264.0,0.38783762495679724,9,264.0,-0.5800000000000001
27565.0,9,211.0,6.0285714285714285,6.907919220654866,9,211.0,0.2901875927262935,9,211.0,0.5300000000000002
27570.0,7,233.0,6.6571428571428575,8.369967080449463,7,193.0,0.3842530314588618,7,193.0,0.17999999999999994
27575.0,7,268.0,7.6571428571428575,8.679090103144476,7,268.0,0.4208864585782438,7,268.0,-0.7500000000000002
27580.0,8,220.0,5.945945945945946,7.261321936842714,8,220.0,0.2994792549165822,8,220.0,0.48
27585.0,6,232.0,6.628571428571429,8.542398419523895,6,203.0,0.403612234462251,6,203.0,0.17000000000000037
27590.0,6,262.0,7.277777777777778,7.756804659442764,6,262.0,0.34391881980291067,6,262.0,-0.5900000000000003
27595.0,7,282.0,8.057142857142857,8.026425477863322,7,282.0,0.3499870010539931,7,282.0,-0.19999999999999973
27600.0,7,317.0,9.606060606060606,8.411759291267506,7,305.0,0.3826948932432962,7,305.0,-0.22999999999999998
27605.0,9,358.0,9.944444444444445,7.594587443658096,9,358.0,0.3186802358455278,9,358.0,-0.5300000000000002
27610.0,6,307.0,8.527777777777779,8.392084028931018,6,307.0,0.3768574665991894,6,307.0,0.5100000000000002
27615.0,6,324.0,9.0,7.797094393979732,6,285.0,0.3318945130031582,6,285.0,0.21999999999999975
27620.0,7,359.0,10.558823529411764,8.739305822687042,7,359.0,0.4372429893248902,7,359.0,-0.7399999999999998
27625.0,7,75.0,2.027027027027027,7.683540683868285,7,75.0,0.34530507139235916,7,75.0,2.84
27630.0,7,108.0,2.918918918918919,8.57481499098841,7,-52.0,0.4148764737844245,7,-52.0,1.27
27635.0,7,143.0,4.333333333333333,9.007070979850331,7,143.0,0.44898956997685385,7,143.0,-1.95
27640.0,6,74.0,2.1142857142857143,7.787716863287544,6,74.0,0.33091920411685544,6,74.0,0.69
27645.0,6,84.0,2.625,8.610416128932656,6,42.0,0.4282019203996598,6,42.0,0.32
27650.0,7,114.0,3.5625,7.72200713261005,7,114.0,0.3803580786560871,7,114.0,-0.72
27655.0,6,67.0,2.09375,7.836620030976008,6,67.0,0.38218417754895795,6,67.0,0.46999999999999986
27660.0,5,89.0,2.870967741935484,8.805376834183512,5,54.0,0.4651603420405268,5,54.0,0.13
27665.0,6,116.0,3.411764705882353,7.809265011605484,6,116.0,0.3703920784500897,6,116.0,-0.6199999999999999
27670.0,5,60.0,2.0,8.19621379066502,4,59.0,0.44455810303796606,4,59.0,0.57
27675.0,4,68.0,2.0606060606060606,7.613927179763109,4,29.0,0.3337795403857428,4,29.0,0.3
27680.0,5,91.0,2.757575757575758,8.716577538082522,5,91.0,0.43304259123133876,5,91.0,-0.6200000000000001
27685.0,8,79.0,2.257142857142857,8.065514215589854,8,79.0,0.38383047805501114,8,79.0,0.12
27690.0,9,120.0,3.6363636363636362,8.0276586076283,9,81.0,0.359157786892395,9,81.0,-0.020000000000000018
27695.0,9,165.0,5.0,7.940213637634275,9,165.0,0.34641069418058834,9,165.0,-0.8399999999999999
27700.0,9,112.0,3.111111111111111,6.864352397472778,9,112.0,0.26265378559335745,9,112.0,0.5299999999999998
27705.0,8,135.0,3.9705882352941178,7.842203131039691,8,92.0,0.36074581947456213,8,92.0,0.20000000000000007
27710.0,9,176.0,5.176470588235294,6.75707898556017,9,176.0,0.3087442249189255,9,176.0,-0.84
27715.0,8,142.0,4.580645161290323,7.03605862928151,8,142.0,0.33790850450511717,8,142.0,0.3400000000000001
27720.0,7,171.0,5.516129032258065,7.79389350367382,7,136.0,0.37999180078630407,7,136.0,0.05999999999999983
27725.0,9,212.0,6.235294117647059,7.173050008157387,9,212.0,0.3212853165961665,9,212.0,-0.76
27730.0,7,232.0,7.25,7.80339985889265,7,232.0,0.3704786866982886,7,232.0,-0.19999999999999973
27735.0,8,269.0,7.685714285714286,7.326257551938413,8,256.0,0.3119037242986158,8,256.0,-0.2400000000000002
27740.0,9,314.0,9.235294117647058,8.191830224883418,9,314.0,0.3762996432796837,9,314.0,-0.5800000000000001
27745.0,12,360.0,10.285714285714286,7.506699997268845,12,360.0,0.3042258298573083,12,360.0,-0.45999999999999996
27750.0,8,214.0,6.114285714285714,7.98385473823302,8,214.0,0.34622773701525655,8,214.0,1.46
27755.0,3,84.0,2.4705882352941178,8.22969464585422,3,20.0,0.3812530214823916,3,20.0,1.9400000000000002
27760.0,6,106.0,2.864864864864865,7.822245838971306,6,106.0,0.3524242634310068,6,106.0,-0.8600000000000001
27765.0,6,85.0,2.361111111111111,7.957872614581591,6,85.0,0.3551459502538206,6,85.0,0.21000000000000008
27770.0,9,121.0,3.361111111111111,7.432536596599151,9,96.0,0.31224925370178325,9,96.0,-0.10999999999999999
27775.0,9,164.0,4.823529411764706,8.05194357295826,9,164.0,0.3666664177316846,9,164.0,-0.6799999999999999
27780.0,6,158.0,4.9375,8.015974027366173,6,158.0,0.3683332880898765,6,158.0,0.05999999999999983
27785.0,6,158.0,4.647058823529412,7.526525753767341,6,145.0,0.3239014619744875,6,145.0,0.13000000000000012
27790.0,6,188.0,5.696969696969697,8.78806788953537,6,188.0,0.4329140411143048,6,188.0,-0.42999999999999994
27795.0,7,209.0,6.147058823529412,7.738627848474361,7,209.0,0.3361948732908983,7,209.0,-0.20999999999999996
27800.0,8,248.0,7.294117647058823,8.702484660781638,8,240.0,0.3770812104495545,8,240.0,-0.31000000000000005
27805.0,11,288.0,7.783783783783784,8.002932914272083,11,288.0,0.29631080619463607,11,288.0,-0.48
27810.0,7,219.0,6.083333333333333,8.247933857486037,7,219.0,0.3432824914942635,7,219.0,0.69
27815.0,5,223.0,6.757575757575758,9.059725408907543,5,176.0,0.4098719071377611,5,176.0,0.42999999999999994
27820.0,8,255.0,7.5,8.094661575239265,8,255.0,0.3341123804019387,8,255.0,-0.7899999999999998
27825.0,6,217.0,6.78125,8.524010748972138,6,217.0,0.37573229037043404,6,217.0,0.3799999999999999
27830.0,7,236.0,6.9411764705882355,8.082972889522656,7,208.0,0.34255846284613145,7,208.0,0.08999999999999986
27835.0,7,267.0,8.090909090909092,8.854436145296658,7,267.0,0.416465269120004,7,267.0,-0.5899999999999999
27840.0,4,57.0,1.8387096774193548,8.585489553543958,4,57.0,0.39889929189642315,4,57.0,2.1
27845.0,7,87.0,2.6363636363636362,7.8069130805372575,7,-48.0,0.3514408611087938,7,-48.0,1.0499999999999998
27850.0,7,122.0,3.935483870967742,8.666832918701802,7,122.0,0.44293173072145015,7,122.0,-1.7
27855.0,6,87.0,2.6363636363636362,7.0890641435936965,6,87.0,0.3079174117758014,6,87.0,0.35
27860.0,6,116.0,3.515151515151515,8.532621258156997,6,84.0,0.44133895552915375,6,84.0,0.030000000000000027
27865.0,9,146.0,4.171428571428572,8.317920215899269,9,146.0,0.42596189451599986,9,146.0,-0.62
27870.0,5,63.0,1.8,8.115681391438665,5,63.0,0.4164578581264877,5,63.0,0.83
27875.0,3,59.0,1.7878787878787878,9.555857265424713,3,16.0,0.5403303176705977,3,16.0,0.47
27880.0,5,76.0,2.235294117647059,8.228273804875606,5,76.0,0.4040923222695845,5,76.0,-0.6
27885.0,4,19.0,0.5757575757575758,8.68943107278113,4,19.0,0.45129418043349045,4,19.0,0.5700000000000001
27890.0,3,28.0,0.8,8.69093453965974,3,-9.0,0.4094948476154604,3,-9.0,0.28
27895.0,5,49.0,1.53125,9.084340407818527,5,49.0,0.4368573497088606,5,49.0,-0.58
27900.0,3,47.0,1.5666666666666667,9.37870087050673,3,47.0,0.4706271900095387,3,47.0,0.020000000000000018
27905.0,5,68.0,2.0606060606060606,8.847262826407905,5,54.0,0.4059238609348964,5,54.0,-0.07000000000000006
27910.0,5,93.0,2.90625,9.398547468993476,5,93.0,0.46889020379790614,5,93.0,-0.39
27915.0,5,107.0,3.1470588235294117,8.075707904869267,5,107.0,0.3583729011208602,5,107.0,-0.14
27920.0,5,132.0,4.258064516129032,9.087758464493067,5,124.0,0.4549990118981775,5,124.0,-0.16999999999999993
27925.0,7,157.0,4.90625,8.263915675974786,7,157.0,0.407485159690305,7,157.0,-0.33000000000000007
27930.0,7,191.0,6.161290322580645,8.173090993100313,7,191.0,0.4016845433932338,7,191.0,-0.33999999999999986
27935.0,7,226.0,7.533333333333333,8.811220361753664,7,226.0,0.44207438097154017,7,226.0,-0.34999999999999987
27940.0,8,252.0,7.875,6.939447801558981,8,252.0,0.2754268327963161,8,252.0,-0.26000000000000023
27945.0,9,297.0,9.9,7.620305445278537,9,288.0,0.35528490735515666,9,288.0,-0.3599999999999999
27950.0,10,343.0,10.393939393939394,7.043507288241399,10,343.0,0.33479794435598426,10,343.0,-0.5500000000000003
27955.0,8,205.0,6.612903225806452,7.348318790725008,8,205.0,0.33402083101750235,8,205.0,1.3800000000000003
27960.0,4,130.0,4.333333333333333,8.028590159450342,4,62.0,0.3843134371620435,4,62.0,1.4299999999999997
27965.0,5,154.0,4.8125,7.742811662913292,5,154.0,0.3753569740413403,5,154.0,-0.92
27970.0,6,184.0,6.133333333333334,8.289758376170665,6,184.0,0.43023104058170203,6,184.0,-0.30000000000000004
27975.0,6,206.0,6.645161290322581,7.587930871806844,6,206.0,0.369988400330799,6,206.0,-0.21999999999999997
27980.0,7,240.0,7.741935483870968,8.455178728873692,7,235.0,0.420198251967421,7,235.0,-0.29000000000000004
27985.0,11,276.0,8.363636363636363,7.473994355053795,11,276.0,0.34753577666392343,11,276.0,-0.4099999999999997
27990.0,7,206.0,6.242424242424242,8.32595915647693,7,206.0,0.383159156644432,7,206.0,0.6999999999999997
27995.0,4,202.0,6.3125,8.910717007188975,4,157.0,0.4146724633261997,4,157.0,0.49
28000.0,7,228.0,6.514285714285714,7.845855579406812,7,228.0,0.3329067980312646,7,228.0,-0.7099999999999997
28005.0,6,216.0,6.545454545454546,8.180829141731321,6,216.0,0.37311334768322185,6,216.0,0.11999999999999966
28010.0,7,247.0,6.861111111111111,7.1256018154777525,7,223.0,0.2701859620809737,7,223.0,-0.06999999999999984
28015.0,8,287.0,8.441176470588236,8.187239498596085,8,287.0,0.352948210788348,8,287.0,-0.6400000000000001
28020.0,5,280.0,9.03225806451613,7.509903829854804,5,280.0,0.33380051343706196,5,280.0,0.07000000000000028
28025.0,7,312.0,8.914285714285715,7.4675657267309035,7,298.0,0.32960379486447294,7,298.0,-0.18000000000000016
28030.0,7,347.0,10.515151515151516,8.595622314488708,7,347.0,0.4172337505627296,7,347.0,-0.4900000000000002
28035.0,6,92.0,2.7058823529411766,7.291192941068758,6,92.0,0.3133850872324926,6,92.0,2.5500000000000003
28040.0,6,122.0,3.588235294117647,8.835158761686237,6,-29.0,0.4361839966038174,6,-29.0,1.21
28045.0,9,152.0,4.3428571428571425,7.808601615869812,9,152.0,0.3355539171819053,9,152.0,-1.81
28050.0,8,191.0,5.457142857142857,8.334774376437284,8,191.0,0.3727900848745865,8,191.0,-0.3899999999999999
28055.0,8,231.0,6.794117647058823,9.01337359922711,8,231.0,0.4058774696532515,8,231.0,-0.40000000000000013
28060.0,10,276.0,7.45945945945946,7.378855582894083,10,276.0,0.2670334751191784,10,276.0,-0.44999999999999973
28065.0,10,326.0,9.588235294117647,7.889685666908891,10,326.0,0.32241532194351863,10,326.0,-0.5
28070.0,12,379.0,11.147058823529411,6.807765780823582,12,379.0,0.2579148814500583,12,379.0,-0.5300000000000002
28075.0,13,442.0,13.8125,6.997700925341393,13,442.0,0.279201622747509,13,442.0,-0.6299999999999999
28080.0,10,369.0,12.3,6.592113345869118,10,369.0,0.2583649613387363,10,369.0,0.73
28085.0,10,383.0,11.96875,6.38429295318608,10,330.0,0.2760001154744941,10,330.0,0.3900000000000001
28090.0,10,433.0,13.96774193548387,7.357024648962745,10,433.0,0.34561609761612794,10,433.0,-1.0300000000000002
28095.0,11,235.0,7.34375,5.718372941795477,11,235.0,0.2560393694294077,11,235.0,1.98
28100.0,6,75.0,2.4193548387096775,7.5678327083747785,6,-17.0,0.35167266838945827,6,-17.0,2.52
28105.0,8,92.0,2.7058823529411766,7.756947674430139,8,92.0,0.3586571221070118,8,92.0,-1.09
28110.0,7,47.0,1.4242424242424243,7.621299574901738,7,47.0,0.3443501288493506,7,47.0,0.45000000000000007
28115.0,8,84.0,2.5454545454545454,8.095496141901435,8,51.0,0.3413795355122514,8,51.0,-0.040000000000000036
28120.0,10,130.0,3.611111111111111,7.069067880564933,10,130.0,0.26832106377241566,10,130.0,-0.79
28125.0,10,141.0,4.0285714285714285,7.563412953240819,10,141.0,0.30539714662443534,10,141.0,-0.10999999999999988
28130.0,9,140.0,3.7837837837837838,6.7455003279997925,9,127.0,0.26357204830692954,9,127.0,0.1399999999999999
28135.0,9,185.0,5.138888888888889,8.106726841984706,9,185.0,0.36886756224184386,9,185.0,-0.5800000000000001
28140.0,9,230.0,6.571428571428571,7.732423101518893,9,230.0,0.34387465478971135,9,230.0,-0.44999999999999973
28145.0,11,283.0,7.648648648648648,6.8778724981137165,11,283.0,0.2762639068894494,11,283.0,-0.5300000000000002
28150.0,10,308.0,9.058823529411764,7.213605007162399,10,308.0,0.3329902654545919,10,308.0,-0.25
28155.0,11,360.0,9.72972972972973,6.650540216655209,11,335.0,0.2765375680172457,11,335.0,-0.27
28160.0,13,424.0,12.114285714285714,7.120713109539276,13,424.0,0.3149500553897006,13,424.0,-0.8900000000000001
28165.0,13,285.0,7.5,6.5480651110971575,13,285.0,0.27110985335001186,13,285.0,1.3900000000000001
28170.0,8,204.0,5.368421052631579,7.411308236173347,8,136.0,0.33881943163455575,8,136.0,1.49
28175.0,8,244.0,6.594594594594595,8.428132833578527,8,244.0,0.42917393828249334,8,244.0,-1.0799999999999998
28180.0,9,124.0,3.263157894736842,6.256223527309844,9,124.0,0.256893111711348,9,124.0,1.2
28185.0,8,84.0,2.3333333333333335,7.610543880968872,8,30.0,0.35685938817204976,8,30.0,0.94
28190.0,8,124.0,3.4444444444444446,7.284663876255298,8,124.0,0.32979005228257635,8,124.0,-0.94
28195.0,10,128.0,3.657142857142857,6.9189334397160485,10,128.0,0.291967805561122,10,128.0,-0.040000000000000036
28200.0,9,150.0,4.6875,6.875172893730134,9,137.0,0.311682530351898,9,137.0,-0.09000000000000008
28205.0,10,193.0,5.361111111111111,6.569441659064206,10,192.0,0.2660392787758353,10,192.0,-0.5499999999999998
28210.0,10,125.0,3.4722222222222223,7.119081106945294,10,125.0,0.3094048434780606,10,125.0,0.6699999999999999
28215.0,10,140.0,3.58974358974359,6.777737369696972,10,91.0,0.28190815750393283,10,91.0,0.33999999999999997
28220.0,10,190.0,4.871794871794871,7.999613870148708,10,190.0,0.3817398361707189,10,190.0,-0.9899999999999999
28225.0,10,189.0,4.973684210526316,6.900673605000804,10,189.0,0.3177885567660036,10,189.0,0.010000000000000009
28230.0,9,222.0,6.0,7.327308882317305,9,208.0,0.35255643316213997,9,208.0,-0.19000000000000017
28235.0,9,267.0,7.216216216216216,8.066270344764987,9,267.0,0.4140568029214258,9,267.0,-0.5899999999999999
28240.0,9,177.0,4.425,6.6342840134549546,9,177.0,0.2732848530076045,9,177.0,0.8999999999999999
28245.0,6,127.0,3.2564102564102564,7.83944712498405,6,84.0,0.3863964742882077,6,84.0,0.93
28250.0,7,158.0,4.051282051282051,7.603784800637664,7,158.0,0.36629996172274876,7,158.0,-0.7400000000000001
28255.0,9,182.0,4.918918918918919,7.44202041384303,9,182.0,0.3336850822489298,9,182.0,-0.24
28260.0,9,227.0,6.135135135135135,7.939883519790365,9,215.0,0.3639549269955051,9,215.0,-0.32999999999999985
28265.0,11,277.0,6.7560975609756095,7.224766706797142,11,277.0,0.2995101134427998,11,277.0,-0.6200000000000001
28270.0,8,281.0,7.394736842105263,7.642723300390625,8,281.0,0.3558300515456999,8,281.0,-0.040000000000000036
28275.0,10,312.0,8.210526315789474,7.045518123376754,10,299.0,0.30193329518121254,10,299.0,-0.18000000000000016
28280.0,9,357.0,9.916666666666666,7.94099992232213,9,357.0,0.39012307394167356,9,357.0,-0.5799999999999996
28285.0,10,234.0,6.0,7.265176740706695,10,234.0,0.31842309317603346,10,234.0,1.23
28290.0,5,184.0,4.972972972972973,8.255878746081802,5,126.0,0.37899144641656085,5,126.0,1.0799999999999998
28295.0,5,209.0,5.9714285714285715,8.762564043709206,5,209.0,0.43602074794526546,5,209.0,-0.8299999999999998
28300.0,8,64.0,1.6842105263157894,7.150752746959315,8,64.0,0.29586627653504205,8,64.0,1.4499999999999997
28305.0,8,104.0,2.810810810810811,8.396194509631957,8,-12.0,0.3823988540151913,8,-12.0,0.76
28310.0,8,144.0,3.891891891891892,7.304158619120674,8,144.0,0.286016963634789,8,144.0,-1.56
28315.0,11,198.0,5.6571428571428575,7.703009623402925,11,198.0,0.2857189878290022,11,198.0,-0.54
28320.0,8,150.0,4.285714285714286,7.667986319956957,8,150.0,0.2746934785560444,8,150.0,0.48
28325.0,9,184.0,5.111111111111111,7.391645395032551,9,143.0,0.2918179307574779,9,143.0,0.07000000000000006
28330.0,9,229.0,6.361111111111111,8.058620841100645,9,229.0,0.35055996383456584,9,229.0,-0.8600000000000001
28335.0,9,171.0,4.621621621621622,7.070560839223668,9,171.0,0.2905218986297416,9,171.0,0.5800000000000001
28340.0,7,189.0,5.7272727272727275,8.386299034410875,7,146.0,0.39751486234470385,7,146.0,0.25
28345.0,11,225.0,6.617647058823529,7.559228998915476,11,225.0,0.35099429276548894,11,225.0,-0.79
28350.0,7,116.0,3.515151515151515,7.786420286580675,7,116.0,0.3691115067381892,7,116.0,1.09
28355.0,3,38.0,1.1515151515151516,9.29813617582282,3,-10.0,0.4820205511808681,3,-10.0,1.26
28360.0,6,56.0,1.6,8.090475501620782,6,56.0,0.3702971508639183,6,56.0,-0.66
28365.0,8,86.0,2.606060606060606,8.378484573175411,8,86.0,0.4037617338242794,8,86.0,-0.29999999999999993
28370.0,10,128.0,3.5555555555555554,7.474180920448112,10,127.0,0.2996044361822482,10,127.0,-0.41000000000000003
28375.0,11,180.0,5.142857142857143,7.708750495772621,11,180.0,0.318565704500259,11,180.0,-0.53
28380.0,8,134.0,4.1875,7.563773627598469,8,134.0,0.3257385057862227,8,134.0,0.45999999999999996
28385.0,9,164.0,4.685714285714286,7.021936327378572,9,123.0,0.3006288894114365,9,123.0,0.1100000000000001
28390.0,9,209.0,5.9714285714285715,8.074901784558246,9,209.0,0.3848792963523431,9,209.0,-0.8599999999999999
28395.0,7,160.0,4.444444444444445,7.211004944055826,7,160.0,0.3165659009571818,7,160.0,0.48999999999999977
28400.0,6,147.0,4.454545454545454,8.350673854103382,6,119.0,0.3933576682614239,6,119.0,0.41000000000000014
28405.0,8,177.0,5.205882352941177,8.35521711169688,8,177.0,0.3963836516292398,8,177.0,-0.5800000000000001
28410.0,8,70.0,2.121212121212121,7.879277460057152,7,69.0,0.3718244360013421,7,69.0,1.08
28415.0,6,46.0,1.4838709677419355,8.118360790818231,6,-12.0,0.3673250321078706,6,-12.0,0.8099999999999999
28420.0,7,69.0,2.0294117647058822,7.385404777118776,7,69.0,0.3204035034849167,7,69.0,-0.8099999999999999
28425.0,8,74.0,2.242424242424242,7.680927190391633,8,74.0,0.3550241063351668,8,74.0,-0.050000000000000044
28430.0,8,114.0,3.1666666666666665,7.365546958332345,8,101.0,0.3151078044986722,8,101.0,-0.27
28435.0,10,161.0,4.6,7.88069902723242,10,161.0,0.35520919514747595,10,161.0,-0.6000000000000001
28440.0,7,109.0,3.2058823529411766,8.144124852090526,7,109.0,0.3651789587252969,7,109.0,0.52
28445.0,8,137.0,3.914285714285714,7.322017726815133,8,98.0,0.305164698839554,8,98.0,0.1100000000000001
28450.0,8,177.0,5.363636363636363,7.996882502119459,8,177.0,0.3846978749526194,8,177.0,-0.79
28455.0,9,220.0,6.111111111111111,7.354545741337166,9,220.0,0.3240278805517671,9,220.0,-0.43000000000000016
28460.0,10,270.0,7.9411764705882355,7.963336489961724,10,270.0,0.3557496940613377,10,270.0,-0.5
28465.0,11,192.0,5.333333333333333,6.909913041128053,11,192.0,0.27831325165563436,11,192.0,0.7800000000000002
28470.0,5,102.0,2.914285714285714,7.911690675984814,5,63.0,0.3755777870460852,5,63.0,1.29
28475.0,5,127.0,3.735294117647059,8.864551206864576,5,127.0,0.4640260654800555,5,127.0,-0.64
28480.0,8,98.0,2.7222222222222223,6.90372153777361,8,98.0,0.28600466505040173,8,98.0,0.29000000000000004
28485.0,10,147.0,4.2,7.614644964436842,10,90.0,0.332545086432546,10,90.0,0.07999999999999996
28490.0,12,200.0,5.405405405405405,6.61640102446538,12,200.0,0.25785027793266324,12,200.0,-1.1
28495.0,10,144.0,4.114285714285714,6.9809017905111475,10,144.0,0.2831891080990016,10,144.0,0.56
28500.0,8,163.0,4.9393939393939394,7.004499772751815,8,116.0,0.2956917124047226,8,116.0,0.28
28505.0,10,211.0,5.861111111111111,6.9512491292665395,10,211.0,0.31589397218542375,10,211.0,-0.95
28510.0,11,264.0,7.764705882352941,6.934809390483614,11,264.0,0.3140740120650402,11,264.0,-0.5300000000000002
28515.0,13,325.0,9.027777777777779,6.490170924732541,13,325.0,0.2719805102118679,13,325.0,-0.6099999999999999
28520.0,14,393.0,10.916666666666666,7.085336914802493,14,393.0,0.311796763531812,14,393.0,-0.6800000000000002
28525.0,15,323.0,8.5,6.2112535459794636,15,323.0,0.26551051873182147,15,323.0,0.7000000000000002
28530.0,11,340.0,8.947368421052632,6.834480147885822,11,286.0,0.31751737453729906,11,286.0,0.3700000000000001
28535.0,11,395.0,11.285714285714286,7.618759009928944,11,395.0,0.3972787720172905,11,395.0,-1.0900000000000003
28540.0,10,269.0,7.685714285714286,5.828618042066206,10,269.0,0.26689394010159573,10,269.0,1.2600000000000002
28545.0,8,113.0,3.2285714285714286,7.193804313282358,8,55.0,0.33345484881566206,8,55.0,2.1399999999999997
28550.0,7,143.0,3.763157894736842,7.130396877952869,7,143.0,0.31118747010405584,7,143.0,-0.8799999999999999
28555.0,9,187.0,5.194444444444445,7.773316164559956,9,187.0,0.3607668009157638,9,187.0,-0.44000000000000017
28560.0,8,107.0,3.242424242424242,7.671039317107241,8,107.0,0.34030280204214697,8,107.0,0.8
28565.0,8,110.0,2.972972972972973,7.412867140743483,8,62.0,0.2958221590087455,8,62.0,0.45000000000000007
28570.0,8,150.0,4.054054054054054,8.537617296409696,8,150.0,0.38163681219127576,8,150.0,-0.88
28575.0,8,101.0,2.525,7.732045264724059,8,101.0,0.3083095728667509,8,101.0,0.49
28580.0,7,120.0,3.076923076923077,8.879778108560037,7,87.0,0.40100549700681365,7,87.0,0.14
28585.0,9,155.0,3.9743589743589745,8.23212348463121,9,155.0,0.37045917884714075,9,155.0,-0.68
28590.0,9,200.0,5.2631578947368425,8.254768372370108,9,200.0,0.36915920293685694,9,200.0,-0.44999999999999996
28595.0,6,138.0,3.8333333333333335,8.224934367618262,6,138.0,0.3850095111611605,6,138.0,0.6200000000000001
28600.0,6,131.0,3.5405405405405403,7.302166728123583,6,98.0,0.3280371752786123,6,98.0,0.3999999999999999
28605.0,7,166.0,4.742857142857143,8.48492290689267,7,166.0,0.4302799986464156,7,166.0,-0.6799999999999999
28610.0,7,201.0,5.4324324324324325,7.65414135646052,7,201.0,0.34998786027765577,7,201.0,-0.34999999999999987
28615.0,6,132.0,3.7714285714285714,7.796586287242778,6,132.0,0.36754085467875985,6,132.0,0.6899999999999997
28620.0,4,129.0,3.6857142857142855,8.704747605643757,4,91.0,0.44985008366170837,4,91.0,0.41000000000000003
28625.0,6,155.0,4.078947368421052,8.14184109485785,6,155.0,0.4096801373010514,6,155.0,-0.64
28630.0,5,66.0,1.8333333333333333,8.323886593454775,5,66.0,0.42793829326779353,5,66.0,0.89
28635.0,8,95.0,2.5675675675675675,7.204167743968337,8,11.0,0.3183450782024356,8,11.0,0.55
28640.0,8,135.0,3.75,8.243818788913746,8,135.0,0.39859558016694396,8,135.0,-1.24
28645.0,8,147.0,4.2,7.4230503678372495,8,147.0,0.31918538224551674,8,147.0,-0.11999999999999988
28650.0,8,186.0,5.314285714285714,7.867157669102637,8,174.0,0.3765799243119329,8,174.0,-0.27
28655.0,8,226.0,6.457142857142857,8.014128321871052,8,226.0,0.3938438447933349,8,226.0,-0.5199999999999998
28660.0,8,127.0,3.3421052631578947,6.755117198057878,8,127.0,0.26948960910499553,8,127.0,0.9899999999999998
28665.0,6,114.0,3.0,7.895889574826356,6,59.0,0.3904970225851569,6,59.0,0.68
28670.0,7,146.0,3.945945945945946,7.472688954897896,7,146.0,0.3593065445126304,7,146.0,-0.87
28675.0,9,173.0,5.088235294117647,7.363547094683431,9,173.0,0.34703117824377383,9,173.0,-0.27
28680.0,9,218.0,7.032258064516129,7.550517072321873,9,206.0,0.3389510119989259,9,206.0,-0.33000000000000007
28685.0,12,270.0,8.181818181818182,6.29410847021275,12,270.0,0.24597722458324867,12,270.0,-0.6400000000000001
28690.0,9,161.0,4.878787878787879,7.130253485602596,9,161.0,0.31011143065333074,9,161.0,1.09
28695.0,7,130.0,3.823529411764706,6.676089269594719,7,67.0,0.2805802821497139,7,67.0,0.9400000000000001
28700.0,8,170.0,5.0,8.21222300039101,8,170.0,0.38899470701714234,8,170.0,-1.0299999999999998
28705.0,10,115.0,3.108108108108108,6.95555627054522,10,115.0,0.28385539315226915,10,115.0,0.55
28710.0,8,140.0,4.117647058823529,8.064596612851265,8,100.0,0.3664043224279761,8,100.0,0.1499999999999999
28715.0,8,180.0,5.294117647058823,8.389123074890009,8,180.0,0.3896302726179951,8,180.0,-0.8
28720.0,9,97.0,2.6944444444444446,7.083910369036096,9,97.0,0.2903982428588463,9,97.0,0.8300000000000001
28725.0,6,86.0,2.5294117647058822,8.49141769061308,6,43.0,0.4007980784390982,6,43.0,0.54
28730.0,6,116.0,3.411764705882353,7.686100862517397,6,116.0,0.3558485615370122,6,116.0,-0.73
28735.0,7,65.0,1.911764705882353,7.906386032275285,7,65.0,0.35770599590719826,7,65.0,0.5099999999999999
28740.0,5,68.0,2.0,8.60033804268062,5,40.0,0.4057616519540442,5,40.0,0.25
28745.0,6,96.0,2.5945945945945947,8.16417352566065,6,96.0,0.36585869685015476,6,96.0,-0.5599999999999999
28750.0,7,102.0,3.090909090909091,8.429700863293771,7,102.0,0.41089779119047926,7,102.0,-0.06000000000000005
28755.0,9,139.0,3.861111111111111,7.441818020171114,9,112.0,0.3010586355058587,9,112.0,-0.10000000000000009
28760.0,10,189.0,5.25,8.1794830510386,10,189.0,0.3549940949954138,10,189.0,-0.7699999999999998
28765.0,13,239.0,6.45945945945946,6.891338302236582,13,239.0,0.26093293056069383,13,239.0,-0.5000000000000002
28770.0,10,202.0,5.9411764705882355,7.195739310823468,10,202.0,0.30503420323223157,10,202.0,0.3700000000000001
28775.0,8,222.0,6.529411764705882,7.959970448078822,8,189.0,0.3709913761296461,8,189.0,0.13000000000000012
28780.0,11,267.0,7.628571428571429,7.05964847066151,11,267.0,0.31672599193303164,11,267.0,-0.78
28785.0,9,160.0,4.705882352941177,7.138510014315573,9,160.0,0.33950834737800806,9,160.0,1.0699999999999998
28790.0,7,132.0,3.7714285714285714,6.321520981895914,7,70.0,0.27147317457006054,7,70.0,0.9000000000000001
28795.0,8,172.0,5.0588235294117645,7.733475560615378,8,172.0,0.38093173395577085,8,172.0,-1.02
28800.0,7,85.0,2.8333333333333335,7.2145445830104835,7,85.0,0.36022075001939996,7,85.0,0.87
28805.0,8,83.0,2.515151515151515,6.464027341662639,8,35.0,0.2709119232261157,8,35.0,0.5
28810.0,7,117.0,3.5454545454545454,7.949054752957541,7,117.0,0.37356577707776367,7,117.0,-0.82
28815.0,9,127.0,3.5277777777777777,7.134723769054111,9,127.0,0.2992200313499037,9,127.0,-0.10000000000000009
28820.0,12,183.0,5.083333333333333,7.621102185443906,12,154.0,0.3147118161643054,12,154.0,-0.27
28825.0,15,243.0,6.394736842105263,6.602398212858857,15,243.0,0.24075422135330005,15,243.0,-0.8900000000000001
28830.0,12,224.0,6.054054054054054,7.328883624421051,12,224.0,0.28721407735276744,12,224.0,0.18999999999999995
28835.0,10,258.0,6.972972972972973,7.357315882059444,10,230.0,0.30495455498953233,10,230.0,-0.05999999999999961
28840.0,12,316.0,8.31578947368421,6.57601465002203,12,316.0,0.27415946795724977,12,316.0,-0.8600000000000003
28845.0,11,223.0,6.5588235294117645,6.753603196559308,11,223.0,0.29967063476852485,11,223.0,0.9300000000000002
28850.0,9,207.0,5.914285714285715,6.3692012590491744,9,149.0,0.26658743791816564,9,149.0,0.74
28855.0,10,255.0,7.5,7.500669343024461,10,255.0,0.34893673224723504,10,255.0,-1.0599999999999998
28860.0,10,305.0,9.242424242424242,6.872005553478673,10,305.0,0.3173345714221931,10,305.0,-0.5
28865.0,9,205.0,5.54054054054054,6.589112698605789,9,205.0,0.2759082376766063,9,205.0,1.0
28870.0,4,85.0,2.361111111111111,7.726746220550654,4,36.0,0.38056509403928546,4,36.0,1.69
28875.0,5,106.0,2.717948717948718,7.867786539733094,5,106.0,0.3713844388630558,5,106.0,-0.7000000000000001
28880.0,6,135.0,3.5526315789473686,8.7920903689591,6,135.0,0.43737987496035613,6,135.0,-0.29000000000000004
28885.0,8,158.0,4.051282051282051,8.187393933728666,8,158.0,0.383850914932714,8,158.0,-0.22999999999999998
28890.0,7,193.0,4.948717948717949,8.009834312782482,7,189.0,0.3533682411416154,7,189.0,-0.30999999999999983
28895.0,8,233.0,6.131578947368421,8.732309000269392,8,229.0,0.396799277792974,8,229.0,-0.40000000000000013
28900.0,8,134.0,3.268292682926829,7.595772986182822,8,134.0,0.30996130156988655,8,134.0,0.95
28905.0,5,115.0,3.1944444444444446,8.529410474661383,5,62.0,0.40730432868601635,5,62.0,0.7200000000000001
28910.0,6,141.0,3.6153846153846154,7.9167155927738255,6,141.0,0.35085235416306393,6,141.0,-0.7899999999999999
28915.0,6,107.0,2.891891891891892,8.183488667330675,6,107.0,0.37575728856815827,6,107.0,0.33999999999999986
28920.0,5,126.0,3.7058823529411766,8.320174124997259,5,99.0,0.3710392147394199,5,99.0,0.08000000000000007
28925.0,7,156.0,4.333333333333333,7.633296471101884,7,156.0,0.32050931681370787,7,156.0,-0.5700000000000001
28930.0,7,77.0,2.2,8.151388368953125,7,77.0,0.37584980769769005,7,77.0,0.79
28935.0,9,115.0,3.1944444444444446,7.3036182799674645,9,30.0,0.2981964522554379,9,30.0,0.47000000000000003
28940.0,10,164.0,4.96969696969697,7.884910288980226,10,164.0,0.35279569605428845,10,164.0,-1.3399999999999999
28945.0,10,125.0,3.4722222222222223,6.982643759992074,10,125.0,0.2680407457004643,10,125.0,0.3899999999999999
28950.0,8,154.0,4.277777777777778,8.121091448416282,8,126.0,0.36207523754086623,8,126.0,-0.010000000000000009
28955.0,8,194.0,6.0625,8.247374691082957,8,194.0,0.40097104910579356,8,194.0,-0.6799999999999999
28960.0,8,132.0,3.7714285714285714,6.849619951934211,8,132.0,0.2876369892845033,8,132.0,0.6199999999999999
28965.0,7,148.0,4.625,7.890536207818424,7,103.0,0.3671172809085396,7,103.0,0.29000000000000004
28970.0,8,185.0,5.606060606060606,7.274858841884852,8,185.0,0.32610577569702603,8,185.0,-0.8200000000000001
28975.0,7,92.0,2.787878787878788,7.644924261225397,7,92.0,0.3353029176785696,7,92.0,0.93
28980.0,4,57.0,1.7272727272727273,8.455664449457439,4,13.0,0.37126294564128776,4,13.0,0.79
28985.0,6,82.0,2.2777777777777777,8.217180090226842,6,82.0,0.36401445410075617,6,82.0,-0.69
28990.0,7,88.0,2.588235294117647,8.180667948900592,7,88.0,0.37024707534467116,7,88.0,-0.06000000000000005
28995.0,10,129.0,3.5833333333333335,7.353822512129231,10,105.0,0.2944546431720379,10,105.0,-0.17000000000000004
29000.0,10,179.0,5.114285714285714,8.343777473813342,10,179.0,0.3631819792293432,10,179.0,-0.74
29005.0,13,229.0,6.361111111111111,7.0284573798702095,13,229.0,0.2634969875904782,13,229.0,-0.5
29010.0,10,211.0,6.0285714285714285,7.533350919209209,10,211.0,0.31189658553292016,10,211.0,0.18000000000000016
29015.0,9,252.0,7.636363636363637,8.078287887948083,9,219.0,0.3766316294108518,9,219.0,-0.08000000000000007
29020.0,11,302.0,8.38888888888889,7.171484505809478,11,302.0,0.3068308047947327,11,302.0,-0.8300000000000001
29025.0,12,360.0,10.588235294117647,7.169096809246743,12,360.0,0.3111954685770073,12,360.0,-0.5800000000000001
29030.0,14,421.0,12.382352941176471,6.016994319776119,14,421.0,0.22711190003337084,14,421.0,-0.6099999999999999
29035.0,11,298.0,9.3125,6.786856742123223,11,298.0,0.28193121389348913,11,298.0,1.23
29040.0,7,238.0,7.933333333333334,6.8257654193739175,7,166.0,0.29105151494475584,7,166.0,1.32
29045.0,9,280.0,8.484848484848484,7.064925491647733,9,280.0,0.3279980049643711,9,280.0,-1.14
29050.0,9,149.0,4.515151515151516,7.176681515285563,9,149.0,0.32826125080549584,9,149.0,1.3099999999999998
29055.0,8,70.0,1.9444444444444444,6.453469877570154,8,12.0,0.25163592635608995,8,12.0,1.37
29060.0,7,104.0,2.888888888888889,7.877993253907807,7,104.0,0.34937595880409456,7,104.0,-0.92
29065.0,12,106.0,2.789473684210526,7.135114266749272,12,106.0,0.28866960845811007,12,106.0,-0.020000000000000018
29070.0,14,173.0,4.675675675675675,7.067191138491929,14,135.0,0.28411881046777937,14,135.0,-0.29000000000000004
29075.0,14,243.0,6.942857142857143,7.042245167084744,14,243.0,0.283150956549471,14,243.0,-1.08
29080.0,14,268.0,7.444444444444445,5.927664039172483,14,268.0,0.22799658407766835,14,268.0,-0.25
29085.0,10,270.0,7.5,6.933532645080462,10,256.0,0.292673339545015,10,256.0,0.1200000000000001
29090.0,12,323.0,8.5,6.157000490528382,12,323.0,0.26064576715566934,12,323.0,-0.6699999999999999
29095.0,12,266.0,7.0,6.590013518909341,12,266.0,0.2776743906190313,12,266.0,0.5699999999999998
29100.0,11,294.0,8.4,6.560912747797796,11,246.0,0.2784704856824983,11,246.0,0.20000000000000018
29105.0,12,350.0,9.45945945945946,5.988013177380554,12,349.0,0.24090884905272156,12,349.0,-1.0300000000000002
29110.0,12,233.0,6.297297297297297,6.6690389007193,12,233.0,0.2759338325554654,12,233.0,1.1600000000000001
29115.0,10,108.0,2.769230769230769,6.425178795318724,10,50.0,0.26055229713094213,10,50.0,1.83
29120.0,9,150.0,3.9473684210526314,7.99254970780037,9,150.0,0.37377420188595545,9,150.0,-1.0
29125.0,16,202.0,4.926829268292683,6.359595939986258,16,202.0,0.24949355422417224,16,202.0,-0.52
29130.0,16,281.0,7.025,6.868319546318675,16,281.0,0.26659323744304125,16,281.0,-0.79
29135.0,16,361.0,9.5,6.719591530865455,16,361.0,0.2671969619770737,16,361.0,-0.7999999999999998
29140.0,17,399.0,9.975,5.44843352282156,17,399.0,0.1960382742514308,17,399.0,-0.38000000000000034
29145.0,14,437.0,11.205128205128204,6.451537083028837,14,424.0,0.28224719761235045,14,424.0,-0.25
29150.0,16,510.0,13.076923076923077,5.53358894603224,16,510.0,0.2493125729935209,16,510.0,-0.8599999999999994
29155.0,15,451.0,11.868421052631579,5.623407167353595,15,451.0,0.2473624047954417,15,451.0,0.5899999999999999
29160.0,11,411.0,10.81578947368421,6.35382282295714,11,367.0,0.27672476465440815,11,367.0,0.8399999999999999
29165.0,13,471.0,11.487804878048781,6.496750082585013,13,471.0,0.27801870832146314,13,471.0,-1.04
29170.0,13,536.0,13.073170731707316,7.024680084770427,13,536.0,0.30420195648267345,13,536.0,-0.6500000000000004
29175.0,13,360.0,9.0,6.039286984504429,13,360.0,0.23952504049226844,13,360.0,1.7600000000000002
29180.0,8,150.0,3.8461538461538463,7.156668294726645,8,72.0,0.31815279677470076,8,72.0,2.88
29185.0,9,152.0,3.619047619047619,7.485877510765761,9,152.0,0.3221414775918142,9,152.0,-0.8
29190.0,8,190.0,4.523809523809524,8.589770108807159,8,190.0,0.38587078802866454,8,190.0,-0.3799999999999999
29195.0,10,180.0,4.390243902439025,7.947856753161437,10,180.0,0.3341028830371133,10,180.0,0.09999999999999987
29200.0,13,240.0,5.714285714285714,7.061544488553225,13,189.0,0.27048189086643576,13,189.0,-0.08999999999999986
29205.0,13,305.0,7.261904761904762,7.532006682350316,13,305.0,0.3020547092836945,13,305.0,-1.16
29210.0,12,212.0,4.930232558139535,6.519342921477453,12,212.0,0.21448942062434273,12,212.0,0.9299999999999997
29215.0,9,180.0,4.390243902439025,7.4174336100285485,9,127.0,0.3096304325868829,9,127.0,0.8500000000000001
29220.0,9,225.0,5.769230769230769,7.898698697296863,9,225.0,0.36136944576079777,9,225.0,-0.98
29225.0,11,165.0,4.024390243902439,6.7214742807801615,11,165.0,0.261204363519975,11,165.0,0.6000000000000001
29230.0,9,195.0,5.0,7.696955653015416,9,151.0,0.33641607433450926,9,151.0,0.1399999999999999
29235.0,10,242.0,5.902439024390244,7.194224635802386,10,242.0,0.2897598137489427,10,242.0,-0.9099999999999999
29240.0,9,249.0,6.384615384615385,7.849537740055717,9,249.0,0.3496444554584177,9,249.0,-0.07000000000000028
29245.0,11,282.0,7.230769230769231,6.983566572340647,11,269.0,0.2749821989218247,11,269.0,-0.19999999999999973
29250.0,10,332.0,8.972972972972974,7.858185070306288,10,332.0,0.3567717067015968,10,332.0,-0.6299999999999999
29255.0,8,197.0,5.628571428571429,7.753375333764112,7,196.0,0.36635818573218315,7,196.0,1.3599999999999999
29260.0,7,49.0,1.2894736842105263,6.7968883508891516,7,-9.0,0.25156414401127924,7,-9.0,2.05
29265.0,5,67.0,1.8108108108108107,8.020605544751975,5,67.0,0.3476189559475371,5,67.0,-0.76
29270.0,6,31.0,0.775,6.865168254326235,6,31.0,0.2493935500340735,6,31.0,0.36000000000000004
29275.0,10,78.0,2.0,7.493397460644614,10,50.0,0.2886858391851819,10,50.0,-0.19
29280.0,11,129.0,3.5833333333333335,7.179012942818421,11,129.0,0.28522701258054867,11,129.0,-0.79
29285.0,10,136.0,3.4871794871794872,6.894501407977975,10,136.0,0.28504422453070993,10,136.0,-0.07000000000000006
29290.0,5,97.0,2.6944444444444446,7.737025937580723,5,83.0,0.3540964717820754,5,83.0,0.5300000000000001
29295.0,7,124.0,3.3513513513513513,7.437514782023753,7,124.0,0.34008973992026376,7,124.0,-0.41000000000000003
29300.0,7,159.0,4.416666666666667,8.560594045177062,7,159.0,0.4242216490814064,7,159.0,-0.3500000000000001
29305.0,7,93.0,2.5833333333333335,8.162070142549622,7,93.0,0.3805835248225597,7,93.0,0.66
29310.0,5,106.0,2.9444444444444446,9.020732815388463,5,66.0,0.443832228574237,5,66.0,0.27
29315.0,6,132.0,3.6666666666666665,9.331779583112716,6,132.0,0.4531544367035658,6,132.0,-0.66
29320.0,9,168.0,4.421052631578948,7.778676146819823,9,168.0,0.3107898878303218,9,168.0,-0.3599999999999999
29325.0,6,129.0,3.6857142857142855,8.575167472401546,6,129.0,0.3723528858989553,6,129.0,0.3899999999999999
29330.0,6,149.0,4.138888888888889,8.03887415162029,6,112.0,0.34399927076217324,6,112.0,0.16999999999999993
29335.0,7,181.0,5.171428571428572,8.670035480005856,7,181.0,0.397332022278304,7,181.0,-0.69
29340.0,7,216.0,6.352941176470588,8.587904835512292,7,216.0,0.3840828404183606,7,216.0,-0.3500000000000001
29345.0,7,150.0,4.166666666666667,7.500337996006912,7,150.0,0.2977653853696444,7,150.0,0.6600000000000001
29350.0,5,155.0,4.305555555555555,8.730800716543333,5,117.0,0.4165037598226694,5,117.0,0.33000000000000007
29355.0,7,182.0,4.7894736842105265,7.9240647687098456,7,182.0,0.3543684173099934,7,182.0,-0.6500000000000001
29360.0,6,76.0,2.235294117647059,8.46372335743004,6,76.0,0.41720233248451855,6,76.0,1.06
29365.0,9,106.0,3.212121212121212,7.5376553899383625,9,10.0,0.33974244839037865,9,10.0,0.66
29370.0,9,148.0,4.625,7.993181191725467,9,148.0,0.37073277663793874,9,148.0,-1.38
29375.0,6,97.0,3.129032258064516,8.57605383673194,6,97.0,0.4206314097825294,6,97.0,0.51
29380.0,6,114.0,3.4545454545454546,7.528105213099403,6,77.0,0.3358591331287536,6,77.0,0.19999999999999996
29385.0,8,153.0,4.78125,8.195019312762865,8,153.0,0.3970264496440029,8,153.0,-0.76
29390.0,6,127.0,3.6285714285714286,7.167221723077192,6,127.0,0.30601178980534477,6,127.0,0.26
29395.0,7,160.0,4.571428571428571,7.770155165224,7,132.0,0.3285271157409117,7,132.0,-0.050000000000000044
29400.0,7,195.0,5.909090909090909,7.776880914476778,7,195.0,0.35011980358688866,7,195.0,-0.6299999999999999
29405.0,8,92.0,2.6285714285714286,6.868251013357258,8,92.0,0.28762151089355553,8,92.0,1.0299999999999998
29410.0,5,72.0,2.25,7.492856600114259,5,16.0,0.3464649561920641,5,16.0,0.76
29415.0,7,100.0,2.9411764705882355,6.8793150924464195,7,100.0,0.2927234643960518,7,100.0,-0.84
29420.0,6,85.0,2.65625,7.6582675808267835,6,85.0,0.36640495732366724,6,85.0,0.15000000000000002
29425.0,10,120.0,3.4285714285714284,7.257453306459804,10,97.0,0.3394766512927586,10,97.0,-0.12
29430.0,9,165.0,4.714285714285714,8.295342617940815,9,165.0,0.39109812084431594,9,165.0,-0.6799999999999999
29435.0,6,162.0,4.628571428571429,8.084460104231546,6,162.0,0.36879641376448996,6,162.0,0.029999999999999805
29440.0,8,185.0,5.138888888888889,7.3238220961199225,8,173.0,0.30065953500624765,8,173.0,-0.10999999999999988
29445.0,8,225.0,6.818181818181818,8.26192605011672,8,225.0,0.3976074822546257,8,225.0,-0.52
29450.0,5,132.0,3.6666666666666665,7.083203752470292,5,132.0,0.27856763334094936,5,132.0,0.9299999999999999
29455.0,5,118.0,3.4705882352941178,8.261545996244697,5,74.0,0.3721295130449252,5,74.0,0.5800000000000001
29460.0,5,143.0,4.205882352941177,8.854304792458992,5,143.0,0.42009430006879417,5,143.0,-0.69
29465.0,6,134.0,3.7222222222222223,7.772842866577832,6,134.0,0.32338072796261286,6,134.0,0.08999999999999986
29470.0,6,164.0,4.823529411764706,8.774171344194505,6,142.0,0.41201413166422435,6,142.0,-0.07999999999999985
29475.0,7,196.0,5.444444444444445,7.9854965034232,7,196.0,0.3398826661781753,7,196.0,-0.54
29480.0,6,94.0,2.611111111111111,8.778793028200528,6,94.0,0.40961976334890204,6,94.0,1.02
29485.0,8,124.0,3.5428571428571427,8.28073371141691,8,30.0,0.34781640420825854,8,30.0,0.6399999999999999
29490.0,9,166.0,4.882352941176471,8.392389419634554,9,166.0,0.363733742768392,9,166.0,-1.3599999999999999
29495.0,6,114.0,3.3529411764705883,8.662643831828346,6,114.0,0.3868678078303258,6,114.0,0.52
29500.0,7,134.0,4.0606060606060606,7.992333925864087,7,95.0,0.3406171906768217,7,95.0,0.18999999999999995
29505.0,8,173.0,5.242424242424242,8.45521146021202,8,173.0,0.39502641090217205,8,173.0,-0.78
29510.0,6,82.0,2.5625,6.727865640521224,6,82.0,0.28979052296279895,6,82.0,0.91
29515.0,5,68.0,2.193548387096774,8.135856668644735,5,25.0,0.3832650623764347,5,25.0,0.57
29520.0,5,93.0,3.1,9.147592028853806,5,93.0,0.4738296606941232,5,93.0,-0.68
29525.0,7,99.0,3.0,7.5476235140902865,7,99.0,0.32804514580414795,7,99.0,-0.05999999999999994
29530.0,8,139.0,4.212121212121212,8.648181785654486,8,118.0,0.3958313003311565,8,118.0,-0.18999999999999995
29535.0,10,180.0,5.625,7.076929449020339,10,180.0,0.2890871685187337,10,180.0,-0.6200000000000001
29540.0,8,192.0,6.0,7.8653664696570935,8,192.0,0.34285692925754396,8,192.0,-0.11999999999999988
29545.0,11,232.0,6.628571428571429,7.471375452907939,11,219.0,0.32226223538157966,11,219.0,-0.27
29550.0,10,278.0,8.176470588235293,7.821151711104136,10,278.0,0.3494013199695052,10,278.0,-0.5899999999999999
29555.0,10,328.0,10.25,7.792490560881808,10,328.0,0.3459089182917935,10,328.0,-0.5
29560.0,13,385.0,11.666666666666666,6.376528248835041,13,385.0,0.24769075240089528,13,385.0,-0.5700000000000003
29565.0,13,450.0,13.636363636363637,7.268549706878636,13,450.0,0.2915591170452943,13,450.0,-0.6499999999999999
29570.0,11,377.0,10.472222222222221,6.15481875520558,11,377.0,0.22091923765904395,11,377.0,0.73
29575.0,10,392.0,11.878787878787879,6.970389909780753,10,338.0,0.3089810299692625,10,338.0,0.3900000000000001
29580.0,10,442.0,14.733333333333333,7.099184401801165,10,442.0,0.3537358812315244,10,442.0,-1.04
29585.0,11,245.0,7.205882352941177,6.159481088308434,11,245.0,0.27469029975564635,11,245.0,1.9699999999999998
29590.0,6,82.0,2.411764705882353,7.733143783590452,6,-12.0,0.36416579244299074,6,-12.0,2.5700000000000003
29595.0,7,103.0,2.861111111111111,7.524506692523001,7,103.0,0.3589878133363886,7,103.0,-1.15
29600.0,7,54.0,1.588235294117647,7.695970195930865,7,54.0,0.3668773195986962,7,54.0,0.49
29605.0,11,87.0,2.4857142857142858,6.233605840141422,11,50.0,0.2501278683366533,11,50.0,0.040000000000000036
29610.0,10,136.0,3.8857142857142857,7.3202890610385145,10,136.0,0.3195186491036767,10,136.0,-0.8600000000000001
29615.0,9,142.0,4.057142857142857,7.287804086916823,9,142.0,0.3160588080114458,9,142.0,-0.05999999999999983
29620.0,9,140.0,3.6842105263157894,6.746862335058676,9,127.0,0.28111546896797807,9,127.0,0.1499999999999999
29625.0,9,185.0,4.868421052631579,8.056418812135787,9,185.0,0.3771688681922212,9,185.0,-0.5800000000000001
29630.0,12,225.0,5.769230769230769,6.278518418784537,12,225.0,0.229847056182763,12,225.0,-0.3999999999999999
29635.0,13,290.0,7.631578947368421,7.148362773914259,13,283.0,0.2799758640296257,13,283.0,-0.5800000000000001
29640.0,13,355.0,9.86111111111111,6.733441455493488,13,355.0,0.2558885758490751,13,355.0,-0.7199999999999998
29645.0,13,254.0,6.512820512820513,6.252132828113436,13,254.0,0.22654711709547365,13,254.0,1.0099999999999998
29650.0,9,210.0,5.384615384615385,7.363590991714316,9,152.0,0.3125058809178136,9,152.0,1.02
29655.0,11,258.0,6.7894736842105265,6.797731725838295,11,258.0,0.2898593223617276,11,258.0,-1.06
29660.0,11,224.0,6.222222222222222,7.000926292514179,11,224.0,0.3120700602249818,11,224.0,0.33999999999999986
29665.0,13,246.0,6.473684210526316,6.53768533660339,13,218.0,0.2752764711779476,13,218.0,0.06000000000000005
29670.0,11,301.0,7.921052631578948,7.640033665148547,11,301.0,0.35027678503159865,11,301.0,-0.8299999999999996
29675.0,9,308.0,8.555555555555555,7.345813492885319,9,308.0,0.31957750627721526,9,308.0,-0.07000000000000028
29680.0,11,346.0,9.105263157894736,6.7286291789912385,11,333.0,0.2611869467763223,11,333.0,-0.25
29685.0,11,401.0,10.837837837837839,7.584095334164179,11,401.0,0.3299438678821216,11,401.0,-0.6799999999999997
29690.0,14,459.0,11.76923076923077,6.579477297192345,14,459.0,0.21831218676307107,14,459.0,-0.5800000000000001
29695.0,10,281.0,7.394736842105263,7.415592676658587,10,281.0,0.29077960334359176,10,281.0,1.7799999999999998
29700.0,6,96.0,2.526315789473684,7.715333696246869,6,17.0,0.31053332429569586,6,17.0,2.64
29705.0,6,109.0,2.725,7.924497431448529,6,109.0,0.3463321109808758,6,109.0,-0.92
29710.0,6,139.0,3.7567567567567566,8.631167629441828,6,139.0,0.41325842673971613,6,139.0,-0.2999999999999998
29715.0,6,70.0,1.794871794871795,7.653813625365023,6,70.0,0.34339974351439273,6,70.0,0.69
29720.0,6,82.0,2.1578947368421053,8.525003321501835,6,44.0,0.39511248702302937,6,44.0,0.25999999999999995
29725.0,9,112.0,2.871794871794872,8.127546302429488,9,112.0,0.3790117626833061,9,112.0,-0.6800000000000002
29730.0,6,105.0,2.9166666666666665,8.312204818541211,6,105.0,0.39526615191832726,6,105.0,0.07000000000000006
29735.0,5,125.0,3.4722222222222223,9.028886821829694,5,112.0,0.43567645701383806,5,112.0,-0.07000000000000006
29740.0,8,155.0,4.305555555555555,7.50982931599664,8,155.0,0.3045538081527218,8,155.0,-0.42999999999999994
29745.0,7,112.0,3.111111111111111,8.22050306128955,7,112.0,0.3553285249222324,7,112.0,0.42999999999999994
29750.0,6,135.0,3.5526315789473686,7.44164316348228,6,98.0,0.28797442618946695,6,98.0,0.14000000000000012
29755.0,8,172.0,4.777777777777778,7.909337572305592,8,172.0,0.3335928800959057,8,172.0,-0.74
29760.0,8,212.0,6.057142857142857,8.114592732088852,8,212.0,0.3576283250417136,8,212.0,-0.40000000000000013
29765.0,7,200.0,5.555555555555555,7.38112353092638,7,200.0,0.31762715074327363,7,200.0,0.1200000000000001
29770.0,6,226.0,6.647058823529412,8.562354075696256,6,207.0,0.4100955765434934,6,207.0,-0.06999999999999984
29775.0,8,258.0,7.166666666666667,7.62616284721478,8,258.0,0.3271898562610148,8,258.0,-0.5100000000000002
29780.0,5,174.0,5.2727272727272725,8.479790165431995,5,174.0,0.41826188180117496,5,174.0,0.8400000000000001
29785.0,6,165.0,4.714285714285714,8.479483926789532,6,117.0,0.41371193346042967,6,117.0,0.5700000000000001
29790.0,5,185.0,5.4411764705882355,9.079098305109099,5,185.0,0.465030148636592,5,185.0,-0.6800000000000002
29795.0,4,39.0,1.1818181818181819,9.68614670842401,4,39.0,0.5292326358976374,4,39.0,1.46
29800.0,7,63.0,1.75,8.180961401707647,7,-49.0,0.3472812218301412,7,-49.0,0.88
29805.0,7,98.0,2.8823529411764706,8.82735034053601,7,98.0,0.42070229108916873,7,98.0,-1.47
29810.0,4,64.0,1.8285714285714285,7.83423506849896,4,64.0,0.31442692639791797,4,64.0,0.33999999999999997
29815.0,6,93.0,2.8181818181818183,8.59586256513928,6,62.0,0.38758072703561824,6,62.0,0.020000000000000018
29820.0,6,123.0,3.967741935483871,9.064052665407921,6,123.0,0.44598556339096895,6,123.0,-0.61
29825.0,8,159.0,4.676470588235294,7.7890136018666585,8,159.0,0.32189999949810183,8,159.0,-0.3600000000000001
29830.0,5,111.0,3.264705882352941,8.750389138412963,5,111.0,0.3954597102030241,5,111.0,0.48
29835.0,6,125.0,3.5714285714285716,8.075026405310865,6,92.0,0.3609666451374751,6,92.0,0.19000000000000006
29840.0,6,155.0,5.0,9.023668149545953,6,155.0,0.4727516333539371,6,155.0,-0.63
29845.0,9,185.0,5.78125,7.602485041490633,9,185.0,0.3594864849067531,9,185.0,-0.30000000000000004
29850.0,8,223.0,7.193548387096774,8.07482794054533,8,223.0,0.3814014453682849,8,223.0,-0.3799999999999999
29855.0,8,263.0,9.068965517241379,8.116679259046316,8,263.0,0.3766087780365606,8,263.0,-0.3999999999999999
29860.0,7,125.0,3.90625,7.659182530091218,7,125.0,0.3432483283431052,7,125.0,1.38
29865.0,5,61.0,1.967741935483871,8.332341879719296,5,-7.0,0.39251729524575757,5,-7.0,1.32
29870.0,5,86.0,2.5294117647058822,7.506103696668586,5,86.0,0.33773710978937155,5,86.0,-0.9299999999999999
29875.0,7,40.0,1.25,7.574101165775037,7,40.0,0.3316005946139336,7,40.0,0.45999999999999996
29880.0,6,66.0,2.2,8.018866900752785,6,31.0,0.35080468077854166,6,31.0,0.09000000000000002
29885.0,8,101.0,2.9705882352941178,7.743460685232725,8,101.0,0.3260227195768034,8,101.0,-0.7
29890.0,6,94.0,2.9375,7.8869725935313575,6,94.0,0.3518520357858007,6,94.0,0.07000000000000006
29895.0,7,115.0,3.484848484848485,7.229218561855846,7,102.0,0.32246339752982583,7,102.0,-0.08000000000000007
29900.0,7,150.0,4.838709677419355,8.723297609616136,7,150.0,0.4454708716104007,7,150.0,-0.48
29905.0,9,156.0,4.588235294117647,7.391460466957291,8,155.0,0.3311115248672192,8,155.0,-0.050000000000000044
29910.0,7,189.0,5.5588235294117645,8.288165484232188,7,175.0,0.3474705734272704,7,175.0,-0.19999999999999996
29915.0,7,224.0,6.588235294117647,9.267775420675756,7,224.0,0.44397332722351096,7,224.0,-0.4900000000000002
29920.0,7,117.0,3.4411764705882355,7.248554837132789,7,117.0,0.2871624392153476,7,117.0,1.0700000000000003
29925.0,5,99.0,3.09375,8.601279384428384,5,47.0,0.4019911729912882,5,47.0,0.7
29930.0,6,125.0,3.5714285714285716,7.917442830503258,6,125.0,0.3371857492849487,6,125.0,-0.78
29935.0,7,76.0,2.235294117647059,8.228190857358102,7,76.0,0.36151113748739033,7,76.0,0.49
29940.0,7,111.0,3.5806451612903225,8.375041912469522,7,43.0,0.38429797410514,7,43.0,0.33
29945.0,10,155.0,4.696969696969697,7.263529951332351,10,155.0,0.3184869873482249,10,155.0,-1.12
29950.0,7,162.0,4.909090909090909,7.851122638133809,7,162.0,0.35133842327843084,7,162.0,-0.07000000000000006
29955.0,9,201.0,5.742857142857143,6.929527230046339,9,188.0,0.31025239404833627,9,188.0,-0.2599999999999998
29960.0,9,246.0,7.6875,7.813312905257441,9,246.0,0.40909546266959995,9,246.0,-0.5800000000000001
29965.0,10,188.0,5.696969696969697,6.838282976315704,10,188.0,0.35439740993784147,10,188.0,0.5800000000000001
29970.0,7,210.0,6.363636363636363,7.423892981563155,7,169.0,0.39445054277910346,7,169.0,0.18999999999999995
29975.0,7,245.0,7.424242424242424,8.319891332591697,7,245.0,0.459325257967409,7,245.0,-0.7600000000000002
29980.0,8,101.0,2.8055555555555554,6.586348111861354,8,101.0,0.30616052225725826,8,101.0,1.4400000000000002
29985.0,4,36.0,1.0,8.149284746520744,4,-33.0,0.40603000285688173,4,-33.0,1.34
29990.0,6,57.0,1.5833333333333333,7.995500243296849,6,57.0,0.4080806503541671,6,57.0,-0.8999999999999999
29995.0,7,72.0,2.1176470588235294,8.141456162492208,7,72.0,0.41428297594698416,7,72.0,-0.15000000000000002
30000.0,8,110.0,3.3333333333333335,7.937420975576827,8,99.0,0.351316515475419,8,99.0,-0.27
30005.0,11,160.0,4.444444444444445,7.031960886012208,11,160.0,0.279500623189386,11,160.0,-0.6100000000000001
30010.0,8,164.0,4.555555555555555,7.900043428729321,8,164.0,0.3444231560159313,8,164.0,-0.039999999999999813
30015.0,9,193.0,5.216216216216216,7.188154360396787,9,180.0,0.2949157459938504,9,180.0,-0.16000000000000014
30020.0,9,238.0,7.0,7.902349897009752,9,238.0,0.37764506290236927,9,238.0,-0.5799999999999998
30025.0,10,144.0,4.114285714285714,7.156726675454827,10,144.0,0.32898843685317036,10,144.0,0.94
30030.0,5,131.0,3.8529411764705883,8.534496862277292,5,78.0,0.4205566963688838,5,78.0,0.6599999999999999
30035.0,6,159.0,4.818181818181818,8.673471947090954,6,159.0,0.43270109181495264,6,159.0,-0.81
30040.0,7,57.0,1.6285714285714286,7.061276072929173,7,57.0,0.30799698210837406,7,57.0,1.02
30045.0,5,44.0,1.375,8.501603431633235,5,-12.0,0.4301468718751092,5,-12.0,0.69
30050.0,6,70.0,2.0588235294117645,7.926065904119717,6,70.0,0.3909839399058067,6,70.0,-0.82
30055.0,6,60.0,1.8181818181818181,7.939863127434118,6,60.0,0.40197786286353604,6,60.0,0.09999999999999998
30060.0,6,90.0,2.727272727272727,8.217546444984542,6,67.0,0.4153796481529012,6,67.0,-0.07000000000000006
30065.0,8,127.0,3.5277777777777777,7.457261842608101,8,127.0,0.36458288393129595,8,127.0,-0.6
30070.0,5,83.0,2.3055555555555554,8.267551951120106,5,83.0,0.43312862078882386,5,83.0,0.44000000000000006
30075.0,4,94.0,2.473684210526316,8.003645375126974,4,66.0,0.37291419164053163,4,66.0,0.16999999999999993
30080.0,6,122.0,3.388888888888889,8.771853972379745,6,122.0,0.4490255621753724,6,122.0,-0.5599999999999999
30085.0,5,65.0,1.911764705882353,8.4243475787647,5,65.0,0.43629963056040005,5,65.0,0.57
30090.0,4,71.0,2.088235294117647,8.775928017735739,4,43.0,0.43937775819077945,4,43.0,0.22000000000000003
30095.0,4,91.0,2.84375,9.517796429471293,4,91.0,0.5118531417602763,4,91.0,-0.48000000000000004
30100.0,5,103.0,2.942857142857143,7.955180868549844,5,103.0,0.3481996754179308,5,103.0,-0.12
30105.0,6,132.0,3.7714285714285714,9.00345887471345,6,125.0,0.4146185632130397,6,125.0,-0.21999999999999997
30110.0,7,163.0,4.405405405405405,8.141507766681723,7,163.0,0.3455026767218977,7,163.0,-0.3799999999999999
30115.0,5,118.0,3.3714285714285714,8.67594287988525,5,118.0,0.38704328725860426,5,118.0,0.44999999999999996
30120.0,4,132.0,4.258064516129032,9.09252413818288,4,98.0,0.4303962232750105,4,98.0,0.19999999999999996
30125.0,6,157.0,4.90625,8.324437689719188,6,157.0,0.38200019122058537,6,157.0,-0.5900000000000001
30130.0,4,63.0,2.032258064516129,9.05672041451677,4,63.0,0.44820763790745716,4,63.0,0.9400000000000001
30135.0,6,86.0,2.6875,7.880970056864417,6,-1.0,0.33989327351234777,6,-1.0,0.64
30140.0,7,121.0,3.903225806451613,8.854216019395702,7,121.0,0.4246422632903025,7,121.0,-1.22
30145.0,7,57.0,1.78125,7.958260841349583,7,57.0,0.35765074829054694,7,57.0,0.64
30150.0,5,66.0,2.0625,8.48709540923617,5,27.0,0.4129088704583528,5,27.0,0.29999999999999993
30155.0,5,91.0,2.935483870967742,9.434895852226456,5,91.0,0.5032140230867417,5,91.0,-0.64
30160.0,5,42.0,1.3548387096774193,7.231925448151376,5,42.0,0.3086371722329423,5,42.0,0.49000000000000005
30165.0,5,64.0,2.1333333333333333,8.788908102920647,5,31.0,0.4283481574916724,5,31.0,0.10999999999999999
30170.0,7,91.0,2.757575757575758,7.915339236329678,7,91.0,0.3243012880650537,7,91.0,-0.6000000000000001
30175.0,5,44.0,1.3333333333333333,8.591725180775375,4,43.0,0.40746512523838263,4,43.0,0.48000000000000004
30180.0,3,52.0,1.7333333333333334,8.947421593119595,3,17.0,0.397226320490227,3,17.0,0.26
30185.0,5,71.0,2.2903225806451615,8.088506365321003,5,71.0,0.36100262641006425,5,71.0,-0.5399999999999999
30190.0,6,72.0,2.4,8.509942741522332,6,72.0,0.4243640781166906,6,72.0,-0.010000000000000009
30195.0,7,104.0,3.1515151515151514,7.664169552603756,7,78.0,0.31735851274504095,7,78.0,-0.06000000000000005
30200.0,9,148.0,4.484848484848484,8.378034232090775,9,148.0,0.36570602734207136,9,148.0,-0.7
30205.0,8,144.0,4.114285714285714,7.478162750365241,8,144.0,0.2939959272527709,8,144.0,0.040000000000000036
30210.0,8,183.0,5.545454545454546,8.0805301453308,8,169.0,0.35744291283307944,8,169.0,-0.25
30215.0,8,223.0,7.433333333333334,8.328003554765084,8,223.0,0.395358414017295,8,223.0,-0.54
30220.0,9,121.0,4.033333333333333,6.6509646989514115,8,120.0,0.3127819332031046,8,120.0,1.03
30225.0,7,104.0,3.586206896551724,7.560131403336414,7,49.0,0.33108831826412405,7,49.0,0.71
30230.0,6,128.0,4.0,7.086017490894324,6,128.0,0.2971357662269118,6,128.0,-0.79
30235.0,10,159.0,4.96875,7.277486058919488,10,159.0,0.311046160756359,10,159.0,-0.31000000000000005
30240.0,10,209.0,6.741935483870968,7.744714937655405,10,201.0,0.32928067488188073,10,201.0,-0.4199999999999997
30245.0,13,265.0,8.030303030303031,6.5453804923453385,13,265.0,0.23904668686527347,13,265.0,-0.6400000000000001
30250.0,10,165.0,5.15625,7.5132007900227595,10,165.0,0.3217934599243114,10,165.0,1.0
30255.0,8,140.0,4.0,6.802662940602852,8,79.0,0.2815538754493822,8,79.0,0.8599999999999999
30260.0,9,185.0,5.606060606060606,7.923289651765386,9,185.0,0.38017036000660204,9,185.0,-1.06
30265.0,12,137.0,4.151515151515151,6.078921679872642,12,137.0,0.26885591579442647,12,137.0,0.48
30270.0,7,104.0,3.1515151515151514,7.616034670668396,7,75.0,0.35132111098153,7,75.0,0.6200000000000001
30275.0,7,139.0,4.212121212121212,8.199011482255504,7,139.0,0.3878707306149219,7,139.0,-0.6399999999999999
30280.0,10,139.0,3.861111111111111,6.588356153561963,10,139.0,0.27557505973922297,10,139.0,0.0
30285.0,9,181.0,5.323529411764706,7.596519083921693,9,168.0,0.3437901670227794,9,168.0,-0.29000000000000004
30290.0,10,228.0,6.333333333333333,6.915592188756598,10,228.0,0.28796612678176886,10,228.0,-0.5999999999999999
30295.0,8,232.0,6.444444444444445,7.685377833207489,8,232.0,0.33298610473366175,8,232.0,-0.040000000000000036
30300.0,7,262.0,7.277777777777778,7.8980832685899,7,249.0,0.3400579776828396,7,249.0,-0.17000000000000037
30305.0,9,304.0,7.794871794871795,7.768892664653365,9,304.0,0.3298609337636659,9,304.0,-0.5499999999999998
30310.0,6,148.0,4.0,8.238066248675581,6,148.0,0.3751506960201211,6,148.0,1.56
30315.0,3,51.0,1.3783783783783783,8.235293560880615,3,-23.0,0.37413875425793647,3,-23.0,1.71
30320.0,4,68.0,1.837837837837838,9.470099036190307,4,68.0,0.4654545703463204,4,68.0,-0.91
30325.0,6,88.0,2.3157894736842106,9.059912769175748,6,88.0,0.42190383137899007,6,88.0,-0.19999999999999996
30330.0,6,65.0,1.8055555555555556,8.998838031612658,6,65.0,0.4204750196990994,6,65.0,0.22999999999999998
30335.0,6,95.0,2.7142857142857144,9.23951507986064,6,48.0,0.4131269181231251,6,48.0,0.17000000000000004
30340.0,9,132.0,3.5675675675675675,7.707249398535434,9,132.0,0.2899816095030842,9,132.0,-0.8400000000000001
30345.0,6,84.0,2.4705882352941178,8.440120939104506,6,84.0,0.3766776569259519,6,84.0,0.4800000000000001
30350.0,5,102.0,2.914285714285714,7.5390804280421255,5,64.0,0.3099258791638938,5,64.0,0.19999999999999996
30355.0,7,136.0,4.121212121212121,8.419263984103313,7,136.0,0.3962983680411211,7,136.0,-0.7200000000000001
30360.0,4,74.0,2.3125,8.55074374677837,4,74.0,0.41263607229431093,4,74.0,0.6200000000000001
30365.0,4,83.0,2.3714285714285714,8.547127519706342,4,46.0,0.4002236142004265,4,46.0,0.27999999999999997
30370.0,5,106.0,3.1176470588235294,9.453795499828185,5,106.0,0.47920894536368075,5,106.0,-0.6000000000000001
30375.0,6,133.0,3.8,8.323574243762826,6,133.0,0.3471438157701093,6,133.0,-0.27
30380.0,8,172.0,5.375,8.916356423100396,8,172.0,0.3854336062936688,8,172.0,-0.3899999999999999
30385.0,11,213.0,6.65625,7.7991720790646095,11,213.0,0.30660867495264355,11,213.0,-0.4099999999999999
30390.0,9,248.0,8.0,7.662925749899683,9,248.0,0.3283870024782984,9,248.0,-0.3500000000000001
30395.0,9,293.0,9.451612903225806,8.051675262889754,9,284.0,0.3631460631973304,9,284.0,-0.3599999999999999
30400.0,12,345.0,10.454545454545455,6.55991570581171,12,345.0,0.26564501293512705,12,345.0,-0.6100000000000003
30405.0,9,316.0,10.533333333333333,6.849591543172216,9,316.0,0.2932038512041812,9,316.0,0.29000000000000004
30410.0,9,351.0,10.96875,6.161509701509196,9,318.0,0.253283207137245,9,318.0,-0.020000000000000018
30415.0,10,400.0,12.5,7.347408980367895,10,400.0,0.33245617189502774,10,400.0,-0.8199999999999998
30420.0,10,450.0,14.0625,7.454884516742226,10,450.0,0.3322785577484453,10,450.0,-0.5
30425.0,10,246.0,7.0285714285714285,6.785722202005816,10,246.0,0.2675748869668755,10,246.0,2.04
30430.0,5,66.0,2.0625,7.349934141131389,5,-26.0,0.3094253809318147,5,-26.0,2.7199999999999998
30435.0,4,74.0,2.176470588235294,7.703061017248651,4,74.0,0.3445130494882249,4,74.0,-1.0
30440.0,8,104.0,3.0588235294117645,8.129108858989008,8,104.0,0.37290896277112906,8,104.0,-0.30000000000000004
30445.0,12,153.0,4.25,7.031815185311447,12,153.0,0.2878505408196811,12,153.0,-0.49
30450.0,12,213.0,6.264705882352941,7.295769349064063,12,213.0,0.3086135616369391,12,213.0,-0.5999999999999999
30455.0,9,175.0,5.147058823529412,7.261640865109336,9,175.0,0.2892791272461103,9,175.0,0.3799999999999999
30460.0,11,214.0,5.783783783783784,6.678888644691358,11,175.0,0.2625111085773522,11,175.0,0.0
30465.0,11,269.0,7.27027027027027,7.464019621497658,11,269.0,0.3271090485125737,11,269.0,-0.94
30470.0,10,228.0,6.162162162162162,6.370381855709474,10,228.0,0.252645877247409,10,228.0,0.41000000000000014
30475.0,6,128.0,3.764705882352941,7.608952862441095,6,99.0,0.3430854731127902,6,99.0,1.2899999999999998
30480.0,5,145.0,4.264705882352941,8.768935133557326,5,145.0,0.4242362694895181,5,145.0,-0.45999999999999996
30485.0,7,136.0,3.7777777777777777,7.147240891201258,7,136.0,0.30270433985969214,7,136.0,0.08999999999999986
30490.0,9,180.0,5.294117647058823,7.859795949265534,9,158.0,0.3666043151093683,9,158.0,-0.21999999999999997
30495.0,10,227.0,6.135135135135135,7.216531591442021,10,227.0,0.31522267840870943,10,227.0,-0.69
30500.0,11,282.0,7.833333333333333,7.814455315161537,11,282.0,0.3377235569940276,11,282.0,-0.5499999999999998
30505.0,11,271.0,7.131578947368421,7.306659398956988,11,271.0,0.290584320846078,11,271.0,0.10999999999999988
30510.0,7,253.0,6.837837837837838,7.990234939603673,7,235.0,0.3559805845433271,7,235.0,0.3599999999999999
30515.0,7,288.0,8.0,8.73568333422519,7,288.0,0.42888927736449206,7,288.0,-0.5299999999999998
30520.0,11,224.0,6.222222222222222,6.462471516693164,10,223.0,0.25936882877424156,10,223.0,0.6499999999999999
30525.0,9,251.0,6.972222222222222,7.719816763848137,9,207.0,0.3147529063622359,9,207.0,0.16000000000000014
30530.0,8,289.0,7.410256410256411,7.08673284225579,8,289.0,0.2687783880922289,8,289.0,-0.8200000000000003
30535.0,10,297.0,8.25,7.218888392280198,10,297.0,0.2949421175568224,10,297.0,-0.08000000000000007
30540.0,9,337.0,10.212121212121213,7.6003490272787175,9,324.0,0.34100483838936696,9,324.0,-0.27
30545.0,11,387.0,11.057142857142857,7.088371178406037,11,387.0,0.31003285729255325,11,387.0,-0.6299999999999999
30550.0,8,345.0,10.147058823529411,7.95437538474855,8,345.0,0.3683775234749633,8,345.0,0.41999999999999993
30555.0,9,376.0,10.444444444444445,7.078150565578116,9,337.0,0.29824373272226107,9,337.0,0.08000000000000007
30560.0,9,421.0,11.694444444444445,8.15375372793796,9,421.0,0.39129309623027564,9,421.0,-0.8399999999999999
30565.0,9,367.0,9.91891891891892,7.52509905921302,9,367.0,0.3477931839721361,9,367.0,0.54
30570.0,6,357.0,10.2,8.193804528587046,6,328.0,0.3990595333469989,6,328.0,0.3900000000000001
30575.0,6,387.0,11.057142857142857,8.990846390562066,6,387.0,0.4682733391378062,6,387.0,-0.5900000000000003
30580.0,9,414.0,11.18918918918919,7.0755549992395315,9,414.0,0.29598377625237215,9,414.0,-0.2699999999999996
30585.0,9,459.0,13.114285714285714,7.869964244852434,9,451.0,0.3723288754989277,9,451.0,-0.3700000000000001
30590.0,10,505.0,13.289473684210526,7.051785770945573,10,505.0,0.301384549677151,10,505.0,-0.54
30595.0,8,521.0,13.710526315789474,7.672755602795115,8,521.0,0.3280516409474009,8,521.0,-0.16000000000000014
30600.0,9,565.0,15.694444444444445,7.97686200933525,9,552.0,0.3522517853660476,9,552.0,-0.3099999999999996
30605.0,11,616.0,17.11111111111111,7.260762684991367,11,616.0,0.31557029497834355,11,616.0,-0.6400000000000006
30610.0,11,671.0,19.735294117647058,7.72991749852255,11,671.0,0.3572126394471705,11,671.0,-0.5499999999999998
30615.0,9,581.0,15.702702702702704,6.9368131540865985,9,581.0,0.26356979926165985,9,581.0,0.9000000000000004
30620.0,7,576.0,16.457142857142856,8.22585041537785,7,520.0,0.37957171029780457,7,520.0,0.6099999999999994
30625.0,9,611.0,16.97222222222222,7.681845579613831,9,611.0,0.3419574442785651,9,611.0,-0.9100000000000001
30630.0,10,656.0,19.294117647058822,7.29321035408275,10,656.0,0.31436534548338196,10,656.0,-0.4499999999999993
30635.0,10,706.0,22.0625,7.607828940623784,10,706.0,0.3222936307252329,10,706.0,-0.5
30640.0,13,762.0,22.41176470588235,6.237930937821814,13,762.0,0.23067171283801693,13,762.0,-0.5600000000000005
30645.0,10,266.0,7.823529411764706,7.015572825940558,10,266.0,0.28514298109672587,10,266.0,4.96
30650.0,11,235.0,6.527777777777778,5.8370126811240155,11,-6.0,0.21494054547140218,11,-6.0,2.72
30655.0,11,290.0,8.529411764705882,6.651471446152783,11,290.0,0.2808778703427592,11,290.0,-2.96
30660.0,11,345.0,10.147058823529411,6.821743225573028,11,345.0,0.2981899774665712,11,345.0,-0.5500000000000003
30665.0,11,226.0,5.947368421052632,6.346930019581859,11,226.0,0.2514559499348749,11,226.0,1.1900000000000004
30670.0,8,176.0,4.888888888888889,7.167099457867345,8,112.0,0.32192775448773125,8,112.0,1.1399999999999997
30675.0,10,214.0,5.631578947368421,6.40444376465413,10,213.0,0.25976049138555163,10,213.0,-1.0099999999999998
30680.0,9,258.0,6.972972972972973,7.813036781139852,9,258.0,0.352811330366384,9,258.0,-0.4500000000000002
30685.0,12,149.0,3.9210526315789473,6.9063614500920325,12,149.0,0.2822142786334393,12,149.0,1.09
30690.0,7,111.0,3.0833333333333335,7.371791291089802,7,58.0,0.32272642952816544,7,58.0,0.91
30695.0,8,149.0,4.257142857142857,7.634339630918595,8,149.0,0.33553746998888573,8,149.0,-0.91
30700.0,11,148.0,3.8947368421052633,6.528598828535674,11,148.0,0.2587885302701967,11,148.0,0.010000000000000009
30705.0,10,186.0,5.027027027027027,7.220065853668006,10,172.0,0.3140949684707695,10,172.0,-0.24
30710.0,12,239.0,6.2894736842105265,6.284514137930034,12,239.0,0.2621268572221906,12,239.0,-0.6700000000000002
30715.0,10,144.0,3.891891891891892,6.928322556586116,10,144.0,0.3066307565296275,10,144.0,0.9500000000000002
30720.0,7,126.0,3.4054054054054053,7.669920198962989,7,65.0,0.34040274506746326,7,65.0,0.7899999999999999
30725.0,9,166.0,4.15,7.34952240229232,9,166.0,0.32682408835176074,9,166.0,-1.0099999999999998
30730.0,9,211.0,5.275,7.850699176300763,9,211.0,0.36839275027650886,9,211.0,-0.44999999999999996
30735.0,8,149.0,3.5476190476190474,7.056303223500567,8,149.0,0.27159124828817954,8,149.0,0.6199999999999999
30740.0,5,98.0,2.5128205128205128,8.417156724343828,5,65.0,0.39125510065581076,5,65.0,0.84
30745.0,8,123.0,3.0,8.430025623269616,8,123.0,0.3943210027829424,8,123.0,-0.58
30750.0,7,77.0,1.9743589743589745,8.369221614679992,7,77.0,0.3659262475393428,7,77.0,0.45999999999999996
30755.0,6,103.0,2.7837837837837838,9.221889904236344,6,70.0,0.4245780436921526,6,70.0,0.07000000000000006
30760.0,9,139.0,3.7567567567567566,7.8381160835816415,9,139.0,0.3170274396342962,9,139.0,-0.69
30765.0,7,134.0,3.8285714285714287,8.238056141113763,6,133.0,0.38231168004160154,6,133.0,0.05999999999999983
30770.0,6,151.0,4.081081081081081,7.550687635144186,6,138.0,0.2726755750838198,6,138.0,-0.04999999999999982
30775.0,7,184.0,4.972972972972973,8.51861663391829,7,184.0,0.35078497509394013,7,184.0,-0.4600000000000002
30780.0,6,129.0,3.7941176470588234,8.199402656629639,6,129.0,0.3464487909259529,6,129.0,0.55
30785.0,7,149.0,4.138888888888889,7.576491444395281,7,110.0,0.2861901838999772,7,110.0,0.18999999999999995
30790.0,7,184.0,5.411764705882353,8.5296385812453,7,184.0,0.3781961475197714,7,184.0,-0.74
30795.0,7,187.0,5.194444444444445,7.376011419657797,7,187.0,0.30298753734833056,7,187.0,-0.030000000000000027
30800.0,8,226.0,6.848484848484849,8.420298912778923,8,207.0,0.3886464808532505,8,207.0,-0.19999999999999973
30805.0,11,266.0,8.06060606060606,6.992802229274999,11,266.0,0.31608217444989173,11,266.0,-0.5900000000000003
30810.0,8,221.0,6.696969696969697,7.599545208767999,8,221.0,0.34906434519081153,8,221.0,0.4500000000000002
30815.0,5,224.0,7.225806451612903,8.163724859784622,5,195.0,0.3950375835468547,5,195.0,0.26
30820.0,7,253.0,7.4411764705882355,7.722086113417743,7,253.0,0.3504206294177872,7,253.0,-0.5799999999999998
30825.0,7,217.0,6.382352941176471,7.926663149685672,7,217.0,0.37319342694799157,7,217.0,0.3599999999999999
30830.0,6,241.0,6.513513513513513,6.892265752006201,6,213.0,0.2570403493052221,6,213.0,0.040000000000000036
30835.0,8,280.0,8.0,8.191071903803849,8,280.0,0.34903544933455144,8,280.0,-0.6699999999999999
30840.0,7,296.0,8.705882352941176,7.948032506405707,7,296.0,0.33968678508483796,7,296.0,-0.16000000000000014
30845.0,9,337.0,9.36111111111111,7.526845522482631,9,324.0,0.31781162702646754,9,324.0,-0.28000000000000025
30850.0,9,382.0,11.235294117647058,8.40343163372082,9,382.0,0.37066563910985356,9,382.0,-0.5799999999999996
30855.0,8,339.0,9.416666666666666,7.183195693282951,8,339.0,0.2652906735750828,8,339.0,0.4299999999999997
30860.0,7,359.0,10.878787878787879,8.51339303270233,7,330.0,0.3789723633810815,7,330.0,0.0900000000000003
30865.0,10,394.0,11.257142857142858,7.9979842893939255,10,394.0,0.35603214219007034,10,394.0,-0.6400000000000001
30870.0,7,103.0,3.0294117647058822,8.127342359292394,7,103.0,0.3650107008535189,7,103.0,2.91
30875.0,7,138.0,4.181818181818182,8.731628261866508,7,-28.0,0.3984070984839033,7,-28.0,1.31
30880.0,10,180.0,5.142857142857143,7.597123363873522,10,180.0,0.3111887043487687,10,180.0,-2.08
30885.0,7,107.0,3.242424242424242,8.11912321621375,7,107.0,0.35683415813442787,7,107.0,0.73
30890.0,5,104.0,2.9714285714285715,7.852247594829266,5,61.0,0.3208269796258258,5,61.0,0.4600000000000001
30895.0,7,137.0,3.914285714285714,8.761021091442856,7,137.0,0.39756738635081607,7,137.0,-0.7600000000000001
30900.0,5,76.0,2.4516129032258065,8.250576563492636,5,76.0,0.3747299141176437,5,76.0,0.6100000000000001
30905.0,6,93.0,2.657142857142857,8.081353373964589,6,53.0,0.3468809244452743,6,53.0,0.22999999999999998
30910.0,6,123.0,3.727272727272727,9.101742003473714,6,123.0,0.45666960552032415,6,123.0,-0.7
30915.0,4,46.0,1.3142857142857143,8.15067750475324,4,46.0,0.3697014660256349,4,46.0,0.77
30920.0,5,51.0,1.5454545454545454,8.905136482667007,5,9.0,0.4209082331943359,5,9.0,0.37
30925.0,6,70.0,2.0588235294117645,8.580553522092735,6,70.0,0.39836776241925537,6,70.0,-0.61
30930.0,7,97.0,3.03125,8.512309702941149,7,97.0,0.41803465683328817,7,97.0,-0.27
30935.0,6,127.0,3.96875,9.188851103100333,6,127.0,0.4802171760762225,6,127.0,-0.30000000000000004
30940.0,7,57.0,1.6285714285714286,7.466927023058109,7,57.0,0.29530615946166816,7,57.0,0.7000000000000001
30945.0,5,66.0,2.129032258064516,8.746715201524058,5,28.0,0.41800392734313163,5,28.0,0.2899999999999999
30950.0,5,91.0,2.757575757575758,7.794637897375213,5,91.0,0.3482015262453993,5,91.0,-0.63
30955.0,7,112.0,3.5,8.141727750502339,7,112.0,0.39488489483773814,7,112.0,-0.21000000000000008
30960.0,7,147.0,4.741935483870968,8.740256964386537,7,136.0,0.40389041003758525,7,136.0,-0.24
30965.0,9,187.0,5.666666666666667,7.397112585835133,9,187.0,0.2932226244488438,9,187.0,-0.51
30970.0,7,107.0,3.34375,8.066560507612568,7,107.0,0.3591545383739762,7,107.0,0.8
30975.0,7,106.0,3.0285714285714285,7.512930492365942,7,56.0,0.31311719637558916,7,56.0,0.51
30980.0,7,141.0,4.2727272727272725,8.636945349684591,7,141.0,0.4109097054451485,7,141.0,-0.8499999999999999
30985.0,9,115.0,3.3823529411764706,7.5734235944101025,9,115.0,0.3206795460566173,9,115.0,0.26
30990.0,7,149.0,4.806451612903226,8.34327956068203,7,121.0,0.38020975944007285,7,121.0,-0.06000000000000005
30995.0,7,184.0,6.133333333333334,8.52380706424389,7,184.0,0.4113917098941385,7,184.0,-0.6300000000000001
31000.0,8,84.0,2.5454545454545454,6.8468052170353415,8,84.0,0.29307567493104614,8,84.0,1.0
31005.0,5,64.0,2.0,8.27968994259243,5,8.0,0.3983255540396907,5,8.0,0.76
31010.0,7,90.0,2.727272727272727,7.448516011151561,7,90.0,0.34854963312001197,7,90.0,-0.8200000000000001
31015.0,8,112.0,3.5,7.596274345818466,8,112.0,0.3603245131867156,8,112.0,-0.22000000000000008
31020.0,8,152.0,4.75,8.066385382211976,8,140.0,0.35818485634718467,8,140.0,-0.2799999999999998
31025.0,11,200.0,5.555555555555555,7.045496849133049,11,200.0,0.26763180970499945,11,200.0,-0.6000000000000001
31030.0,8,130.0,3.7142857142857144,7.886380548145662,8,130.0,0.33966862868431896,8,130.0,0.7
31035.0,8,134.0,3.7222222222222223,7.4140017097066915,8,91.0,0.3204447019666155,8,91.0,0.39
31040.0,8,174.0,5.117647058823529,8.45080035953676,8,174.0,0.4160696498894359,8,174.0,-0.83
31045.0,9,114.0,3.1666666666666665,7.099033579848835,9,114.0,0.3146209990750165,9,114.0,0.6000000000000001
31050.0,7,136.0,3.8857142857142857,8.063233658499476,7,94.0,0.38262141107472913,7,94.0,0.19999999999999996
31055.0,7,171.0,5.181818181818182,8.369940731234314,7,171.0,0.4244266241754781,7,171.0,-0.77
31060.0,9,212.0,6.424242424242424,6.848159454338727,9,212.0,0.338299758821179,9,212.0,-0.41000000000000014
31065.0,10,260.0,8.666666666666666,7.102292311521484,10,260.0,0.3411250256893514,10,260.0,-0.48
31070.0,10,310.0,9.393939393939394,6.26125548435797,10,310.0,0.2532849381145853,10,310.0,-0.5
31075.0,10,299.0,9.06060606060606,7.050502636514449,10,299.0,0.29555069447309995,10,299.0,0.10999999999999988
31080.0,9,340.0,10.303030303030303,7.180119981354319,9,312.0,0.32284521029599283,9,312.0,-0.1299999999999999
31085.0,11,393.0,10.621621621621621,6.980877028188544,11,393.0,0.3139858436606556,11,393.0,-0.81
31090.0,9,226.0,6.108108108108108,7.415486711775955,8,225.0,0.34560430067280634,8,225.0,1.6800000000000002
31095.0,7,80.0,2.051282051282051,6.661350007860544,7,7.0,0.27291203528328395,7,7.0,2.18
31100.0,5,98.0,2.7222222222222223,8.017854247391252,5,98.0,0.37952451050132074,5,98.0,-0.9099999999999999
31105.0,9,29.0,0.8055555555555556,6.5750672141026305,9,29.0,0.3026775462234694,9,29.0,0.69
31110.0,9,60.0,1.7142857142857142,6.929810458048043,9,18.0,0.32484781836417237,9,18.0,0.10999999999999999
31115.0,9,105.0,3.1818181818181817,7.560736691199087,9,105.0,0.37726665877010424,9,105.0,-0.8700000000000001
31120.0,10,105.0,3.0,6.001931496858877,10,105.0,0.27004491137696846,10,105.0,0.0
31125.0,6,74.0,2.1142857142857143,7.429799568638055,6,60.0,0.35896433679612644,6,60.0,0.45000000000000007
31130.0,6,104.0,2.736842105263158,7.6861243538893556,6,104.0,0.36714189606394565,6,104.0,-0.44000000000000006
31135.0,10,132.0,3.473684210526316,7.359795615470605,10,132.0,0.32362809986286534,10,132.0,-0.28
31140.0,11,187.0,5.054054054054054,7.495554704419202,11,177.0,0.3055809332747137,11,177.0,-0.44999999999999996
31145.0,14,252.0,6.3,6.739423568985981,14,252.0,0.24513765120069883,14,252.0,-0.75
31150.0,11,192.0,5.485714285714286,7.217517824161056,11,192.0,0.2991075657289748,11,192.0,0.6000000000000001
31155.0,11,216.0,5.837837837837838,6.8307694112727,11,166.0,0.2978227905943054,11,166.0,0.26
31160.0,11,271.0,7.527777777777778,7.668381048392151,11,271.0,0.3642925294133489,11,271.0,-1.05
31165.0,13,326.0,8.81081081081081,7.064354097374173,13,326.0,0.319773384504746,13,326.0,-0.5499999999999998
31170.0,13,390.0,10.54054054054054,7.3400011133040515,13,390.0,0.319904959305664,13,390.0,-0.6400000000000001
31175.0,10,329.0,9.4,7.170176500861634,10,329.0,0.30521330988410705,10,329.0,0.6099999999999999
31180.0,8,258.0,7.166666666666667,6.291270421512132,8,220.0,0.27228557078038124,8,220.0,1.0899999999999999
31185.0,9,303.0,8.657142857142857,7.553694993831971,9,303.0,0.376648961230806,9,303.0,-0.8299999999999996
31190.0,9,151.0,4.081081081081081,5.796513210042628,9,151.0,0.23071151485528177,9,151.0,1.5199999999999998
31195.0,7,63.0,1.75,6.966370198495979,7,-5.0,0.30498070937945204,7,-5.0,1.56
31200.0,7,98.0,2.7222222222222223,7.711551145042135,7,98.0,0.36362927100164544,7,98.0,-1.03
31205.0,9,138.0,3.5384615384615383,7.035791838227894,9,138.0,0.3250718444299221,9,138.0,-0.3999999999999999
31210.0,8,120.0,3.1578947368421053,7.490028115354706,8,120.0,0.3520202389819222,8,120.0,0.17999999999999994
31215.0,7,125.0,3.2051282051282053,6.870279976327765,7,107.0,0.3093215897047504,7,107.0,0.1299999999999999
31220.0,8,165.0,4.230769230769231,8.223549340903483,8,165.0,0.41078284793690995,8,165.0,-0.5799999999999998
31225.0,11,163.0,3.975609756097561,7.474670442966729,11,163.0,0.32296157728405267,11,163.0,0.020000000000000018
31230.0,11,214.0,5.35,7.876087501295757,11,174.0,0.32079953900898917,11,174.0,-0.1100000000000001
31235.0,11,269.0,7.27027027027027,8.068570114315548,11,269.0,0.34221717538790825,11,269.0,-0.95
31240.0,12,297.0,8.027027027027026,6.539721985800669,12,297.0,0.23050958077558747,12,297.0,-0.28000000000000025
31245.0,12,357.0,9.916666666666666,7.237809158123716,12,344.0,0.3055720194489106,12,344.0,-0.46999999999999975
31250.0,14,420.0,11.052631578947368,6.522336790311996,14,420.0,0.2672429082886809,14,420.0,-0.7600000000000002
31255.0,11,295.0,7.7631578947368425,6.735102949350439,11,295.0,0.28704328078255875,11,295.0,1.25
31260.0,7,234.0,6.5,7.056116019969399,7,162.0,0.29549367051079306,7,162.0,1.33
31265.0,10,277.0,7.486486486486487,7.086618637465959,10,277.0,0.31248650213437107,10,277.0,-1.15
31270.0,9,150.0,4.166666666666667,6.997613799058723,9,150.0,0.31626350301009676,9,150.0,1.27
31275.0,6,72.0,1.894736842105263,7.074776009871429,6,15.0,0.3050299258221107,6,15.0,1.35
31280.0,7,106.0,2.9444444444444446,8.466460298237587,7,106.0,0.4194851406626755,7,106.0,-0.91
31285.0,12,101.0,2.72972972972973,7.337762158320924,12,101.0,0.33121339126749894,12,101.0,0.050000000000000044
31290.0,12,156.0,4.216216216216216,7.478403489837151,12,115.0,0.31051072245260836,12,115.0,-0.1399999999999999
31295.0,12,216.0,5.837837837837838,7.94784180940934,12,216.0,0.34301871270869877,12,216.0,-1.0100000000000002
31300.0,11,206.0,5.282051282051282,6.537146693432104,11,206.0,0.24376143355553628,11,206.0,0.10000000000000009
31305.0,12,262.0,7.277777777777778,7.124482059120573,12,229.0,0.3243293438964366,12,229.0,-0.22999999999999998
31310.0,14,324.0,9.0,6.38031986282307,14,324.0,0.2907357002104645,14,324.0,-0.9500000000000002
31315.0,11,253.0,7.228571428571429,6.285832636283577,11,253.0,0.28906210782220126,11,253.0,0.7100000000000004
31320.0,7,198.0,5.823529411764706,6.9362125851130205,7,155.0,0.3182856924280073,7,155.0,0.9799999999999998
31325.0,9,239.0,6.2894736842105265,6.979169161865778,9,239.0,0.31847811749995364,9,239.0,-0.8400000000000001
31330.0,11,283.0,7.447368421052632,7.071913240581276,11,283.0,0.3215220084537494,11,283.0,-0.43999999999999995
31335.0,13,341.0,8.973684210526315,6.49815924643653,13,339.0,0.26215251241078874,13,339.0,-0.56
31340.0,13,406.0,10.68421052631579,7.35390983673212,13,406.0,0.32371449801235613,13,406.0,-0.6699999999999995
31345.0,14,426.0,11.210526315789474,7.007961800465976,14,426.0,0.3005959354327622,14,426.0,-0.20000000000000018
31350.0,15,496.0,13.052631578947368,6.808721379279641,15,456.0,0.2749308392003252,15,456.0,-0.2999999999999998
31355.0,15,571.0,15.432432432432432,6.655505082039924,15,571.0,0.2717661559098291,15,571.0,-1.1500000000000004
31360.0,15,423.0,10.575,5.80829005254004,15,423.0,0.20945784148663316,15,423.0,1.4799999999999995
31365.0,10,219.0,5.918918918918919,6.736232379761239,10,146.0,0.30075672271851256,10,146.0,2.7700000000000005
31370.0,8,233.0,5.9743589743589745,6.419542161485685,8,233.0,0.28434030622275525,8,233.0,-0.8700000000000001
31375.0,10,283.0,7.648648648648648,7.250267988475215,10,283.0,0.3475146009537542,10,283.0,-0.5
31380.0,10,183.0,5.382352941176471,7.051533300913582,10,183.0,0.3263090580375189,10,183.0,1.0
31385.0,8,105.0,2.763157894736842,6.787696335729859,8,57.0,0.282112651530276,8,57.0,1.2600000000000002
31390.0,8,145.0,3.918918918918919,7.958134161945039,8,145.0,0.37831126407286636,8,145.0,-0.88
31395.0,10,143.0,3.575,6.785027414375035,10,143.0,0.2752963159158085,10,143.0,0.020000000000000018
31400.0,9,174.0,4.35,8.176377958923256,9,161.0,0.3629136055882465,9,161.0,-0.18000000000000016
31405.0,11,219.0,5.475,7.708487981425937,11,219.0,0.33071614381645387,11,219.0,-0.5799999999999998
31410.0,9,225.0,5.625,7.864551763274345,9,225.0,0.33656756644856184,9,225.0,-0.06000000000000005
31415.0,7,241.0,6.342105263157895,8.117198756967113,7,228.0,0.3722772010753918,7,228.0,-0.029999999999999805
31420.0,8,280.0,7.0,7.555483492741752,8,280.0,0.3145132728045785,8,280.0,-0.52
31425.0,9,134.0,3.4358974358974357,7.854122699249962,8,133.0,0.3374498134219006,8,133.0,1.4699999999999998
31430.0,6,54.0,1.35,7.175026414699653,6,-19.0,0.2592464507176689,6,-19.0,1.52
31435.0,6,81.0,2.189189189189189,8.106661746487129,6,81.0,0.34092822393097993,6,81.0,-1.0
31440.0,7,58.0,1.6111111111111112,7.555250984895537,7,58.0,0.3086293231712515,7,58.0,0.2300000000000001
31445.0,10,104.0,2.736842105263158,6.9996723138229,10,76.0,0.2711598793826094,10,76.0,-0.18000000000000005
31450.0,10,154.0,4.277777777777778,7.760070391737703,10,154.0,0.34962351216028,10,154.0,-0.78
31455.0,10,154.0,3.948717948717949,6.724361725346124,10,154.0,0.27874589089672347,10,154.0,0.0
31460.0,6,138.0,3.8333333333333335,8.083113944368499,6,124.0,0.39236434085427396,6,124.0,0.30000000000000004
31465.0,8,168.0,4.666666666666667,8.037542972458978,8,168.0,0.3894735170394613,8,168.0,-0.43999999999999995
31470.0,8,96.0,2.6666666666666665,7.651516880892306,8,96.0,0.3452807242644711,8,96.0,0.72
31475.0,6,105.0,3.088235294117647,8.486446585406911,6,62.0,0.4150622551579139,6,62.0,0.33999999999999997
31480.0,9,140.0,3.888888888888889,7.309096477447048,9,140.0,0.32302449083329565,9,140.0,-0.7799999999999999
31485.0,7,137.0,3.8055555555555554,7.902077109292588,7,137.0,0.3740411988098072,7,137.0,0.029999999999999805
31490.0,7,160.0,4.444444444444445,6.995794411819631,7,147.0,0.287359113506841,7,147.0,-0.09999999999999987
31495.0,8,196.0,5.444444444444445,7.915495037673809,8,196.0,0.34280720850222957,8,196.0,-0.49
31500.0,8,236.0,6.742857142857143,8.487327994067696,8,236.0,0.39995951478458763,8,236.0,-0.3999999999999999
31505.0,7,165.0,4.230769230769231,7.286612638925408,7,165.0,0.2944555573045519,7,165.0,0.71
31510.0,8,178.0,4.944444444444445,8.260363321642027,8,132.0,0.36182058911868853,8,132.0,0.32999999999999985
31515.0,6,198.0,5.2105263157894735,7.527395736558357,6,195.0,0.30085283552308756,6,195.0,-0.6299999999999999
31520.0,7,95.0,2.7142857142857144,8.463455773183313,7,93.0,0.3789120092092033,7,93.0,1.02
31525.0,10,135.0,3.75,7.298262458927391,10,40.0,0.2899355221006793,10,40.0,0.53
31530.0,12,189.0,5.5588235294117645,7.64993828791094,12,189.0,0.31748335929964977,12,189.0,-1.4899999999999998
31535.0,9,215.0,6.71875,7.510601271896046,9,215.0,0.32781835749433585,9,215.0,-0.26
31540.0,12,267.0,7.628571428571429,6.567316154832349,12,252.0,0.25689186931883246,12,252.0,-0.3700000000000001
31545.0,12,327.0,9.617647058823529,7.200879257491415,12,327.0,0.3085370101888175,12,327.0,-0.75
31550.0,12,377.0,10.472222222222221,6.140932981984799,12,377.0,0.22149319537457704,12,377.0,-0.5
31555.0,14,446.0,13.515151515151516,6.62557254828873,14,439.0,0.2632689271179662,14,439.0,-0.6199999999999997
31560.0,14,516.0,16.64516129032258,6.311648766432606,14,516.0,0.2620943121807597,14,516.0,-0.7700000000000005
31565.0,13,455.0,13.0,5.640501215555964,13,455.0,0.21924093836502043,13,455.0,0.6100000000000003
31570.0,10,424.0,12.114285714285714,6.553230321789376,10,382.0,0.2814442560122251,10,382.0,0.73
31575.0,11,478.0,13.277777777777779,6.587319734460792,11,478.0,0.2976731347494196,11,478.0,-0.9600000000000004
31580.0,12,282.0,7.833333333333333,6.778741588358168,12,282.0,0.30628353934518066,12,282.0,1.9600000000000004
31585.0,10,102.0,2.7567567567567566,6.570951170807667,10,9.0,0.2875029181933404,10,9.0,2.73
31590.0,8,125.0,3.3783783783783785,7.777562196007514,8,125.0,0.3725801119166207,8,125.0,-1.16
31595.0,8,165.0,4.714285714285714,8.278100129946221,8,165.0,0.40053437441710016,8,165.0,-0.3999999999999999
31600.0,9,149.0,4.138888888888889,6.109618640077461,9,149.0,0.2542998085326471,9,149.0,0.15999999999999992
31605.0,9,177.0,4.916666666666667,7.176208347377563,9,159.0,0.33198279112103196,9,159.0,-0.10000000000000009
31610.0,10,224.0,5.743589743589744,6.968156645914549,10,224.0,0.3061072473019129,10,224.0,-0.6500000000000001
31615.0,9,231.0,5.923076923076923,7.533814263284503,9,231.0,0.3193733834396629,9,231.0,-0.06999999999999984
31620.0,8,267.0,7.026315789473684,7.797894872150942,8,254.0,0.3493990957352885,8,254.0,-0.22999999999999998
31625.0,10,312.0,8.0,7.100282796223278,10,312.0,0.3115108213164154,10,312.0,-0.5800000000000001
31630.0,8,163.0,4.17948717948718,7.834978972277299,7,162.0,0.3773427645490746,7,162.0,1.5
31635.0,6,75.0,1.829268292682927,7.2356954356044145,6,1.0,0.2729170910796807,6,1.0,1.61
31640.0,5,97.0,2.425,8.35469580327028,5,97.0,0.3813990484096927,5,97.0,-0.96
31645.0,11,122.0,2.8372093023255816,7.2175280307461795,11,122.0,0.29101503959568076,11,122.0,-0.25
31650.0,11,176.0,4.190476190476191,7.864706458589629,11,171.0,0.33036243017310213,11,171.0,-0.49
31655.0,11,231.0,5.923076923076923,8.127562492409092,11,231.0,0.34861569524477787,11,231.0,-0.6000000000000001
31660.0,12,231.0,6.078947368421052,6.686599681235357,12,231.0,0.2483822676861825,12,231.0,0.0
31665.0,12,291.0,8.314285714285715,7.244689501810428,12,236.0,0.3078576864212356,12,236.0,-0.04999999999999982
31670.0,14,355.0,10.142857142857142,5.828770222180257,14,355.0,0.23998823356643934,14,355.0,-1.19
31675.0,12,271.0,7.970588235294118,6.481084459467692,12,271.0,0.27368149765236127,12,271.0,0.8399999999999999
31680.0,10,262.0,7.705882352941177,6.7471127707867105,10,204.0,0.30122424981448864,10,204.0,0.6699999999999999
31685.0,11,316.0,8.777777777777779,6.6243332667242045,11,316.0,0.30784932419854616,11,316.0,-1.12
31690.0,10,232.0,6.444444444444445,7.1868261532939375,10,232.0,0.34594758817343707,10,232.0,0.8400000000000003
31695.0,5,68.0,1.837837837837838,6.987526862960666,5,24.0,0.3178072133020936,5,24.0,2.08
31700.0,6,80.0,2.1621621621621623,8.415943024239056,6,80.0,0.4272106192622449,6,80.0,-0.56
31705.0,8,73.0,2.0277777777777777,7.205784910676463,8,73.0,0.3435140517160548,8,73.0,0.07000000000000006
31710.0,10,120.0,3.3333333333333335,7.314841117735458,10,107.0,0.3260256455158891,10,107.0,-0.3400000000000001
31715.0,10,170.0,4.722222222222222,8.153184175143487,10,170.0,0.38943190286634777,10,170.0,-0.6299999999999999
31720.0,14,227.0,5.973684210526316,6.148046378625974,12,225.0,0.24670390480503127,12,225.0,-0.55
31725.0,13,290.0,7.837837837837838,6.988772338032134,13,290.0,0.2817581528603908,13,290.0,-0.6499999999999999
31730.0,14,355.0,9.102564102564102,6.491208335259838,14,355.0,0.2346464255045042,14,355.0,-0.6499999999999999
31735.0,13,274.0,7.405405405405405,6.722734312219379,13,274.0,0.2490490033228142,13,274.0,0.8099999999999996
31740.0,11,275.0,8.088235294117647,6.327953943160383,11,217.0,0.2591518057146212,11,217.0,0.5700000000000003
31745.0,12,333.0,8.763157894736842,6.625813411318814,12,333.0,0.2921112686102936,12,333.0,-1.1600000000000001
31750.0,11,257.0,6.945945945945946,6.695769976716976,11,257.0,0.2940762235961112,11,257.0,0.7600000000000002
31755.0,10,111.0,2.9210526315789473,5.976175217444831,10,68.0,0.23388049225073598,10,68.0,1.8899999999999997
31760.0,8,126.0,3.4054054054054053,7.14071498887924,8,126.0,0.326306793929875,8,126.0,-0.58
31765.0,11,68.0,1.7435897435897436,6.4752019756079635,11,68.0,0.2800014546412233,11,68.0,0.58
31770.0,12,109.0,2.7948717948717947,6.644501343156983,12,69.0,0.28051210034329266,12,69.0,-0.009999999999999898
31775.0,12,169.0,4.5675675675675675,6.830042716552287,12,169.0,0.2953350858467098,12,169.0,-1.0
31780.0,14,150.0,3.8461538461538463,5.756797527641695,14,150.0,0.22825123466011965,14,150.0,0.18999999999999995
31785.0,12,193.0,5.078947368421052,6.893819823958381,12,165.0,0.3210280138773701,12,165.0,-0.1499999999999999
31790.0,14,255.0,6.219512195121951,6.308189409275194,14,255.0,0.25115540224268773,14,255.0,-0.8999999999999999
31795.0,12,229.0,5.871794871794871,6.519825206929507,12,229.0,0.266808468224922,12,229.0,0.2599999999999998
31800.0,10,123.0,3.4166666666666665,6.530172996305911,9,92.0,0.28478802186198465,9,92.0,1.37
31805.0,9,116.0,2.9743589743589745,6.240532908872556,9,116.0,0.2690331964364305,9,116.0,-0.23999999999999988
31810.0,10,77.0,1.9743589743589745,6.828888589299891,10,77.0,0.30655913053842687,10,77.0,0.3899999999999999
31815.0,13,117.0,2.7857142857142856,5.901863771829666,13,114.0,0.23674588690511197,13,114.0,-0.3699999999999999
31820.0,13,182.0,4.55,7.013842370761807,13,181.0,0.31834154538180165,13,181.0,-0.6700000000000002
31825.0,16,247.0,5.744186046511628,6.321580727734194,16,247.0,0.26085413973051336,16,247.0,-0.6600000000000001
31830.0,12,252.0,6.0,6.519453831696883,12,252.0,0.2886727160246295,12,252.0,-0.04999999999999982
31835.0,7,192.0,4.923076923076923,7.246110386326507,7,173.0,0.3462141221628668,7,173.0,0.79
31840.0,8,192.0,4.571428571428571,7.14574071578043,8,192.0,0.3192748324760074,8,192.0,-0.18999999999999995
31845.0,8,232.0,5.658536585365853,7.929786310966592,8,232.0,0.3852582186386842,8,232.0,-0.3999999999999999
31850.0,10,138.0,3.2857142857142856,6.632725878070416,10,138.0,0.27276909748015526,10,138.0,0.94
31855.0,8,138.0,3.5384615384615383,7.468449276770627,8,85.0,0.3264537990935634,8,85.0,0.5299999999999999
31860.0,8,178.0,4.564102564102564,7.682550821885982,8,178.0,0.3533934861103231,8,178.0,-0.93
31865.0,9,186.0,4.325581395348837,7.093600899590599,9,186.0,0.28983743222204433,9,186.0,-0.08000000000000007
31870.0,9,231.0,5.5,8.083220514901297,9,210.0,0.3586769507093607,9,210.0,-0.24
31875.0,10,278.0,6.465116279069767,7.467100465842747,10,278.0,0.3017567556811399,10,278.0,-0.6799999999999997
31880.0,8,237.0,5.925,8.043386444571713,8,237.0,0.35283384337172224,8,237.0,0.4099999999999997
31885.0,8,208.0,5.073170731707317,7.685710925720983,8,180.0,0.3289173941949481,8,180.0,0.5700000000000001
31890.0,7,241.0,5.878048780487805,8.720644346850275,7,241.0,0.41724822709101017,7,241.0,-0.6100000000000001
31895.0,6,196.0,5.157894736842105,8.538021831156408,6,196.0,0.39216990005863334,6,196.0,0.4500000000000002
31900.0,8,218.0,5.7368421052631575,7.685970751190189,8,190.0,0.3047908657844996,8,190.0,0.06000000000000005
31905.0,8,258.0,7.371428571428571,8.489458013914955,8,258.0,0.39307352363988335,8,258.0,-0.6800000000000002
31910.0,5,83.0,2.3055555555555554,7.477645670881523,5,83.0,0.3020041220237674,5,83.0,1.75
31915.0,8,121.0,3.5588235294117645,7.94482599241528,8,-5.0,0.3521366339638293,8,-5.0,0.88
31920.0,8,161.0,4.735294117647059,8.101344593808493,8,161.0,0.3485088570595451,8,161.0,-1.6600000000000001
31925.0,8,118.0,3.2777777777777777,7.3490203601927995,8,118.0,0.29130368716266763,8,118.0,0.43000000000000016
31930.0,6,129.0,3.7941176470588234,8.277954787915583,6,101.0,0.3935780059893884,6,101.0,0.16999999999999993
31935.0,8,162.0,4.5,7.433814579395207,8,162.0,0.35043119506380377,8,162.0,-0.6100000000000001
31940.0,9,205.0,5.694444444444445,8.040807794437864,9,205.0,0.38145609284689197,9,205.0,-0.4299999999999997
31945.0,12,250.0,6.578947368421052,7.930981383881387,12,250.0,0.34237873815615705,12,250.0,-0.4500000000000002
31950.0,12,303.0,8.657142857142857,7.457038868666026,12,303.0,0.3055621108427486,12,303.0,-0.5299999999999998
31955.0,9,265.0,8.030303030303031,7.792661605771899,9,265.0,0.35955763791794654,9,265.0,0.3799999999999999
31960.0,10,300.0,8.823529411764707,6.440368353025156,10,260.0,0.2726063699185472,10,260.0,0.04999999999999982
31965.0,11,355.0,10.441176470588236,7.45128094236805,11,355.0,0.35048084174919997,11,355.0,-0.9499999999999997
31970.0,10,198.0,6.0,5.742435964585387,10,198.0,0.2529191310949113,10,198.0,1.5699999999999998
31975.0,6,107.0,3.242424242424242,7.314125247120601,6,29.0,0.3310416431242028,6,29.0,1.69
31980.0,6,137.0,4.151515151515151,8.136402630960685,6,137.0,0.39076821120540306,6,137.0,-1.08
31985.0,10,154.0,4.277777777777778,6.822267668837011,10,154.0,0.28719757470039275,10,154.0,-0.16999999999999993
31990.0,11,209.0,6.333333333333333,7.595873722808152,11,189.0,0.3273675345952745,11,189.0,-0.34999999999999987
31995.0,13,267.0,7.628571428571429,6.549559821744809,13,267.0,0.2485679180917382,13,267.0,-0.78
32000.0,11,285.0,8.142857142857142,7.435937146409303,11,285.0,0.3163427366704948,11,285.0,-0.18000000000000016
32005.0,12,311.0,8.18421052631579,6.74110778686894,12,298.0,0.276976743985089,12,298.0,-0.1299999999999999
32010.0,11,366.0,9.891891891891891,7.57624538919394,11,366.0,0.3503691553608933,11,366.0,-0.6800000000000002
32015.0,9,326.0,9.055555555555555,7.626883894691365,9,326.0,0.34580532225808513,9,326.0,0.40000000000000036
32020.0,10,359.0,9.447368421052632,6.770322721981461,10,319.0,0.2726715974130879,10,319.0,0.06999999999999984
32025.0,11,414.0,12.176470588235293,7.3810668558973145,11,414.0,0.3447710973575642,11,414.0,-0.9499999999999997
32030.0,9,225.0,6.081081081081081,6.255210247211741,9,225.0,0.26082266288845934,9,225.0,1.8899999999999997
32035.0,7,74.0,2.176470588235294,6.982247617908228,7,-14.0,0.31369056973922504,7,-14.0,2.39
32040.0,5,90.0,2.6470588235294117,7.227532929425162,5,90.0,0.3329215269274803,5,90.0,-1.04
32045.0,9,114.0,3.0,6.502270992584302,9,114.0,0.2758434380491605,9,114.0,-0.23999999999999988
32050.0,12,171.0,4.621621621621622,7.28304379444632,12,161.0,0.33359412143401324,12,161.0,-0.4700000000000002
32055.0,12,231.0,5.775,6.997622440829159,12,231.0,0.304661084656527,12,231.0,-0.7
32060.0,11,179.0,4.589743589743589,7.301785465112621,11,179.0,0.3147151186931154,11,179.0,0.52
32065.0,11,202.0,5.17948717948718,7.325456163226979,11,159.0,0.3089923198198232,11,159.0,0.19999999999999996
32070.0,11,255.0,6.891891891891892,7.404703049645455,11,255.0,0.33350222024945025,11,255.0,-0.9599999999999997
32075.0,11,310.0,8.61111111111111,7.4384115242276385,11,310.0,0.3303037387168963,11,310.0,-0.5500000000000003
32080.0,10,257.0,7.138888888888889,6.266229079308655,10,257.0,0.23266887823617421,10,257.0,0.5300000000000002
32085.0,7,131.0,3.742857142857143,7.326790925346676,7,97.0,0.3206073364433527,7,97.0,1.5999999999999999
32090.0,5,126.0,3.3157894736842106,7.109625927532072,5,126.0,0.3166046964736226,5,126.0,-0.29000000000000004
32095.0,7,161.0,4.2368421052631575,8.228838022500149,7,161.0,0.38186660190755634,7,161.0,-0.3500000000000001
32100.0,8,99.0,2.8285714285714287,7.744042033925129,8,99.0,0.36794169333664,8,99.0,0.6200000000000001
32105.0,10,145.0,3.717948717948718,6.9722015065042,10,70.0,0.2808423535155517,10,70.0,0.29000000000000004
32110.0,11,200.0,5.405405405405405,7.5833825757597975,11,200.0,0.33496768605666327,11,200.0,-1.3
32115.0,11,209.0,5.5,6.788180248699979,11,209.0,0.2530476829772354,11,209.0,-0.08999999999999986
32120.0,9,239.0,6.638888888888889,7.5989875600246375,9,226.0,0.34964160716901127,9,226.0,-0.16999999999999993
32125.0,12,284.0,7.282051282051282,6.992816210424826,12,284.0,0.3067987204480017,12,284.0,-0.5800000000000001
32130.0,10,224.0,5.743589743589744,7.300243008847474,9,223.0,0.3188295254408847,9,223.0,0.6099999999999999
32135.0,8,239.0,6.45945945945946,7.398927480976128,8,194.0,0.29842748617059817,8,194.0,0.29000000000000004
32140.0,9,278.0,7.315789473684211,7.010524114263715,9,278.0,0.2796043365827798,9,278.0,-0.8399999999999999
32145.0,11,312.0,8.666666666666666,7.169220661522126,11,312.0,0.3082248074592467,11,312.0,-0.3400000000000003
32150.0,12,368.0,9.435897435897436,6.479348164660001,12,356.0,0.2480545055035721,12,356.0,-0.43999999999999995
32155.0,13,433.0,11.102564102564102,7.11128918476063,13,433.0,0.29247254313842,13,433.0,-0.77
32160.0,10,255.0,7.285714285714286,6.480337659826226,10,255.0,0.24431858403351508,10,255.0,1.7800000000000002
32165.0,8,121.0,3.1842105263157894,6.701510091008788,8,33.0,0.2822732903028405,8,33.0,2.2199999999999998
32170.0,7,151.0,4.081081081081081,7.950645643501085,7,151.0,0.37959895330815563,7,151.0,-1.18
32175.0,9,96.0,2.4615384615384617,6.700606231021959,9,96.0,0.27390764113327615,9,96.0,0.55
32180.0,8,93.0,2.5833333333333335,7.837431827041012,8,64.0,0.3543327521570739,8,64.0,0.31999999999999995
32185.0,12,134.0,3.526315789473684,7.174234749622857,12,134.0,0.31326433877263177,12,134.0,-0.7000000000000001
32190.0,9,137.0,3.6052631578947367,7.547838408020527,9,137.0,0.3301106205300881,9,137.0,-0.030000000000000027
32195.0,6,132.0,3.6666666666666665,8.0721884481179,6,119.0,0.3710642332289977,6,119.0,0.18000000000000016
32200.0,8,168.0,4.421052631578948,7.598827023517729,8,168.0,0.32813901076235635,8,168.0,-0.49
32205.0,9,126.0,3.5,7.782200818687928,8,125.0,0.353223471456357,8,125.0,0.42999999999999994
32210.0,8,153.0,4.026315789473684,6.702063257340664,8,115.0,0.23050021450730232,8,115.0,0.10000000000000009
32215.0,9,197.0,5.184210526315789,7.97882577896637,9,197.0,0.32694209650216005,9,197.0,-0.8200000000000001
32220.0,8,161.0,4.351351351351352,7.649718134211795,8,161.0,0.31380449101992136,8,161.0,0.3599999999999999
32225.0,8,190.0,4.75,7.477874748477248,8,162.0,0.2895576917313059,8,162.0,-0.010000000000000009
32230.0,9,234.0,6.5,8.202262053813946,9,234.0,0.3530036599431896,9,234.0,-0.7199999999999998
32235.0,11,157.0,4.361111111111111,6.695810716993207,11,157.0,0.2702126785636586,11,157.0,0.7699999999999998
32240.0,12,213.0,6.085714285714285,7.500194457187771,11,123.0,0.3255704661799365,11,123.0,0.3400000000000001
32245.0,14,268.0,7.444444444444445,6.747083003510798,14,179.0,0.2670755606314002,14,179.0,-0.56
32250.0,11,245.0,7.0,7.070134469207837,11,245.0,0.30906711309339496,11,245.0,-0.6600000000000001
32255.0,9,267.0,8.090909090909092,7.491909827655397,9,238.0,0.34817622354652933,9,238.0,0.07000000000000028
32260.0,12,320.0,8.88888888888889,6.760485597988631,12,320.0,0.28641602511230213,12,320.0,-0.8200000000000003
32265.0,10,203.0,5.970588235294118,6.840231048566809,10,203.0,0.28953151543055594,10,203.0,1.1700000000000004
32270.0,7,131.0,3.638888888888889,6.546775126221738,7,73.0,0.2623532893807868,7,73.0,1.2999999999999998
32275.0,8,170.0,4.722222222222222,7.908152142143117,8,170.0,0.35589074280321203,8,170.0,-0.97
32280.0,8,89.0,2.5428571428571427,7.657380749166969,8,89.0,0.3481094834331278,8,89.0,0.8099999999999999
32285.0,8,91.0,2.4594594594594597,7.329503013844049,8,48.0,0.3055972587035869,8,48.0,0.41000000000000003
32290.0,8,131.0,3.638888888888889,8.117032088289253,8,131.0,0.3748190254625488,8,131.0,-0.8300000000000001
32295.0,11,142.0,3.641025641025641,6.911103042375757,11,142.0,0.2833279992709072,11,142.0,-0.10999999999999988
32300.0,11,197.0,5.051282051282051,7.963272898411222,11,165.0,0.33634721277167284,11,165.0,-0.22999999999999998
32305.0,13,252.0,6.461538461538462,7.251407453591619,13,252.0,0.29331022029225773,13,252.0,-0.8700000000000001
32310.0,11,222.0,5.842105263157895,7.328152710268324,11,222.0,0.30630277446399634,11,222.0,0.2999999999999998
32315.0,8,217.0,5.7105263157894735,8.108182873233757,8,189.0,0.38686480798153433,8,189.0,0.3300000000000003
32320.0,10,262.0,6.717948717948718,7.159322727596994,10,262.0,0.33239775256232984,10,262.0,-0.7300000000000002
32325.0,10,237.0,6.771428571428571,7.1113554410289765,10,237.0,0.3242529938354706,10,237.0,0.25
32330.0,9,276.0,7.45945945945946,6.766362053282154,9,248.0,0.28212417174831816,9,248.0,-0.10999999999999988
32335.0,11,329.0,9.676470588235293,7.271668898969063,11,329.0,0.3348432356289575,11,329.0,-0.81
32340.0,8,341.0,10.029411764705882,7.476767689404325,8,341.0,0.34400848923844574,8,341.0,-0.1200000000000001
32345.0,10,387.0,10.75,7.055220789759395,10,374.0,0.30236509871377065,10,374.0,-0.33000000000000007
32350.0,10,437.0,12.852941176470589,7.714849473700152,10,437.0,0.3635911716876316,10,437.0,-0.6299999999999999
32355.0,9,240.0,6.486486486486487,6.885667432732673,9,240.0,0.27983119026297315,9,240.0,1.9700000000000002
32360.0,5,75.0,2.027027027027027,8.094965516117117,5,-13.0,0.3781523031694652,5,-13.0,2.53
32365.0,7,87.0,2.175,8.143558173302846,7,87.0,0.3761806772187139,7,87.0,-1.0
32370.0,7,103.0,2.710526315789474,8.047380736638774,7,103.0,0.36236614262491545,7,103.0,-0.16000000000000003
32375.0,9,147.0,3.972972972972973,7.840733359890524,9,138.0,0.3509376278149575,9,138.0,-0.34999999999999987
32380.0,12,202.0,5.771428571428571,6.618645782148457,12,202.0,0.2890052259563727,12,202.0,-0.6400000000000001
32385.0,12,262.0,7.485714285714286,6.946653665841437,12,262.0,0.3043163341290889,12,262.0,-0.6000000000000001
32390.0,11,216.0,5.684210526315789,5.875218518092578,11,216.0,0.22788504314576366,11,216.0,0.45999999999999996
32395.0,10,251.0,6.972222222222222,6.637299549467413,10,208.0,0.31304755103230664,10,208.0,0.08000000000000007
32400.0,10,301.0,8.36111111111111,7.075549797221958,10,301.0,0.347999410176874,10,301.0,-0.9299999999999997
32405.0,10,248.0,6.2,6.310380738072599,10,248.0,0.2759069578839675,10,248.0,0.5299999999999998
32410.0,5,154.0,3.948717948717949,7.895072734448142,5,121.0,0.3880040424862244,5,121.0,1.27
32415.0,5,179.0,4.589743589743589,8.377438369673147,5,179.0,0.4205251426592778,5,179.0,-0.5800000000000001
32420.0,7,168.0,4.54054054054054,8.42528339784083,7,168.0,0.4132557783200844,7,168.0,0.1100000000000001
32425.0,12,209.0,5.648648648648648,7.1757181674140025,12,185.0,0.2934814143689971,12,185.0,-0.17000000000000015
32430.0,10,259.0,7.0,8.003670977110101,10,259.0,0.36600166091808045,10,259.0,-0.7399999999999998
32435.0,7,258.0,7.588235294117647,8.332730769921278,7,258.0,0.3940420939904604,7,258.0,0.009999999999999787
32440.0,7,262.0,7.081081081081081,7.8318667893839065,7,249.0,0.3501513015017313,7,249.0,0.08999999999999986
32445.0,8,298.0,8.514285714285714,8.431410045770043,8,298.0,0.41678650111143384,8,298.0,-0.48999999999999977
32450.0,7,237.0,6.771428571428571,6.7397957081578905,6,236.0,0.2917985350248546,6,236.0,0.6200000000000001
32455.0,8,267.0,7.852941176470588,7.256984226951019,8,226.0,0.3217331057452012,8,226.0,0.10000000000000009
32460.0,7,300.0,8.823529411764707,7.84328583406816,7,300.0,0.38837318882476307,7,300.0,-0.7400000000000002
32465.0,9,304.0,8.0,6.5361054371353795,9,304.0,0.2809185667513873,9,304.0,-0.040000000000000036
32470.0,9,349.0,9.432432432432432,7.799938744924915,9,327.0,0.3795084380139513,9,327.0,-0.22999999999999998
32475.0,9,394.0,10.64864864864865,7.356941160782873,9,394.0,0.34818658777594824,9,394.0,-0.6699999999999999
32480.0,8,394.0,11.257142857142858,7.751219197804455,8,394.0,0.380165264066351,8,394.0,0.0
32485.0,10,425.0,11.18421052631579,7.599064981869273,10,411.0,0.3599395148142949,10,411.0,-0.17000000000000037
32490.0,9,466.0,12.594594594594595,7.943631594203101,9,466.0,0.3964405053121112,9,466.0,-0.5499999999999998
32495.0,6,386.0,11.352941176470589,8.191253277667906,6,386.0,0.420871672131295,6,386.0,0.8000000000000003
32500.0,6,380.0,10.555555555555555,7.1851071872595575,6,337.0,0.32075427962816,6,337.0,0.48999999999999977
32505.0,7,415.0,11.527777777777779,8.344407214034506,7,415.0,0.4150064295093946,7,415.0,-0.7800000000000002
32510.0,5,58.0,1.5675675675675675,6.992108694765543,5,58.0,0.29621054120434964,5,58.0,3.5700000000000003
32515.0,7,80.0,2.2222222222222223,7.885192406819581,7,-104.0,0.3659109225174369,7,-104.0,1.62
32520.0,7,115.0,3.484848484848485,7.972573500961707,7,115.0,0.388454875489215,7,115.0,-2.19
32525.0,7,116.0,3.2222222222222223,7.145674799510591,7,116.0,0.30996316519834266,7,116.0,-0.010000000000000009
32530.0,7,151.0,4.314285714285714,8.023420321884563,7,131.0,0.3889450497593582,7,131.0,-0.15000000000000013
32535.0,9,190.0,5.135135135135135,7.106752213130295,9,190.0,0.3259195408470881,9,190.0,-0.5899999999999999
32540.0,9,235.0,6.351351351351352,7.6930683099047,9,235.0,0.3662351426875682,9,235.0,-0.4500000000000002
32545.0,12,280.0,7.0,6.964414869361586,12,280.0,0.2827827184904572,12,280.0,-0.44999999999999973
32550.0,12,338.0,8.45,7.43114545141781,12,338.0,0.3114884163784057,12,338.0,-0.5800000000000001
32555.0,12,398.0,10.205128205128204,7.425668204287752,12,398.0,0.31510885010498646,12,398.0,-0.6000000000000001
32560.0,13,450.0,12.162162162162161,6.223064522102916,13,450.0,0.236863772592506,13,450.0,-0.52
32565.0,13,515.0,15.606060606060606,6.588945284913075,13,506.0,0.29852575964501554,13,506.0,-0.5599999999999996
32570.0,14,582.0,16.166666666666668,5.735431123449919,14,582.0,0.2205184542496075,14,582.0,-0.7600000000000007
32575.0,12,471.0,13.852941176470589,6.33486232304688,12,471.0,0.2830920210314861,12,471.0,1.1100000000000003
32580.0,8,415.0,12.96875,7.037196880228514,8,352.0,0.3175193705916978,8,352.0,1.19
32585.0,10,462.0,13.2,6.8941316010208,10,462.0,0.3118739944502946,10,462.0,-1.1
32590.0,10,246.0,7.6875,6.620200786867121,10,246.0,0.29549409278639255,10,246.0,2.16
32595.0,7,54.0,1.542857142857143,6.581772526919486,7,-42.0,0.28174535181781024,7,-42.0,2.88
32600.0,6,65.0,1.8571428571428572,8.306960433326484,6,65.0,0.4037414536041106,6,65.0,-1.07
32605.0,8,50.0,1.3513513513513513,7.230099314229727,8,50.0,0.3179052060852176,8,50.0,0.15000000000000002
32610.0,10,80.0,2.1621621621621623,7.252841412071683,10,67.0,0.3055116640370688,10,67.0,-0.17000000000000004
32615.0,9,124.0,3.5428571428571427,7.74797703807825,9,124.0,0.3579457474528839,9,124.0,-0.57
32620.0,12,133.0,3.5,6.212611977917018,12,133.0,0.22973357896999633,12,133.0,-0.09000000000000008
32625.0,8,127.0,3.4324324324324325,7.335011361476309,8,114.0,0.3263907554111974,8,114.0,0.19000000000000017
32630.0,9,168.0,4.2,7.057556764045225,9,168.0,0.293407660226475,9,168.0,-0.54
32635.0,10,103.0,2.575,7.361527830872075,10,103.0,0.3009016561348444,10,103.0,0.6499999999999999
32640.0,8,120.0,3.3333333333333335,7.311222406656567,8,73.0,0.312786899805037,8,73.0,0.30000000000000004
32645.0,10,167.0,4.282051282051282,7.294371021858392,10,167.0,0.31716622325492727,10,167.0,-0.94
32650.0,10,217.0,5.864864864864865,7.80834960892432,10,217.0,0.3582178977111332,10,217.0,-0.5
32655.0,11,269.0,6.725,7.095325134421133,11,269.0,0.2669682641748635,11,269.0,-0.52
32660.0,9,247.0,6.675675675675675,7.736560325661201,9,247.0,0.3511410775931845,9,247.0,0.21999999999999975
32665.0,10,259.0,6.815789473684211,6.987205759983604,10,236.0,0.3004677624787431,10,236.0,0.11000000000000032
32670.0,9,303.0,7.973684210526316,8.045607056855529,9,303.0,0.3750899876815013,9,303.0,-0.6699999999999999
32675.0,9,342.0,9.0,8.479612856421147,9,342.0,0.41202879126838016,9,342.0,-0.3900000000000001
32680.0,12,390.0,10.263157894736842,7.264431194635685,12,386.0,0.2815063007120095,12,386.0,-0.43999999999999995
32685.0,12,449.0,12.135135135135135,7.677769939555764,12,449.0,0.307342091963914,12,449.0,-0.6300000000000003
32690.0,11,294.0,7.7368421052631575,6.6099961580787685,11,294.0,0.22822311740676196,11,294.0,1.5500000000000003
32695.0,7,146.0,4.171428571428572,7.579692110160857,7,77.0,0.32726064877540045,7,77.0,2.17
32700.0,6,169.0,5.121212121212121,7.817652377687246,6,169.0,0.3722387356276851,6,169.0,-0.9199999999999999
32705.0,8,138.0,3.942857142857143,6.53534369790171,8,138.0,0.2859444842764085,8,138.0,0.31000000000000005
32710.0,9,180.0,5.142857142857143,7.69464781356119,9,152.0,0.3581087140288864,9,152.0,-0.14000000000000012
32715.0,10,225.0,6.25,7.714216366367103,10,225.0,0.369606190898832,10,225.0,-0.73
32720.0,8,225.0,6.428571428571429,7.864199717133801,8,225.0,0.3552991529671642,8,225.0,0.0
32725.0,10,265.0,7.361111111111111,7.422859108148632,10,241.0,0.3188728284147764,10,241.0,-0.16000000000000014
32730.0,10,313.0,8.694444444444445,7.8331926656975766,10,313.0,0.34915825515774357,10,313.0,-0.7199999999999998
32735.0,7,267.0,7.852941176470588,8.097551892080038,7,267.0,0.3755331365663948,7,267.0,0.45999999999999996
32740.0,5,197.0,5.324324324324325,7.683858752704654,5,169.0,0.31900144173180034,5,169.0,0.98
32745.0,6,226.0,6.277777777777778,8.719544495618392,6,226.0,0.41980508266555844,6,226.0,-0.5699999999999998
32750.0,7,50.0,1.3157894736842106,7.079070204606388,7,50.0,0.27340687889490517,7,50.0,1.7599999999999998
32755.0,9,93.0,2.5833333333333335,7.729651454699221,9,-33.0,0.32801093147274446,9,-33.0,0.8300000000000001
32760.0,9,138.0,3.942857142857143,7.903960147215873,9,138.0,0.33473846004857,9,138.0,-1.71
32765.0,9,115.0,3.026315789473684,7.241328892994022,9,115.0,0.2747466793648322,9,115.0,0.22999999999999998
32770.0,8,153.0,4.135135135135135,7.8965858132913835,8,120.0,0.34351141365854876,8,120.0,-0.050000000000000044
32775.0,11,198.0,5.351351351351352,7.217285815578824,11,198.0,0.3137657544893649,11,198.0,-0.78
32780.0,7,160.0,4.571428571428571,7.928001497032702,7,160.0,0.37719780017669613,7,160.0,0.3799999999999999
32785.0,10,184.0,5.111111111111111,7.6253517654624545,10,148.0,0.3379208153702699,10,148.0,0.1200000000000001
32790.0,8,223.0,6.194444444444445,8.360021218680151,8,223.0,0.39156670366662344,8,223.0,-0.75
32795.0,5,122.0,3.588235294117647,8.498683982108549,5,122.0,0.4173886781820582,5,122.0,1.01
32800.0,3,17.0,0.4594594594594595,7.9423161815470955,3,-26.0,0.35834290990043965,3,-26.0,1.48
32805.0,4,37.0,1.088235294117647,9.106832445166466,4,37.0,0.4655250475361501,4,37.0,-0.63
32810.0,6,51.0,1.457142857142857,7.662091762291821,6,51.0,0.3407714278170453,6,51.0,-0.14
32815.0,9,92.0,2.7058823529411766,7.821139047522703,9,85.0,0.3344466751618841,9,85.0,-0.33999999999999997
32820.0,9,137.0,4.029411764705882,7.812230872938994,9,137.0,0.3249506162237722,9,137.0,-0.5200000000000001
32825.0,12,192.0,5.333333333333333,6.793822240395162,12,192.0,0.25292142426008435,12,192.0,-0.5499999999999998
32830.0,12,252.0,7.636363636363637,7.069750170682022,12,252.0,0.2947640044779552,12,252.0,-0.6000000000000001
32835.0,12,236.0,6.555555555555555,6.083286280125839,12,236.0,0.23218355397633328,12,236.0,0.16000000000000014
32840.0,9,239.0,7.029411764705882,7.34699960090159,9,216.0,0.33665053359754143,9,216.0,0.19999999999999973
32845.0,12,284.0,8.114285714285714,6.416456773866777,12,284.0,0.2931836358235239,12,284.0,-0.6799999999999997
32850.0,13,344.0,10.117647058823529,6.653320591618,13,344.0,0.2941047445673579,13,344.0,-0.6000000000000001
32855.0,13,409.0,12.029411764705882,6.936170718920834,13,409.0,0.27639451161822254,13,409.0,-0.6499999999999999
32860.0,16,484.0,13.08108108108108,5.991994473632637,16,484.0,0.21501620127571267,16,484.0,-0.75
32865.0,13,365.0,10.428571428571429,6.439487211081818,13,365.0,0.2706370889599571,13,365.0,1.19
32870.0,11,310.0,8.857142857142858,5.715575404777134,11,236.0,0.22986263818982453,11,236.0,1.29
32875.0,11,365.0,10.735294117647058,7.081054735797515,11,365.0,0.32790930279928904,11,365.0,-1.29
32880.0,11,221.0,6.5,6.440069197426929,11,221.0,0.27180730975690864,11,221.0,1.44
32885.0,9,147.0,3.972972972972973,6.5458938645749365,9,71.0,0.27157256873475144,9,71.0,1.5
32890.0,9,192.0,5.1891891891891895,7.7600609252708175,9,192.0,0.3565941381395687,9,192.0,-1.21
32895.0,14,247.0,6.675675675675675,6.028420007682048,14,247.0,0.24113289065471755,14,247.0,-0.5500000000000003
32900.0,15,322.0,8.944444444444445,6.786952662105149,15,322.0,0.27774274075074756,15,322.0,-0.75
32905.0,20,399.0,10.23076923076923,5.731610812055661,20,399.0,0.2153684765557951,20,399.0,-0.77
32910.0,15,392.0,10.31578947368421,6.185601933802832,15,392.0,0.2624222866940161,15,392.0,0.07000000000000028
32915.0,12,403.0,10.605263157894736,6.528175335662024,12,375.0,0.2956859862690122,12,375.0,0.16999999999999993
32920.0,14,469.0,11.725,5.89316604291688,14,469.0,0.26708407142882823,14,469.0,-0.9400000000000004
32925.0,14,453.0,11.325,6.232929299617948,14,453.0,0.27777916837886724,14,453.0,0.16000000000000014
32930.0,12,450.0,10.714285714285714,5.8727185829206,12,422.0,0.22956378591408796,12,422.0,0.3100000000000005
32935.0,13,515.0,13.552631578947368,6.7151883862380055,13,515.0,0.3076661342662846,13,515.0,-0.9300000000000006
32940.0,12,317.0,8.342105263157896,6.258454920382104,12,317.0,0.24966440484949756,12,317.0,1.9800000000000004
32945.0,10,126.0,3.230769230769231,6.353521877923262,10,38.0,0.25660971080026784,10,38.0,2.79
32950.0,8,146.0,3.8421052631578947,7.656545043368121,8,146.0,0.35160628089613183,8,146.0,-1.08
32955.0,9,187.0,4.560975609756097,7.736599544313175,9,187.0,0.3535780909679955,9,187.0,-0.41000000000000014
32960.0,10,134.0,3.268292682926829,8.01969454641264,10,134.0,0.35051364751939035,10,134.0,0.53
32965.0,11,154.0,3.5813953488372094,7.212594523413839,11,121.0,0.28156316748520865,11,121.0,0.13000000000000012
32970.0,10,204.0,4.975609756097561,8.182848247094075,10,204.0,0.3641139533345282,10,204.0,-0.8300000000000001
32975.0,8,150.0,3.658536585365854,8.302870015732289,8,150.0,0.37667824023959523,8,150.0,0.54
32980.0,8,153.0,3.731707317073171,7.748543516361627,8,120.0,0.32652039690058127,8,120.0,0.30000000000000004
32985.0,9,196.0,5.0256410256410255,8.389192235163987,9,196.0,0.39340902791402593,9,196.0,-0.76
32990.0,9,149.0,3.725,6.950572384233541,9,149.0,0.27903291827949006,9,149.0,0.47
32995.0,7,144.0,3.6923076923076925,7.890951595408057,7,116.0,0.36491010826294623,7,116.0,0.33000000000000007
33000.0,7,179.0,4.972222222222222,8.249365557529687,7,179.0,0.4066084253645473,7,179.0,-0.6300000000000001
33005.0,9,114.0,2.923076923076923,7.1052218456875815,9,114.0,0.2905224634314207,9,114.0,0.6500000000000001
33010.0,9,159.0,4.297297297297297,7.897136974973871,9,79.0,0.3714687557482047,9,79.0,0.34999999999999987
33015.0,10,206.0,5.15,7.204441939290663,10,206.0,0.3083512742146057,10,206.0,-1.27
33020.0,9,150.0,3.8461538461538463,7.715844859866793,9,150.0,0.3399474851528875,9,150.0,0.56
33025.0,9,162.0,4.2631578947368425,7.476584819188562,9,119.0,0.3453767617464484,9,119.0,0.31000000000000005
33030.0,9,205.0,5.54054054054054,7.760759166789316,9,205.0,0.3894969078366513,9,205.0,-0.8599999999999999
33035.0,7,127.0,3.4324324324324325,7.816483874624126,7,127.0,0.39486120804058783,7,127.0,0.7799999999999998
33040.0,8,124.0,3.4444444444444446,6.805433043279365,8,81.0,0.2983159260008525,8,81.0,0.45999999999999996
33045.0,8,164.0,4.685714285714286,7.8252810718302515,8,164.0,0.39238383964476176,8,164.0,-0.8299999999999998
33050.0,7,80.0,2.1052631578947367,6.858794837702824,7,80.0,0.3114986128072823,7,80.0,0.8399999999999999
33055.0,6,69.0,1.864864864864865,7.825539379509383,6,26.0,0.36608949580480565,6,26.0,0.54
33060.0,6,99.0,2.911764705882353,8.86787433109083,6,99.0,0.460115567325472,6,99.0,-0.73
33065.0,8,110.0,3.0555555555555554,7.428124528226634,8,110.0,0.3210202055710946,8,110.0,-0.1100000000000001
33070.0,9,155.0,4.428571428571429,8.366789541093002,9,134.0,0.383428210494861,9,134.0,-0.24
33075.0,10,201.0,5.4324324324324325,7.198305247921954,10,201.0,0.2927521719930858,10,201.0,-0.6699999999999997
33080.0,9,218.0,5.891891891891892,7.928536557582308,9,218.0,0.3546498721352965,9,218.0,-0.17000000000000037
33085.0,12,263.0,6.575,7.203476180998178,12,250.0,0.2996454431103548,12,250.0,-0.31999999999999984
33090.0,11,317.0,9.057142857142857,7.45972925073217,11,317.0,0.3500456891510373,11,317.0,-0.6699999999999999
33095.0,8,212.0,6.625,7.565715202702767,8,212.0,0.377030814025916,8,212.0,1.0499999999999998
33100.0,6,181.0,5.323529411764706,7.137776346128316,6,123.0,0.3290118529113143,6,123.0,0.8900000000000001
33105.0,8,219.0,6.636363636363637,8.07329984892846,8,219.0,0.403981640997641,8,219.0,-0.96
33110.0,8,98.0,2.8,6.764352932555123,8,98.0,0.2998264513693773,8,98.0,1.21
33115.0,6,50.0,1.4285714285714286,7.860463852877995,6,-8.0,0.35511399124424897,6,-8.0,1.06
33120.0,6,80.0,2.5806451612903225,8.340517117152569,6,80.0,0.40750418833024665,6,80.0,-0.88
33125.0,8,73.0,2.085714285714286,7.058098260977715,8,73.0,0.301575118144126,8,73.0,0.07000000000000006
33130.0,7,106.0,3.0285714285714285,8.471593514960361,7,93.0,0.3953522903713312,7,93.0,-0.20000000000000007
33135.0,8,142.0,3.9444444444444446,7.718033694894564,8,142.0,0.34214111440934475,8,142.0,-0.4899999999999999
33140.0,6,136.0,3.8857142857142857,8.428577354794669,6,136.0,0.39712554105955905,6,136.0,0.05999999999999983
33145.0,8,155.0,4.1891891891891895,7.563129322281734,8,142.0,0.32094554386332624,8,142.0,-0.05999999999999983
33150.0,7,189.0,5.25,8.5128200219933,7,189.0,0.40929355140656176,7,189.0,-0.47
33155.0,4,94.0,2.611111111111111,8.771938627710238,4,94.0,0.44329614625456626,4,94.0,0.95
33160.0,5,79.0,2.0789473684210527,8.108750405527056,5,31.0,0.3602007009364333,5,31.0,0.6299999999999999
33165.0,5,104.0,2.9714285714285715,9.34154779194163,5,104.0,0.4827552357618662,5,104.0,-0.73
33170.0,5,120.0,3.3333333333333335,7.44414170001758,5,120.0,0.2967483634135877,5,120.0,-0.15999999999999992
33175.0,7,155.0,4.305555555555555,8.260854264585811,7,148.0,0.3592594407732714,7,148.0,-0.28
33180.0,7,190.0,5.757575757575758,9.045684933920127,7,190.0,0.42569606023685547,7,190.0,-0.41999999999999993
33185.0,6,149.0,4.138888888888889,7.836488957770742,6,149.0,0.32437333813713715,6,149.0,0.4099999999999999
33190.0,5,171.0,5.181818181818182,8.70911693076955,5,137.0,0.4208775905533242,5,137.0,0.11999999999999988
33195.0,6,198.0,5.823529411764706,8.277582341442422,6,198.0,0.38115515331069877,6,198.0,-0.6099999999999999
33200.0,5,155.0,4.84375,8.588098049353896,4,154.0,0.43721389024494706,4,154.0,0.43999999999999995
33205.0,6,162.0,4.909090909090909,8.051726910306973,6,134.0,0.3436788214893777,6,134.0,0.19999999999999996
33210.0,5,183.0,5.545454545454546,8.757152054239926,5,183.0,0.40897542228567796,5,183.0,-0.49
33215.0,5,187.0,5.666666666666667,8.882047703941698,5,187.0,0.43828254854306387,5,187.0,-0.040000000000000036
33220.0,8,217.0,6.2,7.477906067475699,8,202.0,0.2868143596795592,8,202.0,-0.1499999999999999
33225.0,8,257.0,8.03125,8.614589524212494,8,257.0,0.37651111949635746,8,257.0,-0.5499999999999998
33230.0,7,263.0,8.21875,7.26350445847877,7,263.0,0.29935270182287205,7,263.0,-0.06000000000000005
33235.0,8,300.0,10.0,7.871275420012123,8,282.0,0.3457291421745303,8,282.0,-0.18999999999999995
33240.0,8,340.0,11.333333333333334,8.171595063467906,8,340.0,0.35667069278476904,8,340.0,-0.5800000000000001
33245.0,9,373.0,10.970588235294118,7.306322448328819,9,373.0,0.27294688908246534,9,373.0,-0.33000000000000007
33250.0,9,418.0,13.483870967741936,8.130161148184117,9,411.0,0.3399880205874152,9,411.0,-0.38000000000000034
33255.0,11,467.0,14.151515151515152,7.00833782167118,11,467.0,0.29033231857692265,11,467.0,-0.5599999999999996
33260.0,9,500.0,16.129032258064516,7.667148009787544,9,500.0,0.3458267254700683,9,500.0,-0.33000000000000007
33265.0,13,546.0,16.058823529411764,7.16465971416753,13,535.0,0.303011737623296,13,535.0,-0.34999999999999964
33270.0,11,599.0,17.61764705882353,7.710527251707371,11,599.0,0.34246002348213483,11,599.0,-0.6400000000000006
33275.0,8,471.0,14.71875,7.890444789352845,8,471.0,0.3457768358937538,8,471.0,1.2800000000000002
33280.0,7,382.0,11.575757575757576,6.848168323599467,7,323.0,0.28154242429653636,7,323.0,1.48
33285.0,7,417.0,13.03125,8.278745315990946,7,417.0,0.3924765253479723,7,417.0,-0.94
33290.0,7,64.0,1.9393939393939394,6.347522523626312,7,64.0,0.2627508287456536,7,64.0,3.53
33295.0,9,96.0,2.909090909090909,7.590144215041657,9,-89.0,0.338083881474856,9,-89.0,1.53
33300.0,9,141.0,4.40625,7.670307194836352,9,141.0,0.3511659758528285,9,141.0,-2.3
33305.0,9,145.0,4.264705882352941,6.847904411058518,9,145.0,0.29172284408461757,9,145.0,-0.040000000000000036
33310.0,7,162.0,4.764705882352941,8.268781323047184,7,149.0,0.38782230834704456,7,149.0,-0.040000000000000036
33315.0,8,199.0,5.378378378378378,7.454721605637772,8,199.0,0.3294573267183231,8,199.0,-0.5
33320.0,9,244.0,6.777777777777778,8.002664492308543,9,244.0,0.3707620896942048,9,244.0,-0.44999999999999996
33325.0,12,289.0,8.027777777777779,7.814903521641422,12,289.0,0.3358127390970459,12,289.0,-0.4500000000000002
33330.0,12,342.0,9.5,7.8694846800920795,12,342.0,0.3158097241664348,12,342.0,-0.5299999999999998
33335.0,12,402.0,11.485714285714286,7.577753223319011,12,402.0,0.30983819140680396,12,402.0,-0.5999999999999996
33340.0,12,321.0,8.916666666666666,6.442049929112809,12,321.0,0.250330517784591,12,321.0,0.8099999999999996
33345.0,9,326.0,9.314285714285715,7.219083704349094,9,269.0,0.35202525210497987,9,269.0,0.52
33350.0,10,373.0,10.36111111111111,6.645600554542724,10,373.0,0.30819742830779423,10,373.0,-1.04
33355.0,10,204.0,6.375,5.869380888503631,10,204.0,0.29806309004646586,10,204.0,1.69
33360.0,5,80.0,2.5,7.8649314205905725,5,-3.0,0.4179703318784064,5,-3.0,2.07
33365.0,7,108.0,3.085714285714286,7.23322241500437,7,108.0,0.3510091090427087,7,108.0,-1.11
33370.0,7,143.0,4.085714285714285,8.393040653232976,7,143.0,0.43813157564407035,7,143.0,-0.34999999999999987
33375.0,7,73.0,2.085714285714286,7.228029447595375,7,73.0,0.3311497693902154,7,73.0,0.7
33380.0,6,89.0,2.5428571428571427,8.45941848843456,6,46.0,0.40803510148381134,6,46.0,0.26999999999999996
33385.0,9,119.0,3.1315789473684212,8.31172442527768,9,119.0,0.3977808405047059,9,119.0,-0.73
33390.0,8,157.0,4.131578947368421,8.718695153223925,8,157.0,0.4036834796577942,8,157.0,-0.3800000000000001
33395.0,9,200.0,5.555555555555555,8.681888241290203,9,200.0,0.3782545804545019,9,200.0,-0.42999999999999994
33400.0,11,251.0,6.783783783783784,7.463441715517086,11,251.0,0.2933186682580868,11,251.0,-0.5099999999999998
33405.0,9,231.0,6.416666666666667,7.7654070968380715,9,231.0,0.33646548498954404,9,231.0,0.19999999999999973
33410.0,10,266.0,7.0,7.1161507943487665,10,238.0,0.29191494820794267,10,238.0,-0.06999999999999984
33415.0,10,314.0,8.722222222222221,7.7034081494451065,10,314.0,0.35637657113195403,10,314.0,-0.7600000000000002
33420.0,7,173.0,5.242424242424242,7.4399875495655765,7,173.0,0.33406654762446664,7,173.0,1.4100000000000001
33425.0,5,76.0,2.1714285714285713,7.1636845090660595,5,13.0,0.32956629638472185,5,13.0,1.6
33430.0,5,101.0,3.0606060606060606,8.376823474680545,5,101.0,0.4379595703269338,5,101.0,-0.88
33435.0,8,123.0,3.6176470588235294,6.900090184562782,8,123.0,0.3340093992879161,8,123.0,-0.21999999999999997
33440.0,9,168.0,4.9411764705882355,7.687387305271129,9,162.0,0.3753604075546692,9,162.0,-0.3900000000000001
33445.0,12,213.0,6.085714285714285,7.205939321603803,12,213.0,0.34844720752188174,12,213.0,-0.5099999999999998
33450.0,8,214.0,6.114285714285714,7.527356768440511,8,214.0,0.3622692909687145,8,214.0,-0.010000000000000231
33455.0,6,227.0,6.676470588235294,8.47012549783968,6,214.0,0.4351034863861646,6,214.0,0.0
33460.0,9,262.0,7.081081081081081,7.313536878890713,9,262.0,0.33774593982521844,9,262.0,-0.48
33465.0,8,120.0,3.2432432432432434,7.741199474901089,7,119.0,0.38275069289392466,7,119.0,1.4300000000000002
33470.0,5,33.0,0.825,6.712912800681858,5,-35.0,0.24587951686078002,5,-35.0,1.54
33475.0,5,55.0,1.4864864864864864,7.963946237309547,5,55.0,0.3613749124360912,5,55.0,-0.9
33480.0,7,62.0,1.8235294117647058,7.993752077391764,7,62.0,0.3807540986498773,7,62.0,-0.06999999999999995
33485.0,10,105.0,2.763157894736842,7.35890173525117,10,92.0,0.2941907924208787,10,92.0,-0.30000000000000004
33490.0,10,155.0,4.428571428571429,7.844031930415799,10,155.0,0.3346270620526012,10,155.0,-0.63
33495.0,9,156.0,4.333333333333333,6.857712960388192,9,156.0,0.26242343385131284,9,156.0,-0.010000000000000009
33500.0,6,141.0,4.2727272727272725,8.128673592542398,6,127.0,0.38431830025894514,6,127.0,0.29000000000000004
33505.0,9,171.0,4.885714285714286,7.370328818671151,9,171.0,0.3476158388283776,9,171.0,-0.43999999999999995
33510.0,8,98.0,2.8823529411764706,7.377808176052817,8,98.0,0.3452002066695489,8,98.0,0.73
33515.0,6,106.0,3.212121212121212,8.284513798306875,6,60.0,0.39624902010815133,6,60.0,0.38
33520.0,9,142.0,4.057142857142857,7.236675113611853,9,142.0,0.31150481482920317,9,142.0,-0.82
33525.0,8,143.0,4.085714285714285,7.657315275159725,8,143.0,0.3461114405472727,8,143.0,-0.010000000000000009
33530.0,8,172.0,4.648648648648648,6.761436562363067,8,159.0,0.2794546614954093,8,159.0,-0.16000000000000014
33535.0,9,217.0,6.2,7.896992492446876,9,217.0,0.36932766881000606,9,217.0,-0.5799999999999998
33540.0,6,161.0,4.735294117647059,8.219977653760072,6,161.0,0.3854400966659287,6,161.0,0.5599999999999998
33545.0,7,180.0,5.0,7.643615178696726,7,140.0,0.32573301612884054,7,140.0,0.2100000000000002
33550.0,7,215.0,6.323529411764706,8.422761677856757,7,215.0,0.4246130247852148,7,215.0,-0.75
33555.0,5,159.0,4.416666666666667,7.38026764700631,5,159.0,0.3380146625961573,5,159.0,0.5599999999999998
33560.0,5,168.0,4.8,8.625217513480777,5,139.0,0.42905647260779745,5,139.0,0.20000000000000018
33565.0,8,193.0,5.216216216216216,8.408113825449282,8,193.0,0.4110566016591516,8,193.0,-0.54
33570.0,6,210.0,6.0,8.270838431005206,6,210.0,0.401291252095959,6,210.0,-0.17000000000000015
33575.0,6,240.0,6.857142857142857,9.25324199653884,6,231.0,0.4717482914225734,6,231.0,-0.20999999999999996
33580.0,8,273.0,7.583333333333333,7.997976877858097,8,273.0,0.34462279136649454,8,273.0,-0.41999999999999993
33585.0,7,296.0,8.222222222222221,8.501524504707398,7,296.0,0.38429072901178984,7,296.0,-0.22999999999999998
33590.0,8,332.0,8.512820512820513,7.4921924432736775,8,320.0,0.29881737672571934,8,320.0,-0.2400000000000002
33595.0,9,377.0,10.771428571428572,7.9192749883197004,9,377.0,0.3517976115887458,9,377.0,-0.5699999999999998
33600.0,6,287.0,9.258064516129032,8.345560749821695,6,287.0,0.3920431170323331,6,287.0,0.8999999999999999
33605.0,7,278.0,8.424242424242424,7.4663027826154185,7,227.0,0.3279555572015354,7,227.0,0.6000000000000001
33610.0,6,308.0,9.625,8.64674742884786,6,308.0,0.4393936223829916,6,308.0,-0.81
33615.0,6,54.0,1.588235294117647,7.177638080000902,6,54.0,0.30874751401438216,6,54.0,2.54
33620.0,7,88.0,2.6666666666666665,8.417326308431607,7,-63.0,0.4019939509388624,7,-63.0,1.17
33625.0,10,123.0,3.6176470588235294,7.562035987669791,10,123.0,0.3310650318421995,10,123.0,-1.8599999999999999
33630.0,7,89.0,2.696969696969697,8.093798957541964,7,89.0,0.35618019467306705,7,89.0,0.33999999999999997
33635.0,6,114.0,3.6774193548387095,9.072823773205545,6,79.0,0.43647203648328414,6,79.0,0.09999999999999998
33640.0,8,147.0,4.323529411764706,7.7397052465760865,8,147.0,0.3358661297160223,8,147.0,-0.6799999999999999
33645.0,7,110.0,3.4375,8.082113697478317,6,109.0,0.37760949991446874,6,109.0,0.3799999999999999
33650.0,6,128.0,3.764705882352941,7.040389330338302,6,100.0,0.2579425053434941,6,100.0,0.09000000000000008
33655.0,7,162.0,4.764705882352941,8.412766300523305,7,162.0,0.3746425861214223,7,162.0,-0.6200000000000001
33660.0,6,67.0,2.09375,7.639060334068681,6,67.0,0.3342973696776607,6,67.0,0.9500000000000001
33665.0,6,65.0,1.9696969696969697,7.21830617028041,6,13.0,0.31881364411673774,6,13.0,0.54
33670.0,6,95.0,2.878787878787879,8.235040068162602,6,95.0,0.40855518634938814,6,95.0,-0.82
33675.0,7,94.0,2.764705882352941,6.829357118518682,7,94.0,0.3140376718196737,7,94.0,0.010000000000000009
33680.0,8,133.0,4.15625,7.821310049659903,8,113.0,0.38912164077360506,8,113.0,-0.18999999999999995
33685.0,11,173.0,4.942857142857143,7.684283997713505,11,173.0,0.36212136116599636,11,173.0,-0.6000000000000001
33690.0,7,171.0,5.029411764705882,8.075648587065874,7,171.0,0.37247213807252477,7,171.0,0.020000000000000018
33695.0,7,202.0,6.516129032258065,8.402455374329415,7,189.0,0.39759169750769346,7,189.0,-0.17999999999999994
33700.0,9,241.0,7.088235294117647,7.724089450759135,9,241.0,0.35437790014583376,9,241.0,-0.5200000000000002
33705.0,7,147.0,4.323529411764706,7.923412572141105,7,147.0,0.35975545462883135,7,147.0,0.9400000000000002
33710.0,4,107.0,2.9722222222222223,7.5025302931090385,4,63.0,0.319531946319321,4,63.0,0.84
33715.0,6,136.0,4.0,8.652051520134874,6,136.0,0.4153544240962013,6,136.0,-0.7300000000000001
33720.0,6,73.0,2.212121212121212,8.243118041112735,6,73.0,0.3800642175503686,6,73.0,0.6300000000000001
33725.0,9,113.0,3.323529411764706,7.314799341120014,9,37.0,0.3134884064453718,9,37.0,0.36
33730.0,9,158.0,4.9375,8.15797355361429,9,158.0,0.3957794666884989,9,158.0,-1.21
33735.0,8,101.0,2.9705882352941178,6.90041072281215,8,101.0,0.276189735876376,8,101.0,0.5700000000000001
33740.0,7,122.0,3.588235294117647,8.268116034012433,7,84.0,0.399566488026482,7,84.0,0.17000000000000004
33745.0,10,157.0,4.243243243243243,7.603499399354245,10,157.0,0.3507647481598493,10,157.0,-0.7300000000000001
33750.0,7,120.0,3.4285714285714284,7.819857810558509,7,120.0,0.37294909413482197,7,120.0,0.3700000000000001
33755.0,6,146.0,4.171428571428572,8.387143799194952,6,112.0,0.41492886908678206,6,112.0,0.07999999999999985
33760.0,8,181.0,5.027777777777778,7.4423322004826264,8,181.0,0.33414024789586894,8,181.0,-0.69
33765.0,6,87.0,2.6363636363636362,7.884009990091673,6,87.0,0.38613261628821,6,87.0,0.9400000000000001
33770.0,3,43.0,1.303030303030303,7.472484266260741,3,0.0,0.34790837791456364,3,0.0,0.87
33775.0,5,66.0,2.0,8.59248797969331,5,66.0,0.4416937155237161,5,66.0,-0.66
33780.0,6,75.0,2.34375,8.078019089964858,6,75.0,0.4021155997235075,6,75.0,-0.08999999999999997
33785.0,9,115.0,3.2857142857142856,7.369810662296678,9,99.0,0.3057792360016117,9,99.0,-0.24
33790.0,9,160.0,4.571428571428571,8.12777708410567,9,160.0,0.3706794825928166,9,160.0,-0.6100000000000001
33795.0,8,171.0,4.5,7.556979786564486,8,171.0,0.3230076832959628,8,171.0,-0.10999999999999988
33800.0,9,214.0,5.631578947368421,8.309075282370715,9,196.0,0.40090224660769663,9,196.0,-0.25
33805.0,12,260.0,6.842105263157895,7.3463128870891605,12,260.0,0.33718517450678276,12,260.0,-0.6400000000000001
33810.0,11,315.0,9.545454545454545,7.258275368058943,11,315.0,0.34571442748825,11,315.0,-0.5499999999999998
33815.0,11,370.0,11.935483870967742,7.8787161377639325,11,370.0,0.3761490687742612,11,370.0,-0.5500000000000003
33820.0,14,430.0,13.030303030303031,6.252739293684301,14,430.0,0.2570588600800275,14,430.0,-0.5999999999999996
33825.0,12,363.0,11.709677419354838,6.368188633543504,12,363.0,0.28446938031699076,12,363.0,0.6699999999999999
33830.0,10,353.0,10.382352941176471,5.909220027076891,10,310.0,0.2574990679194294,10,310.0,0.5299999999999998
33835.0,11,408.0,13.161290322580646,6.741765014880988,11,408.0,0.3388762182203876,11,408.0,-0.98
33840.0,10,226.0,7.290322580645161,6.246294485245811,10,226.0,0.28687297868261113,10,226.0,1.8200000000000003
33845.0,8,88.0,2.5142857142857142,6.464954240344116,8,1.0,0.2848515821408633,8,1.0,2.25
33850.0,7,119.0,3.4,8.128356292634281,7,119.0,0.4013567872472635,7,119.0,-1.18
33855.0,9,88.0,2.4444444444444446,6.45222419753637,9,88.0,0.2774476554940998,9,88.0,0.30999999999999994
33860.0,10,136.0,4.0,7.579303873906214,10,105.0,0.35588702549553075,10,105.0,-0.17000000000000004
33865.0,13,186.0,5.027027027027027,6.789777539106896,13,186.0,0.29118958259047945,13,186.0,-0.81
33870.0,9,195.0,5.27027027027027,7.392762669576965,9,195.0,0.3303826473946813,9,195.0,-0.08999999999999986
33875.0,6,191.0,5.162162162162162,8.653220865418078,6,178.0,0.42040353258541013,6,178.0,0.16999999999999993
33880.0,9,226.0,5.947368421052632,7.439127481372397,9,226.0,0.3327745110940023,9,226.0,-0.47999999999999976
33885.0,9,209.0,5.5,7.663195376493954,9,209.0,0.3339897282256498,9,209.0,0.16999999999999993
33890.0,10,256.0,6.4,7.004317819886356,10,200.0,0.2809088010670326,10,200.0,0.08999999999999986
33895.0,12,314.0,7.85,7.57722586052248,12,314.0,0.31307433381687205,12,314.0,-1.1400000000000001
33900.0,10,342.0,9.243243243243244,7.228685828436337,10,342.0,0.2738103055327271,10,342.0,-0.2799999999999998
33905.0,12,401.0,10.282051282051283,6.785992523740667,12,384.0,0.26537702723514006,12,384.0,-0.41999999999999993
33910.0,12,461.0,12.45945945945946,7.221582379129904,12,461.0,0.3121057097605819,12,461.0,-0.7700000000000005
33915.0,11,438.0,11.837837837837839,6.368499612031048,11,438.0,0.24625068829335628,11,438.0,0.23000000000000043
33920.0,10,474.0,13.542857142857143,7.377750825106843,10,446.0,0.34208327029354074,10,446.0,-0.08000000000000007
33925.0,14,526.0,14.216216216216216,6.566765523776143,14,526.0,0.2999239928965963,14,526.0,-0.7999999999999998
33930.0,11,315.0,8.513513513513514,6.829772218614286,10,314.0,0.30851518323419336,10,314.0,2.1199999999999997
33935.0,7,77.0,2.138888888888889,7.499306403829858,7,-11.0,0.33830429046362626,7,-11.0,3.25
33940.0,8,61.0,1.6944444444444444,6.590789516341452,8,61.0,0.2791006623994431,8,61.0,-0.72
33945.0,8,74.0,2.0555555555555554,6.974374526925405,8,74.0,0.3159254951917454,8,74.0,-0.13
33950.0,14,129.0,3.3947368421052633,6.279901228407152,14,117.0,0.26121535049292877,14,117.0,-0.42999999999999994
33955.0,14,198.0,5.5,6.383616300509782,14,198.0,0.28227380731808477,14,198.0,-0.81
33960.0,12,166.0,4.742857142857143,6.430921172244073,12,166.0,0.2739434439751009,12,166.0,0.32000000000000006
33965.0,12,214.0,5.631578947368421,6.3302552390536615,12,173.0,0.2582653813671589,12,173.0,-0.07000000000000006
33970.0,12,274.0,7.2105263157894735,7.05773440625635,12,274.0,0.31264459320268434,12,274.0,-1.0100000000000002
33975.0,10,239.0,5.975,6.573621202495374,10,239.0,0.2832654296453317,10,239.0,0.3500000000000001
33980.0,7,127.0,3.3421052631578947,7.5931158118450135,7,98.0,0.33616774090479673,7,98.0,1.4100000000000001
33985.0,7,86.0,2.2051282051282053,7.904445845385463,7,86.0,0.3679913440716829,7,86.0,0.12
33990.0,6,73.0,1.8717948717948718,7.971679740927144,6,73.0,0.36108151319290294,6,73.0,0.13
33995.0,10,117.0,3.0789473684210527,7.837023855718555,10,95.0,0.3535250539837036,10,95.0,-0.21999999999999997
34000.0,13,176.0,4.4,7.1457982703110385,13,176.0,0.3000168047052469,13,176.0,-0.81
34005.0,10,190.0,5.277777777777778,7.4128843696560125,10,190.0,0.3179728987809242,10,190.0,-0.1399999999999999
34010.0,6,153.0,3.923076923076923,6.807244196307474,6,140.0,0.2725625856952198,6,140.0,0.5
34015.0,7,186.0,5.027027027027027,7.608243745755121,7,186.0,0.346986823819804,7,186.0,-0.4600000000000002
34020.0,6,125.0,3.4722222222222223,7.346862215792047,6,125.0,0.3268116034409567,6,125.0,0.6100000000000001
34025.0,9,150.0,3.8461538461538463,7.168325122249664,9,111.0,0.2904950241352551,9,111.0,0.1399999999999999
34030.0,9,195.0,5.131578947368421,7.642238199019582,9,195.0,0.3267755808798692,9,195.0,-0.8399999999999999
34035.0,10,206.0,5.282051282051282,6.754814968156682,10,206.0,0.2447700549462037,10,206.0,-0.1100000000000001
34040.0,8,220.0,5.7894736842105265,8.109947688104052,8,209.0,0.3564977940203355,8,209.0,-0.029999999999999805
34045.0,11,260.0,6.666666666666667,7.289285256948035,11,260.0,0.30647273738417463,11,260.0,-0.5100000000000002
34050.0,9,231.0,6.078947368421052,7.728688407525549,9,231.0,0.3276651991701279,9,231.0,0.29000000000000004
34055.0,8,266.0,7.388888888888889,8.323167243346388,8,232.0,0.35913119036067165,8,232.0,-0.009999999999999787
34060.0,11,315.0,8.289473684210526,7.310805033049127,11,315.0,0.2936455495563079,11,315.0,-0.8300000000000001
34065.0,8,273.0,7.378378378378378,7.8496484657426295,8,273.0,0.3441936559594643,8,273.0,0.41999999999999993
34070.0,6,274.0,6.85,7.372936137074715,6,245.0,0.2892781285717055,6,245.0,0.2799999999999998
34075.0,8,313.0,8.942857142857143,8.192348923099651,8,313.0,0.37904946354685415,8,313.0,-0.6799999999999997
34080.0,6,268.0,7.6571428571428575,8.400209504202286,6,268.0,0.3958460484214647,6,268.0,0.44999999999999973
34085.0,7,289.0,7.605263157894737,7.800398054786014,7,261.0,0.33213500253832456,7,261.0,0.07000000000000028
34090.0,7,324.0,9.0,8.855779282530888,7,324.0,0.44064699106534844,7,324.0,-0.6300000000000003
34095.0,6,70.0,1.8918918918918919,7.860956936269883,6,70.0,0.3513541059318867,6,70.0,2.54
34100.0,7,103.0,2.861111111111111,8.815624580448135,7,-48.0,0.4243936268588322,7,-48.0,1.18
34105.0,9,138.0,3.6315789473684212,8.250285855426656,9,138.0,0.36617432928022253,9,138.0,-1.8599999999999999
34110.0,10,185.0,5.4411764705882355,8.10758913462954,10,185.0,0.35484353907067967,10,185.0,-0.4700000000000002
34115.0,8,208.0,6.303030303030303,8.425906500183832,8,208.0,0.39865131733821985,8,208.0,-0.22999999999999998
34120.0,11,252.0,7.0,6.839219279075761,11,239.0,0.27160025747719724,11,239.0,-0.31000000000000005
34125.0,11,307.0,9.029411764705882,7.492368038301408,11,307.0,0.33671051532885143,11,307.0,-0.6799999999999997
34130.0,9,219.0,6.4411764705882355,6.767412553334849,9,219.0,0.2686905621827445,9,219.0,0.8799999999999999
34135.0,8,218.0,6.606060606060606,7.2814856297567765,8,163.0,0.31898668017739223,8,163.0,0.56
34140.0,8,258.0,8.32258064516129,7.993908676971537,8,258.0,0.385745901834648,8,258.0,-0.9500000000000002
34145.0,8,124.0,3.6470588235294117,7.004888332179262,8,124.0,0.3176144044098276,8,124.0,1.34
34150.0,5,69.0,2.090909090909091,7.991306977292382,5,6.0,0.36149328319436724,5,6.0,1.18
34155.0,6,96.0,2.823529411764706,7.675393301882376,6,96.0,0.34681998682859055,6,96.0,-0.8999999999999999
34160.0,7,98.0,2.9696969696969697,8.260313583696387,7,98.0,0.39299067177560865,7,98.0,-0.020000000000000018
34165.0,10,133.0,3.6944444444444446,7.628773501356093,10,120.0,0.3222832379640831,10,120.0,-0.21999999999999997
34170.0,9,178.0,4.944444444444445,8.389681761415943,9,178.0,0.38417580979662347,9,178.0,-0.5800000000000001
34175.0,6,172.0,4.777777777777778,8.78555932494555,6,172.0,0.41148986658723147,6,172.0,0.06000000000000005
34180.0,8,193.0,5.361111111111111,7.648013848727832,8,180.0,0.31003648478031376,8,180.0,-0.08000000000000007
34185.0,8,233.0,6.852941176470588,8.48184675969363,8,233.0,0.40477451960549693,8,233.0,-0.53
34190.0,8,264.0,7.542857142857143,7.29982326054269,8,264.0,0.3058441512875764,8,264.0,-0.31000000000000005
34195.0,9,309.0,8.82857142857143,7.716722378664092,9,303.0,0.3363549801247987,9,303.0,-0.3899999999999997
34200.0,9,354.0,10.727272727272727,8.021606931896335,9,354.0,0.3569705609927338,9,354.0,-0.5100000000000002
34205.0,8,220.0,6.111111111111111,7.175380722397419,8,220.0,0.2828552337602711,8,220.0,1.3399999999999999
34210.0,4,151.0,4.4411764705882355,8.276105674588438,4,85.0,0.4198973878844616,4,85.0,1.35
34215.0,5,171.0,4.885714285714286,7.799158958936841,5,171.0,0.37474278294205265,5,171.0,-0.86
34220.0,9,208.0,5.942857142857143,7.958992983356713,9,208.0,0.374700935656145,9,208.0,-0.3700000000000001
34225.0,12,253.0,7.228571428571429,7.326063008752901,12,253.0,0.29156520783386214,12,253.0,-0.44999999999999973
34230.0,11,305.0,8.714285714285714,7.128330451365128,11,305.0,0.3113296027979478,11,305.0,-0.52
34235.0,8,265.0,7.794117647058823,7.7604700602954,8,265.0,0.3680344038205825,8,265.0,0.3999999999999999
34240.0,10,298.0,9.030303030303031,6.796923328069102,10,258.0,0.2852208482223407,10,258.0,0.06999999999999984
34245.0,10,348.0,10.875,7.480058301690409,10,348.0,0.34762165958666963,10,348.0,-0.8999999999999999
34250.0,8,298.0,8.514285714285714,6.289210401616879,8,298.0,0.2629594180663634,8,298.0,0.5
34255.0,6,255.0,7.5,7.514434758476888,6,225.0,0.3388986786856435,6,225.0,0.73
34260.0,6,285.0,8.382352941176471,8.313165313026243,6,285.0,0.4006287554238826,6,285.0,-0.6000000000000001
34265.0,8,65.0,1.7105263157894737,7.218032848473261,8,65.0,0.2990209661506848,8,65.0,2.2
34270.0,8,105.0,2.9166666666666665,8.145295371795383,8,-36.0,0.36841537979312144,8,-36.0,1.01
34275.0,10,149.0,4.138888888888889,7.46762273250239,10,149.0,0.3097183954197134,10,149.0,-1.85
34280.0,8,151.0,4.194444444444445,8.112179611156492,8,151.0,0.3541548401263164,8,151.0,-0.020000000000000018
34285.0,9,179.0,4.972222222222222,7.679769953064615,9,166.0,0.3263153160959643,9,166.0,-0.1499999999999999
34290.0,9,223.0,6.194444444444445,8.13640436926426,9,223.0,0.3735353179192178,9,223.0,-0.5700000000000001
34295.0,6,133.0,3.6944444444444446,8.386521937492416,6,133.0,0.3921810707619881,6,133.0,0.8999999999999999
34300.0,8,132.0,3.6666666666666665,7.449736966444137,8,80.0,0.30048890762766484,8,80.0,0.53
34305.0,7,167.0,4.771428571428571,8.627527427561786,7,167.0,0.4089252850458327,7,167.0,-0.8699999999999999
34310.0,6,65.0,1.7567567567567568,7.291633391558068,6,65.0,0.2964288619194133,6,65.0,1.02
34315.0,5,51.0,1.457142857142857,8.538247350530304,5,-2.0,0.3898098338147403,5,-2.0,0.67
34320.0,5,76.0,2.375,8.975629066932077,5,76.0,0.4454730217106524,5,76.0,-0.78
34325.0,6,77.0,2.2,7.742702627123174,6,77.0,0.3405587162908234,6,77.0,-0.010000000000000009
34330.0,6,107.0,3.1470588235294117,9.103334827525757,6,94.0,0.4535440437832902,6,94.0,-0.16999999999999993
34335.0,7,138.0,3.72972972972973,8.646915065429619,7,138.0,0.3974160584716783,7,138.0,-0.43999999999999995
34340.0,5,87.0,2.4857142857142858,8.929587011458684,5,87.0,0.4127525685291663,5,87.0,0.5099999999999999
34345.0,7,103.0,2.942857142857143,8.239414288345143,7,66.0,0.3859714629970562,7,66.0,0.20999999999999996
34350.0,6,131.0,3.9696969696969697,8.145587282800625,6,131.0,0.40118450076458884,6,131.0,-0.65
34355.0,6,106.0,3.4193548387096775,8.880356239384758,6,106.0,0.4722646694846858,6,106.0,0.25
34360.0,8,140.0,4.242424242424242,7.455202443324979,8,88.0,0.33325530570610223,8,88.0,0.18000000000000005
34365.0,9,185.0,5.78125,8.086743072601944,9,185.0,0.3729624251733415,9,185.0,-0.9700000000000001
34370.0,7,100.0,2.857142857142857,6.735086153544687,7,100.0,0.25826809560769853,7,100.0,0.8500000000000001
34375.0,6,94.0,2.8484848484848486,8.020185282370619,6,51.0,0.37274944597117654,6,51.0,0.49
34380.0,6,124.0,4.0,8.729942467112423,6,124.0,0.4497063589800884,6,124.0,-0.73
34385.0,10,163.0,4.6571428571428575,7.2576414508157026,10,163.0,0.30975487017300424,10,163.0,-0.3899999999999999
34390.0,10,213.0,6.65625,7.916156870407116,10,213.0,0.3335447742863217,10,213.0,-0.5
34395.0,12,267.0,8.090909090909092,6.628691221388865,12,267.0,0.2501953167649868,12,267.0,-0.54
34400.0,10,211.0,6.59375,7.3361262895291315,10,211.0,0.3160705102645612,10,211.0,0.56
34405.0,11,225.0,6.617647058823529,6.89813886144323,11,183.0,0.3053630706825016,11,183.0,0.2799999999999998
34410.0,10,271.0,8.46875,7.677813088070596,10,271.0,0.3642594610315415,10,271.0,-0.8799999999999999
34415.0,10,321.0,10.03125,7.51352282601867,10,321.0,0.3397880803000499,10,321.0,-0.5
34420.0,10,194.0,5.705882352941177,6.6006537405095225,10,194.0,0.2738468203680451,10,194.0,1.27
34425.0,6,145.0,4.393939393939394,7.773900912272158,6,76.0,0.35893955206996286,6,76.0,1.18
34430.0,7,176.0,5.176470588235294,7.507757982298054,7,176.0,0.3625834917009036,7,176.0,-1.0
34435.0,8,75.0,2.272727272727273,7.566398869707932,8,75.0,0.3476238884864127,8,75.0,1.01
34440.0,5,49.0,1.53125,7.903085963811352,5,1.0,0.36415937744557253,5,1.0,0.74
34445.0,7,81.0,2.25,7.763215977702097,7,81.0,0.37273954724128033,7,81.0,-0.8
34450.0,6,70.0,1.9444444444444444,8.24433460344407,6,70.0,0.4022065763824477,6,70.0,0.1100000000000001
34455.0,6,89.0,2.282051282051282,7.555690390289713,6,76.0,0.32798658192749996,6,76.0,-0.06000000000000005
34460.0,7,124.0,3.263157894736842,8.717016840925435,7,124.0,0.441193958592127,7,124.0,-0.48
34465.0,9,112.0,2.9473684210526314,7.746508079699886,9,112.0,0.3502229019131787,9,112.0,0.11999999999999988
34470.0,9,154.0,4.4,7.971697501244942,9,112.0,0.36507201105978393,9,112.0,0.0
34475.0,9,199.0,5.852941176470588,8.276984944437936,9,199.0,0.3847155112237056,9,199.0,-0.8699999999999999
34480.0,9,158.0,4.27027027027027,6.894610181943921,9,158.0,0.27413925752113527,9,158.0,0.4099999999999999
34485.0,7,176.0,4.888888888888889,8.016523757761771,7,148.0,0.37141940389696293,7,148.0,0.10000000000000009
34490.0,8,211.0,5.861111111111111,7.599510455410693,8,211.0,0.34324027196619533,8,211.0,-0.6299999999999999
34495.0,7,101.0,2.8055555555555554,7.834787105398133,7,101.0,0.3301894613849702,7,101.0,1.0999999999999999
34500.0,4,70.0,2.0588235294117645,8.354770727426638,4,14.0,0.3710927074026342,4,14.0,0.87
34505.0,6,96.0,2.6666666666666665,8.34586696734303,6,96.0,0.3731831768557572,6,96.0,-0.82
34510.0,6,126.0,3.7058823529411766,8.878526432873176,6,126.0,0.4187253632024478,6,126.0,-0.30000000000000004
34515.0,9,127.0,3.6285714285714286,7.5975232464638145,9,127.0,0.31490972364814024,9,127.0,-0.010000000000000009
34520.0,6,154.0,4.8125,8.720282553309637,6,152.0,0.4182969137571944,6,152.0,-0.25
34525.0,9,184.0,5.411764705882353,7.81767556028051,9,183.0,0.35397633470381257,9,183.0,-0.31000000000000005
34530.0,5,71.0,2.088235294117647,7.995561866911468,5,71.0,0.3969388305128484,5,71.0,1.12
34535.0,2,30.0,0.9375,9.249688043384275,2,-28.0,0.515001099209582,2,-28.0,0.99
34540.0,4,42.0,1.2352941176470589,8.170569992406254,4,42.0,0.3960145424000214,4,42.0,-0.7
34545.0,5,67.0,2.0303030303030303,8.99161066712049,5,67.0,0.4804070061851277,5,67.0,-0.25000000000000006
34550.0,4,81.0,2.3142857142857145,7.979204487831011,4,81.0,0.373239326370602,4,81.0,-0.14
34555.0,7,112.0,3.2,8.361964447637744,7,106.0,0.39774446542366865,7,106.0,-0.25
34560.0,7,147.0,4.323529411764706,8.383103119445849,7,147.0,0.38262272659897467,7,147.0,-0.4099999999999999
34565.0,7,76.0,2.1714285714285713,7.5070448741309646,7,76.0,0.30609777553390005,7,76.0,0.71
34570.0,5,84.0,2.625,8.790673222894073,5,38.0,0.4396961258469169,5,38.0,0.38
34575.0,5,109.0,3.40625,8.26027667369333,5,109.0,0.40989186502663877,5,109.0,-0.7100000000000001
34580.0,5,56.0,1.8064516129032258,8.197511872195216,5,56.0,0.40717121064973744,5,56.0,0.53
34585.0,6,73.0,2.212121212121212,7.949083681265022,6,37.0,0.3639915031038642,6,37.0,0.19000000000000006
34590.0,6,100.0,3.125,8.389428231581526,6,100.0,0.4070232870428288,6,100.0,-0.63
34595.0,4,39.0,1.21875,8.394567369838514,4,39.0,0.41348803184541044,4,39.0,0.61
34600.0,6,50.0,1.4705882352941178,7.572208198262864,6,13.0,0.3369152535843718,6,13.0,0.26
34605.0,6,80.0,2.6666666666666665,8.872949036455248,6,80.0,0.44136550377430295,6,80.0,-0.67
34610.0,7,101.0,3.15625,7.672801203781294,7,101.0,0.3552003234802878,7,101.0,-0.20999999999999996
34615.0,8,137.0,4.28125,8.171121593794467,8,131.0,0.3615781120649002,8,131.0,-0.30000000000000004
34620.0,8,177.0,5.709677419354839,7.994702545510686,8,177.0,0.3554898648412525,8,177.0,-0.45999999999999996
34625.0,8,149.0,4.382352941176471,6.991867753812366,8,149.0,0.28444147164686007,8,149.0,0.28
34630.0,7,183.0,5.545454545454546,8.237591848328513,7,154.0,0.39972591806446467,7,154.0,-0.050000000000000044
34635.0,8,220.0,6.470588235294118,7.282321060909857,8,220.0,0.32674843237588874,8,220.0,-0.6600000000000001
34640.0,6,107.0,3.34375,8.029604269830415,6,107.0,0.3991872338840617,6,107.0,1.1300000000000001
34645.0,6,65.0,1.911764705882353,7.688696176360994,6,7.0,0.3736919428915566,6,7.0,1.0
34650.0,5,87.0,2.5588235294117645,8.805274904712103,5,87.0,0.4603923767549961,5,87.0,-0.8
34655.0,4,22.0,0.6470588235294118,8.937717565370331,4,22.0,0.47275189561747233,4,22.0,0.65
34660.0,6,31.0,0.9117647058823529,7.664648816946406,6,-5.0,0.3359276464933802,6,-5.0,0.27
34665.0,6,61.0,1.967741935483871,8.728891629745805,6,61.0,0.4401358880997734,6,61.0,-0.66
34670.0,6,81.0,2.4545454545454546,7.594017847858806,6,81.0,0.35163663238680654,6,81.0,-0.20000000000000007
34675.0,8,118.0,3.5757575757575757,8.116349473081105,8,112.0,0.3481298627945167,8,112.0,-0.31000000000000005
34680.0,8,158.0,4.787878787878788,8.38824739493714,8,158.0,0.3592531601861534,8,158.0,-0.45999999999999996
34685.0,9,192.0,5.647058823529412,7.269952039323757,9,192.0,0.28111131831964425,9,192.0,-0.33999999999999986
34690.0,9,237.0,6.970588235294118,8.14056774461358,9,230.0,0.35774208111424494,9,230.0,-0.3799999999999999
34695.0,10,284.0,8.114285714285714,7.242418244365297,10,284.0,0.31530112250091685,10,284.0,-0.54
34700.0,8,213.0,6.264705882352941,7.962657406887426,8,213.0,0.35909910367666886,8,213.0,0.71
34705.0,9,221.0,6.5,7.084578137005624,9,174.0,0.3029104732927495,9,174.0,0.3899999999999999
34710.0,8,260.0,7.878787878787879,8.130253749179477,8,260.0,0.3958832270145926,8,260.0,-0.8600000000000001
34715.0,6,122.0,3.935483870967742,8.174047032319223,6,122.0,0.40939854460232755,6,122.0,1.3800000000000001
34720.0,4,25.0,0.8064516129032258,6.878956167869045,4,-33.0,0.33029679523316663,4,-33.0,1.55
34725.0,5,50.0,1.6666666666666667,8.585426900361371,5,50.0,0.45376406870231306,5,50.0,-0.8300000000000001
34730.0,7,69.0,2.090909090909091,6.669480038788905,7,69.0,0.2816619332309135,7,69.0,-0.18999999999999995
34735.0,10,117.0,3.5454545454545454,7.429893395458283,10,110.0,0.3078762499010307,10,110.0,-0.41000000000000014
34740.0,10,167.0,5.0606060606060606,7.651877107332124,10,167.0,0.3084344137579562,10,167.0,-0.5699999999999998
34745.0,10,175.0,4.72972972972973,7.002976654069858,10,175.0,0.2571294610554812,10,175.0,-0.08000000000000007
34750.0,8,198.0,5.5,7.936377651299937,8,185.0,0.3450938446029297,8,185.0,-0.10000000000000009
34755.0,10,242.0,6.54054054054054,7.325943144202287,10,242.0,0.3202681024507718,10,242.0,-0.5699999999999998
34760.0,8,172.0,4.777777777777778,8.013747947901573,8,172.0,0.36889183782267576,8,172.0,0.7
34765.0,9,177.0,4.916666666666667,7.308745961673994,9,128.0,0.3087557975708243,9,128.0,0.43999999999999995
34770.0,8,216.0,6.171428571428572,8.254897433895499,8,216.0,0.3945475575010223,8,216.0,-0.8800000000000001
34775.0,8,256.0,7.757575757575758,8.26376743850609,8,256.0,0.4018841633004252,8,256.0,-0.3999999999999999
34780.0,7,123.0,3.6176470588235294,7.078915486838994,7,123.0,0.2775493034907304,7,123.0,1.33
34785.0,5,65.0,2.03125,8.407016185544883,5,2.0,0.39394163652039826,5,2.0,1.21
34790.0,6,91.0,2.6,7.774242938999219,6,91.0,0.3370688027364613,6,91.0,-0.89
34795.0,7,47.0,1.3428571428571427,8.064000727993806,7,47.0,0.3452499691159613,7,47.0,0.44000000000000006
34800.0,6,71.0,2.088235294117647,8.77682631793307,6,38.0,0.39347848771190796,6,38.0,0.08999999999999997
34805.0,8,106.0,2.9444444444444446,8.196325138904715,8,106.0,0.3438098094902952,8,106.0,-0.68
34810.0,5,87.0,2.5588235294117645,8.775636720345773,5,87.0,0.40138936277528026,5,87.0,0.19000000000000006
34815.0,7,115.0,3.2857142857142856,8.001774509706282,7,90.0,0.32910196282478854,7,90.0,-0.030000000000000027
34820.0,7,150.0,4.411764705882353,9.0679843921496,7,150.0,0.42631878266670487,7,150.0,-0.6
34825.0,7,89.0,2.5428571428571427,8.176841653761263,7,89.0,0.351823675252115,7,89.0,0.61
34830.0,4,71.0,2.088235294117647,8.952121716486094,4,43.0,0.41726264092312093,4,43.0,0.46
34835.0,4,91.0,2.757575757575758,9.751323022312523,4,91.0,0.5085936412676426,4,91.0,-0.48000000000000004
34840.0,8,104.0,3.0588235294117645,7.737017525261701,8,104.0,0.3263575944424869,8,104.0,-0.13
34845.0,7,139.0,4.34375,8.778391529949559,7,131.0,0.40593245916383375,7,131.0,-0.27
34850.0,8,175.0,5.147058823529412,7.192164551736614,8,175.0,0.3002351254200195,8,175.0,-0.43999999999999995
34855.0,7,137.0,4.419354838709677,7.527754975888076,7,137.0,0.35722428487595503,7,137.0,0.3799999999999999
34860.0,5,155.0,5.166666666666667,8.709051375886459,5,119.0,0.43493336890852,5,119.0,0.18000000000000016
34865.0,7,185.0,5.4411764705882355,8.069305229926844,7,185.0,0.3691572224331406,7,185.0,-0.6600000000000001
34870.0,5,139.0,4.212121212121212,8.646312675346943,5,139.0,0.4318159276775826,5,139.0,0.4600000000000002
34875.0,5,152.0,4.606060606060606,7.455402348758196,5,124.0,0.32796590824917626,5,124.0,0.1499999999999999
34880.0,6,180.0,5.625,8.65604584084775,6,180.0,0.4237178358938861,6,180.0,-0.56
34885.0,8,183.0,5.382352941176471,7.795442116401265,8,183.0,0.36910853200232757,8,183.0,-0.030000000000000027
34890.0,7,214.0,6.484848484848484,8.297984630081421,7,197.0,0.40320957418057884,7,197.0,-0.1399999999999999
34895.0,7,249.0,7.545454545454546,9.163700258705264,7,249.0,0.45125042974571944,7,249.0,-0.5200000000000002
34900.0,10,289.0,9.32258064516129,6.976317121558522,10,289.0,0.29664802471452534,10,289.0,-0.3999999999999999
34905.0,7,253.0,8.161290322580646,8.148827996607027,7,253.0,0.3784509429655208,7,253.0,0.3600000000000003
34910.0,6,276.0,8.363636363636363,7.332894014463182,6,243.0,0.319421216639092,6,243.0,0.09999999999999964
34915.0,8,315.0,9.545454545454545,8.235883411704794,8,315.0,0.39091145588443243,8,315.0,-0.7199999999999998
34920.0,5,262.0,8.1875,8.510572684000255,5,262.0,0.4254004188295992,5,262.0,0.5299999999999998
34925.0,5,276.0,8.117647058823529,7.413514156406508,5,243.0,0.3185582972357211,5,243.0,0.18999999999999995
34930.0,6,306.0,9.5625,8.623341350288973,6,306.0,0.43810620706995645,6,306.0,-0.6299999999999999
34935.0,6,330.0,9.705882352941176,7.188547326166499,6,330.0,0.32057644751613734,6,330.0,-0.23999999999999977
34940.0,8,369.0,11.181818181818182,7.923959637071286,8,364.0,0.3735679343234975,8,364.0,-0.3400000000000003
34945.0,10,409.0,12.78125,7.471048586987251,10,409.0,0.3503027423427269,10,409.0,-0.44999999999999973
34950.0,7,375.0,11.71875,7.862233951076004,7,375.0,0.3453536657361855,7,375.0,0.33999999999999986
34955.0,6,400.0,12.5,8.578880087529335,6,366.0,0.4062063055311424,6,366.0,0.08999999999999986
34960.0,8,434.0,12.4,7.435952592863667,8,434.0,0.31136182854413097,8,434.0,-0.6799999999999997
34965.0,6,397.0,11.342857142857143,8.039495079230061,6,397.0,0.3624747040774536,6,397.0,0.36999999999999966
34970.0,5,414.0,11.18918918918919,7.598707810483962,5,385.0,0.3207535568834152,5,385.0,0.1200000000000001
34975.0,7,448.0,13.176470588235293,8.579840548650115,7,448.0,0.40935669822150267,7,448.0,-0.6300000000000003
34980.0,5,61.0,1.90625,8.694400038419655,4,60.0,0.435263653771455,4,60.0,3.8800000000000003
34985.0,6,61.0,1.7428571428571429,7.426716185991883,6,-134.0,0.306333205394291,6,-134.0,1.94
34990.0,6,91.0,2.757575757575758,8.746918097955055,6,91.0,0.4240956385481813,6,91.0,-2.25
34995.0,7,91.0,2.5277777777777777,7.183686587258062,7,91.0,0.3001870377715188,7,91.0,0.0
35000.0,7,126.0,3.7058823529411766,8.159058369243155,7,107.0,0.3868892673656516,7,107.0,-0.16000000000000003
35005.0,9,161.0,4.6,8.017649049277797,9,161.0,0.3782487125418458,9,161.0,-0.54
35010.0,8,184.0,5.75,7.878581782256039,8,184.0,0.4140856407131515,8,184.0,-0.22999999999999998
35015.0,8,224.0,7.225806451612903,7.894459033629032,8,210.0,0.3922640433145811,8,210.0,-0.26
35020.0,10,270.0,7.9411764705882355,6.42182158118502,10,270.0,0.2620982098781472,10,270.0,-0.6000000000000001
35025.0,8,236.0,6.9411764705882355,7.341816536071038,8,236.0,0.33505658361132934,8,236.0,0.3400000000000003
35030.0,8,263.0,7.514285714285714,7.199087898072847,8,227.0,0.31383952143817334,8,227.0,0.08999999999999986
35035.0,9,305.0,9.53125,7.679843057115914,9,305.0,0.34435440388975036,9,305.0,-0.7799999999999998
35040.0,6,141.0,4.40625,8.180792738113075,6,141.0,0.37661321444823476,6,141.0,1.64
35045.0,3,40.0,1.1428571428571428,8.557653496919876,3,-36.0,0.38361063573837095,3,-36.0,1.77
35050.0,3,55.0,1.6666666666666667,9.15147604144991,3,55.0,0.4552163369291261,3,55.0,-0.91
35055.0,9,83.0,2.3714285714285714,7.0484088358529915,9,83.0,0.27986359295757085,9,83.0,-0.2799999999999999
35060.0,10,133.0,4.15625,7.760327724694653,10,133.0,0.3377940596893139,10,133.0,-0.5000000000000001
35065.0,13,183.0,5.382352941176471,6.9816405342140495,13,183.0,0.28168461377609877,13,183.0,-0.5
35070.0,10,193.0,5.848484848484849,7.3874667757777415,10,193.0,0.3147191263754855,10,193.0,-0.09999999999999987
35075.0,8,213.0,6.454545454545454,7.814434907406614,8,200.0,0.3640570750509136,8,200.0,-0.07000000000000006
35080.0,10,258.0,7.371428571428571,6.821544222837798,10,258.0,0.30465478479190716,10,258.0,-0.5800000000000001
35085.0,9,156.0,4.588235294117647,7.330992992944002,9,156.0,0.33740313294321933,9,156.0,1.02
35090.0,6,129.0,3.4864864864864864,6.8306240135575385,6,69.0,0.28632434227380515,6,69.0,0.8700000000000001
35095.0,8,169.0,4.828571428571428,7.924434585471116,8,169.0,0.39172764071394983,8,169.0,-1.0
35100.0,7,84.0,2.625,7.346626376641406,7,84.0,0.3630817300644588,7,84.0,0.85
35105.0,7,85.0,2.5,6.957071736679079,7,41.0,0.3234945408722418,7,41.0,0.43
35110.0,7,120.0,3.6363636363636362,8.268572706200056,7,120.0,0.43421266149132137,7,120.0,-0.79
35115.0,8,124.0,3.4444444444444446,7.065642781784501,8,124.0,0.3319262094205348,8,124.0,-0.040000000000000036
35120.0,10,173.0,4.805555555555555,7.846360787376353,10,142.0,0.349103047621505,10,142.0,-0.17999999999999994
35125.0,13,223.0,5.868421052631579,7.0886849231364755,13,223.0,0.2905663985621784,13,223.0,-0.81
35130.0,10,167.0,4.394736842105263,7.3564604554672925,10,167.0,0.30868395124884995,10,167.0,0.56
35135.0,8,187.0,4.921052631578948,8.06578504419685,8,144.0,0.36918520412021877,8,144.0,0.22999999999999998
35140.0,11,232.0,6.105263157894737,7.10941611682822,11,232.0,0.29227839116315835,11,232.0,-0.8799999999999999
35145.0,9,153.0,4.25,7.468055914897729,9,153.0,0.32625960800867765,9,153.0,0.7899999999999998
35150.0,8,127.0,3.5277777777777777,6.815811138002246,8,84.0,0.26639311301065105,8,84.0,0.6900000000000001
35155.0,8,167.0,4.638888888888889,8.218650081113834,8,167.0,0.37570457743879593,8,167.0,-0.83
35160.0,8,207.0,6.46875,8.035529342079904,8,207.0,0.3740303005554512,8,207.0,-0.3999999999999999
35165.0,8,214.0,5.944444444444445,7.242229512347752,8,214.0,0.29477226781409416,8,214.0,-0.07000000000000028
35170.0,8,251.0,7.382352941176471,7.842306799935308,8,251.0,0.35083636228007087,8,251.0,-0.36999999999999966
35175.0,9,287.0,7.972222222222222,7.22724178989201,9,269.0,0.2959552043800732,9,269.0,-0.18000000000000016
35180.0,8,153.0,4.371428571428571,8.135132168732671,8,153.0,0.3884193459076441,8,153.0,1.16
35185.0,7,74.0,2.0555555555555554,7.68476754395266,7,11.0,0.3676207462692261,7,11.0,1.42
35190.0,6,101.0,2.8857142857142857,8.490541970751218,6,101.0,0.4276127880261329,6,101.0,-0.9
35195.0,7,108.0,3.085714285714286,8.609243425358976,7,108.0,0.44130961647273226,7,108.0,-0.07000000000000006
35200.0,10,148.0,4.0,7.116205741533251,10,132.0,0.2874181091114713,10,132.0,-0.24
35205.0,10,198.0,5.5,7.970745824708983,10,198.0,0.3562854630716137,10,198.0,-0.6599999999999999
35210.0,12,250.0,6.578947368421052,6.896514628936522,12,250.0,0.21644330411579052,12,250.0,-0.52
35215.0,9,244.0,6.9714285714285715,7.659856855624264,9,244.0,0.3240531719688037,9,244.0,0.06000000000000005
35220.0,7,256.0,8.0,7.781380900052596,7,238.0,0.3564645769519913,7,238.0,0.06000000000000005
35225.0,9,299.0,8.542857142857143,7.519241119256827,9,299.0,0.3517506816617402,9,299.0,-0.6100000000000003
35230.0,7,196.0,5.764705882352941,7.7586063559847105,7,196.0,0.37643063965464346,7,196.0,1.0300000000000002
35235.0,5,155.0,4.1891891891891895,7.445816978155701,5,106.0,0.34003016609915865,5,106.0,0.8999999999999999
35240.0,6,184.0,5.111111111111111,8.783655529351224,6,184.0,0.449681026719993,6,184.0,-0.78
35245.0,8,67.0,1.9142857142857144,8.056708163066235,8,67.0,0.39807406718257077,8,67.0,1.17
35250.0,9,105.0,3.088235294117647,7.911906502283407,9,4.0,0.3568092416303839,9,4.0,0.63
35255.0,9,150.0,4.545454545454546,8.74607701595941,9,150.0,0.42189483272408,9,150.0,-1.46
35260.0,9,150.0,4.285714285714286,7.086806308740703,9,150.0,0.2627461001633796,9,150.0,0.0
35265.0,8,189.0,5.4,8.19941822305915,8,176.0,0.36893610753570516,8,176.0,-0.26
35270.0,10,231.0,6.243243243243243,7.301866418282042,10,231.0,0.29100628100992015,10,231.0,-0.55
35275.0,10,281.0,8.028571428571428,7.761520616750474,10,281.0,0.32512789375201157,10,281.0,-0.5
35280.0,7,200.0,6.0606060606060606,8.194900198875084,7,200.0,0.3426128629245364,7,200.0,0.81
35285.0,7,197.0,5.472222222222222,7.578078489709636,7,149.0,0.31522571466235566,7,149.0,0.51
35290.0,7,232.0,6.823529411764706,8.6524560437769,7,232.0,0.4132426254292124,7,232.0,-0.8299999999999998
35295.0,8,259.0,7.617647058823529,7.1631020030224395,8,259.0,0.3050414294662362,8,259.0,-0.27
35300.0,9,304.0,8.941176470588236,8.188293607853057,9,296.0,0.3649790402611267,9,296.0,-0.3700000000000001
35305.0,13,350.0,10.0,7.21753475306179,13,350.0,0.285026912581487,13,350.0,-0.54
35310.0,9,368.0,10.823529411764707,7.802840656345218,9,368.0,0.3602379522948798,9,368.0,-0.18000000000000016
35315.0,8,407.0,12.333333333333334,7.897386579461058,8,394.0,0.3516740558415464,8,394.0,-0.2599999999999998
35320.0,11,454.0,13.352941176470589,6.739816280332649,11,454.0,0.29089333645442655,11,454.0,-0.6000000000000001
35325.0,8,239.0,7.242424242424242,7.268143080763245,8,239.0,0.33970580622931185,8,239.0,2.15
35330.0,4,39.0,1.1142857142857143,6.9712979108153155,4,-59.0,0.298923549698447,4,-59.0,2.98
35335.0,4,42.0,1.2,8.650337315763712,4,42.0,0.4228413287055687,4,42.0,-1.01
35340.0,5,37.0,1.0571428571428572,8.082134484311341,5,37.0,0.36440775371884604,5,37.0,0.04999999999999999
35345.0,9,78.0,2.0526315789473686,7.383986917941649,9,62.0,0.28304253159830506,9,62.0,-0.25
35350.0,9,123.0,3.5142857142857142,8.011464912229684,9,123.0,0.34613456130738346,9,123.0,-0.61
35355.0,8,121.0,3.4571428571428573,6.934283838305645,8,121.0,0.2751379197259119,8,121.0,0.020000000000000018
35360.0,5,101.0,2.9705882352941178,8.400222767246367,5,88.0,0.39661757043887685,5,88.0,0.32999999999999996
35365.0,7,126.0,3.5,8.391127482197483,7,126.0,0.3861992942172469,7,126.0,-0.38
35370.0,7,81.0,2.25,8.096028490347711,7,81.0,0.3539594010598301,7,81.0,0.44999999999999996
35375.0,6,106.0,3.3125,8.409162085578334,6,72.0,0.39414452752813584,6,72.0,0.09000000000000008
35380.0,8,141.0,4.0285714285714285,7.758954491725296,8,141.0,0.3250868732167734,8,141.0,-0.69
35385.0,6,135.0,3.857142857142857,8.454890226053873,6,135.0,0.38133120653338143,6,135.0,0.05999999999999983
35390.0,7,156.0,4.457142857142857,7.521132474246554,7,143.0,0.303652747964325,7,143.0,-0.07999999999999985
35395.0,7,191.0,5.617647058823529,8.654882904856406,7,191.0,0.4070854583592427,7,191.0,-0.48
35400.0,5,126.0,3.8181818181818183,8.899956986600301,4,125.0,0.44023517633771053,4,125.0,0.6599999999999999
35405.0,6,135.0,3.857142857142857,7.7215279405586585,6,95.0,0.3048130620684514,6,95.0,0.30000000000000004
35410.0,5,158.0,4.514285714285714,9.13972330949661,5,158.0,0.4354245479001868,5,158.0,-0.6300000000000001
35415.0,7,58.0,1.7058823529411764,7.332523154698974,7,58.0,0.3128988664725207,7,58.0,1.0
35420.0,8,98.0,2.9696969696969697,8.15559149184101,8,6.0,0.37239462818812946,8,6.0,0.52
35425.0,10,138.0,3.942857142857143,8.035863523072594,10,138.0,0.3496235049530915,10,138.0,-1.3199999999999998
35430.0,8,136.0,4.25,7.864760293988344,8,136.0,0.33236019537833694,8,136.0,0.019999999999999796
35435.0,7,168.0,5.419354838709677,8.224704311383496,7,154.0,0.3769548091680729,7,154.0,-0.17999999999999994
35440.0,9,208.0,6.117647058823529,7.48058628936471,9,208.0,0.3215175903747526,9,208.0,-0.54
35445.0,10,256.0,8.0,7.745854718189062,10,256.0,0.3329319395242301,10,256.0,-0.48
35450.0,8,163.0,4.794117647058823,6.767407154799171,8,163.0,0.24679306868796,8,163.0,0.9300000000000002
35455.0,7,163.0,4.794117647058823,7.879163448453909,7,108.0,0.34843979109544987,7,108.0,0.5499999999999998
35460.0,7,198.0,6.1875,8.699960848660737,7,198.0,0.4263325733479751,7,198.0,-0.8999999999999999
35465.0,7,89.0,2.696969696969697,7.35891402833369,7,89.0,0.34705678123400757,7,89.0,1.0899999999999999
35470.0,5,70.0,2.2580645161290325,8.473882203987735,5,14.0,0.41650746554042095,5,14.0,0.75
35475.0,6,96.0,2.823529411764706,7.837041175028867,6,96.0,0.35560696769309746,6,96.0,-0.82
35480.0,6,97.0,2.8529411764705883,8.487423283633676,6,97.0,0.39991872770774933,6,97.0,-0.010000000000000009
35485.0,9,127.0,3.5277777777777777,8.05685093429221,9,114.0,0.34771051549811194,9,114.0,-0.16999999999999993
35490.0,8,164.0,4.685714285714286,8.633898268908037,8,164.0,0.38825230562802915,8,164.0,-0.5
35495.0,7,151.0,4.4411764705882355,9.01229020811938,7,151.0,0.41369447110314805,7,151.0,0.1299999999999999
35500.0,10,193.0,5.514285714285714,8.067921893935397,10,145.0,0.31684056733070437,10,145.0,0.06000000000000005
35505.0,10,243.0,7.363636363636363,8.070341607675438,10,243.0,0.33121797330881453,10,243.0,-0.9800000000000002
35510.0,11,285.0,8.142857142857142,6.546499083531021,11,285.0,0.22557513082818975,11,285.0,-0.41999999999999993
35515.0,11,340.0,10.303030303030303,7.415606134680573,11,333.0,0.3021276676632553,11,333.0,-0.48
35520.0,11,395.0,11.969696969696969,7.291954956247075,11,395.0,0.29538215482253544,11,395.0,-0.6200000000000001
35525.0,10,270.0,8.181818181818182,6.703610094266671,10,270.0,0.2607268888674563,10,270.0,1.25
35530.0,7,216.0,6.967741935483871,7.078672258147011,7,146.0,0.3104497152458986,7,146.0,1.2400000000000002
35535.0,9,255.0,7.5,6.781292646644517,9,255.0,0.2936408920303683,9,255.0,-1.0899999999999999
35540.0,10,285.0,8.382352941176471,7.344479250182079,10,285.0,0.32055038518025086,10,285.0,-0.30000000000000027
35545.0,14,336.0,9.882352941176471,6.605222410782723,14,326.0,0.26804240279322383,14,326.0,-0.4099999999999997
35550.0,12,393.0,11.558823529411764,7.550583228544627,12,393.0,0.3231172766293985,12,393.0,-0.6700000000000004
35555.0,9,230.0,6.96969696969697,7.304652675826119,9,230.0,0.31380277163365294,9,230.0,1.6300000000000003
35560.0,7,88.0,2.5142857142857142,7.32359108608154,7,15.0,0.32774602978247575,7,15.0,2.15
35565.0,6,114.0,3.4545454545454546,8.289622352305047,6,114.0,0.415124812998613,6,114.0,-0.9899999999999999
35570.0,7,59.0,1.6388888888888888,6.419046977486788,7,59.0,0.26632729026278795,7,59.0,0.5499999999999999
35575.0,9,63.0,1.75,7.086623503910634,9,35.0,0.29540821954232194,9,35.0,0.24
35580.0,8,102.0,3.0,7.590538977914399,8,102.0,0.3472566403133088,8,102.0,-0.67
35585.0,11,107.0,2.891891891891892,6.426090145434911,11,107.0,0.25672244466534916,11,107.0,-0.050000000000000044
35590.0,8,115.0,3.2857142857142856,7.485778194289662,8,102.0,0.35569623295826597,8,102.0,0.050000000000000044
35595.0,10,157.0,4.131578947368421,7.144225048530157,10,157.0,0.3143578506008988,10,157.0,-0.55
35600.0,9,129.0,3.3947368421052633,7.670980643209613,9,129.0,0.34572129976637617,9,129.0,0.28
35605.0,11,163.0,4.075,7.392678782770725,11,133.0,0.3059657614629006,11,133.0,-0.040000000000000036
35610.0,10,212.0,5.72972972972973,8.11685336013665,10,212.0,0.36303638891176643,10,212.0,-0.79
35615.0,7,163.0,4.527777777777778,8.234119728695307,7,163.0,0.37356252900730774,7,163.0,0.4900000000000002
35620.0,6,127.0,3.5277777777777777,7.7830151618398435,6,98.0,0.31999994588120223,6,98.0,0.6499999999999999
35625.0,7,162.0,4.628571428571429,8.598598717794845,7,162.0,0.4038390212556973,7,162.0,-0.6400000000000001
35630.0,7,197.0,5.184210526315789,7.639409663532801,7,197.0,0.32580367801205734,7,197.0,-0.34999999999999987
35635.0,7,148.0,4.111111111111111,8.015023894640073,7,148.0,0.36253059521707,7,148.0,0.49
35640.0,7,183.0,5.382352941176471,7.86369151564643,7,111.0,0.3328953449327028,7,111.0,0.3699999999999999
35645.0,10,229.0,6.1891891891891895,7.279161077525872,10,229.0,0.2957893613514637,10,229.0,-1.18
35650.0,7,129.0,3.5833333333333335,8.188818007250932,7,129.0,0.3457938818676253,7,129.0,1.0
35655.0,5,87.0,2.4166666666666665,7.940270008898234,5,39.0,0.34884782051852664,5,39.0,0.9
35660.0,6,113.0,3.2285714285714286,8.812166838701637,6,113.0,0.42021717276287773,6,113.0,-0.7399999999999999
35665.0,8,114.0,3.1666666666666665,7.566564759577084,8,114.0,0.3227675213050825,8,114.0,-0.010000000000000009
35670.0,8,153.0,4.25,8.062073336712862,8,135.0,0.3442297435022098,8,135.0,-0.2100000000000002
35675.0,8,193.0,5.361111111111111,8.455944499984508,8,193.0,0.37797294071302756,8,193.0,-0.5799999999999998
35680.0,11,239.0,6.45945945945946,7.10246080292031,11,239.0,0.2751187662445028,11,239.0,-0.4600000000000002
35685.0,11,294.0,8.647058823529411,7.7355382451230605,11,294.0,0.3262400183013961,11,294.0,-0.5499999999999998
35690.0,12,350.0,10.294117647058824,6.283823311292257,12,350.0,0.21887333914196136,12,350.0,-0.56
35695.0,11,226.0,7.0625,6.824648193183088,11,226.0,0.27555886499635596,11,226.0,1.2400000000000002
35700.0,7,172.0,5.375,7.4009960862899895,7,102.0,0.33266197886766263,7,102.0,1.2399999999999998
35705.0,9,211.0,5.861111111111111,7.4222636384779594,9,211.0,0.3388853629153719,9,211.0,-1.0899999999999999
35710.0,9,123.0,3.6176470588235294,7.24171192210209,9,123.0,0.33599399836398813,9,123.0,0.8799999999999999
35715.0,8,99.0,2.8285714285714287,6.630784553312798,8,56.0,0.29151165860789247,8,56.0,0.6699999999999999
35720.0,8,139.0,4.088235294117647,8.106233558214265,8,139.0,0.40279355778433673,8,139.0,-0.8299999999999998
35725.0,9,133.0,3.8,7.538411123960794,9,133.0,0.36398819035585644,9,133.0,0.05999999999999983
35730.0,8,158.0,4.787878787878788,7.733198103881828,8,145.0,0.3657616662498949,8,145.0,-0.11999999999999988
35735.0,8,198.0,6.0,8.573418735164,8,198.0,0.4207062740089876,8,198.0,-0.53
35740.0,9,96.0,2.6666666666666665,6.7717878028024,9,96.0,0.29956627480661124,9,96.0,1.02
35745.0,6,82.0,2.2777777777777777,8.207287866301963,6,26.0,0.391592483581504,6,26.0,0.7
35750.0,7,113.0,2.8974358974358974,7.902607269638019,7,113.0,0.34742734603490283,7,113.0,-0.8699999999999999
35755.0,7,64.0,1.6842105263157894,8.127799165149652,7,64.0,0.35888466127505436,7,64.0,0.4899999999999999
35760.0,5,67.0,1.8611111111111112,8.799599568892145,5,39.0,0.42580841891929333,5,39.0,0.25
35765.0,7,97.0,2.6944444444444446,7.854751950070037,7,97.0,0.3611887987851798,7,97.0,-0.58
35770.0,7,103.0,3.0294117647058822,8.35657725885992,7,103.0,0.410057537240981,7,103.0,-0.06000000000000005
35775.0,7,138.0,3.72972972972973,7.636357316279459,7,111.0,0.31014933192502303,7,111.0,-0.08000000000000007
35780.0,10,187.0,5.3428571428571425,8.015549917366256,10,187.0,0.3340439163697201,10,187.0,-0.76
35785.0,10,209.0,5.9714285714285715,7.142133728402247,10,209.0,0.2810360152605004,10,209.0,-0.21999999999999975
35790.0,10,258.0,7.371428571428571,7.7283702235763405,10,245.0,0.3452183078933887,10,245.0,-0.3600000000000003
35795.0,10,308.0,8.8,8.15431064739879,10,308.0,0.38082544278054153,10,308.0,-0.6299999999999999
35800.0,10,217.0,6.027777777777778,6.64772372687868,10,217.0,0.26211026286850286,10,217.0,0.9100000000000001
35805.0,8,215.0,6.323529411764706,7.507263079451592,8,159.0,0.35136327285128727,8,159.0,0.5799999999999998
35810.0,9,257.0,7.3428571428571425,6.692291041981686,9,257.0,0.3107200994790637,9,257.0,-0.9799999999999998
35815.0,10,293.0,8.371428571428572,7.002133746182118,10,293.0,0.32297477871157726,10,293.0,-0.3600000000000003
35820.0,10,343.0,10.393939393939394,7.649774230205568,10,334.0,0.33965553492411443,10,334.0,-0.4099999999999997
35825.0,12,400.0,12.121212121212121,6.525765478211557,12,400.0,0.2961025975811139,12,400.0,-0.6600000000000001
35830.0,9,417.0,12.636363636363637,7.04685854691483,9,417.0,0.317781260582527,9,417.0,-0.16999999999999993
35835.0,10,466.0,12.944444444444445,6.837300023185491,10,453.0,0.28480125262151407,10,453.0,-0.3600000000000003
35840.0,11,521.0,14.472222222222221,7.8276639470649485,11,521.0,0.3694427140172733,11,521.0,-0.6799999999999997
35845.0,12,566.0,15.722222222222221,6.688362198762799,12,566.0,0.2824162088596487,12,566.0,-0.4500000000000002
35850.0,12,625.0,17.36111111111111,7.268721593027956,12,620.0,0.30900482750679154,12,620.0,-0.54
35855.0,12,685.0,19.02777777777778,7.710397392904743,12,685.0,0.3460368212554812,12,685.0,-0.6499999999999995
35860.0,14,749.0,20.243243243243242,6.894454295709418,14,749.0,0.2843577785970364,14,749.0,-0.6400000000000006
35865.0,12,494.0,13.722222222222221,6.738925745958151,12,494.0,0.2662878913921999,12,494.0,2.55
35870.0,9,195.0,5.416666666666667,5.506853809805091,9,87.0,0.23006586562885653,9,87.0,4.07
35875.0,8,145.0,4.142857142857143,6.136206892371848,8,145.0,0.29042172001874317,8,145.0,-0.58
35880.0,7,166.0,4.882352941176471,6.720048159941123,7,166.0,0.30444604691837357,7,166.0,-0.20999999999999996
35885.0,12,211.0,5.702702702702703,5.738892996962705,12,207.0,0.24597060239039986,12,207.0,-0.4099999999999999
35890.0,16,285.0,7.916666666666667,5.9120150561198646,16,285.0,0.2386906313241639,16,285.0,-0.7800000000000002
35895.0,14,263.0,6.921052631578948,5.520758733498987,14,263.0,0.20665012672377586,14,263.0,0.2200000000000002
35900.0,14,322.0,8.702702702702704,6.4389176053357895,14,278.0,0.2724748180051454,14,278.0,-0.1499999999999999
35905.0,18,395.0,10.394736842105264,5.8816431811872745,18,395.0,0.2584863953445664,18,395.0,-1.1700000000000004
35910.0,16,474.0,12.473684210526315,6.338970091565528,16,474.0,0.2807590976303663,16,474.0,-0.79
35915.0,14,450.0,11.842105263157896,6.594475441199538,14,450.0,0.2753254620965246,14,450.0,0.2400000000000002
35920.0,11,344.0,8.6,6.206541012465422,11,313.0,0.25540053884966835,11,313.0,1.37
35925.0,7,261.0,6.525,7.302573458313111,7,261.0,0.3367648885413344,7,261.0,0.52
35930.0,7,86.0,2.0,6.4173990551962445,7,86.0,0.2559753408179421,7,86.0,1.75
35935.0,14,146.0,3.7435897435897436,6.268937710854979,14,20.0,0.2639673955311944,14,20.0,0.6599999999999999
35940.0,15,221.0,5.815789473684211,6.262618953196051,15,221.0,0.26072564550052946,15,221.0,-2.01
35945.0,15,264.0,6.285714285714286,5.871833708478458,15,264.0,0.2134770549760097,15,264.0,-0.43000000000000016
35950.0,15,339.0,8.268292682926829,6.431754579906157,15,318.0,0.2604834774741574,15,318.0,-0.54
35955.0,17,421.0,9.568181818181818,6.187569048702295,17,421.0,0.2563293021163239,17,421.0,-1.0299999999999998
35960.0,14,410.0,10.0,6.432656457890056,14,410.0,0.27589683663636505,14,410.0,0.11000000000000032
35965.0,13,319.0,7.4186046511627906,6.591676207430071,13,291.0,0.2750316474993896,13,291.0,1.1899999999999995
35970.0,8,284.0,6.761904761904762,7.388937743278055,8,284.0,0.34109791015124896,8,284.0,0.07000000000000028
35975.0,8,126.0,3.0,7.410124549315715,8,126.0,0.3299999927057348,8,126.0,1.5799999999999998
35980.0,11,50.0,1.1363636363636365,6.681436362570986,11,-25.0,0.24812112172752712,11,-25.0,1.51
35985.0,11,105.0,2.5609756097560976,7.438880016743596,11,105.0,0.31925600182868574,11,105.0,-1.3
35990.0,12,118.0,2.95,5.7833234896608925,12,118.0,0.22062700173001026,12,118.0,-0.1299999999999999
35995.0,10,99.0,2.475,6.674215839900123,10,86.0,0.25374375676329636,10,86.0,0.31999999999999995
36000.0,8,130.0,3.3333333333333335,7.072606284416911,8,130.0,0.28256826648403127,8,130.0,-0.44000000000000006
36005.0,13,158.0,3.761904761904762,6.424086153499791,13,158.0,0.23952969227519513,13,158.0,-0.28
36010.0,16,235.0,5.7317073170731705,6.279372853757487,16,214.0,0.23563655255185842,16,214.0,-0.56
36015.0,19,322.0,7.666666666666667,5.62576331034366,19,322.0,0.19851302733510487,19,322.0,-1.08
36020.0,16,321.0,7.642857142857143,6.551025110174361,16,321.0,0.2533143923873154,16,321.0,0.010000000000000231
36025.0,17,334.0,7.767441860465116,6.03656451933337,17,306.0,0.2350717786364032,17,306.0,0.1499999999999999
36030.0,15,408.0,9.714285714285714,6.864343184906251,15,408.0,0.29405569325998887,15,408.0,-1.02
36035.0,17,488.0,12.842105263157896,6.1026905696389395,17,488.0,0.25161432021139557,17,488.0,-0.7999999999999998
36040.0,21,582.0,14.923076923076923,5.221195088610359,21,582.0,0.18911536880053606,21,582.0,-0.9400000000000004
36045.0,20,682.0,17.94736842105263,5.704133007875194,20,682.0,0.20511778764994176,20,682.0,-1.0
36050.0,19,573.0,14.692307692307692,4.510638926238618,19,573.0,0.15700567623630643,19,573.0,1.0899999999999999
36055.0,15,524.0,13.435897435897436,5.675212082224178,15,447.0,0.2408757815517124,15,447.0,1.2600000000000007
36060.0,16,600.0,15.789473684210526,5.6863311195534365,16,600.0,0.2543405547809479,16,600.0,-1.5300000000000002
36065.0,17,500.0,11.904761904761905,5.262838487259864,17,500.0,0.2160261781975833,17,500.0,1.0
36070.0,13,274.0,6.523809523809524,6.223731613592905,13,215.0,0.2617656443185741,13,215.0,2.85
36075.0,10,207.0,4.813953488372093,6.280322487622682,10,207.0,0.28809113193283087,10,207.0,0.08000000000000007
36080.0,11,130.0,3.0952380952380953,6.447521295387732,11,130.0,0.29287750386095995,11,130.0,0.7699999999999998
36085.0,16,130.0,2.9545454545454546,5.946053830798236,16,87.0,0.25290074358564507,16,87.0,0.43000000000000005
36090.0,15,203.0,4.72093023255814,6.779360995868993,15,203.0,0.29670925325638575,15,203.0,-1.1599999999999997
36095.0,14,187.0,4.4523809523809526,6.375726755623317,14,187.0,0.26976482444968114,14,187.0,0.1599999999999997
36100.0,13,193.0,4.288888888888889,6.340750481747533,13,165.0,0.24426497206660885,13,165.0,0.2200000000000002
36105.0,14,263.0,5.844444444444444,7.219140226345449,14,263.0,0.30553499753988467,14,263.0,-0.98
36110.0,15,246.0,5.23404255319149,6.102427187542797,15,246.0,0.2048221313702243,15,246.0,0.16999999999999993
36115.0,11,159.0,3.6136363636363638,6.84746379678944,11,131.0,0.2709946966837318,11,131.0,1.15
36120.0,8,141.0,3.357142857142857,7.6383491942384785,8,141.0,0.3407526884707957,8,141.0,-0.09999999999999987
36125.0,10,185.0,4.111111111111111,7.500399462983977,10,185.0,0.31590904603995684,10,185.0,-0.44000000000000017
36130.0,10,134.0,3.116279069767442,7.622304113436371,10,134.0,0.33354227767459127,10,134.0,0.51
36135.0,12,155.0,3.522727272727273,6.9381705519353964,12,122.0,0.2618681521991595,12,122.0,0.1200000000000001
36140.0,11,210.0,4.883720930232558,8.036925919430132,11,210.0,0.3543454016877424,11,210.0,-0.8800000000000001
36145.0,11,160.0,3.7209302325581395,7.215477183255938,11,160.0,0.28392128504776304,11,160.0,0.5
36150.0,9,170.0,3.953488372093023,7.860643606490837,9,137.0,0.3282329519317967,9,137.0,0.22999999999999998
36155.0,9,215.0,5.0,8.431001113520518,9,215.0,0.37224951660429545,9,215.0,-0.7799999999999998
36160.0,13,211.0,4.906976744186046,7.040581028928269,12,210.0,0.2409355581059726,12,210.0,0.04999999999999982
36165.0,12,270.0,6.75,7.406904901388748,12,215.0,0.27152571054334745,12,215.0,-0.04999999999999982
36170.0,14,333.0,8.325,6.316527068090872,14,333.0,0.21315039798850233,14,333.0,-1.1800000000000002
36175.0,12,328.0,8.41025641025641,6.763998674489567,12,328.0,0.2689370804919215,12,328.0,0.050000000000000266
36180.0,11,377.0,10.18918918918919,6.685269811496321,11,349.0,0.26978162720429155,11,349.0,-0.2100000000000004
36185.0,13,440.0,11.282051282051283,6.523877486392826,13,440.0,0.28587265225265873,13,440.0,-0.9100000000000001
36190.0,10,422.0,10.820512820512821,6.917511441105118,10,422.0,0.3057202080840292,10,422.0,0.1800000000000006
36195.0,10,463.0,11.871794871794872,6.642480172926349,10,435.0,0.2920287203241766,10,435.0,-0.1299999999999999
36200.0,11,517.0,13.605263157894736,7.522088346565874,11,517.0,0.35034816689445664,11,517.0,-0.8200000000000003
36205.0,14,565.0,13.78048780487805,6.995832537680771,14,565.0,0.2888809660017258,14,565.0,-0.4800000000000004
36210.0,12,621.0,16.342105263157894,7.327845369141194,12,617.0,0.3073086173099291,12,617.0,-0.5199999999999996
36215.0,12,681.0,17.92105263157895,7.858522592615021,12,681.0,0.3336127832888455,12,681.0,-0.6399999999999997
36220.0,11,471.0,12.076923076923077,6.551120067677836,11,471.0,0.22531756415871437,11,471.0,2.0999999999999996
36225.0,10,144.0,3.789473684210526,7.176331564444195,10,56.0,0.27859288243036956,10,56.0,4.15
36230.0,7,50.0,1.25,6.18796246669232,7,47.0,0.23170909503079512,7,47.0,0.09000000000000008
36235.0,6,28.0,0.717948717948718,7.10181998327773,6,26.0,0.291622777712121,6,26.0,0.20999999999999996
36240.0,9,58.0,1.6111111111111112,6.905602949861587,9,37.0,0.29788694998144194,9,37.0,-0.10999999999999999
36245.0,14,118.0,3.0256410256410255,6.4027850853691755,14,118.0,0.25204392239492673,14,118.0,-0.8099999999999999
36250.0,12,144.0,3.891891891891892,6.787347587662478,12,144.0,0.2879504465473974,12,144.0,-0.26
36255.0,10,124.0,3.263157894736842,6.146568200762073,10,112.0,0.26441197733399735,10,112.0,0.31999999999999984
36260.0,6,112.0,3.111111111111111,7.926271251022879,6,112.0,0.39167306787938777,6,112.0,0.0
36265.0,9,81.0,2.1315789473684212,6.880394810594643,9,81.0,0.3071816376773395,9,81.0,0.31000000000000005
36270.0,12,130.0,3.4210526315789473,7.224356380889819,12,100.0,0.3143591178185182,12,100.0,-0.18999999999999995
36275.0,12,190.0,5.277777777777778,7.63354450150893,12,190.0,0.3623525140048118,12,190.0,-0.8999999999999999
36280.0,11,181.0,4.641025641025641,6.552708713078159,11,181.0,0.25933978017226605,11,181.0,0.08999999999999986
36285.0,11,236.0,6.378378378378378,7.336002697158008,11,207.0,0.32057259355356216,11,207.0,-0.2599999999999998
36290.0,12,294.0,7.35,6.914201141507641,12,294.0,0.2790340841311677,12,294.0,-0.8700000000000001
36295.0,10,262.0,6.55,7.341125248854491,10,262.0,0.3056735219602054,10,262.0,0.31999999999999984
36300.0,6,148.0,3.7,8.115326914792451,6,120.0,0.3561357893271569,6,120.0,1.4200000000000002
36305.0,5,128.0,3.2,7.958481232632444,5,128.0,0.3585325313583507,5,128.0,-0.08000000000000007
36310.0,6,134.0,3.526315789473684,8.181383060824356,6,134.0,0.38167446618476797,6,134.0,-0.06000000000000005
36315.0,11,178.0,4.564102564102564,7.153898204687394,11,164.0,0.29049531353466745,11,164.0,-0.2999999999999998
36320.0,11,233.0,6.131578947368421,7.970419883692901,11,233.0,0.36470867266922846,11,233.0,-0.6900000000000002
36325.0,13,288.0,7.2,7.0586463890159905,13,288.0,0.2811915131539396,13,288.0,-0.5499999999999998
36330.0,10,287.0,7.552631578947368,7.2901155503358055,10,287.0,0.31071505155716844,10,287.0,0.009999999999999787
36335.0,5,234.0,6.324324324324325,7.9549755717056625,5,216.0,0.3639728103430496,5,216.0,0.71
36340.0,7,264.0,6.947368421052632,7.74213239272197,7,264.0,0.3643693951651186,7,264.0,-0.48
36345.0,8,213.0,5.756756756756757,7.75561283525822,7,212.0,0.35693992076488845,7,212.0,0.52
36350.0,10,244.0,6.256410256410256,6.518246361200693,10,207.0,0.21575355486237854,10,207.0,0.050000000000000266
36355.0,10,292.0,8.342857142857143,7.245676165850318,10,292.0,0.30494371409492055,10,292.0,-0.8500000000000001
36360.0,9,298.0,8.514285714285714,6.934451820582105,9,298.0,0.294537301984915,9,298.0,-0.06000000000000005
36365.0,8,311.0,8.405405405405405,7.047173521342151,8,298.0,0.3063543753689627,8,298.0,0.0
36370.0,9,356.0,9.88888888888889,8.006658022154138,9,356.0,0.381096482828688,9,356.0,-0.5800000000000001
36375.0,9,119.0,3.1315789473684212,6.577936307815908,9,119.0,0.2647714288413073,9,119.0,2.37
36380.0,10,169.0,4.828571428571428,7.69937368283131,10,19.0,0.3607962779773312,10,19.0,1.0
36385.0,13,219.0,5.7631578947368425,7.276138240372609,13,219.0,0.32574158405791387,13,219.0,-2.0
36390.0,10,168.0,4.421052631578948,7.464124061452431,10,168.0,0.31650577468367586,10,168.0,0.51
36395.0,8,187.0,5.054054054054054,8.016559991934946,8,149.0,0.3806364415158942,8,149.0,0.18999999999999995
36400.0,9,231.0,6.243243243243243,7.093899613183103,9,231.0,0.31613132344001804,9,231.0,-0.8200000000000001
36405.0,11,284.0,7.675675675675675,7.517658125898114,11,284.0,0.34214839397381697,11,284.0,-0.5299999999999998
36410.0,12,340.0,9.18918918918919,6.1816706502017125,12,340.0,0.24797032670168961,12,340.0,-0.56
36415.0,14,409.0,11.36111111111111,6.460227473639582,14,409.0,0.26932383116366404,14,409.0,-0.69
36420.0,11,353.0,10.085714285714285,6.382465042249483,11,353.0,0.26866826951209216,11,353.0,0.56
36425.0,11,375.0,10.416666666666666,5.883547013511537,11,332.0,0.2637223541456767,11,332.0,0.20999999999999996
36430.0,11,430.0,12.285714285714286,6.925312810567017,11,430.0,0.3486142067615317,11,430.0,-0.98
36435.0,12,421.0,11.694444444444445,5.540921193853365,12,421.0,0.24269560290656686,12,421.0,0.08999999999999986
36440.0,11,475.0,13.194444444444445,7.010811852590907,11,447.0,0.32702327454856855,11,447.0,-0.2599999999999998
36445.0,15,532.0,13.64102564102564,6.362825538142299,15,532.0,0.2814313403776778,15,532.0,-0.8500000000000005
36450.0,10,325.0,8.333333333333334,6.986440784616034,10,325.0,0.31491617946740974,10,325.0,2.0700000000000003
36455.0,5,88.0,2.2564102564102564,7.961531412616159,5,-1.0,0.3801672514919017,5,-1.0,3.26
36460.0,5,72.0,1.7142857142857142,7.646823055722802,5,72.0,0.34296457108579115,5,72.0,-0.73
36465.0,6,102.0,2.55,8.511240008300286,6,102.0,0.4263356026219113,6,102.0,-0.30000000000000004
36470.0,7,40.0,1.0,7.549574975118029,7,40.0,0.30590551969375074,7,40.0,0.62
36475.0,7,60.0,1.5789473684210527,7.917817792215314,7,27.0,0.3538650919283125,7,27.0,0.13
36480.0,7,95.0,2.5675675675675675,8.339993456831438,7,95.0,0.38597286830853844,7,95.0,-0.6799999999999999
36485.0,7,88.0,2.2,7.63027791913274,7,88.0,0.29913260204819714,7,88.0,0.06999999999999995
36490.0,5,95.0,2.5,8.587758889748779,5,82.0,0.3906327847972543,5,82.0,0.06000000000000005
36495.0,7,122.0,3.210526315789474,7.913308458944335,7,122.0,0.3439009960432058,7,122.0,-0.4
36500.0,6,76.0,2.054054054054054,8.328638768134589,6,76.0,0.3856874572062143,6,76.0,0.45999999999999996
36505.0,7,95.0,2.5675675675675675,8.028983286053943,7,60.0,0.3885026390872913,7,60.0,0.16000000000000003
36510.0,7,125.0,3.4722222222222223,8.346875375844416,7,125.0,0.4269365252488913,7,125.0,-0.65
36515.0,7,160.0,4.571428571428571,8.807424449153888,7,160.0,0.44768009962495164,7,160.0,-0.3500000000000001
36520.0,6,122.0,3.210526315789474,7.478825214213981,6,122.0,0.32153705440460584,6,122.0,0.3800000000000001
36525.0,6,149.0,4.027027027027027,8.625973327982924,6,117.0,0.4259444078570508,6,117.0,0.050000000000000044
36530.0,6,179.0,4.837837837837838,8.099379608784915,6,179.0,0.377708809888884,6,179.0,-0.6200000000000001
36535.0,6,127.0,3.6285714285714286,8.20923394907492,6,127.0,0.38435919433713067,6,127.0,0.52
36540.0,6,157.0,4.90625,8.917022497529537,6,86.0,0.42870738596165564,6,86.0,0.41000000000000003
36545.0,8,192.0,5.485714285714286,7.728969784780018,8,192.0,0.3254420280334981,8,192.0,-1.06
36550.0,6,90.0,2.727272727272727,8.521921540070196,6,90.0,0.39227978946832465,6,90.0,1.02
36555.0,5,47.0,1.3055555555555556,7.836564662103947,5,-2.0,0.32948219226748365,5,-2.0,0.92
36560.0,5,72.0,2.1176470588235294,9.198912359167856,5,72.0,0.4591674063280847,5,72.0,-0.74
36565.0,9,102.0,3.090909090909091,8.09475685478327,9,102.0,0.34558433651807613,9,102.0,-0.30000000000000004
36570.0,10,149.0,4.65625,8.06783296827871,10,149.0,0.3232418087778637,10,149.0,-0.47
36575.0,10,199.0,6.419354838709677,7.9089033258568575,10,199.0,0.3144491130631537,10,199.0,-0.5
36580.0,10,147.0,4.741935483870968,6.358460440024915,10,147.0,0.24896050697365332,10,147.0,0.52
36585.0,8,170.0,5.666666666666667,7.144382602461461,8,126.0,0.3355070353342141,8,126.0,0.20999999999999996
36590.0,10,212.0,6.625,5.454154365702481,10,212.0,0.2479531918747443,10,212.0,-0.8600000000000001
36595.0,10,180.0,5.625,6.6359149358039495,10,180.0,0.2846070446319232,10,180.0,0.32000000000000006
36600.0,8,196.0,6.32258064516129,7.229738273800384,8,168.0,0.33398575971588357,8,168.0,0.1200000000000001
36605.0,10,244.0,7.176470588235294,7.164559443461332,10,244.0,0.3356789525758968,10,244.0,-0.76
36610.0,8,239.0,7.029411764705882,7.430985082712751,8,239.0,0.333247227941971,8,239.0,0.04999999999999982
36615.0,9,270.0,7.714285714285714,7.12660396803624,9,255.0,0.31163314936589587,9,255.0,-0.1599999999999997
36620.0,9,315.0,9.545454545454545,8.19396058466092,9,315.0,0.39157094153438793,9,315.0,-0.6000000000000001
36625.0,10,151.0,4.194444444444445,7.105958514815577,10,151.0,0.30142411999390933,10,151.0,1.64
36630.0,4,47.0,1.3055555555555556,8.258710539916862,4,-28.0,0.3699469900141628,4,-28.0,1.79
36635.0,4,67.0,1.9142857142857144,9.0434555292114,4,67.0,0.4571767990180268,4,67.0,-0.9500000000000001
36640.0,8,90.0,2.5,6.976678477634709,8,90.0,0.2736298230047603,8,90.0,-0.22999999999999998
36645.0,10,140.0,4.0,7.733777270818242,10,132.0,0.3383260717135521,10,132.0,-0.42000000000000004
36650.0,12,193.0,5.216216216216216,6.893015634845293,12,193.0,0.28394665958538906,12,193.0,-0.6099999999999999
36655.0,10,135.0,3.6486486486486487,7.311977713653324,10,135.0,0.28856372623386967,10,135.0,0.5799999999999998
36660.0,8,152.0,4.3428571428571425,7.629111994135569,8,110.0,0.3251713024091784,8,110.0,0.25
36665.0,10,199.0,5.378378378378378,7.213670669896262,10,199.0,0.32012820428059124,10,199.0,-0.8899999999999999
36670.0,10,249.0,7.114285714285714,7.3996702341061695,10,249.0,0.3399203280443255,10,249.0,-0.5000000000000002
36675.0,9,186.0,5.314285714285714,6.126761872837935,9,186.0,0.2534205078785362,9,186.0,0.6300000000000001
36680.0,5,95.0,2.7142857142857144,7.811267850189274,5,60.0,0.3819840169819651,5,60.0,1.2600000000000002
36685.0,8,120.0,3.1578947368421053,8.02391754422484,8,120.0,0.38791635949477904,8,120.0,-0.6
36690.0,7,152.0,4.222222222222222,8.342047347796788,7,152.0,0.40776704956060184,7,152.0,-0.32000000000000006
36695.0,5,95.0,2.7941176470588234,9.068270490528917,5,95.0,0.45644742777575226,5,95.0,0.5700000000000001
36700.0,7,112.0,3.2,7.537863825696601,7,76.0,0.3136930881271973,7,76.0,0.18999999999999995
36705.0,7,147.0,4.2,8.730095278688761,7,147.0,0.42024027703732164,7,147.0,-0.71
36710.0,5,101.0,2.6578947368421053,7.471083909688339,5,101.0,0.2983922301886662,5,101.0,0.45999999999999996
36715.0,8,141.0,3.710526315789474,8.54666262835769,8,76.0,0.35967040539798856,8,76.0,0.25
36720.0,8,181.0,5.171428571428572,8.357025628845607,8,181.0,0.34610554758483236,8,181.0,-1.05
36725.0,8,115.0,3.1944444444444446,7.481818853488532,8,115.0,0.2772191124625315,8,115.0,0.6600000000000001
36730.0,6,127.0,3.6285714285714286,8.553056247610336,6,82.0,0.3913584518983047,6,82.0,0.32999999999999996
36735.0,8,160.0,4.324324324324325,7.794827697809805,8,160.0,0.34180483736472866,8,160.0,-0.7800000000000001
36740.0,6,83.0,2.3714285714285714,8.393072915867663,6,83.0,0.4140240137305334,6,83.0,0.7700000000000001
36745.0,7,77.0,2.138888888888889,7.759111295592886,7,34.0,0.353108076524335,7,34.0,0.48999999999999994
36750.0,6,106.0,3.1176470588235294,8.670798360735356,6,106.0,0.4317227728722058,6,106.0,-0.72
36755.0,4,40.0,1.2903225806451613,9.049031893523738,4,40.0,0.4723546917195184,4,40.0,0.66
36760.0,5,49.0,1.4411764705882353,8.181253090353154,5,9.0,0.36942467854586747,5,9.0,0.31000000000000005
36765.0,6,79.0,2.46875,9.144784865348093,6,79.0,0.4234473157039584,6,79.0,-0.7000000000000001
36770.0,5,99.0,2.911764705882353,7.494965147182762,5,99.0,0.29066849239063264,5,99.0,-0.19999999999999996
36775.0,8,139.0,4.212121212121212,8.621350337981,8,134.0,0.36311386904528986,8,134.0,-0.3500000000000001
36780.0,8,179.0,5.59375,7.933242434061354,8,179.0,0.3108934519023265,8,179.0,-0.44999999999999996
36785.0,8,117.0,3.4411764705882355,7.259019318545748,8,117.0,0.28422912321248645,8,117.0,0.6200000000000001
36790.0,6,127.0,3.8484848484848486,8.430696095864485,6,84.0,0.3960765561950625,6,84.0,0.32999999999999996
36795.0,8,161.0,4.6,7.738976988848508,8,161.0,0.3521433527670677,8,161.0,-0.7700000000000001
36800.0,6,84.0,2.4,8.426013569836366,6,84.0,0.3985420066766227,6,84.0,0.7700000000000001
36805.0,7,78.0,2.2285714285714286,7.922173951877624,7,35.0,0.35868684499865544,7,35.0,0.49
36810.0,6,106.0,3.4193548387096775,8.71575306722904,6,106.0,0.43647697313170053,6,106.0,-0.7100000000000001
36815.0,4,39.0,1.3448275862068966,8.84594138526969,4,39.0,0.4573896243608096,4,39.0,0.67
36820.0,6,50.0,1.5625,7.592362809860372,6,10.0,0.3398371450953607,6,10.0,0.29000000000000004
36825.0,6,80.0,2.5,8.88128996002703,6,80.0,0.45199746319101664,6,80.0,-0.7000000000000001
36830.0,6,110.0,3.235294117647059,7.845859010364436,6,110.0,0.32634855786906575,6,110.0,-0.30000000000000004
36835.0,5,66.0,2.0,8.62095866889439,5,66.0,0.39236559660299963,5,66.0,0.44000000000000006
36840.0,4,81.0,2.4545454545454546,9.181728124920474,4,48.0,0.45648407243208444,4,48.0,0.18000000000000005
36845.0,6,106.0,3.1176470588235294,8.607240350484334,6,106.0,0.40978559813612836,6,106.0,-0.5800000000000001
36850.0,3,47.0,1.46875,9.12500016942664,3,47.0,0.4759440564817948,3,47.0,0.5900000000000001
36855.0,3,50.0,1.4285714285714286,8.375157762360182,3,17.0,0.3951697443191894,3,17.0,0.29999999999999993
36860.0,4,69.0,2.090909090909091,9.558872331734952,4,69.0,0.5084499207772161,4,69.0,-0.5199999999999999
36865.0,6,42.0,1.2727272727272727,8.554204679897149,6,42.0,0.4280607434222942,6,42.0,0.26999999999999996
36870.0,6,66.0,2.129032258064516,8.779414731518777,6,24.0,0.4077658432295883,6,24.0,0.18
36875.0,6,96.0,3.2,9.618021365018981,6,96.0,0.48097785294637097,6,96.0,-0.72
36880.0,5,113.0,3.6451612903225805,8.11625412942676,5,113.0,0.35888139053976587,5,113.0,-0.16999999999999993
36885.0,8,150.0,4.838709677419355,8.457754423826751,8,142.0,0.3787940355548012,8,142.0,-0.29000000000000004
36890.0,9,191.0,5.787878787878788,7.0672224062353735,9,191.0,0.29698094548434617,9,191.0,-0.49
36895.0,7,118.0,3.5757575757575757,7.888427671136328,7,118.0,0.3489621106928287,7,118.0,0.73
36900.0,5,125.0,4.166666666666667,8.324383268307995,5,78.0,0.38179146065115305,5,78.0,0.3999999999999999
36905.0,7,156.0,5.032258064516129,7.79138130301108,7,156.0,0.36526056164635845,7,156.0,-0.78
36910.0,5,69.0,2.3,8.414640321968777,5,69.0,0.41784312207171914,5,69.0,0.8700000000000001
36915.0,5,57.0,1.9,7.383577338968971,5,8.0,0.3477565620881865,5,8.0,0.61
36920.0,5,82.0,2.8275862068965516,9.054569130243154,5,82.0,0.48089894566880587,5,82.0,-0.74
36925.0,7,81.0,2.53125,8.315083367159929,7,81.0,0.4126134349689374,7,81.0,0.009999999999999898
36930.0,6,109.0,3.40625,8.731870326236347,6,96.0,0.4282772022713861,6,96.0,-0.1499999999999999
36935.0,6,139.0,4.483870967741935,9.211863662814812,6,139.0,0.4663101820692888,6,139.0,-0.42999999999999994
36940.0,9,175.0,5.147058823529412,7.690059395192052,9,175.0,0.3205053709006866,9,175.0,-0.3600000000000001
36945.0,6,127.0,3.96875,8.379772923860854,6,127.0,0.3933818167412305,6,127.0,0.48
36950.0,7,145.0,4.264705882352941,7.919410372141106,7,108.0,0.35268662795930317,7,108.0,0.18999999999999995
36955.0,7,178.0,5.5625,8.427331857719935,7,178.0,0.39334162463630107,7,178.0,-0.7
36960.0,5,121.0,4.033333333333333,8.14033307654639,4,120.0,0.40329773964893356,4,120.0,0.5800000000000001
36965.0,6,130.0,3.823529411764706,7.630829404680797,6,97.0,0.30355221463635873,6,97.0,0.22999999999999998
36970.0,5,153.0,4.636363636363637,8.8559605217703,5,153.0,0.42231719146336005,5,153.0,-0.56
36975.0,6,151.0,4.4411764705882355,7.54286396990449,6,151.0,0.32922938655215156,6,151.0,0.020000000000000018
36980.0,7,186.0,5.8125,8.56238421078775,7,168.0,0.41559450860287656,7,168.0,-0.16999999999999993
36985.0,10,221.0,6.696969696969697,7.930631772872072,10,221.0,0.37525616177205784,10,221.0,-0.53
36990.0,6,210.0,6.363636363636363,8.066647311626625,6,210.0,0.37399084405836974,6,210.0,0.10999999999999988
36995.0,5,231.0,7.451612903225806,8.870791138369121,5,217.0,0.4388319190519964,5,217.0,-0.06999999999999984
37000.0,6,259.0,7.848484848484849,7.989596008000987,6,259.0,0.35299560312794986,6,259.0,-0.41999999999999993
37005.0,5,208.0,6.933333333333334,8.407909463195567,5,208.0,0.41382808524506054,5,208.0,0.5099999999999998
37010.0,4,223.0,6.757575757575758,8.136450012399148,4,186.0,0.3788337445803508,4,186.0,0.21999999999999997
37015.0,6,249.0,7.78125,8.795163672358184,6,249.0,0.4258848888098207,6,249.0,-0.6300000000000001
37020.0,6,279.0,9.0,9.308501294173828,6,279.0,0.44635421342142734,6,279.0,-0.2999999999999998
37025.0,5,54.0,1.6363636363636365,8.274619547431858,5,54.0,0.3563199191112393,5,54.0,2.25
37030.0,5,79.0,2.393939393939394,9.29573727950047,5,-61.0,0.43819671769663243,5,-61.0,1.15
37035.0,7,108.0,3.085714285714286,8.18113279187933,7,108.0,0.340098655243909,7,108.0,-1.69
37040.0,8,148.0,4.625,8.746230170962253,8,148.0,0.3781580343169734,8,148.0,-0.3999999999999999
37045.0,7,90.0,2.727272727272727,7.996047487360177,7,90.0,0.3315693626121396,7,90.0,0.58
37050.0,6,106.0,3.533333333333333,8.531209551006517,6,67.0,0.415739381408399,6,67.0,0.22999999999999998
37055.0,6,136.0,4.533333333333333,8.594811790337426,6,136.0,0.44599339396728727,6,136.0,-0.6900000000000001
37060.0,7,62.0,1.9375,6.765223925978738,7,62.0,0.30407080420538957,7,62.0,0.7400000000000001
37065.0,5,68.0,2.193548387096774,8.224118455627163,5,23.0,0.4165413653623817,5,23.0,0.39
37070.0,5,93.0,2.8181818181818183,7.598349335418577,5,93.0,0.36387716233967193,5,93.0,-0.7000000000000001
37075.0,7,113.0,3.6451612903225805,7.900948141991632,7,113.0,0.3755917877709653,7,113.0,-0.19999999999999984
37080.0,7,148.0,4.933333333333334,8.628025650578001,7,137.0,0.4056553304857386,7,137.0,-0.2400000000000002
37085.0,9,188.0,5.529411764705882,7.54470634093279,9,188.0,0.3133025590043515,9,188.0,-0.5099999999999998
37090.0,8,212.0,6.838709677419355,7.940686356630811,8,212.0,0.369547442410775,8,212.0,-0.2400000000000002
37095.0,10,255.0,7.5,6.894259105439365,10,243.0,0.29706976241107425,10,243.0,-0.31000000000000005
37100.0,10,305.0,8.970588235294118,7.923785758791335,10,305.0,0.3800979241098686,10,305.0,-0.6199999999999997
37105.0,13,356.0,9.88888888888889,7.077284264296283,13,356.0,0.29320735118497415,13,356.0,-0.5100000000000002
37110.0,13,418.0,12.294117647058824,7.10856916091003,13,418.0,0.2961070509276896,13,418.0,-0.6199999999999997
37115.0,13,483.0,15.580645161290322,7.091410030090095,13,483.0,0.3241952435297532,13,483.0,-0.6500000000000004
37120.0,15,541.0,15.911764705882353,5.445222445807147,15,541.0,0.21673560559450344,15,541.0,-0.5800000000000001
37125.0,15,616.0,19.870967741935484,5.997141115146948,15,608.0,0.2826760468603946,15,608.0,-0.6699999999999999
37130.0,17,694.0,21.03030303030303,4.799936987245857,17,694.0,0.23318121732769556,17,694.0,-0.8600000000000003
37135.0,14,590.0,18.4375,5.503987250067716,14,590.0,0.2612292866068774,14,590.0,1.04
37140.0,10,545.0,17.03125,6.367637089327484,10,473.0,0.2863965342905097,10,473.0,1.17
37145.0,12,601.0,16.694444444444443,6.407574917780076,12,601.0,0.2908203245606123,12,601.0,-1.2799999999999994
37150.0,12,357.0,10.5,6.254266732924095,12,357.0,0.276959755537571,12,357.0,2.44
37155.0,11,117.0,3.25,5.677339658821429,11,7.0,0.22417724903668876,11,7.0,3.5
37160.0,8,107.0,2.9722222222222223,7.01681168565606,8,107.0,0.30987801414221244,8,107.0,-1.0
37165.0,12,119.0,3.051282051282051,6.202693600731515,12,119.0,0.24984527662041361,12,119.0,-0.11999999999999988
37170.0,15,184.0,4.717948717948718,6.494161018029746,15,168.0,0.26073351149823404,15,168.0,-0.49
37175.0,15,259.0,6.815789473684211,6.393385737314469,15,259.0,0.25845195306236135,15,259.0,-0.9099999999999999
37180.0,17,283.0,7.075,5.444963023898994,17,283.0,0.19938998356290577,17,283.0,-0.2400000000000002
37185.0,17,368.0,9.435897435897436,5.876533586575341,17,312.0,0.22857924110492592,17,312.0,-0.29000000000000004
37190.0,19,457.0,11.146341463414634,5.256078264468326,19,457.0,0.17982932708360835,19,457.0,-1.4500000000000002
37195.0,17,457.0,11.146341463414634,5.806875441363039,17,457.0,0.21801552982601824,17,457.0,0.0
37200.0,13,374.0,9.842105263157896,5.572433798018164,13,345.0,0.22236179053272537,13,345.0,1.12
37205.0,11,356.0,8.682926829268293,6.2889506801536585,11,356.0,0.2909762466068144,11,356.0,-0.10999999999999988
37210.0,11,411.0,10.024390243902438,7.101385451940233,11,411.0,0.33625775962904264,11,411.0,-0.5500000000000003
37215.0,13,274.0,6.372093023255814,6.001281678772327,13,274.0,0.2575222608433728,13,274.0,1.37
37220.0,10,131.0,3.1951219512195124,6.88667277405835,10,68.0,0.3128829198619911,10,68.0,2.06
37225.0,12,171.0,4.071428571428571,6.849625234098913,12,171.0,0.31278039329671053,12,171.0,-1.0299999999999998
37230.0,11,113.0,2.7560975609756095,6.704036720829503,11,113.0,0.2955013620145835,11,113.0,0.5800000000000001
37235.0,11,146.0,3.5609756097560976,7.25916600707062,11,100.0,0.31926074987151937,11,100.0,0.1299999999999999
37240.0,13,208.0,4.7272727272727275,6.964270388859938,13,208.0,0.28648809472975695,13,208.0,-1.08
37245.0,14,276.0,6.571428571428571,6.905155751284575,14,276.0,0.275487700120564,14,276.0,-0.6799999999999997
37250.0,14,285.0,6.4772727272727275,5.888623657311916,14,285.0,0.18284452014603728,14,285.0,-0.0900000000000003
37255.0,10,279.0,6.488372093023256,7.158532508896543,10,261.0,0.2901006551415396,10,261.0,0.2400000000000002
37260.0,11,330.0,7.857142857142857,7.85684898273943,11,330.0,0.346013540445184,11,330.0,-0.69
37265.0,12,237.0,5.266666666666667,6.91019986543556,11,236.0,0.25252688072137774,11,236.0,0.94
37270.0,9,87.0,2.0232558139534884,7.242149773750438,9,39.0,0.25445769473783475,9,39.0,1.9699999999999998
37275.0,9,108.0,2.5714285714285716,7.155979895855048,9,108.0,0.26177848310138874,9,108.0,-0.6900000000000001
37280.0,8,146.0,3.65,7.889214595344486,8,146.0,0.34073119496534254,8,146.0,-0.3799999999999999
37285.0,10,186.0,4.536585365853658,7.049487181752301,10,186.0,0.27498169782292375,10,186.0,-0.40000000000000013
37290.0,10,163.0,3.975609756097561,7.35505395726128,10,163.0,0.2978766336782423,10,163.0,0.2300000000000002
37295.0,8,182.0,4.7894736842105265,7.7891325165541545,8,159.0,0.3506419247363964,8,159.0,0.039999999999999813
37300.0,11,231.0,5.634146341463414,7.5250068424864525,11,231.0,0.31888832996006206,11,231.0,-0.72
37305.0,11,286.0,7.526315789473684,7.76181503199281,11,286.0,0.3358334101406506,11,286.0,-0.5499999999999998
37310.0,10,200.0,5.128205128205129,6.9398034355443246,10,200.0,0.2701863233099944,10,200.0,0.8599999999999999
37315.0,8,201.0,5.153846153846154,7.869289516662079,8,147.0,0.34358617927380314,8,147.0,0.53
37320.0,8,241.0,6.17948717948718,8.494809727482762,8,241.0,0.39993884694653276,8,241.0,-0.9400000000000002
37325.0,8,179.0,4.589743589743589,7.062521661865229,8,179.0,0.28081702785755086,8,179.0,0.6200000000000001
37330.0,6,161.0,4.2368421052631575,8.392477594558008,6,128.0,0.37814116539226045,6,128.0,0.51
37335.0,6,191.0,5.026315789473684,8.114533036787627,6,191.0,0.35837282976596796,6,191.0,-0.6299999999999999
37340.0,8,93.0,2.5135135135135136,8.410914670344845,8,93.0,0.37316758295788016,8,93.0,0.9799999999999999
37345.0,10,133.0,3.41025641025641,7.813145581278664,10,40.0,0.3047637659084269,10,40.0,0.53
37350.0,11,187.0,5.194444444444445,7.792474573216337,11,187.0,0.3273630258388081,11,187.0,-1.4700000000000002
37355.0,8,146.0,4.171428571428572,8.471647709159548,8,146.0,0.37001221756579133,8,146.0,0.41000000000000014
37360.0,9,175.0,4.861111111111111,7.292404008522602,9,135.0,0.2868658820733501,9,135.0,0.10999999999999988
37365.0,10,223.0,6.194444444444445,7.912270320954515,10,223.0,0.33514307749760164,10,223.0,-0.8799999999999999
37370.0,8,185.0,5.0,6.947121121559677,8,185.0,0.267322293881394,8,185.0,0.3799999999999999
37375.0,9,214.0,6.114285714285714,7.498777066017041,9,186.0,0.2901874182086123,9,186.0,-0.010000000000000009
37380.0,8,253.0,7.90625,7.695260816723723,8,253.0,0.3363762607133104,8,253.0,-0.6699999999999997
37385.0,11,288.0,8.228571428571428,6.435498962719971,11,288.0,0.25932476913923436,11,288.0,-0.3500000000000001
37390.0,11,343.0,10.393939393939394,6.904711646784147,11,333.0,0.2992884989950941,11,333.0,-0.4500000000000002
37395.0,13,403.0,11.194444444444445,6.499436273977929,13,403.0,0.2785682573575099,13,403.0,-0.7000000000000002
37400.0,10,251.0,6.972222222222222,7.48935821252911,10,251.0,0.3331445045458126,10,251.0,1.5200000000000005
37405.0,7,125.0,3.3783783783783785,7.762381960800223,7,52.0,0.3396550906537534,7,52.0,1.9899999999999998
37410.0,7,155.0,4.428571428571429,8.069843561472311,7,155.0,0.3803570323259473,7,155.0,-1.03
37415.0,7,190.0,5.428571428571429,8.350725751655016,7,190.0,0.38808447603706736,7,190.0,-0.34999999999999987
37420.0,9,122.0,3.2972972972972974,6.733411454058304,9,122.0,0.2554748497995054,9,122.0,0.6799999999999999
37425.0,6,106.0,2.9444444444444446,7.787045490197408,6,72.0,0.3420501524140183,6,72.0,0.5
37430.0,7,137.0,3.7027027027027026,7.250718243908228,7,137.0,0.3085974253682135,7,137.0,-0.6500000000000001
37435.0,8,177.0,4.783783783783784,8.241743105667075,8,177.0,0.35934425304015594,8,177.0,-0.3999999999999999
37440.0,6,118.0,3.5757575757575757,8.305408816323087,6,118.0,0.39298899222251993,6,118.0,0.5900000000000001
37445.0,9,154.0,4.162162162162162,7.460762569201106,9,81.0,0.3056542875553242,9,81.0,0.3699999999999999
37450.0,9,199.0,5.527777777777778,8.184829036132125,9,199.0,0.3784155481130768,9,199.0,-1.18
37455.0,8,138.0,3.5384615384615383,7.207442973291256,8,138.0,0.2775811219912172,8,138.0,0.6100000000000001
37460.0,7,158.0,4.157894736842105,8.466998041173193,7,117.0,0.40031616436820816,7,117.0,0.20999999999999996
37465.0,9,193.0,4.825,8.064170934957838,9,193.0,0.375301038887402,9,193.0,-0.76
37470.0,7,95.0,2.5,7.99797858122462,7,95.0,0.3752993672240684,7,95.0,0.98
37475.0,4,67.0,1.9142857142857144,9.190273456838517,4,19.0,0.46054194132626103,4,19.0,0.76
37480.0,6,90.0,2.5,8.089220968046009,6,90.0,0.36151415638692647,6,90.0,-0.71
37485.0,6,41.0,1.2424242424242424,8.130306512956281,6,41.0,0.377708444861616,6,41.0,0.49000000000000005
37490.0,5,59.0,1.7878787878787878,7.401560417904949,5,23.0,0.32003037322497524,5,23.0,0.17999999999999997
37495.0,7,93.0,2.90625,8.489683382206302,7,93.0,0.41331477260220384,7,93.0,-0.7000000000000001
37500.0,6,108.0,3.4838709677419355,8.53893231145418,6,108.0,0.41751160609156335,6,108.0,-0.15000000000000002
37505.0,9,147.0,4.2,7.83425847295274,9,132.0,0.320497476135064,9,132.0,-0.24
37510.0,9,192.0,5.818181818181818,8.392438203046877,9,192.0,0.3793725123678033,9,192.0,-0.5999999999999999
37515.0,7,130.0,3.823529411764706,7.158485721678319,7,130.0,0.29322419335128136,7,130.0,0.6199999999999999
37520.0,7,151.0,4.4411764705882355,8.34193409967098,7,108.0,0.3983605966245659,7,108.0,0.21999999999999997
37525.0,9,186.0,5.314285714285714,8.354955356545226,9,186.0,0.4083139342066024,9,186.0,-0.78
37530.0,7,96.0,2.742857142857143,8.011663752658109,7,96.0,0.3815240970763256,7,96.0,0.9000000000000001
37535.0,4,66.0,2.129032258064516,8.777475275463212,4,23.0,0.4495592066152839,4,23.0,0.73
37540.0,6,90.0,2.727272727272727,7.68828082215528,6,90.0,0.3656183432674653,6,90.0,-0.67
37545.0,7,107.0,3.34375,8.065964355812302,7,107.0,0.40392582304793,7,107.0,-0.17000000000000004
37550.0,8,143.0,4.333333333333333,7.132683072798552,8,132.0,0.311974530672419,8,132.0,-0.25
37555.0,9,187.0,5.84375,7.688531734023821,9,187.0,0.35537129914721716,9,187.0,-0.55
37560.0,6,188.0,6.064516129032258,8.332690238773068,6,188.0,0.3891692980240599,6,188.0,-0.009999999999999787
37565.0,7,222.0,6.3428571428571425,7.686569187365633,7,209.0,0.33609929155336954,7,209.0,-0.20999999999999996
37570.0,8,262.0,7.705882352941177,8.361079721841223,8,262.0,0.406588676907988,8,262.0,-0.5300000000000002
37575.0,7,125.0,3.4722222222222223,7.090344042945444,7,125.0,0.28896231670270905,7,125.0,1.37
37580.0,4,66.0,1.9411764705882353,8.517171926550105,4,-1.0,0.41171419155273287,4,-1.0,1.26
37585.0,6,86.0,2.5294117647058822,8.358003050736734,6,86.0,0.40762504066074084,6,86.0,-0.87
37590.0,8,70.0,2.0588235294117645,7.969217771638572,8,70.0,0.36313678238591846,8,70.0,0.16000000000000003
37595.0,8,110.0,3.4375,8.258691171038791,8,65.0,0.3692569176556427,8,65.0,0.04999999999999993
37600.0,11,157.0,4.617647058823529,6.957089477464595,11,157.0,0.2635006126109645,11,157.0,-0.92
37605.0,8,122.0,3.588235294117647,7.755514584214311,8,122.0,0.32296946335443,8,122.0,0.3500000000000001
37610.0,10,153.0,4.371428571428571,6.671033272086245,10,118.0,0.27303420189104366,10,118.0,0.040000000000000036
37615.0,9,198.0,5.823529411764706,7.709616933272648,9,198.0,0.3727766376481825,9,198.0,-0.8
37620.0,6,142.0,4.176470588235294,7.797148051875318,6,142.0,0.3677621023754624,6,142.0,0.56
37625.0,7,162.0,4.628571428571429,7.333918183292969,7,121.0,0.3304073277568672,7,121.0,0.20999999999999996
37630.0,7,197.0,5.96969696969697,8.226353519444814,7,197.0,0.4128030585730846,7,197.0,-0.76
37635.0,8,235.0,6.527777777777778,7.667867566156638,8,235.0,0.3531072312524365,8,235.0,-0.3800000000000001
37640.0,6,121.0,3.6666666666666665,8.23141852111152,6,121.0,0.38083676446652914,6,121.0,1.1400000000000001
37645.0,5,29.0,0.8285714285714286,8.487113543840014,5,-19.0,0.3914688106456157,5,-19.0,1.4
37650.0,4,45.0,1.3235294117647058,9.300839995102834,4,45.0,0.46007638811185114,4,45.0,-0.64
37655.0,7,71.0,2.1515151515151514,8.768745904937845,7,71.0,0.4013127584348158,7,71.0,-0.25999999999999995
37660.0,10,113.0,3.138888888888889,7.534119394859443,10,113.0,0.28304142223288276,10,113.0,-0.41999999999999993
37665.0,10,163.0,4.527777777777778,8.37169800818461,10,163.0,0.34992040077588354,10,163.0,-0.5
37670.0,10,180.0,5.0,6.9498230119115245,10,180.0,0.23963283116764822,10,180.0,-0.17000000000000015
37675.0,10,230.0,6.96969696969697,7.551255443637189,10,212.0,0.3299962876575619,10,212.0,-0.32000000000000006
37680.0,10,280.0,9.03225806451613,7.782421952299727,10,280.0,0.3622030686426679,10,280.0,-0.6799999999999997
37685.0,9,240.0,7.2727272727272725,6.677468874632196,9,240.0,0.27705999536561043,9,240.0,0.3999999999999999
37690.0,6,222.0,6.9375,8.294125536903625,6,194.0,0.4028025245501804,6,194.0,0.45999999999999996
37695.0,7,254.0,7.470588235294118,7.4846675055104575,7,254.0,0.33815552689724204,7,254.0,-0.6000000000000001
37700.0,7,107.0,3.242424242424242,8.046904606034357,7,107.0,0.37782877788015773,7,107.0,1.47
37705.0,6,25.0,0.78125,7.6355098755529305,6,-47.0,0.3691066398582301,6,-47.0,1.54
37710.0,5,48.0,1.5,8.787041907327461,5,48.0,0.4591246284734349,5,48.0,-0.95
37715.0,5,73.0,2.28125,9.140038215184507,5,73.0,0.48978264709100533,5,73.0,-0.25
37720.0,7,104.0,2.9714285714285715,7.576128592618806,7,104.0,0.34524143354865056,7,104.0,-0.31000000000000005
37725.0,8,144.0,4.363636363636363,7.938465640096117,8,144.0,0.37322994635348383,8,144.0,-0.3999999999999999
37730.0,9,185.0,5.285714285714286,7.084665402470219,9,185.0,0.27029897183369483,9,185.0,-0.41000000000000014
37735.0,8,150.0,4.285714285714286,7.721717898529789,8,150.0,0.31693539384272124,8,150.0,0.3500000000000001
37740.0,7,179.0,5.264705882352941,7.5074181524517405,7,144.0,0.32062501337407007,7,144.0,0.06000000000000005
37745.0,9,222.0,6.166666666666667,7.259663551619663,9,222.0,0.32729168909791945,9,222.0,-0.7800000000000002
37750.0,6,118.0,3.2777777777777777,7.988151281635826,6,118.0,0.38566558669901985,6,118.0,1.0400000000000003
37755.0,5,75.0,2.0833333333333335,7.404277077066603,5,27.0,0.33242484830734226,5,27.0,0.9099999999999999
37760.0,5,100.0,2.857142857142857,8.904116208270233,5,100.0,0.46101655008733555,5,100.0,-0.73
37765.0,7,28.0,0.7368421052631579,7.9513821215438485,7,28.0,0.3555853896378622,7,28.0,0.72
37770.0,5,38.0,1.0555555555555556,8.834334123284664,5,-2.0,0.41711757507204217,5,-2.0,0.30000000000000004
37775.0,5,63.0,1.9090909090909092,9.733407619785185,5,63.0,0.5007915363040293,5,63.0,-0.65
37780.0,8,93.0,2.735294117647059,7.905333284144573,8,93.0,0.33607155210741624,8,93.0,-0.30000000000000004
37785.0,5,69.0,2.090909090909091,8.714756720095309,5,69.0,0.40678820534121213,5,69.0,0.2400000000000001
37790.0,5,83.0,2.4411764705882355,8.39731974455313,5,65.0,0.365038026928549,5,65.0,0.039999999999999925
37795.0,6,111.0,3.46875,8.821249882601904,6,111.0,0.4270127829113589,6,111.0,-0.4600000000000001
37800.0,4,41.0,1.3225806451612903,8.519021517094242,3,40.0,0.41935782347802214,3,40.0,0.7100000000000001
37805.0,5,46.0,1.3529411764705883,7.787572807037007,5,5.0,0.3120483951902449,5,5.0,0.35000000000000003
37810.0,4,64.0,1.8823529411764706,9.214296686782811,4,64.0,0.4520796721660056,4,64.0,-0.59
37815.0,4,55.0,1.6176470588235294,7.4857223387313425,4,55.0,0.3223810192896812,4,55.0,0.08999999999999997
37820.0,6,85.0,2.5757575757575757,8.888829060959504,6,67.0,0.4315215470224274,6,67.0,-0.12
37825.0,8,115.0,3.3823529411764706,8.90679760885489,8,115.0,0.41202351244035207,8,115.0,-0.47999999999999987
37830.0,8,152.0,4.75,8.418125151746148,8,152.0,0.3629846359162534,8,152.0,-0.3700000000000001
37835.0,5,125.0,4.166666666666667,8.691801065902702,5,125.0,0.4100267896746801,5,125.0,0.27
37840.0,7,143.0,4.46875,7.437428838709328,7,124.0,0.3135831928462618,7,124.0,0.010000000000000009
37845.0,7,178.0,5.5625,8.782842392343149,7,178.0,0.42257022950491835,7,178.0,-0.54
37850.0,4,107.0,3.34375,6.996171544874685,4,107.0,0.2907611026680607,4,107.0,0.71
37855.0,5,119.0,3.838709677419355,8.519792215902706,5,77.0,0.3987293473872522,5,77.0,0.30000000000000004
37860.0,5,144.0,4.8,9.328041112126272,5,144.0,0.47341650309625344,5,144.0,-0.6699999999999999
37865.0,6,171.0,5.34375,8.16317725506678,6,171.0,0.3636414490775501,6,171.0,-0.27
37870.0,5,181.0,5.65625,9.041298845569953,5,181.0,0.4246360402075588,5,181.0,-0.10000000000000009
37875.0,6,207.0,6.2727272727272725,8.094688367849368,6,192.0,0.3346262559943846,6,192.0,-0.10999999999999988
37880.0,7,242.0,7.806451612903226,8.942786569289245,7,242.0,0.4225134952043398,7,242.0,-0.5
37885.0,8,175.0,5.303030303030303,7.712976584497898,8,175.0,0.33872960475832337,8,175.0,0.6699999999999999
37890.0,5,186.0,5.8125,8.754934045431956,5,145.0,0.4223691220846232,5,145.0,0.30000000000000004
37895.0,5,211.0,6.59375,9.534287079590468,5,211.0,0.503001231013523,5,211.0,-0.6599999999999999
37900.0,8,240.0,7.0588235294117645,7.689058221515203,8,240.0,0.33356248283262263,8,240.0,-0.29000000000000004
37905.0,5,224.0,7.0,8.658435973480183,5,224.0,0.4148026040590029,5,224.0,0.1599999999999997
37910.0,5,249.0,7.545454545454546,7.61998812657126,5,224.0,0.32426167839415615,5,224.0,0.0
37915.0,7,284.0,9.161290322580646,8.554365204273989,7,284.0,0.4186645715247799,7,284.0,-0.5999999999999996
37920.0,4,254.0,9.071428571428571,8.675143486313203,4,254.0,0.4464725181179382,4,254.0,0.2999999999999998
37925.0,5,275.0,8.59375,7.680549257115399,5,246.0,0.3235116499583719,5,246.0,0.08000000000000007
37930.0,6,305.0,9.53125,9.113861407612053,6,305.0,0.4335821344977755,6,305.0,-0.5899999999999999
37935.0,5,300.0,9.090909090909092,7.377430955564724,5,300.0,0.3146193499927578,5,300.0,0.04999999999999982
37940.0,6,330.0,10.0,8.796111966380913,6,310.0,0.43227776491114717,6,310.0,-0.10000000000000009
37945.0,8,360.0,10.909090909090908,8.74831361739857,8,360.0,0.42191108131125415,8,360.0,-0.5
37950.0,8,397.0,12.806451612903226,8.514325353511035,8,397.0,0.3910192709274451,8,397.0,-0.3700000000000001
37955.0,5,88.0,2.933333333333333,9.049762409024565,5,88.0,0.42740872940765234,5,88.0,3.0900000000000003
37960.0,8,119.0,3.606060606060606,7.529777808705982,8,-52.0,0.3113426291205311,8,-52.0,1.4
37965.0,8,159.0,5.3,8.300990095731676,8,159.0,0.40283710112703625,8,159.0,-2.1100000000000003
37970.0,6,94.0,2.8484848484848486,7.4243765023435175,6,94.0,0.33092388749346213,6,94.0,0.6500000000000001
37975.0,6,107.0,3.34375,8.386517293440665,6,67.0,0.39526214283138167,6,67.0,0.2699999999999999
37980.0,6,137.0,4.419354838709677,8.768114597316378,6,137.0,0.43433265517449693,6,137.0,-0.7000000000000001
37985.0,7,62.0,2.0,7.001019429194558,7,62.0,0.31879380022018483,7,62.0,0.7500000000000001
37990.0,4,64.0,2.064516129032258,8.387254518711977,4,19.0,0.4221388828784065,4,19.0,0.43
37995.0,5,85.0,2.5,8.09642478620867,5,85.0,0.3946430748844842,5,85.0,-0.6599999999999999
38000.0,5,32.0,1.032258064516129,8.12430580048824,5,32.0,0.40348749458547745,5,32.0,0.53
38005.0,7,46.0,1.3529411764705883,7.80615897842629,7,9.0,0.3682751670432361,7,9.0,0.23
38010.0,6,74.0,2.242424242424242,8.601344270508962,6,74.0,0.4396150780687147,6,74.0,-0.65
38015.0,6,104.0,3.25,9.040380035302448,6,104.0,0.44627755479251574,6,104.0,-0.30000000000000004
38020.0,8,139.0,4.212121212121212,8.162174335274598,8,139.0,0.3606250941530607,8,139.0,-0.34999999999999987
38025.0,9,180.0,5.454545454545454,8.236793367668305,9,180.0,0.3506593405341239,9,180.0,-0.41000000000000014
38030.0,11,228.0,6.333333333333333,6.810259561697019,11,228.0,0.22620613407555515,11,228.0,-0.47999999999999976
38035.0,9,180.0,5.454545454545454,7.361648384617275,9,180.0,0.2926217296040331,9,180.0,0.47999999999999976
38040.0,7,191.0,6.161290322580645,7.36386814185544,7,157.0,0.31654998422930136,7,157.0,0.22999999999999998
38045.0,9,233.0,6.852941176470588,7.2268644727181846,9,233.0,0.32216324885203,9,233.0,-0.76
38050.0,10,281.0,8.515151515151516,7.5692194037203535,10,281.0,0.32838577352381354,10,281.0,-0.48
38055.0,12,334.0,10.121212121212121,6.069303983761542,12,334.0,0.2331184861123671,12,334.0,-0.5299999999999998
38060.0,13,399.0,12.090909090909092,7.170911739251557,13,399.0,0.2988821518192728,13,399.0,-0.6500000000000004
38065.0,13,258.0,7.588235294117647,6.163104802185093,13,258.0,0.24208127854273329,13,258.0,1.4100000000000001
38070.0,8,177.0,5.53125,7.051372720073343,8,100.0,0.3321131856281513,8,100.0,1.58
38075.0,8,217.0,7.0,7.761612114891185,8,217.0,0.3984792221972016,8,217.0,-1.17
38080.0,11,126.0,3.7058823529411766,5.711748208014534,11,126.0,0.24401803730251817,11,126.0,0.9099999999999999
38085.0,9,129.0,3.7941176470588234,7.194916647509864,9,78.0,0.3421627388204744,9,78.0,0.48
38090.0,10,175.0,4.72972972972973,6.694199531229157,10,175.0,0.29859577204882254,10,175.0,-0.97
38095.0,10,117.0,3.4411764705882355,6.652761554414872,10,117.0,0.30561966259054185,10,117.0,0.5800000000000001
38100.0,8,133.0,4.15625,7.220963248030527,8,90.0,0.33992250859901274,8,90.0,0.2699999999999999
38105.0,10,180.0,5.0,7.2486368364061695,10,180.0,0.3383918094029026,10,180.0,-0.9
38110.0,9,198.0,5.5,7.488932110049553,9,198.0,0.34994669777438153,9,198.0,-0.17999999999999994
38115.0,12,252.0,6.461538461538462,6.764235858941759,12,225.0,0.2494491663325992,12,225.0,-0.27
38120.0,13,317.0,8.342105263157896,7.586389788567079,13,317.0,0.3169785603235851,13,317.0,-0.9199999999999999
38125.0,14,242.0,5.902439024390244,6.30580958104317,14,242.0,0.2318725029669426,14,242.0,0.75
38130.0,8,164.0,4.0,7.446788149192018,8,121.0,0.3260398594856399,8,121.0,1.21
38135.0,8,204.0,5.230769230769231,8.523883748709306,8,204.0,0.4104980377214349,8,204.0,-0.8300000000000001
38140.0,11,121.0,3.1842105263157894,6.61399769830957,11,121.0,0.26264989631781566,11,121.0,0.8300000000000001
38145.0,9,122.0,3.388888888888889,7.648688489201202,9,79.0,0.33484209712209745,9,79.0,0.41999999999999993
38150.0,11,169.0,4.5675675675675675,6.637119787202973,11,169.0,0.2782939113367592,11,169.0,-0.8999999999999999
38155.0,12,213.0,6.085714285714285,6.908573804272482,12,213.0,0.30000205908884053,12,213.0,-0.43999999999999995
38160.0,12,273.0,8.272727272727273,7.048184211608452,12,262.0,0.2977938023217692,12,262.0,-0.4900000000000002
38165.0,15,342.0,9.5,6.056306573204303,15,342.0,0.23607394407267138,15,342.0,-0.7999999999999998
38170.0,12,256.0,7.111111111111111,6.866229589020807,12,256.0,0.28772789377252345,12,256.0,0.8599999999999999
38175.0,11,245.0,6.282051282051282,6.388967445152143,11,190.0,0.2721625980917953,11,190.0,0.6600000000000001
38180.0,11,300.0,7.894736842105263,7.461939770883012,11,300.0,0.36686471597239945,11,300.0,-1.1
38185.0,13,273.0,7.0,6.305661516731907,13,273.0,0.28992949425024017,13,273.0,0.27
38190.0,11,313.0,8.025641025641026,6.9993272821005705,11,285.0,0.3158202169072547,11,285.0,-0.1200000000000001
38195.0,11,368.0,10.222222222222221,7.673538965476634,11,368.0,0.37797912031159075,11,368.0,-0.8300000000000001
38200.0,12,243.0,6.230769230769231,6.034503466804694,11,242.0,0.23388855498270653,11,242.0,1.2600000000000002
38205.0,9,92.0,2.4864864864864864,6.714171651463991,9,34.0,0.2680463306593404,9,34.0,2.08
38210.0,8,115.0,3.108108108108108,6.527965797267291,8,115.0,0.25744297633750535,8,115.0,-0.8099999999999998
38215.0,10,142.0,3.8378378378378377,6.776991927159766,10,142.0,0.2824665290470091,10,142.0,-0.27
38220.0,13,204.0,5.513513513513513,6.3342687779638585,13,193.0,0.23976899203624277,13,193.0,-0.51
38225.0,15,279.0,6.804878048780488,6.472074913878136,15,279.0,0.24868145674366637,15,279.0,-0.8600000000000001
38230.0,12,215.0,5.2439024390243905,6.795100951724911,12,215.0,0.25805699687247347,12,215.0,0.6400000000000001
38235.0,11,201.0,4.568181818181818,6.699305615302802,11,158.0,0.25070456811211056,11,158.0,0.5699999999999998
38240.0,11,256.0,6.2439024390243905,7.832853416497521,11,256.0,0.34505379050157753,11,256.0,-0.98
38245.0,15,271.0,6.775,6.693218283732096,15,271.0,0.27433222173041527,15,271.0,-0.1499999999999999
38250.0,15,343.0,9.026315789473685,7.0860608614302345,15,303.0,0.27102954183689015,15,303.0,-0.31999999999999984
38255.0,15,418.0,11.297297297297296,6.770347402232337,15,418.0,0.24810343171219032,15,418.0,-1.15
38260.0,15,455.0,11.973684210526315,5.768946437334436,15,455.0,0.20111097707695805,15,455.0,-0.3700000000000001
38265.0,14,522.0,14.108108108108109,6.446216087213858,14,509.0,0.25955461963006965,14,509.0,-0.54
38270.0,15,595.0,14.875,6.199379859096025,15,595.0,0.24112381170647648,15,595.0,-0.8600000000000003
38275.0,13,486.0,12.789473684210526,6.4708383892437515,13,486.0,0.2428593160849478,13,486.0,1.0899999999999999
38280.0,9,235.0,6.351351351351352,7.036682597932369,9,176.0,0.2938253969594124,9,176.0,3.1000000000000005
38285.0,6,139.0,3.5641025641025643,7.450981920033512,6,139.0,0.3263254165000915,6,139.0,0.3700000000000001
38290.0,6,169.0,4.447368421052632,8.278860236842805,6,169.0,0.38446302007719096,6,169.0,-0.30000000000000004
38295.0,8,202.0,5.17948717948718,7.89825732324666,8,202.0,0.3633491610375731,8,202.0,-0.33000000000000007
38300.0,7,82.0,2.1025641025641026,7.405897830037413,7,82.0,0.32838152769661183,7,82.0,1.2000000000000002
38305.0,8,52.0,1.2380952380952381,7.343813246974055,8,-9.0,0.3223087023363264,8,-9.0,0.9099999999999999
38310.0,7,85.0,2.1794871794871793,8.220432986282892,7,85.0,0.4051179067289841,7,85.0,-0.94
38315.0,6,61.0,1.564102564102564,8.413386211978715,6,61.0,0.39922241861364727,6,61.0,0.24
38320.0,9,99.0,2.475,7.567987682623294,9,71.0,0.29527430889039796,9,71.0,-0.09999999999999998
38325.0,9,144.0,3.6923076923076925,8.3490394083599,9,144.0,0.3753358573893852,9,144.0,-0.73
38330.0,7,97.0,2.3095238095238093,7.543321115174476,7,97.0,0.2892169028604953,7,97.0,0.47
38335.0,6,87.0,2.175,8.483418040213694,6,60.0,0.3577935367470566,6,60.0,0.37
38340.0,6,117.0,3.0,8.820722450133264,6,117.0,0.4009901617443181,6,117.0,-0.57
38345.0,9,144.0,3.5121951219512195,7.755912015333727,8,143.0,0.30998693321483684,8,143.0,-0.26
38350.0,8,183.0,4.6923076923076925,8.527582508926777,8,175.0,0.3483358830202619,8,175.0,-0.32000000000000006
38355.0,10,226.0,5.794871794871795,7.824363955784352,10,226.0,0.29915790777653484,10,226.0,-0.5099999999999998
38360.0,7,138.0,4.0588235294117645,8.25822399105,7,138.0,0.3794992713738668,7,138.0,0.8799999999999999
38365.0,6,103.0,2.942857142857143,8.027359539846808,6,60.0,0.3532317377909382,6,60.0,0.7799999999999999
38370.0,6,131.0,3.9696969696969697,8.623370054583923,6,131.0,0.4163015854097952,6,131.0,-0.7100000000000001
38375.0,7,109.0,3.40625,8.61649565819486,7,109.0,0.4173380742344193,7,109.0,0.21999999999999997
38380.0,10,150.0,4.411764705882353,7.581022565484126,10,98.0,0.3104166405240248,10,98.0,0.1100000000000001
38385.0,10,200.0,6.0606060606060606,7.991285996827259,10,200.0,0.3346028549745038,10,200.0,-1.02
38390.0,10,123.0,3.6176470588235294,6.465361477766523,10,123.0,0.22340389043607023,10,123.0,0.77
38395.0,7,120.0,3.5294117647058822,7.979573441374941,7,77.0,0.34341956447784006,7,77.0,0.45999999999999996
38400.0,7,155.0,4.84375,8.265274290722006,7,155.0,0.3757695732937007,7,155.0,-0.78
38405.0,8,119.0,3.3055555555555554,7.275148387925725,8,119.0,0.2939081793753024,8,119.0,0.3600000000000001
38410.0,7,151.0,4.4411764705882355,8.162337147258421,7,117.0,0.35238138372180305,7,117.0,0.020000000000000018
38415.0,10,190.0,5.428571428571429,7.486312134882153,10,190.0,0.3128848753068414,10,190.0,-0.73
38420.0,9,235.0,7.121212121212121,8.055326522500467,9,235.0,0.36921943517327604,9,235.0,-0.4500000000000002
38425.0,9,129.0,3.909090909090909,6.966268637551076,9,129.0,0.2922204560530098,9,129.0,1.06
38430.0,5,79.0,2.393939393939394,8.058989138206535,5,31.0,0.37744120361266387,5,31.0,0.98
38435.0,5,104.0,3.1515151515151514,9.268875775019902,5,104.0,0.4572048299251305,5,104.0,-0.73
38440.0,7,40.0,1.1428571428571428,7.573931746693229,7,40.0,0.3201910541963373,7,40.0,0.64
38445.0,7,53.0,1.5588235294117647,8.349737313238458,7,20.0,0.3595214344021446,7,20.0,0.2
38450.0,7,83.0,2.3714285714285714,7.508047310689082,7,83.0,0.30561563970453826,7,83.0,-0.6299999999999999
38455.0,8,81.0,2.3823529411764706,7.691114434945202,8,81.0,0.32822454613176516,8,81.0,0.019999999999999907
38460.0,7,110.0,3.4375,8.435683650038063,7,97.0,0.39899828973891927,7,97.0,-0.15999999999999992
38465.0,9,149.0,4.257142857142857,7.784604905681868,9,149.0,0.3361434851356872,9,149.0,-0.52
38470.0,6,100.0,2.9411764705882355,8.212736724126062,6,100.0,0.3804861764607768,6,100.0,0.49
38475.0,6,120.0,3.3333333333333335,7.963430521095633,6,81.0,0.3520690865424773,6,81.0,0.18999999999999995
38480.0,7,153.0,4.5,8.94616325461454,7,153.0,0.42887851708814584,7,153.0,-0.72
38485.0,7,89.0,2.6176470588235294,7.961178391499556,7,89.0,0.37681683790196707,7,89.0,0.64
38490.0,3,69.0,2.090909090909091,9.230133845729359,3,40.0,0.4637264464594328,3,40.0,0.49
38495.0,4,87.0,2.71875,9.801793603988088,4,87.0,0.5068877411715395,4,87.0,-0.47
38500.0,7,53.0,1.5588235294117647,7.697145847926763,7,53.0,0.33312089831459163,7,53.0,0.33999999999999997
38505.0,7,88.0,2.75,8.63752510364763,7,31.0,0.41143564988802145,7,31.0,0.22000000000000003
38510.0,9,124.0,3.6470588235294117,7.204852085019038,9,124.0,0.29872412190985187,9,124.0,-0.9299999999999999
38515.0,7,129.0,3.7941176470588234,8.013178009307229,7,129.0,0.33694165104461726,7,129.0,-0.050000000000000044
38520.0,7,164.0,4.823529411764706,8.64210066764694,7,146.0,0.40643819185580776,7,146.0,-0.16999999999999993
38525.0,9,204.0,5.666666666666667,7.700943429001857,9,204.0,0.3366647869705156,9,204.0,-0.5800000000000001
38530.0,6,121.0,3.78125,8.059914911301206,6,121.0,0.37367778462074713,6,121.0,0.8300000000000001
38535.0,6,115.0,3.484848484848485,7.420309955869575,6,67.0,0.3391142100161415,6,67.0,0.5399999999999999
38540.0,6,144.0,4.363636363636363,8.646509895814726,6,144.0,0.4418420674629303,6,144.0,-0.7699999999999999
38545.0,8,47.0,1.3823529411764706,7.51504760539471,8,47.0,0.36274290078063604,8,47.0,0.97
38550.0,5,29.0,0.90625,7.835191936189987,5,-14.0,0.37888258536405567,5,-14.0,0.61
38555.0,4,48.0,1.6,8.528429594618109,4,48.0,0.44318909424052866,4,48.0,-0.62
38560.0,7,73.0,2.28125,7.063031249073177,7,73.0,0.34316996181555726,7,73.0,-0.25
38565.0,7,105.0,3.28125,7.742613901991385,7,105.0,0.4018911692129237,7,105.0,-0.32000000000000006
38570.0,7,140.0,4.0,7.258105518341908,7,139.0,0.31325383842943194,7,139.0,-0.33999999999999986
38575.0,10,186.0,5.314285714285714,7.661345363529954,10,186.0,0.31036061853072977,10,186.0,-0.4700000000000002
38580.0,7,136.0,3.8857142857142857,7.734649959931905,7,136.0,0.304935906659088,7,136.0,0.5
38585.0,8,163.0,4.17948717948718,7.566748294534959,8,124.0,0.31618967809875537,8,124.0,0.1200000000000001
38590.0,8,203.0,5.638888888888889,8.382668586520401,8,203.0,0.394369917332126,8,203.0,-0.7899999999999998
38595.0,8,111.0,3.1714285714285713,7.387215138529963,8,111.0,0.32495130175268244,8,111.0,0.9199999999999997
38600.0,5,97.0,2.9393939393939394,8.60284008188972,5,49.0,0.42071683217140576,5,49.0,0.6200000000000001
38605.0,8,122.0,3.588235294117647,7.871915697579428,8,122.0,0.37757504924576657,8,122.0,-0.73
38610.0,7,140.0,4.242424242424242,7.810860199961088,7,140.0,0.3750265418680953,7,140.0,-0.17999999999999994
38615.0,7,175.0,5.46875,8.894832217100527,7,164.0,0.43594557912416865,7,164.0,-0.24
38620.0,10,215.0,6.515151515151516,7.402231607049607,10,215.0,0.3296930458755043,10,215.0,-0.51
38625.0,7,106.0,3.3125,8.12509673688173,7,106.0,0.381626384645212,7,106.0,1.0899999999999999
38630.0,4,68.0,1.9428571428571428,7.829572750576358,4,10.0,0.3479059547932944,4,10.0,0.9600000000000001
38635.0,6,94.0,2.6857142857142855,8.576679591606075,6,94.0,0.4172407532636022,6,94.0,-0.84
38640.0,5,42.0,1.2352941176470589,8.602449022942166,5,42.0,0.4117468874762605,5,42.0,0.52
38645.0,6,56.0,1.6,7.838117485240204,6,28.0,0.340024289208726,6,28.0,0.13999999999999996
38650.0,6,86.0,2.5294117647058822,9.040722296578705,6,86.0,0.4470164593297946,6,86.0,-0.58
38655.0,8,119.0,3.5,7.783231317323406,8,119.0,0.3433727447092665,8,119.0,-0.32999999999999996
38660.0,5,96.0,3.096774193548387,8.49244030145517,5,96.0,0.42744263734707977,5,96.0,0.22999999999999998
38665.0,6,110.0,3.3333333333333335,8.346297196131848,6,92.0,0.39083318862211236,6,92.0,0.039999999999999925
38670.0,6,137.0,4.151515151515151,8.802505084381455,6,137.0,0.432767764787875,6,137.0,-0.45000000000000007
38675.0,4,74.0,2.242424242424242,9.541930908085238,3,73.0,0.5209895288505837,3,73.0,0.6400000000000001
38680.0,5,78.0,2.2941176470588234,7.862552131543254,5,42.0,0.313291856263354,5,42.0,0.31
38685.0,5,101.0,2.9705882352941178,9.03902163196312,5,101.0,0.43728324308028865,5,101.0,-0.5900000000000001
38690.0,5,101.0,2.9705882352941178,7.099303316877946,5,101.0,0.2920170135329291,5,101.0,0.0
38695.0,7,136.0,4.121212121212121,8.192362793082582,7,118.0,0.37262318399433675,7,118.0,-0.16999999999999993
38700.0,7,171.0,5.516129032258065,8.720046227440458,7,171.0,0.4114652894312346,7,171.0,-0.53
38705.0,9,211.0,6.393939393939394,7.478351784770624,9,211.0,0.3151411733305651,9,211.0,-0.3999999999999999
38710.0,6,189.0,5.90625,8.26780906275057,6,189.0,0.3772820053115067,6,189.0,0.21999999999999997
38715.0,6,207.0,6.088235294117647,7.605892809930318,6,188.0,0.3443357568527554,6,188.0,0.010000000000000009
38720.0,7,242.0,7.333333333333333,8.750331079059045,7,242.0,0.45515933023098165,7,242.0,-0.54
38725.0,7,174.0,5.2727272727272725,7.6045324381505335,7,174.0,0.37440051400938246,7,174.0,0.6799999999999999
38730.0,5,185.0,5.78125,8.321032659275982,5,143.0,0.43125015594991317,5,143.0,0.31000000000000005
38735.0,5,210.0,6.774193548387097,9.604756780722017,5,210.0,0.5387222397756597,5,210.0,-0.6700000000000002
38740.0,4,54.0,1.588235294117647,7.662868183484964,4,54.0,0.3378941311796568,4,54.0,1.56
38745.0,6,84.0,2.7096774193548385,8.658597371608375,6,-32.0,0.4356738696319521,6,-32.0,0.8600000000000001
38750.0,6,114.0,3.4545454545454546,7.919352242352041,6,114.0,0.3694543429478365,6,114.0,-1.46
38755.0,6,71.0,2.21875,8.018629663287758,6,71.0,0.3593679315746423,6,71.0,0.42999999999999994
38760.0,5,92.0,2.967741935483871,8.700480279816436,5,57.0,0.42650972851879654,5,57.0,0.14
38765.0,7,124.0,3.6470588235294117,7.99899754446944,7,124.0,0.3709494575830671,7,124.0,-0.67
38770.0,4,65.0,1.911764705882353,8.668737888493945,4,65.0,0.43413046217207124,4,65.0,0.59
38775.0,4,72.0,2.057142857142857,8.222571415053189,4,33.0,0.3677843596042049,4,33.0,0.32
38780.0,5,96.0,3.096774193548387,9.072517223999368,5,96.0,0.4750783505433805,5,96.0,-0.6299999999999999
38785.0,5,20.0,0.5882352941176471,8.291908155287055,5,20.0,0.4044080840234103,5,20.0,0.76
38790.0,3,21.0,0.6176470588235294,9.208471316811533,3,-20.0,0.47120665363829856,3,-20.0,0.4
38795.0,3,36.0,1.2,10.215423870376435,3,36.0,0.5695165989769948,3,36.0,-0.56
38800.0,6,55.0,1.71875,8.347086887127084,6,55.0,0.3704029462510959,6,55.0,-0.19000000000000006
38805.0,6,85.0,2.7419354838709675,9.178178430933594,6,85.0,0.436028839540194,6,85.0,-0.29999999999999993
38810.0,8,117.0,3.4411764705882355,7.711836841899606,8,117.0,0.29675443354908265,8,117.0,-0.31999999999999995
38815.0,6,75.0,2.34375,8.245986958436621,6,75.0,0.36688942524499096,6,75.0,0.41999999999999993
38820.0,5,94.0,2.9375,8.537110381378076,5,60.0,0.4140993509100014,5,60.0,0.15000000000000002
38825.0,7,126.0,3.8181818181818183,7.748369408003521,7,126.0,0.36557408232317357,7,126.0,-0.66
38830.0,4,66.0,2.2,8.523461417178064,4,66.0,0.4499606356916592,4,66.0,0.6
38835.0,4,73.0,2.3548387096774195,7.840165294816683,4,35.0,0.37679459233213347,4,35.0,0.31000000000000005
38840.0,5,98.0,3.161290322580645,8.998218702146447,5,98.0,0.47241868675283566,5,98.0,-0.63
38845.0,8,123.0,3.727272727272727,8.281609508262095,8,123.0,0.3890378068937403,8,123.0,-0.25
38850.0,8,157.0,4.90625,8.406366098021689,8,157.0,0.36985178475786207,8,157.0,-0.3400000000000001
38855.0,8,197.0,6.793103448275862,8.670013961991412,8,197.0,0.3832962579294841,8,197.0,-0.3999999999999999
38860.0,8,97.0,3.129032258064516,6.942594487031858,8,97.0,0.27850545775790836,8,97.0,1.0
38865.0,6,83.0,2.6774193548387095,8.17481913892014,6,27.0,0.3768260854772299,6,27.0,0.7
38870.0,6,113.0,3.323529411764706,7.445041699667463,6,113.0,0.32149657595410797,6,113.0,-0.8599999999999999
38875.0,7,74.0,2.3125,7.824734843386656,7,74.0,0.34152954694831145,7,74.0,0.3899999999999999
38880.0,6,99.0,3.413793103448276,7.680751042687705,6,64.0,0.35058591158140273,6,64.0,0.09999999999999998
38885.0,8,137.0,4.151515151515151,7.640475801945348,8,137.0,0.3545409025908403,8,137.0,-0.7300000000000001
38890.0,5,82.0,2.6451612903225805,8.37675015461715,5,82.0,0.4119034235720276,5,82.0,0.5500000000000002
38895.0,6,96.0,3.0,7.466429397590527,6,58.0,0.34202273366703795,6,58.0,0.24
38900.0,6,126.0,3.9375,8.858436884843588,6,126.0,0.45128891386621817,6,126.0,-0.68
38905.0,6,67.0,1.9705882352941178,8.087909995723843,6,67.0,0.39384840693165857,6,67.0,0.59
38910.0,4,71.0,2.088235294117647,8.942033503734512,4,43.0,0.4532009763118825,4,43.0,0.24000000000000005
38915.0,4,91.0,2.757575757575758,9.649447208944467,4,91.0,0.535886387255871,4,91.0,-0.48000000000000004
38920.0,5,57.0,1.5833333333333333,7.818590448338349,5,57.0,0.3470926068465191,5,57.0,0.3400000000000001
38925.0,6,87.0,2.6363636363636362,8.99572388089522,6,33.0,0.43979279565598567,6,33.0,0.23999999999999994
38930.0,6,117.0,3.342857142857143,8.050797990472983,6,117.0,0.3489303106943683,6,117.0,-0.8399999999999999
38935.0,6,72.0,2.1176470588235294,8.335731508407045,6,72.0,0.35073842410349054,6,72.0,0.44999999999999996
38940.0,5,93.0,2.90625,8.757984970270165,5,57.0,0.40568588991096605,5,57.0,0.15000000000000002
38945.0,6,122.0,3.588235294117647,8.38315969946472,6,122.0,0.38999267720934666,6,122.0,-0.65
38950.0,4,62.0,1.9375,8.685597875712283,4,62.0,0.4104418787690679,4,62.0,0.6
38955.0,4,70.0,2.121212121212121,8.087181667858427,4,32.0,0.35068009053345045,4,32.0,0.3
38960.0,5,95.0,3.064516129032258,9.434413271704702,5,95.0,0.473886754521179,5,95.0,-0.6299999999999999
38965.0,5,22.0,0.7096774193548387,8.099846567153605,5,22.0,0.380962389178526,5,22.0,0.73
38970.0,3,23.0,0.7666666666666667,9.118705030973748,3,-19.0,0.4607366711419358,3,-19.0,0.41000000000000003
38975.0,3,38.0,1.2666666666666666,10.159142312690143,3,38.0,0.5618971799348899,3,38.0,-0.5700000000000001
38980.0,5,56.0,1.696969696969697,8.530127953984975,5,56.0,0.38715016342953784,5,56.0,-0.18000000000000005
38985.0,6,85.0,2.7419354838709675,9.18341770293707,6,85.0,0.4354753382314874,6,85.0,-0.2899999999999999
38990.0,7,116.0,3.515151515151515,7.375672760509183,7,116.0,0.2625566175528962,7,116.0,-0.30999999999999994
38995.0,9,161.0,5.193548387096774,7.7724923608135255,9,161.0,0.3207555012595279,9,161.0,-0.4500000000000002
39000.0,6,104.0,3.3548387096774195,7.998015317447251,6,104.0,0.3524189118990708,6,104.0,0.5700000000000001
39005.0,7,123.0,3.727272727272727,7.49343004025768,7,83.0,0.3236538536464629,7,83.0,0.21000000000000008
39010.0,7,158.0,4.9375,8.25294740171202,7,158.0,0.3935703302561723,7,158.0,-0.7500000000000001
39015.0,7,92.0,2.875,6.86534800561803,7,92.0,0.3120472510785247,7,92.0,0.66
39020.0,5,100.0,3.3333333333333335,8.46832540975544,5,57.0,0.430672712378978,5,57.0,0.3500000000000001
39025.0,7,125.0,3.90625,8.33834468223559,7,125.0,0.4158198407551204,7,125.0,-0.68
39030.0,5,43.0,1.3870967741935485,8.221320097614818,5,43.0,0.4042177740231915,5,43.0,0.8200000000000001
39035.0,3,36.0,1.1612903225806452,9.39222941050959,3,-10.0,0.4916936123194908,3,-10.0,0.53
39040.0,6,56.0,1.75,8.12361835118627,6,56.0,0.3716812045712057,6,56.0,-0.66
39045.0,6,83.0,2.6774193548387095,8.846627544684178,6,83.0,0.4231627112018762,6,83.0,-0.2699999999999999
39050.0,7,114.0,3.3529411764705883,7.761559062519014,7,113.0,0.2975258913368916,7,113.0,-0.29999999999999993
39055.0,9,158.0,4.647058823529412,8.28119467033853,9,158.0,0.33696438473571755,9,158.0,-0.4500000000000002
39060.0,6,101.0,3.3666666666666667,7.886293912261689,6,101.0,0.32893842341716545,6,101.0,0.5700000000000001
39065.0,7,121.0,3.5588235294117645,7.501796443539778,7,80.0,0.3151076064152115,7,80.0,0.20999999999999996
39070.0,7,156.0,4.7272727272727275,8.58702087584862,7,156.0,0.41342375450578084,7,156.0,-0.76
39075.0,6,85.0,2.5757575757575757,7.54028668287033,6,85.0,0.33628554274465666,6,85.0,0.7100000000000001
39080.0,5,96.0,3.096774193548387,8.902024228367745,5,55.0,0.4380438156430944,5,55.0,0.29999999999999993
39085.0,8,121.0,3.6666666666666665,7.90204178239365,8,121.0,0.3633326306124853,8,121.0,-0.6599999999999999
39090.0,6,138.0,4.3125,8.368263039704306,6,138.0,0.41546335355109937,6,138.0,-0.16999999999999993
39095.0,6,168.0,5.25,8.997173708256387,6,157.0,0.44208496139001086,6,157.0,-0.19000000000000017
39100.0,8,203.0,6.34375,7.551951097418307,8,203.0,0.3313362885477303,8,203.0,-0.45999999999999974
39105.0,6,88.0,2.838709677419355,8.392985525331007,6,88.0,0.3943877565302175,6,88.0,1.15
39110.0,3,44.0,1.3333333333333333,8.675336450771391,3,-14.0,0.40099923671943793,3,-14.0,1.02
39115.0,5,63.0,1.96875,8.643693303377557,5,63.0,0.41910231155707334,5,63.0,-0.77
39120.0,6,71.0,2.3666666666666667,8.576159343604903,6,71.0,0.413761590661285,6,71.0,-0.07999999999999996
39125.0,9,108.0,3.272727272727273,7.514771758618498,9,91.0,0.2927677650380977,9,91.0,-0.20000000000000007
39130.0,9,153.0,4.636363636363637,8.02357938179763,9,153.0,0.3304992778187831,9,153.0,-0.62
39135.0,9,166.0,4.611111111111111,7.096920279637797,9,166.0,0.2673820440337889,9,166.0,-0.1299999999999999
39140.0,9,211.0,6.393939393939394,8.270837617940336,9,194.0,0.3737526915304127,9,194.0,-0.28
39145.0,11,256.0,8.0,7.771461098192662,11,256.0,0.3621323751701673,11,256.0,-0.6200000000000001
39150.0,11,307.0,9.903225806451612,7.339777129120675,11,307.0,0.3338413248178259,11,307.0,-0.5099999999999998
39155.0,8,198.0,6.387096774193548,8.222120379277102,8,198.0,0.36988138376949503,8,198.0,1.0899999999999999
39160.0,7,167.0,4.911764705882353,7.227043392814487,7,104.0,0.30046398509386935,7,104.0,0.94
39165.0,8,207.0,6.46875,8.25490394124234,8,207.0,0.39652268670958263,8,207.0,-1.0299999999999998
39170.0,9,248.0,8.0,6.746721740529394,9,248.0,0.2959233435049731,9,248.0,-0.41000000000000014
39175.0,10,298.0,9.612903225806452,7.063695311782478,10,298.0,0.31205433775170327,10,298.0,-0.5
39180.0,7,166.0,5.354838709677419,7.565417949252616,7,166.0,0.34682474817468306,7,166.0,1.32
39185.0,5,70.0,2.0588235294117645,7.115776214943937,5,12.0,0.3224417368335187,5,12.0,1.54
39190.0,5,95.0,2.7941176470588234,8.539790965846912,5,95.0,0.4333997002004444,5,95.0,-0.83
39195.0,6,122.0,3.4857142857142858,7.6101695789493595,6,122.0,0.35222055723708334,6,122.0,-0.27
39200.0,5,74.0,2.176470588235294,8.480920192181381,5,74.0,0.4285371246225015,5,74.0,0.48
39205.0,6,87.0,2.4166666666666665,8.66790706774447,6,52.0,0.41872000275610705,6,52.0,0.21999999999999997
39210.0,6,113.0,3.138888888888889,8.684403993330925,6,113.0,0.4219426991055244,6,113.0,-0.6099999999999999
39215.0,6,143.0,3.9722222222222223,8.911890602838533,6,143.0,0.4272660263596748,6,143.0,-0.30000000000000004
39220.0,8,178.0,4.564102564102564,8.037928056534343,8,178.0,0.3203454582634948,8,178.0,-0.3500000000000001
39225.0,7,148.0,4.0,8.56780583252998,7,148.0,0.37311094156602903,7,148.0,0.30000000000000004
39230.0,9,185.0,5.138888888888889,7.401234586887605,9,123.0,0.2770254093273593,9,123.0,0.25
39235.0,10,235.0,6.714285714285714,7.6248969373748565,10,235.0,0.3166213173299637,10,235.0,-1.12
39240.0,7,149.0,4.515151515151516,7.73463660923756,7,149.0,0.3257845215672708,7,149.0,0.8600000000000001
39245.0,7,149.0,4.382352941176471,7.282814764730821,7,97.0,0.3056701876165434,7,97.0,0.52
39250.0,7,184.0,5.75,8.185967835714846,7,184.0,0.39438903980925666,7,184.0,-0.8700000000000001
39255.0,9,223.0,6.371428571428571,7.284235513639134,9,223.0,0.32172588868018875,9,223.0,-0.3899999999999999
39260.0,6,110.0,3.235294117647059,8.45455070285524,6,110.0,0.4031117627127866,6,110.0,1.13
39265.0,5,67.0,2.0303030303030303,8.426572324637963,5,9.0,0.41127490003935285,5,9.0,1.01
39270.0,4,85.0,2.65625,9.110466670071702,4,85.0,0.4672332015272683,4,85.0,-0.76
39275.0,4,17.0,0.5483870967741935,8.818232554903075,4,17.0,0.4423611178753961,4,17.0,0.6799999999999999
39280.0,5,33.0,1.03125,7.686529262462245,5,-7.0,0.3477919117024657,5,-7.0,0.24000000000000002
39285.0,6,62.0,1.9375,8.86440590065584,6,62.0,0.4437081781625566,6,62.0,-0.69
39290.0,6,92.0,2.6285714285714286,8.126738830091833,6,92.0,0.364507873013031,6,92.0,-0.30000000000000004
39295.0,6,80.0,2.2857142857142856,8.598705987434002,6,80.0,0.37266653979793046,6,80.0,0.12
39300.0,6,110.0,3.3333333333333335,8.612073135406913,6,87.0,0.3972461480319944,6,87.0,-0.06999999999999995
39305.0,8,147.0,4.083333333333333,7.908506473621461,8,147.0,0.3540205568698811,8,147.0,-0.6
39310.0,8,187.0,5.666666666666667,8.569924447503897,8,187.0,0.4081131709904326,8,187.0,-0.40000000000000013
39315.0,7,193.0,5.514285714285714,7.774680106610169,7,193.0,0.31871298546622406,7,193.0,-0.05999999999999983
39320.0,10,241.0,7.774193548387097,7.8912111707104176,10,212.0,0.34756677753520976,10,212.0,-0.19000000000000017
39325.0,13,291.0,8.818181818181818,7.2137133387838475,13,291.0,0.310669376665634,13,291.0,-0.79
39330.0,10,183.0,5.71875,7.3226254044976695,10,183.0,0.30765983507886485,10,183.0,1.08
39335.0,6,128.0,4.0,7.759237765001186,6,75.0,0.34588528563683196,6,75.0,1.08
39340.0,9,166.0,5.03030303030303,7.042374372095483,9,166.0,0.3201008668209257,9,166.0,-0.9099999999999999
39345.0,9,94.0,3.032258064516129,7.194451652767406,9,94.0,0.32483141889972833,9,94.0,0.72
39350.0,9,104.0,3.25,6.885506261804756,9,58.0,0.2910587062825427,9,58.0,0.36
39355.0,9,149.0,4.966666666666667,7.566130445220328,9,149.0,0.3591877396768442,9,149.0,-0.91
39360.0,9,194.0,6.466666666666667,7.190131552891813,9,194.0,0.28756601872999626,9,194.0,-0.44999999999999996
39365.0,8,134.0,3.9411764705882355,6.666425873778809,8,134.0,0.27660502232700374,8,134.0,0.5999999999999999
39370.0,6,143.0,4.205882352941177,7.9923661056247095,6,98.0,0.39439047534951566,6,98.0,0.3600000000000001
39375.0,7,176.0,4.888888888888889,7.538389354821506,7,176.0,0.3631765437891466,7,176.0,-0.78
39380.0,8,216.0,6.0,8.322219677035958,8,216.0,0.4185317204038377,8,216.0,-0.40000000000000013
39385.0,9,131.0,3.5405405405405403,7.4368149065933835,9,131.0,0.3631917816421069,9,131.0,0.8500000000000001
39390.0,3,71.0,1.9722222222222223,8.124327491337208,3,33.0,0.4334917384852181,3,33.0,0.98
39395.0,4,90.0,2.5,9.153912240101098,4,90.0,0.5343259584554778,4,90.0,-0.5700000000000001
39400.0,5,111.0,3.0,8.118370721822707,5,111.0,0.4108002027617042,5,111.0,-0.21000000000000008
39405.0,7,144.0,3.891891891891892,8.485364335739506,7,144.0,0.42486089442639335,7,144.0,-0.32999999999999985
39410.0,5,147.0,3.769230769230769,7.745954011013018,5,147.0,0.3400570802138511,5,147.0,-0.030000000000000027
39415.0,7,179.0,4.837837837837838,8.080471522143085,7,160.0,0.3740857773012457,7,160.0,-0.13000000000000012
39420.0,7,214.0,6.114285714285714,8.59052858947071,7,214.0,0.41813750155187307,7,214.0,-0.54
39425.0,6,145.0,4.027777777777778,7.516763531434396,6,145.0,0.32164613986600965,6,145.0,0.6900000000000002
39430.0,4,150.0,4.285714285714286,8.870765661906777,4,105.0,0.4419629727127273,4,105.0,0.3999999999999999
39435.0,6,172.0,5.0588235294117645,8.142952535051903,6,172.0,0.39097462162631486,6,172.0,-0.6699999999999999
39440.0,6,202.0,5.9411764705882355,8.755891179307483,6,202.0,0.4474904651586325,6,202.0,-0.30000000000000004
39445.0,9,232.0,6.27027027027027,7.998252553945903,9,232.0,0.36462228027591903,9,232.0,-0.2999999999999998
39450.0,5,185.0,5.285714285714286,8.334903563937637,5,185.0,0.40242126464588174,5,185.0,0.46999999999999975
39455.0,4,200.0,6.25,9.330716237000248,4,165.0,0.48650899040260287,4,165.0,0.20000000000000018
39460.0,6,224.0,6.787878787878788,8.239251124519283,6,224.0,0.40603848066496834,6,224.0,-0.5900000000000003
39465.0,7,257.0,8.290322580645162,8.31094155079076,7,257.0,0.41481959825406184,7,257.0,-0.3299999999999996
39470.0,4,78.0,2.2941176470588234,7.614465487694969,4,78.0,0.3232671924359442,4,78.0,1.7899999999999998
39475.0,7,110.0,3.235294117647059,8.131615071635355,7,-17.0,0.37675540604253777,7,-17.0,0.9500000000000001
39480.0,7,145.0,4.393939393939394,8.560445985343783,7,145.0,0.4130557351729578,7,145.0,-1.6199999999999999
39485.0,6,71.0,2.1515151515151514,7.330891303885996,6,71.0,0.2962188996602298,6,71.0,0.74
39490.0,5,78.0,2.4375,8.539235444638521,5,32.0,0.3997000222522892,5,32.0,0.38999999999999996
39495.0,7,106.0,3.0285714285714285,7.784483210502301,7,106.0,0.3471866000764773,7,106.0,-0.74
39500.0,5,90.0,2.8125,8.611731259649313,5,90.0,0.4309953601424853,5,90.0,0.16000000000000003
39505.0,8,115.0,3.484848484848485,7.965841253249785,8,90.0,0.36051611410253115,8,90.0,0.0
39510.0,7,148.0,4.774193548387097,8.623091028441157,7,148.0,0.4134864489695625,7,148.0,-0.58
39515.0,4,58.0,1.9333333333333333,9.178051303505049,4,58.0,0.47065168714570865,4,58.0,0.9
39520.0,4,41.0,1.28125,8.223444046347268,4,-7.0,0.3702531680106546,4,-7.0,0.6499999999999999
39525.0,5,65.0,2.096774193548387,9.296551838441687,5,65.0,0.45859060812171637,5,65.0,-0.72
39530.0,5,81.0,2.3823529411764706,8.189382982023188,5,81.0,0.36350152264413504,5,81.0,-0.16000000000000003
39535.0,7,113.0,3.53125,8.513124018670695,7,106.0,0.37235892855222325,7,106.0,-0.25
39540.0,7,148.0,4.933333333333334,8.260340246607727,7,148.0,0.3862882179712286,7,148.0,-0.41999999999999993
39545.0,6,153.0,4.636363636363637,7.026145943886185,6,153.0,0.3251306991645409,6,153.0,-0.050000000000000044
39550.0,6,183.0,5.71875,8.290060299551168,6,170.0,0.43475630588972675,6,170.0,-0.16999999999999993
39555.0,7,215.0,6.515151515151516,7.533187033474729,7,215.0,0.36490829281295245,7,215.0,-0.44999999999999996
39560.0,5,98.0,3.2666666666666666,7.947394040825769,5,98.0,0.40459892989198326,5,98.0,1.17
39565.0,5,56.0,1.696969696969697,8.301800223801832,5,-2.0,0.41784048999594303,5,-2.0,1.0
39570.0,4,71.0,2.1515151515151514,9.180301182079154,4,71.0,0.4797344913360059,4,71.0,-0.73
39575.0,4,69.0,2.090909090909091,9.30843329094914,4,69.0,0.5007668836713131,4,69.0,0.020000000000000018
39580.0,7,94.0,2.611111111111111,7.9890195147109875,7,80.0,0.35171077413167456,7,80.0,-0.1100000000000001
39585.0,7,129.0,3.909090909090909,8.884486829373587,7,129.0,0.4340329929645359,7,129.0,-0.49
39590.0,6,82.0,2.411764705882353,7.361690663170575,6,82.0,0.2978797375989142,6,82.0,0.4700000000000001
39595.0,8,121.0,3.6666666666666665,8.048862944476564,8,54.0,0.3717538059187893,8,54.0,0.2799999999999999
39600.0,8,161.0,5.193548387096774,8.043400160824971,8,161.0,0.39721630107876943,8,161.0,-1.07
39605.0,7,128.0,3.878787878787879,6.952663615986503,7,128.0,0.3014148621214373,7,128.0,0.33000000000000007
39610.0,7,159.0,5.129032258064516,8.065416265297205,7,127.0,0.41025479200651926,7,127.0,0.010000000000000009
39615.0,8,196.0,5.764705882352941,7.679825195200998,8,196.0,0.37919552797065065,8,196.0,-0.69
39620.0,7,190.0,5.9375,7.92273185161409,6,189.0,0.41696223975536734,6,189.0,0.07000000000000006
39625.0,8,219.0,6.4411764705882355,7.576219527362468,8,194.0,0.33922857526580735,8,194.0,-0.050000000000000044
39630.0,8,256.0,7.529411764705882,7.8705255909078105,8,256.0,0.37448258042117333,8,256.0,-0.6200000000000001
39635.0,6,117.0,3.65625,8.46867024978194,6,117.0,0.4432264716351731,6,117.0,1.3900000000000001
39640.0,4,23.0,0.71875,6.93477613717024,4,-35.0,0.29551700563341016,4,-35.0,1.52
39645.0,5,48.0,1.5483870967741935,7.901585006168907,5,48.0,0.3773952504755031,5,48.0,-0.83
39650.0,7,68.0,2.0,6.699646810113956,7,68.0,0.28937547914358946,7,68.0,-0.20000000000000007
39655.0,12,122.0,3.696969696969697,7.135439424174258,12,116.0,0.2926028339353666,12,116.0,-0.47999999999999987
39660.0,11,176.0,5.333333333333333,7.187925398675813,11,176.0,0.29547836782663683,11,176.0,-0.6000000000000001
39665.0,11,190.0,5.428571428571429,6.5085070517061645,11,190.0,0.24998793682312173,11,190.0,-0.1399999999999999
39670.0,8,198.0,6.1875,7.241149638946855,8,185.0,0.3402909268850695,8,185.0,0.04999999999999982
39675.0,9,240.0,7.0588235294117645,6.696546873441221,9,240.0,0.32023929812565394,9,240.0,-0.5499999999999998
39680.0,9,172.0,5.0588235294117645,7.2494565410961025,9,172.0,0.3382702183711089,9,172.0,0.6799999999999999
39685.0,11,185.0,5.138888888888889,6.798049589859037,11,138.0,0.3132916230035275,11,138.0,0.3400000000000001
39690.0,9,228.0,6.333333333333333,7.818366860362766,9,228.0,0.3781802036775916,9,228.0,-0.8999999999999999
39695.0,7,113.0,3.323529411764706,7.583563968212353,7,113.0,0.366990089969588,7,113.0,1.15
39700.0,8,73.0,2.0277777777777777,6.470851363825978,8,14.0,0.25543869733673913,8,14.0,0.9899999999999999
39705.0,7,107.0,3.057142857142857,7.585619009965683,7,107.0,0.3497140994744088,7,107.0,-0.93
39710.0,9,66.0,1.7837837837837838,6.214851303341753,9,66.0,0.2535622431827584,9,66.0,0.41000000000000003
39715.0,9,96.0,2.6666666666666665,6.896156335564293,9,68.0,0.30676728442158957,9,68.0,-0.020000000000000018
39720.0,9,141.0,3.9166666666666665,6.841240202317637,9,141.0,0.3003938406998145,9,141.0,-0.7299999999999999
39725.0,10,144.0,3.6,6.52143278807254,10,144.0,0.28415178735193714,10,144.0,-0.030000000000000027
39730.0,7,144.0,3.6,7.74683671142796,7,130.0,0.39059105325617083,7,130.0,0.1399999999999999
39735.0,8,181.0,4.414634146341464,7.4343924561734465,8,181.0,0.34063178905360153,8,181.0,-0.51
39740.0,8,110.0,2.972972972972973,7.670223520172915,8,110.0,0.35532897998365126,8,110.0,0.71
39745.0,9,117.0,3.1621621621621623,7.56845304774584,9,74.0,0.35141708405654365,9,74.0,0.3600000000000001
39750.0,8,152.0,4.222222222222222,8.405894281919654,8,152.0,0.3813365972486814,8,152.0,-0.78
39755.0,6,110.0,3.142857142857143,8.461887196428618,6,110.0,0.39777161532999145,6,110.0,0.41999999999999993
39760.0,7,133.0,3.5,7.883368547882921,7,106.0,0.31878274333717826,7,106.0,0.040000000000000036
39765.0,8,173.0,4.805555555555555,8.747926585283299,8,173.0,0.4091184334818686,8,173.0,-0.6699999999999999
39770.0,6,126.0,3.230769230769231,7.422018170620067,6,126.0,0.2970214517520187,6,126.0,0.47
39775.0,6,141.0,3.710526315789474,8.6408656779242,6,113.0,0.39027476629830066,6,113.0,0.13000000000000012
39780.0,6,171.0,5.181818181818182,8.888831136274247,6,171.0,0.45205844222208724,6,171.0,-0.5800000000000001
39785.0,7,94.0,2.611111111111111,7.585368241711647,7,94.0,0.3247072923171113,7,94.0,0.77
39790.0,7,129.0,3.6857142857142855,8.618736197555416,7,47.0,0.40065083755387204,7,47.0,0.47
39795.0,8,166.0,4.486486486486487,7.805169184474389,8,166.0,0.3242518095206146,8,166.0,-1.19
39800.0,7,96.0,2.742857142857143,8.446679909985848,7,96.0,0.3751227653867022,7,96.0,0.7
39805.0,8,95.0,2.7142857142857144,7.790880707264309,8,52.0,0.35984370678477967,8,52.0,0.43999999999999995
39810.0,7,127.0,3.6285714285714286,8.52829229365372,7,127.0,0.4224224634268413,7,127.0,-0.75
39815.0,5,70.0,2.1875,8.521926739311569,5,70.0,0.43454237600965145,5,70.0,0.5700000000000001
39820.0,7,88.0,2.5142857142857142,7.461080479449955,7,49.0,0.3314579503701148,7,49.0,0.20999999999999996
39825.0,7,123.0,3.6176470588235294,8.550618881431449,7,123.0,0.4410852919551048,7,123.0,-0.74
39830.0,4,53.0,1.4722222222222223,7.370352192341999,4,53.0,0.3243716527785412,4,53.0,0.7
39835.0,5,65.0,1.9696969696969697,8.381636983022954,5,24.0,0.4091066389846727,5,24.0,0.29000000000000004
39840.0,5,90.0,3.103448275862069,9.026525039483158,5,90.0,0.49452891837628976,5,90.0,-0.66
39845.0,7,95.0,2.878787878787879,7.626806847657186,7,95.0,0.34430918255384896,7,95.0,-0.04999999999999993
39850.0,7,130.0,3.9393939393939394,8.561370302474863,7,109.0,0.4136213839245124,7,109.0,-0.14000000000000012
39855.0,9,168.0,4.666666666666667,7.21712295896432,9,168.0,0.29255771075174025,9,168.0,-0.5899999999999999
39860.0,7,98.0,2.8,8.114984204678926,7,98.0,0.38018670928317383,7,98.0,0.7
39865.0,7,98.0,2.7222222222222223,7.982863308700276,7,55.0,0.36992089927617267,7,55.0,0.42999999999999994
39870.0,7,129.0,3.909090909090909,8.183841529998903,7,129.0,0.4068746784933441,7,129.0,-0.74
39875.0,8,167.0,5.21875,8.196442243933785,8,167.0,0.40134028413375467,8,167.0,-0.3799999999999999
39880.0,10,212.0,6.235294117647059,7.285979202457557,10,212.0,0.2811213177728892,10,212.0,-0.4500000000000002
39885.0,11,266.0,8.3125,7.7461391106561575,11,266.0,0.3108474549047752,11,266.0,-0.54
39890.0,10,182.0,5.2,6.443444110498558,10,182.0,0.2127717572018564,10,182.0,0.8400000000000001
39895.0,8,185.0,5.78125,7.659217196823186,8,131.0,0.3329147469027597,8,131.0,0.51
39900.0,8,225.0,7.5,7.803090215144033,8,225.0,0.3674391358100034,8,225.0,-0.94
39905.0,9,127.0,3.8484848484848486,6.7578627844491415,9,127.0,0.2922470354122997,9,127.0,0.98
39910.0,6,112.0,3.393939393939394,8.009428428091852,6,55.0,0.3723313403573482,6,55.0,0.72
39915.0,9,147.0,4.323529411764706,7.334184727834807,9,147.0,0.34819706706972225,9,147.0,-0.9199999999999999
39920.0,7,72.0,2.1818181818181817,7.837400816629902,7,72.0,0.37778755999767266,7,72.0,0.75
39925.0,7,71.0,2.088235294117647,7.839608357248839,7,28.0,0.36171287179066725,7,28.0,0.43999999999999995
39930.0,7,104.0,3.1515151515151514,8.323950134618393,7,104.0,0.41309842019942083,7,104.0,-0.76
39935.0,5,56.0,1.696969696969697,8.4794710068133,5,56.0,0.42726471358359486,5,56.0,0.48
39940.0,7,71.0,1.9722222222222223,7.481316013115442,7,43.0,0.3107664651907943,7,43.0,0.13000000000000006
39945.0,7,106.0,2.9444444444444446,8.625051446849183,7,106.0,0.407575496875267,7,106.0,-0.6300000000000001
39950.0,5,53.0,1.394736842105263,8.099376121787953,5,53.0,0.3632027287177672,5,53.0,0.53
39955.0,5,63.0,1.75,8.65717006139139,5,35.0,0.39153714920209987,5,35.0,0.18000000000000005
39960.0,5,88.0,2.6666666666666665,9.261098125511028,5,88.0,0.4500650654754454,5,88.0,-0.53
39965.0,7,93.0,2.5833333333333335,8.072012135858111,7,93.0,0.32806942584007337,7,93.0,-0.050000000000000044
39970.0,7,128.0,3.657142857142857,8.919731604502404,7,107.0,0.3806182201930155,7,107.0,-0.14
39975.0,10,169.0,4.694444444444445,7.728980404207743,10,169.0,0.29389225090704507,10,169.0,-0.6199999999999999
39980.0,8,195.0,5.909090909090909,8.359316714510129,8,195.0,0.3709378899014345,8,195.0,-0.26
39985.0,11,235.0,6.911764705882353,6.944927963503997,11,223.0,0.284127317028064,11,223.0,-0.28
39990.0,10,285.0,8.382352941176471,7.652322498789424,10,285.0,0.3446242242445366,10,285.0,-0.6200000000000001
39995.0,10,335.0,10.806451612903226,7.633837290522703,10,335.0,0.34988719832162446,10,335.0,-0.5
40000.0,10,212.0,6.424242424242424,6.398733173693453,10,212.0,0.25316670493659993,10,212.0,1.23
40005.0,7,163.0,5.258064516129032,7.321517774858931,7,100.0,0.343774398107901,7,100.0,1.12
40010.0,7,198.0,5.823529411764706,7.361531099037788,7,198.0,0.35100476529564717,7,198.0,-0.98
40015.0,9,91.0,2.757575757575758,7.065695244017073,9,91.0,0.32422937748358305,9,91.0,1.0699999999999998
40020.0,6,71.0,2.2903225806451615,7.86234467962281,6,15.0,0.37421270301710713,6,15.0,0.76
40025.0,8,109.0,3.303030303030303,7.600526410357372,8,109.0,0.3571919410333447,8,109.0,-0.9400000000000001
40030.0,7,97.0,2.9393939393939394,8.014606853053277,7,97.0,0.3773499158300477,7,97.0,0.1200000000000001
40035.0,8,134.0,3.9411764705882355,7.155970208969873,8,109.0,0.3119889648896152,8,109.0,-0.1200000000000001
40040.0,9,179.0,5.424242424242424,8.179096350594385,9,179.0,0.396000129801652,9,179.0,-0.7
40045.0,13,225.0,6.25,7.213835842737623,13,225.0,0.30058369242565364,13,225.0,-0.45999999999999996
40050.0,11,279.0,7.75,7.773167424920972,11,279.0,0.32573067532964495,11,279.0,-0.54
40055.0,8,208.0,5.777777777777778,7.940271025031551,8,208.0,0.3538957974422376,8,208.0,0.71
40060.0,7,171.0,4.885714285714286,7.110906250361117,7,133.0,0.29638510701809645,7,133.0,0.75
40065.0,8,211.0,6.205882352941177,7.854653922780297,8,211.0,0.3751398909343146,8,211.0,-0.7799999999999998
40070.0,8,138.0,3.72972972972973,6.399028401092465,8,138.0,0.2605256097472054,8,138.0,0.73
40075.0,7,132.0,3.6666666666666665,7.681718555481142,7,94.0,0.3433683228607372,7,94.0,0.43999999999999995
40080.0,7,167.0,5.0606060606060606,8.212287493410997,7,167.0,0.4008186699676325,7,167.0,-0.73
40085.0,7,162.0,4.5,7.363908224394482,7,162.0,0.3119352802992455,7,162.0,0.04999999999999982
40090.0,7,193.0,5.361111111111111,8.348181612168588,7,180.0,0.3843317089281434,7,180.0,-0.17999999999999994
40095.0,8,230.0,6.388888888888889,7.953768223544322,8,230.0,0.35989967168572967,8,230.0,-0.4999999999999998
40100.0,7,185.0,5.285714285714286,8.13696310700733,6,184.0,0.384930581206419,6,184.0,0.45999999999999974
40105.0,8,202.0,5.315789473684211,7.793602307616513,8,166.0,0.31809137893963785,8,166.0,0.18000000000000016
40110.0,7,234.0,6.5,8.563599173265528,7,234.0,0.38172288328776754,7,234.0,-0.6799999999999999
40115.0,7,104.0,3.1515151515151514,7.914756118992445,7,104.0,0.36461980736669575,7,104.0,1.2999999999999998
40120.0,10,147.0,4.2,6.953824196491274,10,35.0,0.2852943039096928,10,35.0,0.6900000000000001
40125.0,10,197.0,5.628571428571429,7.838130246844857,10,197.0,0.34649187140705484,10,197.0,-1.62
40130.0,8,124.0,3.3513513513513513,6.90870124148364,8,124.0,0.2617514267953774,8,124.0,0.73
40135.0,7,119.0,3.2162162162162162,8.004454900510817,7,76.0,0.3530108815540879,7,76.0,0.48
40140.0,7,154.0,4.4,7.956876487452099,7,154.0,0.3752692240990566,7,154.0,-0.78
40145.0,8,107.0,3.057142857142857,7.000095904604893,8,107.0,0.3044714113780944,8,107.0,0.47
40150.0,6,118.0,3.6875,8.177859507035906,6,89.0,0.401742188205269,6,89.0,0.18000000000000005
40155.0,6,148.0,4.228571428571429,7.794526245651077,6,148.0,0.35685184443635587,6,148.0,-0.59
40160.0,6,67.0,1.9142857142857144,8.425870119448176,6,67.0,0.40262980521834,6,67.0,0.8099999999999999
40165.0,7,63.0,1.8,7.942610636649912,7,15.0,0.35341460558478055,7,15.0,0.52
40170.0,6,91.0,2.676470588235294,8.767892044161199,6,91.0,0.4287030463250822,6,91.0,-0.76
40175.0,4,39.0,1.1470588235294117,9.186294543460535,4,39.0,0.4812689364803158,4,39.0,0.52
40180.0,5,49.0,1.4411764705882353,7.976600706171934,5,21.0,0.3587998086493121,5,21.0,0.18000000000000002
40185.0,6,79.0,2.323529411764706,9.045703199498261,6,79.0,0.45953290618214065,6,79.0,-0.5800000000000001
40190.0,5,82.0,2.2162162162162162,7.515180327881597,5,82.0,0.3248269286823943,5,82.0,-0.029999999999999916
40195.0,6,111.0,3.0,8.60680264346818,6,98.0,0.4140247514159303,6,98.0,-0.16000000000000003
40200.0,6,141.0,4.2727272727272725,9.253791346333582,6,141.0,0.46801121208428836,6,141.0,-0.42999999999999994
40205.0,6,62.0,1.8235294117647058,7.631968311570026,6,62.0,0.313980881849635,6,62.0,0.7899999999999999
40210.0,4,63.0,1.9090909090909092,9.219601533975531,4,20.0,0.45141555482379403,4,20.0,0.42
40215.0,4,83.0,2.3714285714285714,8.660089331207805,4,83.0,0.40655008859491604,4,83.0,-0.6299999999999999
40220.0,6,73.0,2.212121212121212,8.846659241318916,6,73.0,0.42672214144135107,6,73.0,0.09999999999999998
40225.0,8,103.0,3.121212121212121,8.444427666653118,8,67.0,0.360395827790937,8,67.0,0.05999999999999994
40230.0,9,145.0,4.53125,8.356266640623085,9,145.0,0.3588978400654129,9,145.0,-0.7799999999999999
40235.0,6,96.0,3.2,8.511350299319421,6,96.0,0.3876320820656914,6,96.0,0.49
40240.0,7,118.0,3.5757575757575757,7.450160860765868,7,79.0,0.31731333869951406,7,79.0,0.16999999999999993
40245.0,8,157.0,5.064516129032258,8.31350367018032,8,157.0,0.40500951284412584,8,157.0,-0.78
40250.0,6,92.0,2.967741935483871,7.010765142086021,6,92.0,0.3156847892510453,6,92.0,0.65
40255.0,6,108.0,3.4838709677419355,8.223542150097089,6,67.0,0.38835732915793697,6,67.0,0.25
40260.0,6,138.0,4.6,8.491900754480357,6,138.0,0.41336741692929846,6,138.0,-0.7099999999999999
40265.0,6,62.0,2.0,7.06534879345582,6,62.0,0.328921785256651,6,62.0,0.7599999999999999
40270.0,5,65.0,2.096774193548387,8.079560864828615,5,22.0,0.38588945182959783,5,22.0,0.4
40275.0,5,86.0,2.6875,7.7303807441348935,5,86.0,0.3653258004566783,5,86.0,-0.64
40280.0,8,83.0,2.59375,7.953348639164363,8,83.0,0.3729947358051044,8,83.0,0.030000000000000027
40285.0,11,123.0,3.5142857142857142,7.221804094860172,11,89.0,0.3027548784795918,11,89.0,-0.06000000000000005
40290.0,11,175.0,5.0,7.735305676847023,11,175.0,0.32591951109107337,11,175.0,-0.86
40295.0,8,130.0,3.823529411764706,7.956855879013106,8,130.0,0.35199071931461956,8,130.0,0.44999999999999996
40300.0,9,163.0,4.527777777777778,7.084022669496941,9,123.0,0.30034434110283903,9,123.0,0.07000000000000006
40305.0,10,212.0,6.057142857142857,7.902786108023265,10,212.0,0.37113542131942234,10,212.0,-0.8900000000000001
40310.0,10,160.0,4.705882352941177,6.267441356534917,10,160.0,0.2700353890761508,10,160.0,0.52
40315.0,8,185.0,5.78125,7.563183074333552,8,143.0,0.3439032401107386,8,143.0,0.17000000000000015
40320.0,8,225.0,7.258064516129032,8.268643317759665,8,225.0,0.39903360553213185,8,225.0,-0.8200000000000001
40325.0,7,128.0,3.764705882352941,7.373107711903532,7,128.0,0.32409879833705213,7,128.0,0.97
40330.0,5,60.0,1.875,8.045522078450468,5,16.0,0.37137050627423857,5,16.0,1.12
40335.0,7,81.0,2.3823529411764706,7.256745431115155,7,81.0,0.3186105038881295,7,81.0,-0.65
40340.0,6,91.0,2.676470588235294,8.218837684981986,6,91.0,0.39911690313740456,6,91.0,-0.09999999999999998
40345.0,10,130.0,3.611111111111111,7.75700703221311,10,118.0,0.34726826366782915,10,118.0,-0.2699999999999999
40350.0,11,178.0,5.235294117647059,7.408579085499992,11,178.0,0.3365069571809381,11,178.0,-0.6000000000000001
40355.0,7,180.0,5.294117647058823,8.067339967364818,7,180.0,0.3806408941410804,7,180.0,-0.020000000000000018
40360.0,8,186.0,5.166666666666667,7.12750844152956,8,174.0,0.2949329528126141,8,174.0,0.06000000000000005
40365.0,8,226.0,6.647058823529412,7.966142438658773,8,226.0,0.3891974085687005,8,226.0,-0.5199999999999998
40370.0,8,133.0,3.5945945945945947,6.600400875199594,7,132.0,0.2775471018483612,7,132.0,0.9399999999999997
40375.0,8,126.0,3.4054054054054053,7.4760720417919515,8,72.0,0.30416478992714646,8,72.0,0.6000000000000001
40380.0,6,153.0,4.371428571428571,8.540678752927018,6,153.0,0.4062024952049688,6,153.0,-0.81
40385.0,9,84.0,2.27027027027027,7.409631025594918,9,84.0,0.32447761288310456,9,84.0,0.6900000000000001
40390.0,10,130.0,3.611111111111111,7.6078417315252675,10,51.0,0.312409038768029,10,51.0,0.32999999999999996
40395.0,13,185.0,5.138888888888889,6.524243984522683,13,185.0,0.24013093743776717,13,185.0,-1.34
40400.0,10,168.0,4.9411764705882355,7.347417450881011,10,168.0,0.3253987522954674,10,168.0,0.17000000000000015
40405.0,13,208.0,5.777777777777778,6.756043199702882,13,172.0,0.28677177635511264,13,172.0,-0.040000000000000036
40410.0,11,261.0,7.457142857142857,7.551530177909716,11,261.0,0.35248365685490635,11,261.0,-0.8899999999999999
40415.0,11,316.0,9.575757575757576,7.615442560755728,11,316.0,0.366583617585842,11,316.0,-0.5500000000000003
40420.0,14,377.0,11.088235294117647,6.311263285652604,14,377.0,0.24392745671845614,14,377.0,-0.6099999999999999
40425.0,14,447.0,13.147058823529411,6.733092704815064,14,447.0,0.30093713911334824,14,447.0,-0.6999999999999997
40430.0,14,377.0,10.472222222222221,5.374497958295193,14,377.0,0.20541789256601092,14,377.0,0.6999999999999997
40435.0,9,301.0,8.36111111111111,6.610398649115007,9,257.0,0.3053837417876407,9,257.0,1.2000000000000002
40440.0,9,346.0,9.885714285714286,7.293787011662001,9,346.0,0.3771553271020392,9,346.0,-0.8900000000000001
40445.0,14,403.0,11.194444444444445,6.052567292136831,14,403.0,0.28108933818665205,14,403.0,-0.5700000000000003
40450.0,15,475.0,13.194444444444445,6.530307706023083,15,475.0,0.26793084307349135,15,475.0,-0.7199999999999998
40455.0,18,555.0,15.0,5.54566229342108,18,555.0,0.1997777710291,18,555.0,-0.7999999999999998
40460.0,15,594.0,16.054054054054053,5.994802512729318,15,594.0,0.24607663016706494,15,594.0,-0.39000000000000057
40465.0,16,642.0,16.894736842105264,5.807970084136936,16,629.0,0.25907665469773944,16,629.0,-0.34999999999999964
40470.0,15,715.0,19.324324324324323,6.28124161072966,15,715.0,0.3076041848518075,15,715.0,-0.8600000000000003
40475.0,16,793.0,21.43243243243243,5.957666557176837,16,793.0,0.2609270365702055,16,793.0,-0.7799999999999994
40480.0,19,883.0,22.075,5.307493698160846,19,883.0,0.2123240177062809,19,883.0,-0.9000000000000004
40485.0,19,978.0,25.076923076923077,5.532750568893715,19,978.0,0.22925312944998083,19,978.0,-0.9499999999999993
40490.0,18,901.0,22.525,4.894852867837712,18,901.0,0.192076941896317,18,901.0,0.7699999999999996
40495.0,15,898.0,23.025641025641026,5.446714485590549,15,831.0,0.24007174618082208,15,831.0,0.6999999999999993
40500.0,16,975.0,26.35135135135135,5.701779331237518,16,975.0,0.27003629325327233,16,975.0,-1.4399999999999995
40505.0,17,993.0,24.21951219512195,5.043775991871874,17,993.0,0.2200985437427907,17,993.0,-0.17999999999999972
40510.0,16,1070.0,26.097560975609756,5.870747345829381,16,1042.0,0.24768744215693506,16,1042.0,-0.4900000000000002
40515.0,18,1156.0,26.272727272727273,5.8240040130890405,18,1156.0,0.2332405215430804,18,1156.0,-1.1400000000000006
40520.0,15,808.0,18.363636363636363,6.247092899050897,15,808.0,0.2520655485228879,15,808.0,3.4800000000000004
40525.0,13,345.0,7.840909090909091,6.339413368667218,13,197.0,0.26111765641705587,13,197.0,6.11
40530.0,8,134.0,3.0454545454545454,7.345350863259631,8,134.0,0.3301083319585393,8,134.0,0.6299999999999999
40535.0,9,141.0,3.2790697674418605,7.366647987980463,9,141.0,0.3090548823300373,9,141.0,-0.06999999999999984
40540.0,16,206.0,4.5777777777777775,6.2465365825264145,16,206.0,0.22636073020756484,16,206.0,-0.6500000000000001
40545.0,19,298.0,6.930232558139535,6.319829117082881,19,298.0,0.2238441601006167,19,298.0,-0.9199999999999999
40550.0,19,361.0,8.022222222222222,5.351070072351719,19,361.0,0.15126950106726117,19,361.0,-0.6299999999999999
40555.0,19,456.0,10.363636363636363,6.033012767585863,19,437.0,0.2144180927158139,19,437.0,-0.7600000000000002
40560.0,20,553.0,13.166666666666666,5.699743991173402,20,553.0,0.21499819395771758,20,553.0,-1.1600000000000001
40565.0,18,561.0,13.046511627906977,5.155819770951685,18,561.0,0.20177354240631945,18,561.0,-0.08000000000000007
40570.0,13,486.0,11.571428571428571,5.876853384697661,13,458.0,0.24028478485017402,13,458.0,1.0300000000000002
40575.0,10,413.0,9.386363636363637,6.523151308695551,10,413.0,0.283601829561148,10,413.0,0.4500000000000002
40580.0,10,456.0,10.604651162790697,7.252379933299087,10,456.0,0.3303583396598943,10,456.0,-0.4299999999999997
40585.0,17,514.0,11.953488372093023,5.869153289337261,16,512.0,0.2409538045052253,16,512.0,-0.5600000000000005
40590.0,19,599.0,14.261904761904763,5.959983511622651,19,599.0,0.2385389066696829,19,599.0,-0.8700000000000001
40595.0,19,694.0,16.523809523809526,5.9938963523632385,19,694.0,0.22233255172546615,19,694.0,-0.9500000000000002
40600.0,20,750.0,17.045454545454547,5.35802976295532,20,750.0,0.16992830243537116,20,750.0,-0.5599999999999996
40605.0,15,767.0,17.837209302325583,6.120734731315742,15,754.0,0.2428399180819238,15,754.0,-0.040000000000000036
40610.0,17,844.0,19.627906976744185,5.4739955320337055,17,844.0,0.2271553283557428,17,844.0,-0.8999999999999995
40615.0,17,599.0,13.930232558139535,5.59207156489228,17,599.0,0.22417360461738545,17,599.0,2.4499999999999993
40620.0,14,278.0,6.465116279069767,5.84329001837645,14,170.0,0.2193624486549378,14,170.0,4.29
40625.0,11,209.0,4.644444444444445,6.3978632747699145,11,209.0,0.27490587124715066,11,209.0,-0.3899999999999999
40630.0,11,141.0,3.2045454545454546,6.933062083030606,11,141.0,0.3145256989066725,11,141.0,0.6799999999999999
40635.0,15,173.0,3.8444444444444446,5.986840699491358,15,125.0,0.22308797468881397,15,125.0,0.15999999999999992
40640.0,16,253.0,5.75,6.961448292331013,16,253.0,0.2967251235593934,16,253.0,-1.2799999999999998
40645.0,18,286.0,6.355555555555555,6.1693304689746205,18,286.0,0.2397759199793559,18,286.0,-0.33000000000000007
40650.0,12,278.0,6.177777777777778,7.168081636657668,12,265.0,0.28945200091168366,12,265.0,0.20999999999999996
40655.0,10,307.0,7.1395348837209305,7.334531744353791,10,307.0,0.31885656473023877,10,307.0,-0.41999999999999993
40660.0,13,366.0,8.133333333333333,6.826146083947741,13,366.0,0.2845323489733192,13,366.0,-0.5900000000000003
40665.0,13,281.0,6.534883720930233,6.818052959805384,13,281.0,0.2799433753208301,13,281.0,0.8500000000000001
40670.0,10,169.0,3.840909090909091,6.1113369190729605,10,121.0,0.2216409691920941,10,121.0,1.6
40675.0,10,217.0,4.931818181818182,7.182311437425697,10,217.0,0.30824683232104994,10,217.0,-0.96
40680.0,11,183.0,4.159090909090909,6.7351210984079275,11,183.0,0.25707711848945985,11,183.0,0.33999999999999986
40685.0,13,235.0,5.340909090909091,6.39251615465162,13,202.0,0.236934470619959,13,202.0,-0.18999999999999995
40690.0,13,300.0,6.976744186046512,7.0144405269605326,13,300.0,0.29528386230885173,13,300.0,-0.98
40695.0,14,277.0,6.441860465116279,5.822340364886373,14,277.0,0.22491674280916205,14,277.0,0.22999999999999998
40700.0,11,293.0,6.813953488372093,7.090137077142483,11,265.0,0.33079314354605244,11,265.0,0.1200000000000001
40705.0,14,349.0,8.116279069767442,7.144591889743846,14,349.0,0.3386761978775379,14,349.0,-0.8400000000000003
40710.0,13,318.0,7.571428571428571,6.656122553830799,12,317.0,0.282628255996512,12,317.0,0.3200000000000003
40715.0,9,242.0,5.902439024390244,7.406821773354323,9,213.0,0.3177554944370453,9,213.0,1.04
40720.0,9,277.0,6.441860465116279,6.732454568556367,9,277.0,0.2590528952023601,9,277.0,-0.6400000000000001
40725.0,11,256.0,6.564102564102564,6.724239682399263,11,256.0,0.2879764703387647,11,256.0,0.20999999999999996
40730.0,13,310.0,7.560975609756097,5.5671607559608915,13,282.0,0.2005857602856522,13,282.0,-0.2599999999999998
40735.0,14,380.0,9.5,6.467162361704581,14,380.0,0.2693670025084831,14,380.0,-0.98
40740.0,12,210.0,5.384615384615385,6.559835463752564,12,210.0,0.2826955517161185,12,210.0,1.6999999999999997
40745.0,15,278.0,6.465116279069767,6.140680162537887,14,141.0,0.23473757768553583,14,141.0,0.6900000000000002
40750.0,15,352.0,8.380952380952381,6.571474153150421,15,216.0,0.25671853625412017,15,216.0,-0.7500000000000002
40755.0,17,433.0,10.069767441860465,6.023390138065695,17,433.0,0.22579802753206288,17,433.0,-2.17
40760.0,15,409.0,9.738095238095237,6.5373295590388825,15,409.0,0.25842804389368185,15,409.0,0.2400000000000002
40765.0,13,306.0,7.463414634146342,6.26319690312519,13,272.0,0.2415275857538442,13,272.0,1.3699999999999997
40770.0,11,345.0,8.625,7.3015752956863595,11,345.0,0.32918713984455406,11,345.0,-0.73
40775.0,11,214.0,5.487179487179487,6.6631836663736905,11,214.0,0.2695504105918594,11,214.0,1.31
40780.0,12,156.0,3.9,6.0570230435058345,12,93.0,0.2408312942374144,12,93.0,1.21
40785.0,12,216.0,5.538461538461538,7.095224784609997,12,216.0,0.32057436693746844,12,216.0,-1.23
40790.0,14,234.0,5.571428571428571,5.758889589064207,14,234.0,0.20686492721529634,14,234.0,-0.17999999999999972
40795.0,12,246.0,6.0,6.487202989350369,12,233.0,0.25151539627272135,12,233.0,0.009999999999999787
40800.0,11,300.0,7.6923076923076925,6.609986799864303,11,300.0,0.2702170390734246,11,300.0,-0.6699999999999999
40805.0,14,193.0,4.595238095238095,5.81742377927285,14,193.0,0.21819191183064116,14,193.0,1.07
40810.0,11,161.0,3.8333333333333335,6.5293470771455,11,98.0,0.2658474482590892,11,98.0,0.95
40815.0,13,220.0,5.116279069767442,5.950943170488654,13,220.0,0.23006237592338963,13,220.0,-1.2200000000000002
40820.0,13,285.0,6.627906976744186,7.130812453581262,13,285.0,0.31368760625375275,13,285.0,-0.6499999999999999
40825.0,16,245.0,5.6976744186046515,5.871882246442312,16,245.0,0.230386730956748,16,245.0,0.3999999999999999
40830.0,11,229.0,5.4523809523809526,7.008200667174541,11,196.0,0.3081332088882262,11,196.0,0.4900000000000002
40835.0,11,284.0,6.926829268292683,7.5240682546461,11,284.0,0.3497832672598263,11,284.0,-0.8799999999999999
40840.0,14,237.0,5.780487804878049,5.925204273378428,14,237.0,0.22043167793425017,14,237.0,0.46999999999999975
40845.0,11,170.0,4.25,6.9317969540056925,10,134.0,0.2994436815795751,10,134.0,1.03
40850.0,13,217.0,5.046511627906977,5.921865583702184,13,217.0,0.2100475266709159,13,217.0,-0.8299999999999998
40855.0,12,228.0,5.3023255813953485,6.9225471315591705,12,228.0,0.2759177865088682,12,228.0,-0.10999999999999988
40860.0,13,286.0,7.15,6.561200666433118,13,272.0,0.26287005534260627,13,272.0,-0.4400000000000004
40865.0,15,360.0,8.372093023255815,6.494725030901033,15,360.0,0.2649609927013728,15,360.0,-0.8799999999999999
40870.0,13,311.0,7.404761904761905,6.960092005282379,13,311.0,0.2942871323699381,13,311.0,0.4900000000000002
40875.0,15,381.0,8.659090909090908,6.72110388031004,15,294.0,0.2653071003774634,15,294.0,0.16999999999999993
40880.0,16,458.0,11.170731707317072,7.021701165951796,16,458.0,0.29326650823403194,16,458.0,-1.6400000000000001
40885.0,18,356.0,8.476190476190476,6.017149182480027,18,356.0,0.21728133937594024,18,356.0,1.02
40890.0,11,287.0,7.175,6.880130790391893,11,229.0,0.2895404626845126,11,229.0,1.27
40895.0,11,342.0,8.76923076923077,7.826090708809738,11,342.0,0.3701259793687897,11,342.0,-1.13
40900.0,14,264.0,6.6,6.006425971613745,14,264.0,0.23179805356378144,14,264.0,0.7799999999999998
40905.0,10,112.0,2.871794871794872,6.996187564920305,10,68.0,0.2828801214463087,10,68.0,1.96
40910.0,9,124.0,3.024390243902439,6.6408722192498475,9,124.0,0.27174912502063325,9,124.0,-0.5599999999999999
40915.0,10,99.0,2.4146341463414633,6.995110579588578,10,99.0,0.28155656398059287,10,99.0,0.25
40920.0,12,151.0,4.081081081081081,6.72493532701931,12,119.0,0.27091268090893,12,119.0,-0.19999999999999996
40925.0,14,221.0,5.525,6.748006050764,14,221.0,0.2675319580710774,14,221.0,-1.02
40930.0,12,241.0,6.17948717948718,6.756222313164835,11,240.0,0.2667872614553174,11,240.0,-0.18999999999999995
40935.0,10,229.0,5.4523809523809526,6.542640321957718,10,216.0,0.23215441377952958,10,216.0,0.23999999999999977
40940.0,9,271.0,6.4523809523809526,7.656219634585423,9,271.0,0.32960605529869746,9,271.0,-0.5499999999999998
40945.0,13,186.0,4.325581395348837,6.470992703050547,13,186.0,0.2482444085757054,13,186.0,0.8499999999999999
40950.0,9,109.0,2.658536585365854,7.029012322756108,9,66.0,0.2869168606893155,9,66.0,1.2000000000000002
40955.0,9,154.0,3.948717948717949,7.181992122664462,9,154.0,0.3063984243634505,9,154.0,-0.88
40960.0,11,205.0,5.256410256410256,6.2846034350478055,11,205.0,0.2683217770748866,11,205.0,-0.5099999999999998
40965.0,12,205.0,5.256410256410256,6.6002825196410635,12,205.0,0.2709814040676945,12,205.0,0.0
40970.0,9,177.0,4.317073170731708,6.289226495657176,9,158.0,0.23976163040921677,9,158.0,0.46999999999999975
40975.0,10,226.0,5.512195121951219,7.685376185638866,10,226.0,0.33534296721054185,10,226.0,-0.6799999999999997
40980.0,10,276.0,6.9,7.536438237643755,10,276.0,0.29962931223353373,10,276.0,-0.5
40985.0,12,334.0,8.146341463414634,7.058205825968835,12,334.0,0.28633419518299963,12,334.0,-0.5800000000000001
40990.0,9,263.0,6.575,7.484881187912949,9,263.0,0.30900819762608944,9,263.0,0.71
40995.0,8,274.0,6.682926829268292,7.108886450725757,8,224.0,0.29660730735308033,8,224.0,0.3899999999999997
41000.0,9,319.0,8.179487179487179,8.068638561028012,9,319.0,0.4012857427583654,9,319.0,-0.9499999999999997
41005.0,11,239.0,5.690476190476191,6.9798839284501,11,239.0,0.3208066995051045,11,239.0,0.7999999999999998
41010.0,6,191.0,4.775,7.733793560156181,6,152.0,0.3694284436047531,6,152.0,0.8700000000000001
41015.0,6,221.0,5.525,8.952490413166135,6,221.0,0.4826561841057554,6,221.0,-0.69
41020.0,7,226.0,5.512195121951219,7.771255297090697,7,226.0,0.363738081384969,7,226.0,-0.04999999999999982
41025.0,9,265.0,6.794871794871795,8.030953132789499,9,252.0,0.35601561672839904,9,252.0,-0.26000000000000023
41030.0,9,310.0,7.560975609756097,7.573843538249267,9,310.0,0.30887150932525204,9,310.0,-0.5800000000000001
41035.0,9,284.0,7.473684210526316,7.724617014963551,9,284.0,0.31161974752186455,9,284.0,0.26000000000000023
41040.0,7,314.0,8.971428571428572,8.148587507118034,7,279.0,0.32820374952488374,7,279.0,0.04999999999999982
41045.0,9,355.0,9.342105263157896,7.948320709439182,9,355.0,0.3363370327625873,9,355.0,-0.7599999999999998
41050.0,7,312.0,8.914285714285715,8.100398583105715,7,312.0,0.376764236360079,7,312.0,0.4299999999999997
41055.0,7,309.0,8.583333333333334,7.317478604124897,7,281.0,0.3008182917294937,7,281.0,0.31000000000000005
41060.0,7,342.0,10.058823529411764,8.30145255591006,7,342.0,0.39115388794036743,7,342.0,-0.6099999999999999
41065.0,9,352.0,10.057142857142857,7.45317343622372,9,352.0,0.343155434152102,9,352.0,-0.10000000000000009
41070.0,9,393.0,11.558823529411764,7.592528083849014,9,376.0,0.3586264251744259,9,376.0,-0.23999999999999977
41075.0,9,438.0,13.272727272727273,8.152247385610178,9,438.0,0.38720920204960874,9,438.0,-0.6200000000000001
41080.0,12,490.0,13.61111111111111,6.796501864337349,12,490.0,0.2654789365433638,12,490.0,-0.5200000000000005
41085.0,12,550.0,16.176470588235293,7.4663529085196885,12,550.0,0.3134220569507902,12,550.0,-0.5999999999999996
41090.0,9,532.0,14.777777777777779,6.538404463099875,9,532.0,0.2437664141327016,9,532.0,0.17999999999999972
41095.0,10,566.0,16.647058823529413,7.221377896301634,10,543.0,0.3085003517569693,10,543.0,-0.10999999999999943
41100.0,10,616.0,18.11764705882353,7.5789622223370126,10,616.0,0.3404475168308377,10,616.0,-0.7300000000000004
41105.0,9,525.0,14.18918918918919,6.5502459560414374,9,525.0,0.27544087119882066,9,525.0,0.9100000000000001
41110.0,7,513.0,14.25,7.756280435334568,7,459.0,0.35952242855741834,7,459.0,0.6600000000000001
41115.0,8,550.0,14.864864864864865,7.5556609428197365,8,550.0,0.33290756971414126,8,550.0,-0.9100000000000001
41120.0,8,117.0,3.1621621621621623,7.980352549086046,8,117.0,0.35319855126726135,8,117.0,4.33
41125.0,9,110.0,3.142857142857143,7.8388848547656815,9,-106.0,0.34989656205893027,9,-106.0,2.23
41130.0,10,157.0,4.485714285714286,8.143429848659244,10,157.0,0.37255906067734224,10,157.0,-2.63
41135.0,7,117.0,3.342857142857143,8.168362606176872,7,117.0,0.36669391653987216,7,117.0,0.40000000000000013
41140.0,9,143.0,3.864864864864865,7.354178971208902,9,107.0,0.2973909881413235,9,107.0,0.09999999999999987
41145.0,9,188.0,5.371428571428571,8.135985484510085,9,188.0,0.3916256507130662,9,188.0,-0.8099999999999998
41150.0,7,125.0,3.289473684210526,7.000215524028098,7,125.0,0.2845308547311252,7,125.0,0.6299999999999999
41155.0,7,144.0,4.0,7.924226686871915,7,101.0,0.3523611094209682,7,101.0,0.24
41160.0,7,179.0,5.114285714285714,8.563548124363093,7,179.0,0.4071400821723854,7,179.0,-0.78
41165.0,6,87.0,2.3513513513513513,7.416201313319844,6,87.0,0.31372471223294873,6,87.0,0.92
41170.0,4,63.0,1.8,8.701366868616708,4,20.0,0.41056082757467804,4,20.0,0.6699999999999999
41175.0,5,84.0,2.27027027027027,8.459961809517864,5,84.0,0.38721576789136075,5,84.0,-0.6399999999999999
41180.0,7,76.0,2.111111111111111,8.771129237616158,7,76.0,0.4091511386556039,7,76.0,0.07999999999999996
41185.0,9,111.0,3.0833333333333335,8.021350417027964,9,74.0,0.31731515855038916,9,74.0,0.020000000000000018
41190.0,10,160.0,4.444444444444445,8.242738041194292,10,160.0,0.3387139388223328,10,160.0,-0.8600000000000001
41195.0,7,165.0,4.852941176470588,8.27300272698759,7,165.0,0.35583258163086817,7,165.0,-0.04999999999999982
41200.0,9,205.0,5.694444444444445,7.316599814451122,9,192.0,0.29775666791036925,9,192.0,-0.27
41205.0,10,254.0,7.9375,7.684218328988033,10,254.0,0.350483796694847,10,254.0,-0.6200000000000001
41210.0,11,297.0,8.735294117647058,6.948806427231392,11,297.0,0.28216311464688415,11,297.0,-0.43000000000000016
41215.0,12,353.0,11.03125,7.160390796028839,12,349.0,0.2931956628744204,12,349.0,-0.52
41220.0,12,413.0,12.90625,6.779230756122848,12,413.0,0.27013724645323767,12,413.0,-0.6399999999999997
41225.0,12,332.0,9.764705882352942,5.951577015735091,12,332.0,0.23698278878179016,12,332.0,0.81
41230.0,9,330.0,10.3125,6.816656997086307,9,273.0,0.3197726564108979,9,273.0,0.5899999999999999
41235.0,10,378.0,11.454545454545455,6.283131068316304,10,378.0,0.3016881900793446,10,378.0,-1.0499999999999998
41240.0,10,391.0,11.848484848484848,6.894007295357775,10,391.0,0.326361962882313,10,391.0,-0.13000000000000034
41245.0,13,441.0,12.25,7.161680674898069,13,420.0,0.32539777848878637,13,420.0,-0.29000000000000004
41250.0,12,496.0,13.777777777777779,7.477470678392895,12,496.0,0.33406984535884426,12,496.0,-0.7599999999999998
41255.0,12,556.0,16.352941176470587,7.24819130035009,12,556.0,0.30160661505578884,12,556.0,-0.5999999999999996
41260.0,15,625.0,17.857142857142858,6.134519247081903,15,625.0,0.21473172923777972,15,625.0,-0.6900000000000004
41265.0,15,700.0,20.0,6.430319130338802,15,700.0,0.2695128558814271,15,700.0,-0.75
41270.0,15,460.0,12.432432432432432,5.181843978904071,15,460.0,0.18723751038745443,15,460.0,2.4000000000000004
41275.0,10,204.0,5.513513513513513,6.451199507382618,10,90.0,0.28793520976168696,10,90.0,3.6999999999999997
41280.0,7,183.0,5.083333333333333,6.985353970665431,7,183.0,0.34084912671171014,7,183.0,-0.93
41285.0,9,99.0,2.475,6.368626512174059,9,99.0,0.28340069182658806,9,99.0,0.8400000000000001
41290.0,10,97.0,2.5526315789473686,6.909632590557744,10,54.0,0.3163965025680326,10,54.0,0.44999999999999996
41295.0,12,151.0,3.871794871794872,6.431029429183686,12,151.0,0.28803759891257397,12,151.0,-0.97
41300.0,11,124.0,3.1794871794871793,7.070070376163874,11,124.0,0.3264609265902144,11,124.0,0.27
41305.0,14,169.0,4.023809523809524,6.7670527197687065,14,132.0,0.2828859427492603,14,132.0,-0.08000000000000007
41310.0,12,226.0,5.794871794871795,7.431058345915415,12,226.0,0.33207633322598296,12,226.0,-0.9399999999999997
41315.0,9,190.0,5.135135135135135,7.348214860268117,9,190.0,0.33484044616018405,9,190.0,0.3599999999999999
41320.0,7,81.0,2.025,7.126572713181927,7,53.0,0.2838088082207331,7,53.0,1.3699999999999999
41325.0,6,90.0,2.3076923076923075,8.343484573411043,6,90.0,0.3884816696598314,6,90.0,-0.37
41330.0,6,39.0,0.9285714285714286,7.1828806204763085,6,39.0,0.2763172823784781,6,39.0,0.51
41335.0,9,69.0,1.6829268292682926,7.9336617743721165,9,41.0,0.33819262994158616,9,41.0,-0.019999999999999962
41340.0,9,114.0,3.081081081081081,8.056333640374573,9,114.0,0.35784592233138324,9,114.0,-0.73
41345.0,9,117.0,2.925,7.248944021487597,9,117.0,0.2848922802594998,9,117.0,-0.030000000000000027
41350.0,5,95.0,2.4358974358974357,8.634594564024118,5,82.0,0.4057453066969273,5,82.0,0.35
41355.0,6,121.0,3.1842105263157894,7.929613479003695,6,121.0,0.35604711928740707,6,121.0,-0.39
41360.0,8,141.0,3.810810810810811,8.16546543840465,8,141.0,0.3812145863515303,8,141.0,-0.19999999999999996
41365.0,11,181.0,4.7631578947368425,7.759774222192804,11,170.0,0.3352157998313014,11,170.0,-0.29000000000000004
41370.0,10,229.0,6.1891891891891895,8.110118403477204,10,229.0,0.3666385201003087,10,229.0,-0.5900000000000001
41375.0,7,228.0,6.514285714285714,8.313925432386561,7,228.0,0.37934028745972015,7,228.0,0.010000000000000231
41380.0,9,256.0,7.111111111111111,7.128950695079502,9,243.0,0.29604365568174784,9,243.0,-0.15000000000000036
41385.0,9,301.0,8.36111111111111,8.146688376017135,9,301.0,0.38753387631703684,9,301.0,-0.5799999999999996
41390.0,8,171.0,4.5,7.129872663122051,7,170.0,0.3103576161995328,7,170.0,1.3099999999999998
41395.0,6,118.0,3.2777777777777777,7.691328203374152,6,53.0,0.3272811971766501,6,53.0,1.17
41400.0,5,140.0,4.242424242424242,8.18728714626738,5,140.0,0.3749446897764126,5,140.0,-0.8699999999999999
41405.0,9,67.0,1.9142857142857144,6.658240419528535,9,67.0,0.28328156265636506,9,67.0,0.7299999999999999
41410.0,10,117.0,3.4411764705882355,7.583151024605608,10,36.0,0.34687842213287723,10,36.0,0.31000000000000005
41415.0,11,170.0,4.722222222222222,7.035387889153418,11,170.0,0.3139855347217226,11,170.0,-1.3399999999999999
41420.0,10,147.0,4.323529411764706,7.415608464275129,10,147.0,0.33695915677362637,10,147.0,0.22999999999999998
41425.0,12,187.0,5.194444444444445,6.503864950031706,12,150.0,0.2896661869455772,12,150.0,-0.030000000000000027
41430.0,11,242.0,6.722222222222222,7.353421295000775,11,242.0,0.3594861901376359,11,242.0,-0.9199999999999999
41435.0,8,203.0,5.970588235294118,7.713190564130967,8,203.0,0.3877976437483848,8,203.0,0.3900000000000001
41440.0,9,232.0,6.444444444444445,6.623852803067651,9,192.0,0.28080037099159944,9,192.0,0.10999999999999988
41445.0,10,282.0,8.294117647058824,7.368076956948919,10,282.0,0.34683524351929645,10,282.0,-0.8999999999999999
41450.0,11,335.0,9.054054054054054,6.832869193083549,11,335.0,0.3093897006509477,11,335.0,-0.5300000000000002
41455.0,11,377.0,10.472222222222221,7.32805799448869,11,377.0,0.3291671684844247,11,377.0,-0.41999999999999993
41460.0,11,432.0,12.705882352941176,6.802532563333243,11,421.0,0.27727232142866737,11,421.0,-0.43999999999999995
41465.0,14,499.0,13.86111111111111,5.930754916217986,14,499.0,0.24315796632786305,14,499.0,-0.7800000000000002
41470.0,11,365.0,10.13888888888889,6.447658940391497,11,365.0,0.2826183145914868,11,365.0,1.3400000000000003
41475.0,7,132.0,3.473684210526316,6.271313985239509,7,68.0,0.28248749017610403,7,68.0,2.9699999999999998
41480.0,6,114.0,3.0,7.542705671585303,6,114.0,0.38072001567088093,6,114.0,-0.45999999999999985
41485.0,10,118.0,2.8780487804878048,7.021698476769213,10,118.0,0.32977481604665426,10,118.0,-0.040000000000000036
41490.0,12,171.0,4.275,7.187459979506789,12,153.0,0.32100115325831763,12,153.0,-0.3500000000000001
41495.0,12,231.0,6.416666666666667,7.446346405117797,12,231.0,0.35201656073947496,12,231.0,-0.78
41500.0,15,296.0,7.7894736842105265,6.094766426739112,15,296.0,0.24266002722130683,15,296.0,-0.6499999999999999
41505.0,15,371.0,9.763157894736842,6.740885182777746,15,371.0,0.2650097979682281,15,371.0,-0.75
41510.0,16,448.0,12.108108108108109,5.946952501223729,16,448.0,0.2007269666704779,16,448.0,-0.7700000000000005
41515.0,18,537.0,14.916666666666666,6.042073968437865,18,537.0,0.21861677682279915,18,537.0,-0.8899999999999997
41520.0,16,421.0,11.694444444444445,5.286867579268892,16,421.0,0.1819712571111568,16,421.0,1.1600000000000001
41525.0,13,373.0,9.564102564102564,5.681539197787562,13,298.0,0.2438503948511082,13,298.0,1.23
41530.0,13,438.0,11.837837837837839,6.485890689447133,13,438.0,0.31456393107952735,13,438.0,-1.4
41535.0,18,514.0,13.526315789473685,5.010563020917308,18,514.0,0.22174873127054814,18,514.0,-0.7599999999999998
41540.0,19,609.0,16.45945945945946,5.662212685718927,19,609.0,0.24933231276525364,19,609.0,-0.9500000000000002
41545.0,22,705.0,18.076923076923077,5.117137465476296,22,705.0,0.2141867388433505,22,705.0,-0.96
41550.0,19,761.0,20.026315789473685,5.0050784866505635,19,761.0,0.23264347516899872,19,761.0,-0.5600000000000005
41555.0,18,830.0,22.43243243243243,5.096596276738018,18,817.0,0.2595429459055397,18,817.0,-0.5599999999999996
41560.0,19,923.0,23.075,4.660321460520218,19,923.0,0.23005826852161546,19,923.0,-1.0600000000000005
41565.0,18,780.0,19.5,5.134543349984426,18,780.0,0.2387023435907478,18,780.0,1.4300000000000006
41570.0,14,467.0,10.86046511627907,5.244670778769433,14,389.0,0.22428208982746964,14,389.0,3.9099999999999997
41575.0,11,326.0,7.5813953488372094,6.384199481580998,11,326.0,0.2828384533567964,11,326.0,0.6300000000000003
41580.0,10,166.0,3.9523809523809526,6.358679842243454,10,166.0,0.27367285887168363,10,166.0,1.5999999999999999
41585.0,12,97.0,2.2045454545454546,5.986598597307133,12,21.0,0.24476918151666158,12,21.0,1.45
41590.0,14,166.0,3.9523809523809526,6.565469781793406,14,166.0,0.29601694347386703,14,166.0,-1.45
41595.0,15,194.0,4.311111111111111,5.716500844072534,15,194.0,0.22500511223527472,15,194.0,-0.28
41600.0,13,190.0,4.222222222222222,6.61573796490292,13,177.0,0.27405810056734226,13,177.0,0.16999999999999993
41605.0,13,198.0,4.212765957446808,6.008584982976809,13,198.0,0.23502111957245214,13,198.0,-0.20999999999999996
41610.0,12,211.0,4.48936170212766,6.504459663961648,12,211.0,0.2693922637599037,12,211.0,-0.1299999999999999
41615.0,15,256.0,5.565217391304348,6.947603350886724,15,243.0,0.29631685332132834,15,243.0,-0.3200000000000003
41620.0,19,338.0,7.511111111111111,6.053192181538077,19,338.0,0.2366750624372037,19,338.0,-0.9499999999999997
41625.0,16,377.0,8.568181818181818,6.091016628463802,16,377.0,0.22429206847691008,16,377.0,-0.3900000000000001
41630.0,15,369.0,8.2,5.692840529486528,14,353.0,0.20852791238723722,14,353.0,0.2400000000000002
41635.0,13,390.0,8.863636363636363,6.2064794539722135,13,390.0,0.23540792583368503,13,390.0,-0.3700000000000001
41640.0,15,255.0,5.930232558139535,6.128792371498594,15,255.0,0.21070367492857764,15,255.0,1.35
41645.0,16,199.0,4.5227272727272725,5.686076212294352,16,196.0,0.20835075618419363,16,196.0,0.5899999999999999
41650.0,14,266.0,6.186046511627907,6.545895009973889,14,265.0,0.2633907755745145,14,265.0,-0.69
41655.0,15,339.0,7.704545454545454,6.238175752218742,15,339.0,0.2797351017032024,15,339.0,-0.7400000000000002
41660.0,18,282.0,6.558139534883721,6.231068076356948,17,281.0,0.27206697698481164,17,281.0,0.5800000000000001
41665.0,21,368.0,8.177777777777777,5.27357328029863,21,368.0,0.19252223411990277,21,368.0,-0.8700000000000001
41670.0,20,468.0,10.4,6.081191228385092,20,373.0,0.23413019245647546,20,373.0,-0.04999999999999982
41675.0,17,454.0,10.80952380952381,6.005965941123372,17,454.0,0.2487402984617617,17,454.0,-0.81
41680.0,16,354.0,8.232558139534884,5.374833805836476,16,320.0,0.20962661802718435,16,320.0,1.3399999999999999
41685.0,12,328.0,7.809523809523809,6.265231652783453,12,328.0,0.27779464383195956,12,328.0,-0.07999999999999963
41690.0,14,224.0,4.977777777777778,5.458854336934733,14,224.0,0.20717333061352497,14,224.0,1.0399999999999996
41695.0,15,217.0,4.931818181818182,6.029032189870154,15,154.0,0.2463827574885362,15,154.0,0.7000000000000002
41700.0,15,292.0,6.636363636363637,6.128647488600154,15,292.0,0.24608569731967897,15,292.0,-1.38
41705.0,17,242.0,5.148936170212766,5.784964716483293,17,242.0,0.21483195367938687,17,242.0,0.5
41710.0,13,218.0,4.844444444444444,6.223810350563763,13,175.0,0.24375859560843727,13,175.0,0.6699999999999999
41715.0,15,289.0,6.282608695652174,6.213667484457713,15,289.0,0.25572967639518557,15,289.0,-1.1400000000000001
41720.0,15,274.0,6.088888888888889,6.5181207043272344,15,274.0,0.27477260017448213,15,274.0,0.1499999999999999
41725.0,15,187.0,4.065217391304348,5.971500891174117,15,159.0,0.23444840542256853,15,159.0,1.1500000000000001
41730.0,10,195.0,4.239130434782608,7.341997227689319,10,195.0,0.337541266088805,10,195.0,-0.3599999999999999
41735.0,10,155.0,3.4444444444444446,6.976581470563612,10,155.0,0.2968710288819627,10,155.0,0.3999999999999999
41740.0,13,178.0,3.7872340425531914,6.678651618325509,13,150.0,0.26430106417764215,13,150.0,0.050000000000000044
41745.0,14,246.0,5.3478260869565215,7.186511515415149,14,246.0,0.30617658039690515,14,246.0,-0.96
41750.0,14,242.0,5.148936170212766,6.063975601464836,14,242.0,0.2144626782329272,14,242.0,0.040000000000000036
41755.0,16,321.0,7.133333333333334,6.592956411709637,16,255.0,0.2678339168191415,16,255.0,-0.1299999999999999
41760.0,16,401.0,9.547619047619047,6.550859852171225,16,401.0,0.27589155496561285,16,401.0,-1.46
41765.0,19,491.0,10.911111111111111,5.919690121122988,19,491.0,0.19749630677740024,19,491.0,-0.9000000000000004
41770.0,16,430.0,10.238095238095237,6.205834251676035,16,430.0,0.23881459813995162,16,430.0,0.6100000000000003
41775.0,13,387.0,8.795454545454545,5.943428678329846,13,339.0,0.2283490334111208,13,339.0,0.9099999999999997
41780.0,14,457.0,10.627906976744185,6.93418206550279,14,457.0,0.3091839663931495,14,457.0,-1.1800000000000002
41785.0,17,438.0,10.186046511627907,5.7118368104291966,17,438.0,0.23405626815289185,17,438.0,0.1900000000000004
41790.0,15,502.0,11.952380952380953,6.622661299640345,15,469.0,0.2701702150536849,15,469.0,-0.3100000000000005
41795.0,15,577.0,14.425,6.859667800029305,15,577.0,0.2908252008297444,15,577.0,-1.0799999999999992
41800.0,16,611.0,15.275,5.558550624385669,16,611.0,0.21294031935673863,16,611.0,-0.34000000000000075
41805.0,14,664.0,17.025641025641026,6.505434636866927,14,651.0,0.2577484688322936,14,651.0,-0.39999999999999947
41810.0,15,737.0,17.547619047619047,6.092432582920983,15,737.0,0.2203543507815222,15,737.0,-0.8600000000000003
41815.0,14,574.0,13.666666666666666,6.565871065902526,14,574.0,0.2407641352129433,14,574.0,1.63
41820.0,10,240.0,5.853658536585366,6.805310954094543,10,162.0,0.2588692474376803,10,162.0,4.12
41825.0,7,95.0,2.159090909090909,7.378162903395193,7,95.0,0.3210249350036935,7,95.0,0.6700000000000002
41830.0,6,118.0,2.8095238095238093,8.171671071112334,6,118.0,0.3976309151385982,6,118.0,-0.22999999999999998
41835.0,7,80.0,1.8181818181818181,7.542517400792824,7,80.0,0.3430318828613987,7,80.0,0.3799999999999999
41840.0,11,125.0,2.9761904761904763,7.58709941731979,11,93.0,0.33783728893086523,11,93.0,-0.13
41845.0,15,181.0,4.209302325581396,7.0134681518140685,15,181.0,0.30314674546387405,15,181.0,-0.88
41850.0,10,166.0,3.86046511627907,7.432631501403867,10,166.0,0.3221894241971335,10,166.0,0.15000000000000013
41855.0,9,207.0,5.048780487804878,8.288524275918178,9,174.0,0.3824189384218259,9,174.0,-0.08000000000000007
41860.0,11,257.0,5.976744186046512,7.633708166276562,11,257.0,0.3182119967084925,11,257.0,-0.8299999999999998
41865.0,10,223.0,5.439024390243903,7.769350335147362,10,223.0,0.31020797510161996,10,223.0,0.33999999999999986
41870.0,6,115.0,2.738095238095238,7.671491887490356,6,87.0,0.2996283860061382,6,87.0,1.3599999999999999
41875.0,6,127.0,3.175,8.722200600585307,6,127.0,0.3903571443188345,6,127.0,-0.4
41880.0,7,133.0,3.5945945945945947,8.015605806971548,7,133.0,0.3230057494244768,7,133.0,-0.06000000000000005
41885.0,11,184.0,4.842105263157895,7.187745473364712,11,168.0,0.27502556863604327,11,168.0,-0.34999999999999987
41890.0,11,239.0,6.828571428571428,7.346160911013177,11,239.0,0.32652951160005256,11,239.0,-0.7100000000000002
41895.0,10,247.0,6.5,6.687824803438002,10,247.0,0.26111753015793193,10,247.0,-0.08000000000000007
41900.0,7,236.0,6.555555555555555,7.7767318487071595,7,223.0,0.3606114523098495,7,223.0,0.2400000000000002
41905.0,10,271.0,7.324324324324325,7.022098138141351,10,271.0,0.32961828455718917,10,271.0,-0.48
41910.0,10,160.0,4.324324324324325,7.121689593337018,10,160.0,0.32701790043113355,10,160.0,1.1099999999999999
41915.0,10,210.0,6.0,7.782680487321988,10,104.0,0.3655988836837608,10,104.0,0.56
41920.0,13,268.0,7.052631578947368,6.878209341128384,13,268.0,0.2956200419655584,13,268.0,-1.6400000000000001
41925.0,10,173.0,4.552631578947368,7.34930479387927,10,173.0,0.29775258363168544,10,173.0,0.9500000000000002
41930.0,7,151.0,3.682926829268293,6.777054391280869,7,94.0,0.2661158953187414,7,94.0,0.79
41935.0,9,196.0,5.0256410256410255,7.807236685669693,9,196.0,0.3662301191495659,9,196.0,-1.02
41940.0,8,150.0,4.285714285714286,7.230732411449937,8,150.0,0.31152431529168917,8,150.0,0.45999999999999996
41945.0,8,153.0,4.135135135135135,7.0595683128983895,8,125.0,0.2959972677519131,8,125.0,0.25
41950.0,8,193.0,5.216216216216216,8.140059256802832,8,193.0,0.37778307231231023,8,193.0,-0.6799999999999999
41955.0,9,94.0,2.5405405405405403,6.704284351459311,9,94.0,0.27644118313360716,9,94.0,0.99
41960.0,6,83.0,2.3714285714285714,8.224038652470504,6,27.0,0.39576927095295844,6,27.0,0.6699999999999999
41965.0,9,113.0,3.054054054054054,7.594893150932638,9,113.0,0.3499853733791932,9,113.0,-0.8599999999999999
41970.0,10,158.0,4.27027027027027,7.7769506281884215,10,158.0,0.3471486202475647,10,158.0,-0.4500000000000002
41975.0,10,208.0,5.777777777777778,8.366851910361921,10,208.0,0.3645909902696941,10,208.0,-0.5
41980.0,13,264.0,6.947368421052632,6.879510701380169,13,264.0,0.23997543791955894,13,264.0,-0.56
41985.0,10,192.0,5.052631578947368,7.559580105689683,10,192.0,0.3020218857753512,10,192.0,0.7200000000000002
41990.0,7,168.0,4.097560975609756,7.048876490188223,7,125.0,0.2582164720134036,7,125.0,0.6699999999999999
41995.0,9,213.0,5.756756756756757,8.128689671363135,9,213.0,0.3616986421911286,9,213.0,-0.8799999999999999
42000.0,8,134.0,4.1875,6.886577885922564,8,134.0,0.2942315123915156,8,134.0,0.7899999999999998
42005.0,8,141.0,3.9166666666666665,7.028054392051976,8,98.0,0.2972536853497097,8,98.0,0.3600000000000001
42010.0,8,181.0,5.323529411764706,8.351064273712476,8,181.0,0.4017543452434309,8,181.0,-0.8300000000000001
42015.0,8,94.0,2.764705882352941,7.309111608780386,8,94.0,0.30589523089127546,8,94.0,0.8700000000000001
42020.0,6,82.0,2.484848484848485,8.533578907822271,6,39.0,0.38594799605534263,6,39.0,0.5499999999999999
42025.0,9,112.0,3.111111111111111,7.743025208295825,9,112.0,0.33493889888457884,9,112.0,-0.7300000000000001
42030.0,7,63.0,1.75,8.14245670412148,7,63.0,0.35893499258667616,7,63.0,0.4900000000000001
42035.0,5,67.0,1.9142857142857144,8.991504078710658,5,39.0,0.41866206640768666,5,39.0,0.24
42040.0,8,98.0,2.5789473684210527,8.198790075381426,8,98.0,0.3508906008093338,8,98.0,-0.59
42045.0,6,59.0,1.6388888888888888,8.58894302658946,6,59.0,0.3876804044160753,6,59.0,0.39
42050.0,6,78.0,2.1666666666666665,7.95121880360492,6,50.0,0.34075363972911116,6,50.0,0.08999999999999997
42055.0,7,110.0,3.142857142857143,8.66184436127522,7,110.0,0.4074610809232406,7,110.0,-0.6000000000000001
42060.0,4,58.0,1.7575757575757576,8.740680468667982,4,58.0,0.42280598271461656,4,58.0,0.5200000000000001
42065.0,4,66.0,1.8333333333333333,8.625753818036998,4,38.0,0.40247311154198623,4,38.0,0.19999999999999996
42070.0,5,89.0,2.5428571428571427,9.383122910729046,5,89.0,0.4690787881803329,5,89.0,-0.51
42075.0,7,117.0,3.342857142857143,8.00430536170981,7,117.0,0.3528157426995296,7,117.0,-0.2799999999999999
42080.0,4,68.0,2.0606060606060606,8.885892440300113,4,68.0,0.4401018117173039,4,68.0,0.4899999999999999
42085.0,5,76.0,2.235294117647059,9.023866465464481,5,43.0,0.43994751068985605,5,43.0,0.25000000000000006
42090.0,4,94.0,2.8484848484848486,9.179583032192484,4,94.0,0.4547968439294075,4,94.0,-0.51
42095.0,4,62.0,1.9375,9.347100088533827,4,62.0,0.4771232066279932,4,62.0,0.31999999999999995
42100.0,7,89.0,2.696969696969697,7.882809182489089,7,37.0,0.3092750907740975,7,37.0,0.25
42105.0,7,124.0,3.757575757575758,8.867426568720273,7,124.0,0.3955194725350752,7,124.0,-0.87
42110.0,6,125.0,3.676470588235294,7.444868719515444,6,125.0,0.29344972845349987,6,125.0,-0.010000000000000009
42115.0,7,160.0,5.0,8.391729641437726,7,142.0,0.3750780114357546,7,142.0,-0.16999999999999993
42120.0,7,195.0,6.5,8.683064365050312,7,195.0,0.3966203388615214,7,195.0,-0.53
42125.0,6,93.0,2.90625,7.788375427180732,6,93.0,0.33402267209461645,6,93.0,1.02
42130.0,4,63.0,2.1,8.658811031956857,4,10.0,0.4146136055084895,4,10.0,0.8300000000000001
42135.0,7,86.0,2.6875,7.740174000711688,7,86.0,0.35957406147442245,7,86.0,-0.76
42140.0,5,31.0,1.0689655172413792,8.173614044682221,5,31.0,0.3992118172740031,5,31.0,0.55
42145.0,7,44.0,1.4193548387096775,7.842459153980377,7,7.0,0.38264606209439994,7,7.0,0.24
42150.0,6,70.0,2.2580645161290325,8.540868261928315,6,70.0,0.41855114490097894,6,70.0,-0.6299999999999999
42155.0,4,49.0,1.6333333333333333,8.167888306215136,4,49.0,0.40573967239791964,4,49.0,0.20999999999999996
42160.0,6,74.0,2.242424242424242,7.441690793912307,6,51.0,0.34192349162114244,6,51.0,-0.020000000000000018
42165.0,7,108.0,3.4838709677419355,8.466502246793873,7,108.0,0.42465449555861423,7,108.0,-0.5700000000000001
42170.0,8,144.0,4.5,7.2355592903052734,8,144.0,0.3095908946609422,8,144.0,-0.3599999999999999
42175.0,7,85.0,2.65625,7.873395504750535,7,85.0,0.3436916004635124,7,85.0,0.59
42180.0,5,86.0,2.6875,8.293504319778913,5,53.0,0.38038240893734765,5,53.0,0.31999999999999995
42185.0,7,117.0,3.25,7.820796718754654,7,117.0,0.35534044596877873,7,117.0,-0.6399999999999999
42190.0,6,68.0,1.8888888888888888,8.34689184518521,5,67.0,0.4054255180251829,5,67.0,0.4999999999999999
42195.0,7,81.0,2.3142857142857145,7.595039981168021,7,47.0,0.3199897490340452,7,47.0,0.20000000000000007
42200.0,6,108.0,3.375,8.820710992588594,6,108.0,0.4160707250068457,6,108.0,-0.6100000000000001
42205.0,9,138.0,4.181818181818182,7.439496128176078,9,138.0,0.34890549116299385,9,138.0,-0.2999999999999998
42210.0,5,97.0,2.9393939393939394,8.199790050885152,5,97.0,0.3987973667943981,5,97.0,0.4099999999999999
42215.0,4,113.0,3.53125,9.062782435324799,4,82.0,0.48888903371955017,4,82.0,0.15000000000000002
42220.0,6,137.0,4.029411764705882,7.9092470405582045,6,137.0,0.3694740943772095,6,137.0,-0.5500000000000002
42225.0,5,87.0,2.71875,8.722373304401604,4,86.0,0.44736684670542287,4,86.0,0.5100000000000001
42230.0,3,93.0,2.657142857142857,8.147005338213923,3,60.0,0.342110141741446,3,60.0,0.26
42235.0,5,115.0,3.7096774193548385,8.404498297008047,5,115.0,0.4171145300361934,5,115.0,-0.5499999999999999
42240.0,5,44.0,1.4666666666666666,8.024310642395047,5,44.0,0.42537786359700275,5,44.0,0.71
42245.0,8,77.0,2.264705882352941,7.310807506157896,8,0.0,0.3237918000386068,8,0.0,0.44
42250.0,8,117.0,3.4411764705882355,8.259149490573934,8,117.0,0.39859039891120557,8,117.0,-1.17
42255.0,8,123.0,3.324324324324324,7.3570802894985015,8,123.0,0.3062231368938234,8,123.0,-0.06000000000000005
42260.0,8,163.0,4.527777777777778,8.306316828326255,8,145.0,0.3836855194053198,8,145.0,-0.21999999999999997
42265.0,10,203.0,5.8,7.904489922374215,10,203.0,0.32061536553332415,10,203.0,-0.5799999999999998
42270.0,7,136.0,4.121212121212121,8.035402417219988,7,136.0,0.3809172122023443,7,136.0,0.6699999999999997
42275.0,5,139.0,4.633333333333334,8.517123093508168,5,94.0,0.4216136136214329,5,94.0,0.42000000000000015
42280.0,8,172.0,5.375,7.286927343256229,8,172.0,0.3438997692841171,8,172.0,-0.78
42285.0,8,212.0,6.838709677419355,7.850300906107965,8,212.0,0.3804146300871601,8,212.0,-0.40000000000000013
42290.0,7,240.0,7.0588235294117645,7.070261640846765,7,240.0,0.28858182538465565,7,240.0,-0.2799999999999998
42295.0,9,283.0,8.84375,7.660733028724886,9,276.0,0.33802374933617657,9,276.0,-0.3599999999999999
42300.0,9,328.0,10.933333333333334,8.005713457561033,9,328.0,0.3644149389033741,9,328.0,-0.52
42305.0,11,380.0,11.176470588235293,7.125324016373478,11,380.0,0.2816554616648339,11,380.0,-0.52
42310.0,9,223.0,6.96875,7.525703546469822,9,223.0,0.33381948905972003,9,223.0,1.5699999999999998
42315.0,6,78.0,2.2285714285714286,6.997605257157523,6,9.0,0.280259121089292,6,9.0,2.14
42320.0,5,99.0,2.8285714285714287,8.553678464587948,5,99.0,0.41273637354751463,5,99.0,-0.9
42325.0,11,124.0,3.4444444444444446,7.088401855984235,11,124.0,0.31835834030167354,11,124.0,-0.25
42330.0,11,177.0,5.205882352941177,7.449142552652267,11,172.0,0.3246560333517219,11,172.0,-0.48
42335.0,11,232.0,7.483870967741935,7.46158114602979,11,232.0,0.3320113431545409,11,232.0,-0.5999999999999999
42340.0,11,184.0,5.575757575757576,6.1153013999864,11,184.0,0.2281340124676543,11,184.0,0.47999999999999976
42345.0,10,217.0,6.78125,7.324055650765162,10,174.0,0.32246492566303003,10,174.0,0.10000000000000009
42350.0,11,268.0,7.882352941176471,6.282876688709684,11,268.0,0.2612696077685511,11,268.0,-0.9400000000000002
42355.0,11,311.0,9.147058823529411,7.022929576970859,11,311.0,0.297827347403115,11,311.0,-0.4299999999999997
42360.0,12,367.0,11.121212121212121,6.873153073314244,12,357.0,0.2760617890379215,12,357.0,-0.45999999999999996
42365.0,13,431.0,11.64864864864865,6.762114038626994,13,431.0,0.27083285459805145,13,431.0,-0.7399999999999998
42370.0,13,496.0,13.777777777777779,7.0184593433272,13,496.0,0.28362296193966313,13,496.0,-0.6500000000000004
42375.0,11,406.0,10.68421052631579,6.374600044419694,11,406.0,0.23549221339064955,11,406.0,0.9000000000000004
42380.0,7,226.0,6.108108108108108,7.588729626731488,7,177.0,0.35169141307639623,7,177.0,2.2899999999999996
42385.0,8,221.0,5.972972972972973,7.161979983616303,8,221.0,0.3294917574260828,8,221.0,-0.43999999999999995
42390.0,7,178.0,4.8108108108108105,7.360758697779096,7,178.0,0.32979232498965105,7,178.0,0.42999999999999994
42395.0,9,216.0,5.837837837837838,7.435133172829485,9,183.0,0.3241197164567088,9,183.0,-0.050000000000000044
42400.0,12,269.0,7.27027027027027,6.718786892160071,12,269.0,0.24921901556083853,12,269.0,-0.8599999999999999
42405.0,10,280.0,8.0,6.957372169072405,10,280.0,0.28285343604969676,10,280.0,-0.10999999999999988
42410.0,7,261.0,6.868421052631579,6.702289785428156,7,248.0,0.26672526479012637,7,248.0,0.31999999999999984
42415.0,8,300.0,8.108108108108109,8.126508387281469,8,300.0,0.3594003881017161,8,300.0,-0.52
42420.0,8,278.0,7.942857142857143,7.227001153663355,8,278.0,0.28591570323726956,8,278.0,0.2200000000000002
42425.0,10,325.0,8.333333333333334,7.439561483083764,10,296.0,0.2874052552215442,10,296.0,-0.18000000000000016
42430.0,10,375.0,9.615384615384615,8.487926030387213,10,375.0,0.3717459986836845,10,375.0,-0.79
42435.0,12,427.0,10.948717948717949,7.361609327799438,12,427.0,0.2902441938507782,12,427.0,-0.5199999999999996
42440.0,12,487.0,12.81578947368421,8.115974769728926,12,487.0,0.33707839885504,12,487.0,-0.6000000000000005
42445.0,12,466.0,11.948717948717949,7.468615024604619,12,466.0,0.29327401583161244,12,466.0,0.20999999999999996
42450.0,9,471.0,12.72972972972973,7.95297709509491,9,448.0,0.34368097435400746,9,448.0,0.17999999999999972
42455.0,9,516.0,13.945945945945946,8.658778973492094,9,516.0,0.4042853685053032,9,516.0,-0.6799999999999997
42460.0,11,428.0,11.88888888888889,6.466690453584915,10,427.0,0.24706203860775042,10,427.0,0.8900000000000006
42465.0,10,430.0,11.944444444444445,7.555522076471127,10,378.0,0.2987844172155457,10,378.0,0.48999999999999977
42470.0,8,467.0,13.342857142857143,7.111763679353997,8,467.0,0.29447574994736586,8,467.0,-0.8900000000000001
42475.0,12,474.0,14.8125,6.072482608146075,12,474.0,0.2715630106757101,12,474.0,-0.07000000000000028
42480.0,11,529.0,16.53125,6.502584865412217,11,505.0,0.28305851486724065,11,505.0,-0.3099999999999996
42485.0,13,591.0,16.885714285714286,6.147049493412521,13,591.0,0.2716824824204403,13,591.0,-0.8600000000000003
42490.0,13,656.0,18.742857142857144,6.908657255817707,13,656.0,0.29990108652728953,13,656.0,-0.6499999999999995
42495.0,15,724.0,19.05263157894737,6.352385556030803,15,724.0,0.2384098019500306,15,724.0,-0.6800000000000006
42500.0,12,715.0,18.81578947368421,7.115905671631475,12,715.0,0.2981308595524147,12,715.0,0.08999999999999986
42505.0,13,709.0,17.29268292682927,7.152514433245647,13,685.0,0.30841987835392404,13,685.0,0.3000000000000007
42510.0,11,762.0,20.05263157894737,7.904009145796821,11,762.0,0.3751186888731507,11,762.0,-0.7700000000000005
42515.0,11,292.0,8.11111111111111,7.110189694389783,10,291.0,0.3193587141419808,10,291.0,4.71
42520.0,13,288.0,7.384615384615385,6.113387609424297,13,56.0,0.2311570033566279,13,56.0,2.35
42525.0,12,346.0,9.105263157894736,7.3078000407309105,12,346.0,0.32479987748582817,12,346.0,-2.9
42530.0,13,214.0,5.631578947368421,5.214849225857326,13,214.0,0.20981218237433522,13,214.0,1.3199999999999998
42535.0,9,134.0,3.7222222222222223,6.3916395285228,9,66.0,0.3040221199707901,9,66.0,1.48
42540.0,9,179.0,5.114285714285714,7.695154998746393,9,179.0,0.3959735460223275,9,179.0,-1.13
42545.0,11,142.0,3.736842105263158,6.025163186684212,11,142.0,0.2525219979936071,11,142.0,0.3700000000000001
42550.0,10,174.0,4.578947368421052,7.184484389150299,10,146.0,0.3239975140807928,10,146.0,-0.040000000000000036
42555.0,12,226.0,5.512195121951219,6.642989186757246,12,226.0,0.2771164553060694,12,226.0,-0.7999999999999998
42560.0,11,169.0,4.225,6.965881316961955,11,169.0,0.31741196510751285,11,169.0,0.5699999999999998
42565.0,12,191.0,4.441860465116279,6.830808356379517,12,143.0,0.30333536793925403,12,143.0,0.26
42570.0,11,244.0,5.809523809523809,7.738346885386125,11,244.0,0.36628598590498174,11,244.0,-1.01
42575.0,9,256.0,6.7368421052631575,7.7232950760808325,9,256.0,0.36777666077520743,9,256.0,-0.1200000000000001
42580.0,12,309.0,7.923076923076923,6.596793769652783,12,295.0,0.26994962719359344,12,295.0,-0.3900000000000001
42585.0,12,369.0,9.710526315789474,7.423905339450906,12,369.0,0.3453995095202638,12,369.0,-0.7399999999999998
42590.0,9,289.0,7.048780487804878,7.0729561933258065,9,289.0,0.2949457511544282,9,289.0,0.7999999999999998
42595.0,12,345.0,8.846153846153847,7.272603203574208,12,286.0,0.2911280760503124,12,286.0,0.03000000000000025
42600.0,12,405.0,10.945945945945946,7.096674828739034,12,405.0,0.28448163792143244,12,405.0,-1.19
42605.0,12,289.0,7.225,6.614060095356962,12,289.0,0.24628600875583187,12,289.0,1.1599999999999997
42610.0,7,132.0,3.5675675675675675,7.281115477615085,7,74.0,0.324187945120972,7,74.0,2.1500000000000004
42615.0,8,156.0,3.9,7.225808098621641,8,156.0,0.34409077652749837,8,156.0,-0.8200000000000001
42620.0,8,82.0,2.2162162162162162,7.358333245413167,8,82.0,0.3731003037507189,8,82.0,0.7400000000000001
42625.0,11,96.0,2.4,6.847920066923746,11,53.0,0.30835400826009257,11,53.0,0.2899999999999999
42630.0,10,145.0,3.8157894736842106,7.616414893132984,10,145.0,0.3787884725043577,10,145.0,-0.9199999999999999
42635.0,8,102.0,2.6842105263157894,7.900889443693396,8,102.0,0.4027817437040927,8,102.0,0.42999999999999994
42640.0,7,128.0,3.282051282051282,7.40202585200175,7,91.0,0.3293501659669461,7,91.0,0.10999999999999999
42645.0,10,176.0,4.756756756756757,7.981603512522817,10,176.0,0.3710568349379945,10,176.0,-0.85
42650.0,11,227.0,6.135135135135135,7.31352827964982,11,227.0,0.3175115363565639,11,227.0,-0.51
42655.0,9,172.0,4.648648648648648,7.5700815336242595,9,172.0,0.29934475770604047,9,172.0,0.55
42660.0,4,72.0,2.057142857142857,7.765825306999663,4,39.0,0.34254177020865784,4,39.0,1.33
42665.0,6,99.0,2.5384615384615383,7.992716032843434,6,99.0,0.36377320922088474,6,99.0,-0.6
42670.0,6,53.0,1.394736842105263,8.022022569999397,6,53.0,0.3589744747512768,6,53.0,0.45999999999999996
42675.0,7,76.0,2.0,7.569030982324296,7,43.0,0.3351529596773255,7,43.0,0.10000000000000003
42680.0,8,115.0,3.1944444444444446,8.39958772678173,8,115.0,0.41531109292859675,8,115.0,-0.72
42685.0,9,105.0,2.8378378378378377,7.077141885549064,9,105.0,0.299506106199586,9,105.0,0.09999999999999987
42690.0,5,100.0,2.7027027027027026,8.019679879867311,5,87.0,0.3740203449345013,5,87.0,0.18000000000000005
42695.0,5,125.0,3.3783783783783785,8.584597342146736,5,125.0,0.4349866439819534,5,125.0,-0.38
42700.0,8,89.0,2.3421052631578947,6.928539396937805,8,89.0,0.29945343208096076,8,89.0,0.36
42705.0,8,122.0,3.4857142857142858,7.602367898018636,8,89.0,0.3633766133636187,8,89.0,0.0
42710.0,9,158.0,4.157894736842105,6.582419614092396,9,157.0,0.2611421015732066,9,157.0,-0.68
42715.0,9,203.0,5.8,7.276917238369326,9,203.0,0.3443508269251516,9,203.0,-0.45999999999999974
42720.0,6,182.0,5.2,7.7861230113894555,6,182.0,0.38083905020192665,6,182.0,0.20999999999999974
42725.0,8,218.0,5.589743589743589,7.316701001360273,8,189.0,0.3229092511014994,8,189.0,-0.06999999999999984
42730.0,8,258.0,7.371428571428571,8.227710114500553,8,258.0,0.3960497266790687,8,258.0,-0.6900000000000002
42735.0,7,188.0,4.947368421052632,7.3580589723691,7,188.0,0.3102970614272905,7,188.0,0.7000000000000002
42740.0,5,169.0,4.5675675675675675,8.53084583314324,5,135.0,0.394506609763327,5,135.0,0.5299999999999998
42745.0,8,194.0,5.388888888888889,8.10457804236036,8,194.0,0.3741412033311416,8,194.0,-0.5899999999999999
42750.0,7,69.0,1.9166666666666667,8.238590758869474,7,69.0,0.38995312181089775,7,69.0,1.25
42755.0,7,104.0,2.888888888888889,8.676974829738226,7,-1.0,0.41082230602006947,7,-1.0,0.7
42760.0,10,146.0,3.945945945945946,7.400773815571218,10,146.0,0.310008591913558,10,146.0,-1.47
42765.0,7,103.0,2.942857142857143,8.19063033878227,7,103.0,0.37855670772628863,7,103.0,0.42999999999999994
42770.0,7,127.0,3.6285714285714286,7.613898840611157,7,90.0,0.32784452744714004,7,90.0,0.13
42775.0,8,167.0,5.0606060606060606,7.973188773580289,8,167.0,0.37524490064331895,8,167.0,-0.7699999999999999
42780.0,5,119.0,3.71875,8.378466753215182,5,119.0,0.41050143318882126,5,119.0,0.48
42785.0,6,134.0,3.8285714285714287,7.776928163776404,6,106.0,0.33091681206148915,6,106.0,0.1299999999999999
42790.0,6,164.0,5.125,8.598437275713199,6,164.0,0.4200902852056105,6,164.0,-0.5799999999999998
42795.0,5,55.0,1.5714285714285714,7.845595705314902,5,55.0,0.35931464368960536,5,55.0,1.0899999999999999
42800.0,3,25.0,0.7352941176470589,9.33326476710075,3,-28.0,0.472318576075919,3,-28.0,0.8300000000000001
42805.0,6,40.0,1.1428571428571428,8.930549633541343,6,40.0,0.44923654252160017,6,40.0,-0.68
42810.0,5,64.0,1.8823529411764706,9.191605578716489,5,64.0,0.4798220322150202,5,64.0,-0.24
42815.0,5,89.0,2.78125,9.339787218087057,5,89.0,0.46247102182602307,5,89.0,-0.25
42820.0,7,118.0,3.3714285714285714,7.938543852533603,7,118.0,0.34473225393930795,7,118.0,-0.2899999999999999
42825.0,5,67.0,2.09375,8.700028287511039,5,67.0,0.41827554295077984,5,67.0,0.5099999999999999
42830.0,4,80.0,2.3529411764705883,8.289643042587798,4,44.0,0.3643062068216277,4,44.0,0.23000000000000004
42835.0,6,107.0,3.34375,8.78792511440896,6,107.0,0.42006271875412393,6,107.0,-0.6300000000000001
42840.0,3,39.0,1.3,8.68974284893294,3,39.0,0.4290353241557706,3,39.0,0.68
42845.0,4,46.0,1.393939393939394,8.270810789768177,4,8.0,0.3915152048866215,4,8.0,0.31
42850.0,4,66.0,2.0,9.47320104775211,4,66.0,0.5138563531109921,4,66.0,-0.5800000000000001
42855.0,3,51.0,1.5,8.037388904684779,3,51.0,0.379744711819889,3,51.0,0.15000000000000002
42860.0,4,71.0,2.2903225806451615,9.196344323072118,4,53.0,0.4971719814666817,4,53.0,-0.020000000000000018
42865.0,7,91.0,2.84375,8.51446467422613,7,91.0,0.4272110265515412,7,91.0,-0.38
42870.0,5,102.0,3.2903225806451615,8.568993545256324,5,102.0,0.4236711301372862,5,102.0,-0.10999999999999999
42875.0,5,127.0,4.233333333333333,9.117838191474958,5,117.0,0.4701029517393175,5,117.0,-0.1499999999999999
42880.0,7,157.0,4.757575757575758,8.0313888125893,7,157.0,0.38641269989198407,7,157.0,-0.40000000000000013
42885.0,5,101.0,3.15625,8.483779780532695,5,101.0,0.41034780704141377,5,101.0,0.56
42890.0,4,113.0,3.6451612903225805,7.891075817691805,4,75.0,0.35879526866019107,4,75.0,0.26
42895.0,6,143.0,4.612903225806452,8.369961321263563,6,143.0,0.40247058839039235,6,143.0,-0.6799999999999999
42900.0,3,114.0,3.6774193548387095,8.586863120234616,3,114.0,0.42604303402916177,3,114.0,0.29000000000000004
42905.0,5,133.0,4.03030303030303,8.317385833055187,5,106.0,0.36843086715762163,5,106.0,0.07999999999999985
42910.0,5,158.0,5.266666666666667,9.48342945460545,5,158.0,0.47835946078549885,5,158.0,-0.52
42915.0,7,185.0,5.967741935483871,8.217808809763746,7,185.0,0.34842276107014997,7,185.0,-0.27
42920.0,7,220.0,7.333333333333333,8.828860159447805,7,220.0,0.4054090236598095,7,220.0,-0.3500000000000001
42925.0,10,255.0,7.7272727272727275,7.926541011118647,10,255.0,0.32750642266139646,10,255.0,-0.34999999999999964
42930.0,6,218.0,7.032258064516129,7.9669545781950255,6,218.0,0.36471497946086884,6,218.0,0.36999999999999966
42935.0,7,241.0,8.310344827586206,7.976687450868629,7,206.0,0.41131237769110673,7,206.0,0.1200000000000001
42940.0,7,267.0,8.34375,6.9072499077149745,7,267.0,0.32501117746716235,7,267.0,-0.6099999999999999
42945.0,9,307.0,10.586206896551724,7.417925790706287,9,307.0,0.37697732402010137,9,307.0,-0.3999999999999999
42950.0,9,352.0,11.0,6.82317337503702,9,352.0,0.32084728861251777,9,352.0,-0.4500000000000002
42955.0,11,404.0,13.03225806451613,7.000563874390769,11,404.0,0.3211068577347689,11,404.0,-0.52
42960.0,8,320.0,10.32258064516129,7.209055348589187,8,320.0,0.31665738439492735,8,320.0,0.8399999999999999
42965.0,8,325.0,9.558823529411764,6.884857273421258,8,272.0,0.30762325285342673,8,272.0,0.48
42970.0,8,365.0,10.735294117647058,8.010473531285445,8,365.0,0.39755564526229903,8,365.0,-0.9299999999999997
42975.0,10,321.0,9.441176470588236,6.380220606982548,10,321.0,0.2884151774074212,10,321.0,0.43999999999999995
42980.0,7,343.0,10.71875,8.001666781150337,7,315.0,0.3926036405102317,7,315.0,0.06000000000000005
42985.0,10,378.0,11.117647058823529,7.845463810025189,10,378.0,0.3816488981211679,10,378.0,-0.6299999999999999
42990.0,9,419.0,12.323529411764707,7.874552415984666,9,419.0,0.3586035026560484,9,419.0,-0.4100000000000006
42995.0,6,401.0,11.794117647058824,8.565848946340529,6,401.0,0.40094302188610476,6,401.0,0.1800000000000006
43000.0,8,434.0,12.4,7.538780159768414,8,406.0,0.2941259954053108,8,406.0,-0.04999999999999982
43005.0,9,479.0,13.685714285714285,8.482034589975374,9,479.0,0.3649850289338437,9,479.0,-0.7300000000000004
43010.0,6,428.0,11.567567567567568,7.569828153945117,6,428.0,0.27740497654561863,6,428.0,0.5099999999999998
43015.0,7,451.0,13.264705882352942,8.488170498050605,7,418.0,0.3463497383397403,7,418.0,0.10000000000000053
43020.0,7,486.0,15.1875,8.599182403535684,7,486.0,0.37587663184190423,7,486.0,-0.6800000000000006
43025.0,7,486.0,13.5,7.824493528221852,7,486.0,0.3198198344849168,7,486.0,0.0
43030.0,7,521.0,15.323529411764707,8.690133896704276,7,501.0,0.38504423941429544,7,501.0,-0.14999999999999947
43035.0,9,560.0,16.0,7.680323993552984,9,560.0,0.3297344260748852,9,560.0,-0.5899999999999999
43040.0,6,120.0,3.4285714285714284,8.589047457928375,6,120.0,0.38676882658248224,6,120.0,4.3999999999999995
43045.0,8,103.0,2.942857142857143,8.284003519865726,8,-114.0,0.35873732086800236,8,-114.0,2.34
43050.0,8,139.0,4.212121212121212,8.65682308141605,8,139.0,0.3984319077805377,8,139.0,-2.53
43055.0,5,80.0,2.5806451612903225,8.286952456053582,5,80.0,0.3888306296054826,5,80.0,0.5899999999999999
43060.0,7,99.0,2.911764705882353,7.6886164785870434,7,60.0,0.32520581739860555,7,60.0,0.20000000000000007
43065.0,7,134.0,4.1875,8.647017167727578,7,134.0,0.42932423871210984,7,134.0,-0.7400000000000001
43070.0,5,63.0,1.8,7.567239637983013,5,63.0,0.3318322542033627,5,63.0,0.7100000000000001
43075.0,5,72.0,2.1176470588235294,8.605784509057012,5,30.0,0.39034052521936924,5,30.0,0.33
43080.0,5,97.0,3.03125,9.295400441085318,5,97.0,0.45076926482336954,5,97.0,-0.6699999999999999
43085.0,6,115.0,3.2857142857142856,8.167303199815724,6,115.0,0.35444055474079195,6,115.0,-0.17999999999999994
43090.0,6,145.0,4.53125,9.181100508493042,6,137.0,0.4287332125265964,6,137.0,-0.2200000000000002
43095.0,8,178.0,5.393939393939394,7.815413816070931,8,178.0,0.34606968415179234,8,178.0,-0.4099999999999999
43100.0,5,91.0,2.757575757575758,8.820149125610783,5,91.0,0.41853788364035704,5,91.0,0.87
43105.0,6,80.0,2.3529411764705883,8.753685023992896,6,31.0,0.40150542661705924,6,31.0,0.6000000000000001
43110.0,5,100.0,2.9411764705882355,9.384703499771469,5,100.0,0.44324623025110294,5,100.0,-0.69
43115.0,3,67.0,2.161290322580645,9.222265897411077,3,67.0,0.4474176484304471,3,67.0,0.32999999999999996
43120.0,7,88.0,2.75,7.746452168279306,7,61.0,0.297869456716114,7,61.0,0.06000000000000005
43125.0,6,118.0,3.806451612903226,9.066592200722978,6,118.0,0.4198158106684351,6,118.0,-0.57
43130.0,5,115.0,3.484848484848485,7.531239262327122,5,115.0,0.30230297236639037,5,115.0,0.030000000000000027
43135.0,6,145.0,4.833333333333333,8.38466979432136,6,128.0,0.38391761057974394,6,128.0,-0.13000000000000012
43140.0,6,175.0,5.833333333333333,8.79701397882551,6,175.0,0.41035393589430547,6,175.0,-0.47
43145.0,6,137.0,4.151515151515151,8.069318689476491,5,136.0,0.3615694991205269,5,136.0,0.3899999999999999
43150.0,4,152.0,4.903225806451613,9.157790743861959,4,124.0,0.4345275476284331,4,124.0,0.1200000000000001
43155.0,5,173.0,5.242424242424242,8.42004521823944,5,173.0,0.4013780022751554,5,173.0,-0.49
43160.0,5,59.0,1.903225806451613,8.500403722520323,5,59.0,0.4363799029239185,5,59.0,1.1400000000000001
43165.0,8,84.0,2.625,8.203290715601312,8,-13.0,0.38975621203046107,8,-13.0,0.72
43170.0,8,119.0,3.71875,8.441420539790279,8,119.0,0.3872117679648668,8,119.0,-1.3199999999999998
43175.0,5,64.0,2.1333333333333333,8.88533332228978,5,64.0,0.42624923569777967,5,64.0,0.5499999999999999
43180.0,7,79.0,2.393939393939394,7.793990160820387,7,39.0,0.32279466199141743,7,39.0,0.25
43185.0,7,114.0,3.6774193548387095,8.87967960189833,7,114.0,0.42766531523363843,7,114.0,-0.7499999999999999
43190.0,6,80.0,2.5,7.506604122334622,6,80.0,0.31833728130823385,6,80.0,0.33999999999999986
43195.0,6,108.0,3.4838709677419355,8.46184955366756,6,77.0,0.3798771190182044,6,77.0,0.030000000000000027
43200.0,6,138.0,4.6,9.153679508433317,6,138.0,0.4315662899960951,6,138.0,-0.6099999999999999
43205.0,6,63.0,1.96875,7.828552337860978,6,63.0,0.31656977346403886,6,63.0,0.7499999999999999
43210.0,4,64.0,2.1333333333333333,9.15466681800512,4,21.0,0.4222251067230558,4,21.0,0.42000000000000004
43215.0,5,85.0,2.65625,8.173784967289409,5,85.0,0.3675904502410628,5,85.0,-0.64
43220.0,6,77.0,2.4838709677419355,8.898928947781103,6,77.0,0.434967610878943,6,77.0,0.07999999999999996
43225.0,9,107.0,3.242424242424242,8.197023101223046,9,71.0,0.36174758442988314,9,71.0,0.06000000000000005
43230.0,9,147.0,4.454545454545454,8.295477182148877,9,147.0,0.3556884726140447,9,147.0,-0.76
43235.0,6,94.0,2.9375,8.80872325045036,6,94.0,0.40968232860812337,6,94.0,0.53
43240.0,7,117.0,3.5454545454545454,7.397690777097947,7,78.0,0.3084936711660721,7,78.0,0.15999999999999992
43245.0,8,157.0,5.064516129032258,8.339551029324536,8,157.0,0.40303165755780734,8,157.0,-0.79
43250.0,6,94.0,2.8484848484848486,7.210853702960012,6,94.0,0.3151979631179744,6,94.0,0.6300000000000001
43255.0,6,109.0,3.5161290322580645,8.153768603109105,6,68.0,0.38496154881045924,6,68.0,0.2599999999999999
43260.0,6,139.0,4.633333333333334,8.460991408966942,6,139.0,0.41950865911576496,6,139.0,-0.7099999999999999
43265.0,6,63.0,1.9090909090909092,7.355151666674119,6,63.0,0.33254827087479366,6,63.0,0.7599999999999999
43270.0,5,65.0,2.096774193548387,8.336764163358348,5,22.0,0.4085760375018533,5,22.0,0.41000000000000003
43275.0,4,84.0,2.5454545454545454,7.651462381245146,4,84.0,0.34150911783535925,4,84.0,-0.62
43280.0,8,83.0,2.59375,8.189413594657275,8,83.0,0.39094914059572394,8,83.0,0.010000000000000009
43285.0,11,123.0,3.5142857142857142,7.796183005871534,11,88.0,0.3456042593363406,11,88.0,-0.050000000000000044
43290.0,11,172.0,4.914285714285715,7.739626443519091,11,172.0,0.3221073105992265,11,172.0,-0.84
43295.0,11,227.0,7.09375,7.868129749781787,11,227.0,0.33748490684823235,11,227.0,-0.55
43300.0,11,177.0,5.205882352941177,6.42172172542791,11,177.0,0.24157338279926263,11,177.0,0.5
43305.0,10,212.0,6.424242424242424,7.440594449984199,10,168.0,0.32853997435160825,10,168.0,0.09000000000000008
43310.0,12,264.0,7.764705882352941,6.576806573333012,12,264.0,0.2779831225281834,12,264.0,-0.9600000000000002
43315.0,10,206.0,6.4375,6.754273224702699,10,206.0,0.29921009829949596,10,206.0,0.5800000000000001
43320.0,8,224.0,7.466666666666667,7.279088798662788,8,177.0,0.3358564978344119,8,177.0,0.29000000000000004
43325.0,10,271.0,8.212121212121213,6.988775482272243,10,271.0,0.32257964319446564,10,271.0,-0.94
43330.0,10,294.0,9.1875,7.16196485018259,10,294.0,0.3280878144163541,10,294.0,-0.22999999999999998
43335.0,13,349.0,10.264705882352942,6.384696961755075,13,324.0,0.25593872056930844,13,324.0,-0.30000000000000027
43340.0,13,413.0,12.147058823529411,7.082043256001423,13,413.0,0.29276854119773554,13,413.0,-0.8899999999999997
43345.0,15,449.0,12.135135135135135,6.7035126376741765,15,449.0,0.25395362205182626,15,449.0,-0.3600000000000003
43350.0,13,510.0,13.783783783783784,7.244030742812196,13,497.0,0.29845069425096915,13,497.0,-0.47999999999999954
43355.0,13,575.0,15.972222222222221,6.985017865924681,13,575.0,0.29035663422080354,13,575.0,-0.7800000000000002
43360.0,16,651.0,17.13157894736842,6.041911940593361,16,651.0,0.22564049707001355,16,651.0,-0.7599999999999998
43365.0,13,467.0,12.972222222222221,6.659920254223515,13,467.0,0.2689674984684258,13,467.0,1.8399999999999999
43370.0,11,229.0,6.1891891891891895,5.711094397549311,11,145.0,0.2351307705950369,11,145.0,3.2199999999999998
43375.0,8,226.0,6.277777777777778,6.966632601637514,8,226.0,0.3357269226553169,8,226.0,-0.8099999999999998
43380.0,8,103.0,2.942857142857143,6.61944209077575,8,103.0,0.31276188859317905,8,103.0,1.2299999999999998
43385.0,11,80.0,2.1621621621621623,5.789566065098289,11,17.0,0.24872546731443354,11,17.0,0.86
43390.0,10,129.0,3.5833333333333335,6.644036270764192,10,128.0,0.2989865322038175,10,128.0,-1.11
43395.0,12,182.0,4.666666666666667,6.374512150151433,12,182.0,0.27934883426569834,12,182.0,-0.54
43400.0,12,185.0,4.743589743589744,6.995351875728797,12,185.0,0.31792396219141766,12,185.0,-0.030000000000000027
43405.0,10,140.0,3.4146341463414633,6.920995831055922,10,122.0,0.30432823062231906,10,122.0,0.6300000000000001
43410.0,9,182.0,4.666666666666667,7.616281223697636,9,182.0,0.3604134298196205,9,182.0,-0.6000000000000001
43415.0,9,227.0,5.973684210526316,8.129328929629247,9,227.0,0.4041071321431425,9,227.0,-0.44999999999999996
43420.0,10,167.0,4.073170731707317,6.918652554957708,10,167.0,0.28981377382549434,10,167.0,0.6000000000000001
43425.0,9,195.0,5.0,7.869501128926824,9,151.0,0.35451990137824424,9,151.0,0.15999999999999992
43430.0,10,241.0,5.878048780487805,7.190711703886433,10,241.0,0.2991394498999101,10,241.0,-0.9000000000000001
43435.0,11,296.0,7.589743589743589,7.443266315048606,11,296.0,0.3278257371215067,11,296.0,-0.5499999999999998
43440.0,8,222.0,5.842105263157895,8.105463070578145,8,222.0,0.3745691663478702,8,222.0,0.7399999999999998
43445.0,6,185.0,4.512195121951219,8.11959197694398,6,146.0,0.37080321849354514,6,146.0,0.7600000000000002
43450.0,7,218.0,5.317073170731708,8.842314667173994,7,218.0,0.43798017121913885,7,218.0,-0.7200000000000002
43455.0,7,160.0,4.102564102564102,7.104933333442694,7,160.0,0.2859906408003485,7,160.0,0.5800000000000001
43460.0,7,180.0,4.7368421052631575,8.434682794895433,7,147.0,0.3959050731359153,7,147.0,0.13000000000000012
43465.0,10,215.0,5.512820512820513,7.961351866003179,10,215.0,0.37958611801403885,10,215.0,-0.6799999999999999
43470.0,7,209.0,5.648648648648648,7.898331114870637,7,209.0,0.36455720886368204,7,209.0,0.06000000000000005
43475.0,6,234.0,6.685714285714286,8.62066990321251,6,221.0,0.41644175313169135,6,221.0,-0.1200000000000001
43480.0,9,269.0,7.685714285714286,7.157627556275541,9,269.0,0.3037342645097472,9,269.0,-0.48
43485.0,7,232.0,6.628571428571429,7.638578600391192,7,232.0,0.3526198896199181,7,232.0,0.3700000000000001
43490.0,7,255.0,7.083333333333333,7.202796343704597,7,222.0,0.31622046972625095,7,222.0,0.09999999999999964
43495.0,8,294.0,8.4,8.119403059180968,8,294.0,0.37652266913094057,8,294.0,-0.7199999999999998
43500.0,8,334.0,9.542857142857143,8.013050886588292,8,334.0,0.3382161411343587,8,334.0,-0.3999999999999999
43505.0,7,123.0,3.1538461538461537,7.512350976481621,7,123.0,0.2981935425778588,7,123.0,2.11
43510.0,7,158.0,4.27027027027027,8.438877874604275,7,16.0,0.408178422446528,7,16.0,1.07
43515.0,9,196.0,5.6,7.272161099905243,9,196.0,0.3270039561190956,9,196.0,-1.8
43520.0,7,159.0,4.676470588235294,8.025678708718171,7,159.0,0.3892879723433293,7,159.0,0.3699999999999999
43525.0,9,186.0,5.314285714285714,7.381666777023541,9,152.0,0.34992247943390875,9,152.0,0.07000000000000006
43530.0,8,225.0,6.428571428571429,7.779035761170127,8,225.0,0.4026779875771654,8,225.0,-0.73
43535.0,5,97.0,2.7714285714285714,8.294969228301861,5,97.0,0.44512159220221176,5,97.0,1.28
43540.0,5,42.0,1.2,7.297606941848592,5,-19.0,0.33822540651216715,5,-19.0,1.16
43545.0,5,67.0,1.9142857142857144,8.702085767799682,5,67.0,0.44537005664812596,5,67.0,-0.8600000000000001
43550.0,6,93.0,2.4473684210526314,7.698044856274599,6,93.0,0.3409844725635206,6,93.0,-0.26
43555.0,7,127.0,3.5277777777777777,8.288006661690012,7,127.0,0.37417151099310497,7,127.0,-0.33999999999999997
43560.0,4,61.0,1.90625,8.453753070714242,4,61.0,0.40084874736824033,4,61.0,0.66
43565.0,4,69.0,1.9714285714285715,8.187920537415758,4,28.0,0.37848320462175933,4,28.0,0.32999999999999996
43570.0,5,94.0,2.8484848484848486,9.067611997636028,5,94.0,0.4679654855311881,5,94.0,-0.6599999999999999
43575.0,7,122.0,3.388888888888889,8.04576079293599,7,122.0,0.3773039832140731,7,122.0,-0.28
43580.0,5,69.0,2.0294117647058822,8.679078727069363,5,69.0,0.42552940308068804,5,69.0,0.53
43585.0,7,82.0,2.411764705882353,8.336004343857129,7,46.0,0.41246201940048,7,46.0,0.22999999999999993
43590.0,6,107.0,3.1470588235294117,8.756117276140827,6,107.0,0.4451572790260904,6,107.0,-0.6100000000000001
43595.0,4,114.0,3.3529411764705883,9.105015385905865,4,114.0,0.48724164218232385,4,114.0,-0.06999999999999984
43600.0,6,138.0,3.942857142857143,8.025812789552004,6,127.0,0.3701454299194451,6,127.0,-0.13000000000000012
43605.0,7,172.0,5.375,8.802672678159034,7,172.0,0.42860813491837835,7,172.0,-0.44999999999999996
43610.0,6,128.0,4.129032258064516,7.821446845614719,6,128.0,0.3482972994432427,6,128.0,0.43999999999999995
43615.0,8,165.0,5.5,7.802559168983732,8,100.0,0.3580608731518178,8,100.0,0.28
43620.0,8,205.0,6.833333333333333,8.315050114272658,8,205.0,0.400483713543655,8,205.0,-1.0499999999999998
43625.0,9,235.0,7.34375,6.951707868673895,9,235.0,0.2764483049595722,9,235.0,-0.30000000000000027
43630.0,9,280.0,9.03225806451613,7.807797492852206,9,270.0,0.3492162191252295,9,270.0,-0.3500000000000001
43635.0,11,329.0,9.676470588235293,6.967699169866617,11,329.0,0.30663064089836123,11,329.0,-0.5899999999999999
43640.0,8,301.0,9.40625,7.734524770031554,8,301.0,0.3559788104203271,8,301.0,0.28000000000000025
43645.0,11,332.0,10.375,7.201966168921526,11,298.0,0.34662738971801427,11,298.0,0.029999999999999805
43650.0,9,376.0,11.75,7.995669125585536,9,376.0,0.3918091270085384,9,376.0,-0.7799999999999998
43655.0,6,182.0,5.870967741935484,7.987015921482699,6,182.0,0.3923237416296933,6,182.0,1.9399999999999997
43660.0,5,23.0,0.71875,7.138007333799364,5,-62.0,0.3248211561741817,5,-62.0,2.44
43665.0,4,39.0,1.21875,8.775607943716992,4,39.0,0.46033717154705955,4,39.0,-1.01
43670.0,5,28.0,0.8235294117647058,7.031662298574456,5,28.0,0.3024747586298484,5,28.0,0.10999999999999999
43675.0,8,67.0,2.0303030303030303,7.540849591991395,8,48.0,0.3459323192341411,8,48.0,-0.19999999999999996
43680.0,8,107.0,3.34375,7.920243239598021,8,107.0,0.3755862258127473,8,107.0,-0.5900000000000001
43685.0,10,129.0,3.5833333333333335,6.925739817683674,10,129.0,0.2725873371962443,10,129.0,-0.21999999999999997
43690.0,10,179.0,5.264705882352941,7.553020100297353,10,158.0,0.3261569242613357,10,158.0,-0.29000000000000004
43695.0,11,232.0,6.27027027027027,6.628559173632154,11,232.0,0.2578551317989742,11,232.0,-0.7399999999999998
43700.0,11,276.0,7.45945945945946,7.492020333829301,11,276.0,0.320438606328189,11,276.0,-0.43999999999999995
43705.0,14,331.0,8.710526315789474,6.793975102552226,14,320.0,0.2868726479240302,14,320.0,-0.4400000000000004
43710.0,13,394.0,11.257142857142858,6.912265481788505,13,394.0,0.31390384444336156,13,394.0,-0.7399999999999998
43715.0,13,459.0,13.114285714285714,7.0455658103491645,13,459.0,0.28921267396127603,13,459.0,-0.6499999999999999
43720.0,15,532.0,14.378378378378379,6.345108364036296,15,532.0,0.24389309413650714,15,532.0,-0.7300000000000004
43725.0,15,607.0,18.96875,6.243391493572489,15,607.0,0.272239986983715,15,607.0,-0.75
43730.0,17,687.0,20.818181818181817,4.643892754690814,17,687.0,0.18314425893157085,17,687.0,-0.7999999999999998
43735.0,15,584.0,17.696969696969695,5.504711374083467,15,584.0,0.2415837366078377,15,584.0,1.0300000000000002
43740.0,12,545.0,16.515151515151516,5.6885706391668895,12,474.0,0.26310412337914246,12,474.0,1.0999999999999996
43745.0,13,607.0,16.86111111111111,5.900662270090541,13,607.0,0.28867419810929296,13,607.0,-1.33
43750.0,13,432.0,12.0,5.879637469267975,13,432.0,0.2790164036317031,13,432.0,1.75
43755.0,10,148.0,3.7948717948717947,6.023419698465048,10,70.0,0.2647046308073125,10,70.0,3.62
43760.0,7,94.0,2.473684210526316,7.44361916994699,7,94.0,0.35923267876097326,7,94.0,-0.24
43765.0,13,135.0,3.4615384615384617,6.617320878202275,13,135.0,0.29064005343447946,13,135.0,-0.41000000000000014
43770.0,16,205.0,5.394736842105263,6.322387840127604,16,205.0,0.24584426567219483,16,205.0,-0.6999999999999997
43775.0,17,290.0,7.837837837837838,6.519230045015688,17,290.0,0.25885404433948656,17,290.0,-0.8500000000000001
43780.0,17,271.0,6.775,5.519232519296758,17,271.0,0.19117740528447993,17,271.0,0.18999999999999995
43785.0,15,334.0,8.35,6.031783824613471,15,289.0,0.2485881173543941,15,289.0,-0.18000000000000016
43790.0,17,414.0,9.627906976744185,5.10035063931044,17,414.0,0.20027747217678452,17,414.0,-1.2499999999999996
43795.0,17,367.0,8.951219512195122,5.677908390367197,17,367.0,0.22881374690963308,17,367.0,0.46999999999999975
43800.0,14,337.0,8.64102564102564,5.77869713422831,14,294.0,0.24281640320925424,14,294.0,0.73
43805.0,15,411.0,9.785714285714286,6.102177274709943,15,411.0,0.2633620972879169,15,411.0,-1.1700000000000004
43810.0,15,351.0,8.775,6.048556878112009,15,351.0,0.26461715426760074,15,351.0,0.6000000000000005
43815.0,13,192.0,4.682926829268292,5.826348194702299,13,149.0,0.23618874682606608,13,149.0,2.0199999999999996
43820.0,9,152.0,3.8,7.340055711064951,9,152.0,0.3411337777033351,9,152.0,-0.030000000000000027
43825.0,12,104.0,2.4186046511627906,6.317800201573283,12,104.0,0.26104715498047,12,104.0,0.48
43830.0,13,123.0,2.86046511627907,7.00074592369094,13,94.0,0.2944942587810489,13,94.0,0.10000000000000009
43835.0,13,188.0,4.476190476190476,7.672901503575035,13,188.0,0.342614633830768,13,188.0,-0.94
43840.0,13,167.0,3.883720930232558,6.417762792088889,13,167.0,0.23995049254289208,13,167.0,0.20999999999999996
43845.0,12,182.0,4.232558139534884,7.242908585655278,12,154.0,0.2876595412380741,12,154.0,0.1299999999999999
43850.0,13,244.0,5.545454545454546,6.764469861212628,13,244.0,0.2518531321815573,13,244.0,-0.8999999999999999
43855.0,14,314.0,7.658536585365853,6.745275562360758,14,314.0,0.27764655462083687,14,314.0,-0.7000000000000002
43860.0,12,274.0,6.85,6.336672920160903,12,274.0,0.2358761169990732,12,274.0,0.3999999999999999
43865.0,9,150.0,3.5714285714285716,6.454063440047172,9,117.0,0.26246560421956217,9,117.0,1.5700000000000003
43870.0,6,128.0,3.2,7.542851947594373,6,128.0,0.35330231550240687,6,128.0,-0.1100000000000001
43875.0,8,69.0,1.6428571428571428,6.676884658743562,8,69.0,0.2713874395854381,8,69.0,0.5900000000000001
43880.0,10,98.0,2.3333333333333335,7.623617439612843,10,65.0,0.3476430583152645,10,65.0,0.039999999999999925
43885.0,13,148.0,3.2888888888888888,7.428929345146747,13,148.0,0.33203550501123286,13,148.0,-0.83
43890.0,12,207.0,4.6,7.672016489188114,12,207.0,0.34257018817229284,12,207.0,-0.5899999999999999
43895.0,9,201.0,4.674418604651163,7.917118332781088,9,201.0,0.35891558191286854,9,201.0,0.06000000000000005
43900.0,7,144.0,3.5121951219512195,7.26366703423973,7,126.0,0.3113744514015328,7,126.0,0.7499999999999998
43905.0,7,174.0,4.35,8.309689066823301,7,174.0,0.41784355508050053,7,174.0,-0.48
43910.0,8,138.0,3.45,7.1546897217123,8,138.0,0.3067235939363831,8,138.0,0.3600000000000001
43915.0,12,195.0,5.0,7.362588836817214,12,131.0,0.3194079561049101,12,131.0,0.06999999999999984
43920.0,12,255.0,7.083333333333333,7.021208613529827,12,255.0,0.3161967091343279,12,255.0,-1.2399999999999998
43925.0,12,171.0,4.5,6.016101523663316,12,171.0,0.23284587431699547,12,171.0,0.8399999999999999
43930.0,9,171.0,4.5,7.3293771168193675,9,113.0,0.3424743868841809,9,113.0,0.5800000000000001
43935.0,10,217.0,5.425,7.319412365819167,10,217.0,0.33970420034060933,10,217.0,-1.04
43940.0,10,184.0,4.842105263157895,7.219860189759281,10,184.0,0.3264584075011691,10,184.0,0.32999999999999985
43945.0,13,229.0,6.026315789473684,6.949018937727197,13,192.0,0.29656806724511975,13,192.0,-0.07999999999999985
43950.0,11,283.0,7.648648648648648,7.804456651791516,11,283.0,0.3514201057806301,11,283.0,-0.9100000000000001
43955.0,11,338.0,9.135135135135135,7.539242785784036,11,338.0,0.3215424177438424,11,338.0,-0.5499999999999998
43960.0,13,401.0,10.552631578947368,6.7969517276036955,13,401.0,0.2449437784233961,13,401.0,-0.6299999999999999
43965.0,14,471.0,13.083333333333334,7.088520908460139,14,471.0,0.27861919144440994,14,471.0,-0.7000000000000002
43970.0,13,455.0,11.666666666666666,6.066619662414885,13,455.0,0.20192715235315029,13,455.0,0.16000000000000014
43975.0,12,500.0,13.513513513513514,6.941169769704545,12,472.0,0.2858385221776605,12,472.0,-0.16999999999999993
43980.0,13,561.0,16.02857142857143,6.897030653416646,13,561.0,0.31017571953066,13,561.0,-0.8900000000000006
43985.0,12,399.0,10.5,6.236382687940388,12,399.0,0.2579521561393029,12,399.0,1.62
43990.0,7,131.0,3.5405405405405403,7.2363033616052235,7,58.0,0.3336734179704733,7,58.0,3.41
43995.0,7,86.0,2.263157894736842,7.071203017575932,7,86.0,0.3291365217612908,7,86.0,-0.28
44000.0,6,36.0,1.0,7.531132758686596,6,36.0,0.37008178659624963,6,36.0,0.5
44005.0,11,68.0,1.7894736842105263,7.063892290895329,11,33.0,0.3097435436583748,11,33.0,0.02999999999999997
44010.0,11,121.0,3.1842105263157894,7.423651004713983,11,121.0,0.3406916948137388,11,121.0,-0.8799999999999999
44015.0,9,126.0,3.4054054054054053,7.545385696770007,8,125.0,0.3443265831757354,8,125.0,-0.040000000000000036
44020.0,8,87.0,2.230769230769231,6.7959797734720855,8,74.0,0.2561010179629415,8,74.0,0.51
44025.0,6,109.0,2.7948717948717947,7.763052059531835,6,109.0,0.3305362500500771,6,109.0,-0.3500000000000001
44030.0,8,44.0,1.0731707317073171,6.79306317233741,8,44.0,0.26802304338821725,8,44.0,0.6500000000000001
44035.0,10,74.0,1.85,7.117251944301432,10,32.0,0.28156305501184997,10,32.0,0.12
44040.0,10,124.0,3.4444444444444446,7.317994650927894,10,124.0,0.31186640319603665,10,124.0,-0.9199999999999999
44045.0,11,130.0,3.3333333333333335,6.482672099112586,11,130.0,0.26330438983798793,11,130.0,-0.06000000000000005
44050.0,6,100.0,2.6315789473684212,7.515748887064337,6,86.0,0.3370443736305959,6,86.0,0.44000000000000006
44055.0,8,133.0,3.325,7.392185580675978,8,133.0,0.3298343057050133,8,133.0,-0.4700000000000001
44060.0,8,93.0,2.4473684210526314,7.748173132865977,8,93.0,0.3478773280553406,8,93.0,0.4
44065.0,11,127.0,3.3421052631578947,7.23286531947067,11,91.0,0.29923279393405416,11,91.0,0.020000000000000018
44070.0,10,175.0,4.72972972972973,8.017466394049865,10,175.0,0.3646084731495219,10,175.0,-0.84
44075.0,7,138.0,3.72972972972973,8.172543210246955,7,138.0,0.3771081872920621,7,138.0,0.3700000000000001
44080.0,8,164.0,4.1,7.587252017836721,8,136.0,0.3022186044767087,8,136.0,0.019999999999999796
44085.0,9,209.0,5.805555555555555,8.42965539081944,9,209.0,0.3879955964391637,9,209.0,-0.7299999999999998
44090.0,9,246.0,6.473684210526316,7.119715282559016,9,246.0,0.28049356083212285,9,246.0,-0.3700000000000001
44095.0,10,295.0,7.972972972972973,7.7770160837686335,10,290.0,0.3177749838445579,10,290.0,-0.43999999999999995
44100.0,10,345.0,9.857142857142858,8.126901547958607,10,345.0,0.34169245022747885,10,345.0,-0.5500000000000003
44105.0,9,260.0,7.027027027027027,7.296543304806478,9,260.0,0.27178042647643863,9,260.0,0.8500000000000001
44110.0,5,152.0,4.108108108108108,8.181821922532771,5,109.0,0.35215822583605816,5,109.0,1.51
44115.0,7,180.0,4.864864864864865,7.701173028877056,7,180.0,0.34472488101410037,7,180.0,-0.71
44120.0,8,200.0,5.714285714285714,7.892841183853926,8,200.0,0.3672993645460882,8,200.0,-0.19999999999999996
44125.0,12,245.0,6.805555555555555,7.239379989628596,12,235.0,0.31646956348539573,12,235.0,-0.3500000000000001
44130.0,11,299.0,8.542857142857143,7.599518063461638,11,299.0,0.3480511743939745,11,299.0,-0.6400000000000001
44135.0,8,256.0,7.757575757575758,8.02916077332965,8,256.0,0.38166262412435425,8,256.0,0.43000000000000016
44140.0,10,285.0,8.382352941176471,6.5774237158781705,10,246.0,0.28626732547362005,10,246.0,0.10000000000000009
44145.0,10,335.0,9.852941176470589,7.6968679699745985,10,335.0,0.37626609004014144,10,335.0,-0.8900000000000001
44150.0,7,289.0,8.257142857142858,6.790267000702475,7,289.0,0.2966411099470845,7,289.0,0.45999999999999996
44155.0,6,252.0,7.2,7.653806303389245,6,224.0,0.34879860758701303,6,224.0,0.6499999999999999
44160.0,6,282.0,8.057142857142857,8.599561241668287,6,282.0,0.4206349317290826,6,282.0,-0.5799999999999996
44165.0,8,66.0,1.7837837837837838,7.106922653177864,8,66.0,0.28541123844296845,8,66.0,2.1599999999999997
44170.0,8,106.0,3.0285714285714285,8.121628857952004,8,-33.0,0.37566447975557676,8,-33.0,0.99
44175.0,9,148.0,4.0,7.459685977932812,9,148.0,0.3173915315575407,9,148.0,-1.81
44180.0,8,151.0,4.081081081081081,8.185031169213143,8,151.0,0.3635606018873784,8,151.0,-0.030000000000000027
44185.0,9,179.0,4.837837837837838,7.820286692642187,9,166.0,0.3484663422789484,9,166.0,-0.1499999999999999
44190.0,9,221.0,5.972972972972973,8.126924839335764,9,221.0,0.3837675415356612,9,221.0,-0.55
44195.0,6,133.0,3.8,8.274610175095498,6,133.0,0.395504274998385,6,133.0,0.8799999999999999
44200.0,6,127.0,3.6285714285714286,7.782731425460852,6,76.0,0.3625353968569393,6,76.0,0.5700000000000001
44205.0,7,158.0,4.647058823529412,8.47621351710332,7,158.0,0.42612576067996677,7,158.0,-0.8200000000000001
44210.0,6,56.0,1.6,6.959199436893313,6,56.0,0.31116997753266123,6,56.0,1.02
44215.0,5,43.0,1.303030303030303,8.037564547970947,5,-12.0,0.3972980524288668,5,-12.0,0.68
44220.0,5,68.0,2.0606060606060606,8.845304679296431,5,68.0,0.46656997303062764,5,68.0,-0.8
44225.0,7,99.0,2.675675675675676,7.868521652555673,7,99.0,0.36768252662287854,7,99.0,-0.30999999999999994
44230.0,4,83.0,2.3714285714285714,8.698929095844074,4,83.0,0.427426934100398,4,83.0,0.16000000000000003
44235.0,5,105.0,2.8378378378378377,8.245918567857824,5,87.0,0.3777957301494218,5,87.0,-0.040000000000000036
44240.0,6,133.0,3.6944444444444446,9.025222662880891,6,133.0,0.4444084925509486,6,133.0,-0.4600000000000001
44245.0,8,122.0,3.210526315789474,8.430490132059754,8,122.0,0.38615439500586374,8,122.0,0.1100000000000001
44250.0,8,158.0,4.514285714285714,8.818719816232012,8,122.0,0.38494841289937176,8,122.0,0.0
44255.0,8,198.0,6.1875,8.672035996223363,8,198.0,0.38964709945744835,8,198.0,-0.76
44260.0,8,99.0,3.0,7.205698901200455,8,99.0,0.2839583700523863,8,99.0,0.99
44265.0,5,78.0,2.4375,8.428186011975273,5,22.0,0.4101294317687396,5,22.0,0.77
44270.0,6,104.0,2.9714285714285715,7.569228326026949,6,104.0,0.3475635740395512,6,104.0,-0.8200000000000001
44275.0,6,59.0,1.7352941176470589,7.848387605703177,6,59.0,0.36153709405234175,6,59.0,0.45000000000000007
44280.0,5,78.0,2.4375,8.508691197447655,5,45.0,0.4028327234422069,5,45.0,0.13999999999999996
44285.0,7,109.0,3.5161290322580645,7.372454852014161,7,109.0,0.3420308502717847,7,109.0,-0.6400000000000001
44290.0,5,55.0,1.8333333333333333,7.983293197596165,5,55.0,0.38510431931809475,5,55.0,0.54
44295.0,5,70.0,2.1875,7.6394547723331705,5,33.0,0.3554760116711075,5,33.0,0.22000000000000003
44300.0,6,98.0,3.0625,8.926938355151322,6,98.0,0.44391276650146966,6,98.0,-0.6499999999999999
44305.0,6,39.0,1.1142857142857143,7.716301875891559,6,39.0,0.32863158067228065,6,39.0,0.59
44310.0,4,46.0,1.3142857142857143,8.790913029701308,4,18.0,0.39672649430910845,4,18.0,0.21000000000000002
44315.0,4,66.0,2.0625,9.260204422814073,4,66.0,0.4537268554088791,4,66.0,-0.48000000000000004
44320.0,7,91.0,2.6,7.662200574220735,7,91.0,0.3291967541919828,7,91.0,-0.25
44325.0,5,40.0,1.25,8.402038590523652,5,40.0,0.40370277363371165,5,40.0,0.51
44330.0,3,47.0,1.3823529411764706,7.433422320799315,3,13.0,0.29705041324839554,3,13.0,0.27
44335.0,5,72.0,2.1176470588235294,8.6459166655209,5,72.0,0.41264477224651064,5,72.0,-0.59
44340.0,3,36.0,1.0588235294117647,8.179174038667295,3,36.0,0.36495432857207616,3,36.0,0.36
44345.0,5,58.0,1.6571428571428573,8.1768520836362,5,28.0,0.35301066757777233,5,28.0,0.07999999999999996
44350.0,5,83.0,2.515151515151515,9.310755950477544,5,83.0,0.45441802458608826,5,83.0,-0.5499999999999999
44355.0,4,76.0,2.235294117647059,8.074753491695528,4,76.0,0.3490589376940116,4,76.0,0.06999999999999995
44360.0,4,96.0,3.0,9.679914517203413,4,82.0,0.4822183360520229,4,82.0,-0.05999999999999994
44365.0,7,116.0,3.515151515151515,9.069687453858782,7,116.0,0.4059007704332962,7,116.0,-0.33999999999999997
44370.0,6,144.0,4.645161290322581,9.370114681438192,6,144.0,0.4126955032027601,6,144.0,-0.28
44375.0,3,75.0,2.586206896551724,10.011004352103045,3,75.0,0.48383611265126564,3,75.0,0.69
44380.0,4,78.0,2.4375,8.902362927239444,4,38.0,0.3914064763301062,4,38.0,0.37
44385.0,5,101.0,3.15625,9.745418203373614,5,101.0,0.4754855972935212,5,101.0,-0.63
44390.0,5,43.0,1.2647058823529411,8.085390665949959,5,43.0,0.3370322307689519,5,43.0,0.5800000000000001
44395.0,6,71.0,2.2903225806451615,8.963515217353121,6,4.0,0.39898388379367933,6,4.0,0.39
44400.0,6,101.0,3.607142857142857,9.234512403686676,6,101.0,0.42972518972890084,6,101.0,-0.97
44405.0,6,100.0,3.3333333333333335,7.888268751092384,6,100.0,0.32555840521462365,6,100.0,0.010000000000000009
44410.0,6,130.0,4.814814814814815,9.050198836011006,6,112.0,0.45389424649973154,6,112.0,-0.1200000000000001
44415.0,8,162.0,5.4,7.607231901164662,8,162.0,0.3524971441301993,8,162.0,-0.5
44420.0,5,77.0,2.566666666666667,8.511711166115612,5,77.0,0.4241909449343856,5,77.0,0.8500000000000001
44425.0,6,68.0,2.125,8.551291688504184,6,20.0,0.41475020417933967,6,20.0,0.5700000000000001
44430.0,5,89.0,2.870967741935484,9.078653690362193,5,89.0,0.452895843661652,5,89.0,-0.69
44435.0,5,109.0,3.892857142857143,9.13113330667524,5,109.0,0.48592422817444086,5,109.0,-0.20000000000000007
44440.0,8,141.0,4.7,7.784611744445516,8,138.0,0.3034087440123144,8,138.0,-0.2899999999999998
44445.0,8,181.0,6.241379310344827,8.347076775825323,8,181.0,0.38089410762419973,8,181.0,-0.43000000000000016
44450.0,6,79.0,2.5483870967741935,6.987759934908095,6,79.0,0.2710613471684694,6,79.0,1.02
44455.0,5,66.0,2.129032258064516,8.446985142030107,5,12.0,0.3807603562645975,5,12.0,0.67
44460.0,5,91.0,2.935483870967742,8.590877963168008,5,91.0,0.4067320932807258,5,91.0,-0.79
44465.0,7,123.0,3.5142857142857142,7.999602304586688,7,123.0,0.3604586020930748,7,123.0,-0.31999999999999995
44470.0,6,126.0,3.7058823529411766,9.02406789491178,6,126.0,0.4297166618188676,6,126.0,-0.030000000000000027
44475.0,9,160.0,5.0,7.828076460734324,9,133.0,0.3125890891842322,9,133.0,-0.07000000000000006
44480.0,9,205.0,6.612903225806452,8.140345196869804,9,205.0,0.36087341903967685,9,205.0,-0.7199999999999998
44485.0,8,182.0,5.870967741935484,7.656822492051938,8,182.0,0.3330657644505096,8,182.0,0.22999999999999976
44490.0,8,220.0,7.096774193548387,7.634936269988321,8,190.0,0.3532269671744941,8,190.0,-0.07999999999999985
44495.0,8,260.0,8.387096774193548,8.200643765793702,8,260.0,0.400965719481077,8,260.0,-0.7000000000000002
44500.0,8,128.0,3.764705882352941,6.7599829633184285,8,128.0,0.2764263678898788,8,128.0,1.32
44505.0,5,67.0,2.09375,8.46326684433123,5,4.0,0.3942353042889416,5,4.0,1.24
44510.0,5,92.0,2.787878787878788,8.157132091200278,5,92.0,0.3893125125590927,5,92.0,-0.88
44515.0,7,42.0,1.2727272727272727,7.704325653663154,7,42.0,0.3524921741839725,7,42.0,0.5
44520.0,6,68.0,2.2666666666666666,8.144752787355818,6,32.0,0.3802801976949925,6,32.0,0.09999999999999998
44525.0,7,101.0,3.15625,7.27299698077851,7,101.0,0.32643376828179044,7,101.0,-0.69
44530.0,7,96.0,3.0,8.052260102943244,7,96.0,0.38414058782655197,7,96.0,0.050000000000000044
44535.0,9,133.0,3.8,6.656358708587403,9,107.0,0.2725895001099535,9,107.0,-0.1100000000000001
44540.0,9,178.0,5.393939393939394,7.747243126783721,9,178.0,0.37619323978062047,9,178.0,-0.71
44545.0,9,127.0,3.6285714285714286,7.147505189598684,9,127.0,0.33390195619597934,9,127.0,0.51
44550.0,6,120.0,3.5294117647058822,7.918239628123264,6,92.0,0.39149081820312404,6,92.0,0.35
44555.0,6,150.0,4.411764705882353,8.944591526738176,6,150.0,0.4543510939326635,6,150.0,-0.58
44560.0,7,96.0,2.6666666666666665,7.142597225202037,7,96.0,0.28825214065645655,7,96.0,0.54
44565.0,8,112.0,3.393939393939394,8.152058261218219,7,81.0,0.3720101126061365,7,81.0,0.1499999999999999
44570.0,7,140.0,4.0,7.154226888492417,7,140.0,0.2873727268582223,7,140.0,-0.5899999999999999
44575.0,8,148.0,4.352941176470588,7.936138447600905,8,148.0,0.3331809057288483,8,148.0,-0.08000000000000007
44580.0,8,188.0,5.875,7.7358839618722275,8,174.0,0.33551353207786583,8,174.0,-0.26
44585.0,10,236.0,6.555555555555555,7.528750563741934,10,236.0,0.32087016036329424,10,236.0,-0.6199999999999999
44590.0,7,192.0,5.485714285714286,8.363471745999135,7,192.0,0.380547225675065,7,192.0,0.43999999999999995
44595.0,8,215.0,5.8108108108108105,7.6424628163475425,8,177.0,0.3140886713345635,8,177.0,0.1499999999999999
44600.0,8,255.0,7.285714285714286,8.590872597352691,8,255.0,0.41717310806422436,8,255.0,-0.7799999999999998
44605.0,7,196.0,5.764705882352941,7.662156919439345,7,196.0,0.3501160039645508,7,196.0,0.5899999999999999
44610.0,5,183.0,5.382352941176471,8.376348082158177,5,154.0,0.40407725775354136,5,154.0,0.41999999999999993
44615.0,5,208.0,6.303030303030303,9.171639307944352,5,208.0,0.477049388310673,5,208.0,-0.54
44620.0,6,60.0,1.6666666666666667,7.706782127877956,6,60.0,0.33803171105599517,6,60.0,1.48
44625.0,7,94.0,2.8484848484848486,8.522111075600556,7,-21.0,0.4228567424264169,7,-21.0,0.8099999999999999
44630.0,7,129.0,3.5833333333333335,7.217473162602437,7,129.0,0.3010472377685992,7,129.0,-1.5
44635.0,7,95.0,2.7941176470588234,7.817765709381333,7,95.0,0.342315368912829,7,95.0,0.3400000000000001
44640.0,6,120.0,3.75,8.52788403887226,6,84.0,0.421334919428496,6,84.0,0.10999999999999999
44645.0,8,154.0,4.277777777777778,7.56472415175689,8,154.0,0.3318209579104326,8,154.0,-0.7000000000000001
44650.0,5,99.0,2.8285714285714287,8.44693378624708,5,99.0,0.401722653899514,5,99.0,0.55
44655.0,5,113.0,3.323529411764706,8.031410325643625,5,75.0,0.3438017978062077,5,75.0,0.24
44660.0,6,143.0,4.205882352941177,8.99846274213634,6,143.0,0.43271992581061103,6,143.0,-0.6799999999999999
44665.0,9,164.0,4.685714285714286,7.519869930504657,9,164.0,0.32938628936791003,9,164.0,-0.20999999999999996
44670.0,7,198.0,5.6571428571428575,8.57060727306296,7,193.0,0.38468915603641957,7,193.0,-0.29000000000000004
44675.0,7,233.0,7.0606060606060606,8.893037513987661,7,233.0,0.4063412292615947,7,233.0,-0.40000000000000013
44680.0,8,101.0,2.9705882352941178,7.352574471987179,7,100.0,0.28737384516711323,7,100.0,1.33
44685.0,5,35.0,1.09375,8.090505474562294,5,-23.0,0.33833124949029536,5,-23.0,1.23
44690.0,3,47.0,1.3823529411764706,8.097515012507484,3,47.0,0.35094176735374305,3,47.0,-0.7
44695.0,5,68.0,2.0606060606060606,8.60204197990497,5,68.0,0.4006972272645857,5,68.0,-0.21000000000000008
44700.0,6,76.0,2.303030303030303,8.217826568982826,6,76.0,0.35365811447787315,6,76.0,-0.07999999999999996
44705.0,9,116.0,3.3142857142857145,7.678323575295963,9,99.0,0.30302218900513417,9,99.0,-0.22999999999999998
44710.0,9,161.0,5.193548387096774,8.093487927955614,9,161.0,0.34302352078711257,9,161.0,-0.6200000000000001
44715.0,12,211.0,6.393939393939394,6.924803562720996,12,211.0,0.2512809075237045,12,211.0,-0.4999999999999998
44720.0,9,146.0,4.5625,7.8545206904310545,9,146.0,0.3412891204597592,9,146.0,0.6499999999999999
44725.0,10,156.0,4.875,6.483739339672491,10,107.0,0.2855515301692267,10,107.0,0.3899999999999999
44730.0,9,201.0,6.28125,7.762992991472023,9,201.0,0.37814452063154336,9,201.0,-0.9399999999999997
44735.0,7,153.0,4.78125,7.925725186852464,7,153.0,0.397013926857863,7,153.0,0.47999999999999976
44740.0,8,179.0,5.424242424242424,6.853903588554247,8,143.0,0.3056211514124539,8,143.0,0.10000000000000009
44745.0,9,224.0,7.0,7.946158484928754,9,224.0,0.38483508550251533,9,224.0,-0.8100000000000003
44750.0,9,259.0,7.4,7.0221345698988245,9,259.0,0.3089131585418048,9,259.0,-0.34999999999999964
44755.0,11,311.0,9.71875,7.3494235138709145,11,304.0,0.3061790518895255,11,304.0,-0.4500000000000002
44760.0,11,366.0,11.806451612903226,7.428573410784561,11,366.0,0.3166659850407038,11,366.0,-0.6200000000000001
44765.0,11,230.0,6.571428571428571,6.674931505030056,11,230.0,0.26129831947867366,11,230.0,1.3600000000000003
44770.0,6,118.0,3.4705882352941178,7.702861428401128,6,55.0,0.3577326461819021,6,55.0,1.7499999999999998
44775.0,8,151.0,4.081081081081081,7.292592647460912,8,151.0,0.3339180075254805,8,151.0,-0.96
44780.0,11,197.0,5.472222222222222,7.445387462031004,11,197.0,0.3406467148963243,11,197.0,-0.45999999999999996
44785.0,15,257.0,7.138888888888889,6.653132846523693,15,257.0,0.2698267102688905,15,257.0,-0.5999999999999999
44790.0,15,329.0,9.13888888888889,6.827522364568878,15,329.0,0.268069748435359,15,329.0,-0.7200000000000002
44795.0,12,310.0,9.393939393939394,6.837403453523635,12,310.0,0.2965071325726327,12,310.0,0.18999999999999995
44800.0,13,361.0,10.314285714285715,6.0924276916112285,13,324.0,0.25940524999722664,13,324.0,-0.14000000000000012
44805.0,14,430.0,12.647058823529411,6.508481078968704,14,430.0,0.29963179553207797,14,430.0,-1.0599999999999996
44810.0,15,494.0,13.722222222222221,5.611118939806366,15,494.0,0.23376776651876477,15,494.0,-0.6400000000000006
44815.0,16,572.0,15.88888888888889,6.284898736302023,16,568.0,0.2507032552384065,16,568.0,-0.7399999999999993
44820.0,16,652.0,19.176470588235293,5.440875010935707,16,652.0,0.20907327193036795,16,652.0,-0.8399999999999999
44825.0,16,492.0,13.297297297297296,5.2648077875507,16,492.0,0.20763291782270646,16,492.0,1.5999999999999996
44830.0,11,348.0,9.942857142857143,5.861806502782007,11,260.0,0.2713497293963837,11,260.0,2.32
44835.0,12,392.0,10.31578947368421,5.94786950860361,12,392.0,0.2827393704475301,12,392.0,-1.3199999999999998
44840.0,12,452.0,11.894736842105264,7.075204174156937,12,452.0,0.3423466566313157,12,452.0,-0.5999999999999996
44845.0,15,512.0,12.487804878048781,6.608808788077735,15,512.0,0.29718868711468277,15,512.0,-0.6000000000000005
44850.0,15,583.0,14.21951219512195,6.470459533853839,14,581.0,0.26625273809052646,14,581.0,-0.6899999999999995
44855.0,16,654.0,16.35,6.341378117530206,15,653.0,0.24778628151774118,15,653.0,-0.7200000000000006
44860.0,18,731.0,17.829268292682926,5.631889302217284,18,731.0,0.20001670496439766,18,731.0,-0.7799999999999994
44865.0,17,816.0,20.923076923076923,6.114562409656849,17,816.0,0.2294634929915144,17,816.0,-0.8500000000000005
44870.0,18,894.0,21.285714285714285,5.412464594897498,18,894.0,0.18437634220989352,18,894.0,-0.7799999999999994
44875.0,18,984.0,24.0,6.089489060018859,18,977.0,0.22663248346347004,18,977.0,-0.8300000000000001
44880.0,19,1076.0,26.9,5.637513542355156,19,1076.0,0.21818157473896366,19,1076.0,-0.9900000000000002
44885.0,18,856.0,19.454545454545453,5.499584626519292,18,856.0,0.1960673126524727,18,856.0,2.1999999999999993
44890.0,13,490.0,11.666666666666666,5.995650762631427,13,387.0,0.24623367888355782,13,387.0,4.69
44895.0,10,364.0,8.666666666666666,6.503146360709118,10,364.0,0.3042639634648276,10,364.0,0.22999999999999998
44900.0,13,411.0,10.275,6.438993037982483,13,411.0,0.2862391044518727,13,411.0,-0.4700000000000002
44905.0,22,492.0,11.714285714285714,5.395777541054147,22,492.0,0.20351553673938194,22,492.0,-0.8099999999999996
44910.0,22,599.0,14.609756097560975,5.603535741745249,22,599.0,0.21953735697896606,22,599.0,-1.0700000000000003
44915.0,19,658.0,16.45,5.314209062075326,19,658.0,0.21642899088544176,19,658.0,-0.5899999999999999
44920.0,18,676.0,16.095238095238095,4.876424198788619,18,663.0,0.20980762410344178,18,663.0,-0.04999999999999982
44925.0,15,717.0,17.48780487804878,5.8863201129543326,15,717.0,0.27802269547707653,15,717.0,-0.54
44930.0,16,479.0,11.13953488372093,4.883175655809475,16,479.0,0.2017614243926044,16,479.0,2.38
44935.0,16,246.0,5.72093023255814,5.612849550734372,16,133.0,0.23114098508565523,16,133.0,3.46
44940.0,13,252.0,6.0,6.193878935039488,13,252.0,0.2795660570231294,13,252.0,-1.19
44945.0,15,281.0,6.534883720930233,5.309198085668988,15,281.0,0.23600996292566429,15,281.0,-0.29000000000000004
44950.0,15,287.0,6.674418604651163,5.250374148097158,15,274.0,0.20663484497085643,15,274.0,0.06999999999999984
44955.0,16,361.0,8.022222222222222,5.154739459296382,16,361.0,0.2071063974004772,16,361.0,-0.8699999999999997
44960.0,17,400.0,8.88888888888889,5.698254630059514,17,400.0,0.23544851802559563,17,400.0,-0.3900000000000001
44965.0,19,410.0,8.541666666666666,5.2732314161386835,19,397.0,0.20524153031248818,19,397.0,0.029999999999999805
44970.0,16,489.0,10.1875,6.586430004114824,16,489.0,0.2912285188019231,16,489.0,-0.9199999999999995
44975.0,16,340.0,7.083333333333333,6.14365067648679,16,340.0,0.23552289163593795,16,340.0,1.4899999999999998
44980.0,15,241.0,4.82,6.089854748338817,15,155.0,0.22462020477516967,15,155.0,1.8499999999999999
44985.0,15,311.0,6.617021276595745,6.782807823312447,15,311.0,0.2799532544796739,15,311.0,-1.5599999999999998
44990.0,16,295.0,6.276595744680851,5.924724120893691,16,295.0,0.21607427592949838,16,295.0,0.1599999999999997
44995.0,14,234.0,5.318181818181818,6.625672765392266,14,205.0,0.26262064036602767,14,205.0,0.9000000000000004
45000.0,13,292.0,6.636363636363637,6.251992265770405,13,292.0,0.25700063549483076,13,292.0,-0.8700000000000001
45005.0,15,277.0,6.021739130434782,5.5101215088293785,15,277.0,0.2208434271824173,15,277.0,0.1499999999999999
45010.0,13,266.0,5.911111111111111,6.467964344972524,13,238.0,0.29585918453788,13,238.0,0.3900000000000001
45015.0,14,332.0,6.916666666666667,6.458418389943972,14,332.0,0.28017251979060576,14,332.0,-0.94
45020.0,15,317.0,7.044444444444444,6.450697859518441,15,317.0,0.2756239870724368,15,317.0,0.1499999999999999
45025.0,14,289.0,6.282608695652174,6.696736712093314,14,261.0,0.3060221474442954,14,261.0,0.56
45030.0,12,349.0,7.586956521739131,7.385289237444093,12,349.0,0.35519214676638833,12,349.0,-0.8800000000000003
45035.0,12,368.0,8.177777777777777,6.99875213025101,12,368.0,0.31738503485307723,12,368.0,-0.18999999999999995
45040.0,14,428.0,9.304347826086957,6.302130157177214,14,415.0,0.24985322914617708,14,415.0,-0.4700000000000002
45045.0,15,502.0,11.409090909090908,6.832579568466392,15,502.0,0.2949003271324209,15,502.0,-0.8699999999999992
45050.0,16,579.0,12.866666666666667,6.161707183001081,16,579.0,0.23863706877136998,16,579.0,-0.7700000000000005
45055.0,14,598.0,13.590909090909092,6.584950244400156,14,598.0,0.2570015415877545,14,598.0,-0.1900000000000004
45060.0,13,637.0,15.536585365853659,6.470841263473576,13,619.0,0.2627029696592977,13,619.0,-0.20999999999999996
45065.0,14,705.0,15.666666666666666,6.537130688285378,14,705.0,0.2721853896498205,14,705.0,-0.8599999999999994
45070.0,12,577.0,12.822222222222223,6.7557452864054195,12,577.0,0.2734401051832883,12,577.0,1.2800000000000002
45075.0,9,354.0,7.375,6.703777477108074,9,291.0,0.2639229179797671,9,291.0,2.8599999999999994
45080.0,7,343.0,7.622222222222222,7.881136225252858,7,343.0,0.3792669951709,7,343.0,-0.52
45085.0,10,351.0,8.357142857142858,6.706647568454092,10,351.0,0.2838221506858249,10,351.0,-0.07999999999999963
45090.0,13,410.0,9.761904761904763,7.008526955310491,13,392.0,0.2940571342048255,13,392.0,-0.41000000000000014
45095.0,13,475.0,11.30952380952381,7.528029806070423,13,475.0,0.3243604601364002,13,475.0,-0.8300000000000001
45100.0,14,497.0,11.55813953488372,6.331498071407794,14,497.0,0.2048358031816507,14,497.0,-0.21999999999999975
45105.0,9,486.0,11.571428571428571,7.2736167822323905,9,473.0,0.2880573741903656,9,473.0,0.23999999999999932
45110.0,10,533.0,12.113636363636363,6.81035077715427,10,533.0,0.2777533946735384,10,533.0,-0.5999999999999996
45115.0,12,475.0,11.585365853658537,6.872937478645435,11,474.0,0.2793639770944703,11,474.0,0.5899999999999999
45120.0,11,501.0,12.21951219512195,6.927175624587464,11,458.0,0.25692568405520333,11,458.0,0.16000000000000014
45125.0,12,557.0,13.585365853658537,6.539020966194841,12,557.0,0.26778820176371715,12,557.0,-0.9900000000000002
45130.0,12,567.0,14.538461538461538,6.856008696780916,12,567.0,0.31892432187678105,12,567.0,-0.09999999999999964
45135.0,12,627.0,16.076923076923077,6.006844096907338,12,601.0,0.26505892746120185,12,601.0,-0.33999999999999986
45140.0,14,697.0,18.342105263157894,6.910188870638253,14,697.0,0.32795293523031915,14,697.0,-0.96
45145.0,14,713.0,18.28205128205128,6.45046199825702,14,713.0,0.2900193956127457,14,713.0,-0.16000000000000014
45150.0,12,758.0,19.435897435897434,7.077060302479604,12,744.0,0.3063681988014357,12,744.0,-0.3100000000000005
45155.0,12,818.0,20.974358974358974,7.61034458405491,12,818.0,0.3477663430868499,12,818.0,-0.7399999999999993
45160.0,11,742.0,18.097560975609756,6.633406533576266,11,742.0,0.27028850933318965,11,742.0,0.7599999999999998
45165.0,8,653.0,16.325,7.472364066551665,8,610.0,0.3178940314505161,8,610.0,1.3200000000000003
45170.0,8,693.0,17.325,7.464138555058716,8,693.0,0.3224659935950446,8,693.0,-0.8300000000000001
45175.0,10,702.0,18.972972972972972,6.983285212503582,10,702.0,0.2794761517759115,10,702.0,-0.08999999999999986
45180.0,11,757.0,20.45945945945946,7.766347523695555,11,735.0,0.3355582574944062,11,735.0,-0.33000000000000007
45185.0,13,815.0,19.878048780487806,7.16810269351108,13,815.0,0.28113161791378427,13,815.0,-0.8000000000000007
45190.0,13,880.0,23.157894736842106,7.314311635404226,13,880.0,0.28421505496637384,13,880.0,-0.6500000000000004
45195.0,12,883.0,22.075,6.421859968395468,12,883.0,0.22381944491776548,12,883.0,-0.02999999999999936
45200.0,10,899.0,23.657894736842106,7.405222990393714,10,881.0,0.33568669245100813,10,881.0,0.019999999999999574
45205.0,12,949.0,23.725,7.179011947358688,12,949.0,0.32114590074386606,12,949.0,-0.6799999999999997
45210.0,12,896.0,22.974358974358974,6.9692907077880095,11,895.0,0.30494180049650577,11,895.0,0.5400000000000009
45215.0,10,921.0,24.236842105263158,6.952961532266375,10,875.0,0.28627967587307607,10,875.0,0.1999999999999993
45220.0,12,973.0,24.94871794871795,6.201914214941723,12,973.0,0.26572840922677543,12,973.0,-0.9800000000000004
45225.0,12,307.0,7.871794871794871,6.5801686537002135,12,307.0,0.3003936730934112,12,307.0,6.66
45230.0,10,155.0,3.875,5.720465865809614,10,-147.0,0.225656859855254,10,-147.0,4.54
45235.0,12,215.0,5.8108108108108105,6.357769206331774,12,215.0,0.28858273928507394,12,215.0,-3.62
45240.0,11,226.0,6.108108108108108,6.771233971867432,11,226.0,0.3191963098592859,11,226.0,-0.10999999999999988
45245.0,12,272.0,6.9743589743589745,6.421856862603671,12,258.0,0.2803903365410906,12,258.0,-0.3200000000000003
45250.0,12,332.0,8.512820512820513,7.376283101068186,12,332.0,0.34065499313489694,12,332.0,-0.7399999999999998
45255.0,12,264.0,6.285714285714286,6.387688029464006,12,264.0,0.24563420224335417,12,264.0,0.6799999999999997
45260.0,9,268.0,6.7,7.726057047645034,9,225.0,0.346473062392892,9,225.0,0.3900000000000001
45265.0,13,314.0,7.658536585365853,7.636728110803901,13,314.0,0.34466512640678626,13,314.0,-0.8900000000000001
45270.0,10,179.0,4.589743589743589,7.455120713668509,10,179.0,0.32272254312983767,10,179.0,1.35
45275.0,6,118.0,3.1052631578947367,8.38221454192599,6,48.0,0.3901205419946884,6,48.0,1.31
45280.0,9,153.0,3.825,7.679069730093867,9,153.0,0.32720252105759245,9,153.0,-1.05
45285.0,9,198.0,5.2105263157894735,8.286043268260064,9,198.0,0.3882142462892047,9,198.0,-0.44999999999999996
45290.0,9,243.0,6.075,7.186824756833434,9,243.0,0.2864038334006636,9,243.0,-0.4500000000000002
45295.0,8,212.0,5.578947368421052,7.380702646529706,8,212.0,0.3060894257687513,8,212.0,0.31000000000000005
45300.0,7,242.0,6.54054054054054,8.699367625529268,7,206.0,0.4147888078309663,7,206.0,0.06000000000000005
45305.0,9,281.0,7.025,8.12188359360114,9,281.0,0.32911547414718145,9,281.0,-0.75
45310.0,8,319.0,8.621621621621621,8.537682346064997,8,319.0,0.3701885256910719,8,319.0,-0.3799999999999999
45315.0,9,361.0,9.5,7.95274832506409,9,359.0,0.31178801506821957,9,359.0,-0.3999999999999999
45320.0,10,411.0,11.416666666666666,8.312504835187248,10,411.0,0.3589631874485615,10,411.0,-0.5200000000000005
45325.0,10,301.0,8.135135135135135,7.255889143560728,10,301.0,0.2845945942693161,10,301.0,1.1000000000000005
45330.0,7,259.0,7.4,7.894854212692238,7,206.0,0.36866029946158857,7,206.0,0.9499999999999997
45335.0,6,289.0,8.257142857142858,8.625367135318921,6,289.0,0.4345722015104824,6,289.0,-0.8300000000000001
45340.0,8,63.0,1.7027027027027026,7.0248210921351735,8,63.0,0.2865456717284822,8,63.0,2.2600000000000002
45345.0,8,103.0,2.942857142857143,8.054112766863172,8,5.0,0.380278060402811,8,5.0,0.58
45350.0,8,143.0,4.085714285714285,6.77113236831275,8,143.0,0.30230695964278237,8,143.0,-1.38
45355.0,8,111.0,3.1714285714285713,7.45802283690665,8,111.0,0.3388686786084066,8,111.0,0.31999999999999984
45360.0,7,141.0,4.147058823529412,7.992301893567573,7,106.0,0.3777085791572501,7,106.0,0.050000000000000044
45365.0,9,183.0,5.228571428571429,7.427541234726371,9,183.0,0.35206587788631083,9,183.0,-0.77
45370.0,6,133.0,4.03030303030303,7.808629224846465,6,133.0,0.3940594701992863,6,133.0,0.5
45375.0,6,150.0,4.166666666666667,7.544916489829158,6,111.0,0.33725879011049437,6,111.0,0.21999999999999997
45380.0,7,184.0,5.111111111111111,8.629030765917344,7,184.0,0.4264466962648054,7,184.0,-0.73
45385.0,7,78.0,2.0526315789473686,7.635280343407906,7,78.0,0.3479614424634144,7,78.0,1.06
45390.0,4,25.0,0.7142857142857143,8.27711554219161,4,-18.0,0.38679454069347513,4,-18.0,0.96
45395.0,3,39.0,1.1142857142857143,9.32673237252912,3,39.0,0.47368946250261285,3,39.0,-0.5700000000000001
45400.0,8,54.0,1.4594594594594594,7.327287889201275,8,54.0,0.2957350693460564,8,54.0,-0.15000000000000002
45405.0,9,99.0,2.675675675675676,8.230620541327468,9,90.0,0.3667966431417201,9,90.0,-0.36
45410.0,10,145.0,3.625,7.307542954946595,10,145.0,0.28258390287899776,10,145.0,-0.5499999999999999
45415.0,8,113.0,3.323529411764706,7.793411660870845,8,113.0,0.330081017902225,8,113.0,0.32000000000000006
45420.0,7,143.0,4.612903225806452,8.379419556692138,7,107.0,0.3716457610770423,7,107.0,0.05999999999999983
45425.0,9,185.0,5.606060606060606,7.634112965742522,9,185.0,0.3243402693511115,9,185.0,-0.78
45430.0,6,131.0,3.9696969696969697,8.353055513409192,6,131.0,0.37415861206015494,6,131.0,0.54
45435.0,4,51.0,1.5,7.946962826126469,4,22.0,0.3291796545930541,4,22.0,1.09
45440.0,4,71.0,2.1515151515151514,9.521635445593935,4,71.0,0.47067238384403653,4,71.0,-0.49
45445.0,9,86.0,2.5294117647058822,7.796926227337065,9,86.0,0.347135590257881,9,86.0,-0.15000000000000002
45450.0,8,124.0,3.757575757575758,8.115419939592034,8,118.0,0.3594199084428845,8,118.0,-0.31999999999999995
45455.0,8,164.0,5.290322580645161,8.550776996800911,8,164.0,0.38252688805807467,8,164.0,-0.45999999999999996
45460.0,8,133.0,4.03030303030303,6.961171622430403,8,133.0,0.26816676168337134,8,133.0,0.30999999999999983
45465.0,8,171.0,5.181818181818182,8.105106665006883,8,139.0,0.3498291995706733,8,139.0,-0.05999999999999983
45470.0,10,213.0,6.085714285714285,7.300211384245682,10,213.0,0.3090829151483533,10,213.0,-0.74
45475.0,8,168.0,5.090909090909091,7.725889393473527,8,168.0,0.32947087853271534,8,168.0,0.44999999999999996
45480.0,5,141.0,4.40625,7.8593527693321885,5,113.0,0.34072309687058827,5,113.0,0.55
45485.0,7,174.0,4.9714285714285715,7.838204550001899,7,174.0,0.35883399817390305,7,174.0,-0.6100000000000001
45490.0,7,90.0,2.727272727272727,8.08884398041859,7,90.0,0.3853126536582164,7,90.0,0.84
45495.0,9,128.0,3.5555555555555554,7.4080811109778,9,41.0,0.30068243195756267,9,41.0,0.49000000000000005
45500.0,10,177.0,5.057142857142857,8.108456936960172,10,177.0,0.35616092392209436,10,177.0,-1.36
45505.0,10,122.0,3.588235294117647,6.9595941700329345,10,122.0,0.2730156355644276,10,122.0,0.55
45510.0,8,148.0,4.352941176470588,8.110384656440212,8,108.0,0.3486511615746302,8,108.0,0.1399999999999999
45515.0,8,188.0,5.529411764705882,8.387497279884125,8,188.0,0.37716683462401907,8,188.0,-0.7999999999999998
45520.0,11,237.0,6.970588235294118,7.131102165422439,11,237.0,0.3014805684703219,11,237.0,-0.4900000000000002
45525.0,8,168.0,5.090909090909091,7.344639435942496,8,168.0,0.3150248380292994,8,168.0,0.6900000000000002
45530.0,7,171.0,4.75,7.0250562263929925,7,125.0,0.2829058341940874,7,125.0,0.42999999999999994
45535.0,8,210.0,6.363636363636363,8.10607448624843,8,210.0,0.3671974296464636,8,210.0,-0.8500000000000001
45540.0,6,102.0,3.1875,7.924706127729574,6,102.0,0.35246933070518316,6,102.0,1.08
45545.0,6,54.0,1.588235294117647,7.134056626787901,6,6.0,0.2927169368492132,6,6.0,0.96
45550.0,5,78.0,2.3636363636363638,8.112255446036336,5,78.0,0.3882008594031325,5,78.0,-0.72
45555.0,7,84.0,2.3333333333333335,7.425719777763389,7,84.0,0.3390382071878946,7,84.0,-0.05999999999999994
45560.0,8,124.0,3.6470588235294117,7.883638772273539,8,111.0,0.38734661106608526,8,111.0,-0.27000000000000013
45565.0,12,169.0,4.828571428571428,7.15614983543144,12,169.0,0.3427319937695457,12,169.0,-0.5799999999999998
45570.0,10,171.0,4.885714285714286,7.283435306686543,9,169.0,0.3461252592618915,9,169.0,0.0
45575.0,6,159.0,4.676470588235294,8.08827878475042,6,145.0,0.38994783162410884,6,145.0,0.24
45580.0,7,187.0,5.054054054054054,7.555340561445087,7,186.0,0.3469690652078009,7,186.0,-0.41000000000000014
45585.0,8,110.0,3.0555555555555554,7.6699388951626055,8,110.0,0.35898673624110283,8,110.0,0.76
45590.0,7,115.0,2.948717948717949,6.439169969677381,7,66.0,0.2464511312319026,7,66.0,0.44000000000000006
45595.0,8,154.0,4.277777777777778,7.617248094186877,8,154.0,0.33918563005210667,8,154.0,-0.88
45600.0,8,152.0,4.606060606060606,7.318634946895748,8,152.0,0.3382159176715367,8,152.0,0.020000000000000018
45605.0,9,183.0,5.382352941176471,6.501550675461194,9,170.0,0.2936568270580842,9,170.0,-0.17999999999999994
45610.0,9,228.0,6.705882352941177,7.888990664050554,9,228.0,0.3819080051917254,9,228.0,-0.5799999999999998
45615.0,8,222.0,6.0,7.172887665129078,7,221.0,0.3088219317685885,7,221.0,0.06999999999999984
45620.0,8,242.0,6.722222222222222,8.02860740578197,8,228.0,0.330516823056046,8,228.0,-0.06999999999999984
45625.0,10,275.0,7.4324324324324325,7.312016177922165,10,275.0,0.292758961680577,10,275.0,-0.4700000000000002
45630.0,9,207.0,5.594594594594595,7.598371701196209,9,207.0,0.31407646949816487,9,207.0,0.6800000000000002
45635.0,7,223.0,6.5588235294117645,8.320832293912204,7,176.0,0.3734820300486107,7,176.0,0.30999999999999983
45640.0,9,264.0,7.333333333333333,7.690994659533369,9,264.0,0.3383334537377066,9,264.0,-0.8800000000000001
45645.0,10,314.0,9.235294117647058,7.865527648230177,10,314.0,0.3588779172354195,10,314.0,-0.5
45650.0,10,297.0,8.25,6.453282722543097,10,297.0,0.2514330756143008,10,297.0,0.16999999999999993
45655.0,9,341.0,9.742857142857142,7.656830561741021,9,312.0,0.3448313815717064,9,312.0,-0.1499999999999999
45660.0,9,386.0,11.352941176470589,8.06340447624082,9,386.0,0.384672692208456,9,386.0,-0.7399999999999998
45665.0,9,324.0,8.526315789473685,7.030669766267732,8,323.0,0.2977007057873625,8,323.0,0.6299999999999999
45670.0,7,303.0,8.657142857142857,7.768355066352123,7,269.0,0.3452796466222657,7,269.0,0.54
45675.0,5,325.0,8.552631578947368,7.733781897694642,5,325.0,0.3418206680972521,5,325.0,-0.56
45680.0,8,67.0,1.8108108108108107,7.759119585220495,8,67.0,0.35449322123551424,8,67.0,2.58
45685.0,10,107.0,3.057142857142857,7.242129300999896,10,-50.0,0.31823950330965955,10,-50.0,1.17
45690.0,11,157.0,4.485714285714286,7.323622574602395,11,157.0,0.3217807045442042,11,157.0,-2.0700000000000003
45695.0,8,114.0,3.257142857142857,7.420222796545184,8,114.0,0.33637523733245467,8,114.0,0.43000000000000016
45700.0,9,147.0,4.083333333333333,6.536881620851234,9,105.0,0.2505862504294603,9,105.0,0.08999999999999986
45705.0,10,197.0,5.472222222222222,7.631019001312546,10,197.0,0.333626726355725,10,197.0,-0.9199999999999999
45710.0,10,154.0,4.052631578947368,6.176502482779709,10,154.0,0.23178668921156842,10,154.0,0.42999999999999994
45715.0,7,119.0,3.4,7.633351372735909,7,90.0,0.33348363938263464,7,90.0,0.64
45720.0,7,154.0,4.666666666666667,8.00605446953355,7,154.0,0.3627955569949472,7,154.0,-0.64
45725.0,9,90.0,2.4324324324324325,6.971290451985922,9,90.0,0.28343879915084086,9,90.0,0.64
45730.0,7,106.0,2.9444444444444446,8.373871316931814,7,62.0,0.39561565807516674,7,62.0,0.28
45735.0,8,143.0,3.9722222222222223,7.607399005542948,8,143.0,0.3418056341008728,8,143.0,-0.8099999999999999
45740.0,7,108.0,3.0,8.348072083185162,7,108.0,0.3829962397413683,7,108.0,0.34999999999999987
45745.0,8,131.0,3.638888888888889,8.020591007661453,8,102.0,0.36267830439337867,8,102.0,0.06000000000000005
45750.0,8,169.0,4.694444444444445,8.3113703649573,8,169.0,0.3867974378987141,8,169.0,-0.6699999999999999
45755.0,5,113.0,3.138888888888889,8.818083301656939,5,113.0,0.4338096913197973,5,113.0,0.56
45760.0,5,101.0,2.6578947368421053,8.042413402094407,5,73.0,0.3326198929947345,5,73.0,0.3999999999999999
45765.0,6,131.0,3.8529411764705883,9.040967338844851,6,131.0,0.4386571917304895,6,131.0,-0.5800000000000001
45770.0,7,84.0,2.27027027027027,7.34229749008348,6,83.0,0.2926820204083198,6,83.0,0.4800000000000001
45775.0,8,123.0,3.5142857142857142,8.185276543708076,8,56.0,0.33917513411658845,8,56.0,0.2699999999999999
45780.0,8,163.0,4.794117647058823,8.50949825114765,8,163.0,0.36550928550691797,8,163.0,-1.0699999999999998
45785.0,8,98.0,2.5789473684210527,7.514405723124228,8,98.0,0.295423168206954,8,98.0,0.6499999999999999
45790.0,6,110.0,3.142857142857143,8.72407393634746,6,67.0,0.39962020562655576,6,67.0,0.30999999999999994
45795.0,7,142.0,4.057142857142857,8.09391999954631,7,142.0,0.3570656771604732,7,142.0,-0.7499999999999999
45800.0,6,94.0,2.9375,8.403166949573016,6,94.0,0.3887193100003946,6,94.0,0.48
45805.0,7,112.0,3.393939393939394,8.161350520126318,7,76.0,0.36152703735275393,7,76.0,0.17999999999999994
45810.0,7,146.0,4.424242424242424,8.799952136457748,7,146.0,0.41685030180154153,7,146.0,-0.7
45815.0,4,56.0,1.8064516129032258,8.630831121215964,4,56.0,0.41530835085728535,4,56.0,0.8999999999999999
45820.0,5,42.0,1.3125,7.665685116434321,5,-1.0,0.3300260774387439,5,-1.0,0.5700000000000001
45825.0,5,67.0,2.09375,9.076472784853074,5,67.0,0.4445909985484227,5,67.0,-0.68
45830.0,5,85.0,2.5,7.762320598223255,5,85.0,0.3503170506494677,5,85.0,-0.17999999999999994
45835.0,7,120.0,3.5294117647058822,8.303256099633165,7,115.0,0.3426751659380702,7,115.0,-0.29999999999999993
45840.0,8,160.0,4.848484848484849,8.432263149748241,8,160.0,0.3518383505059943,8,160.0,-0.4500000000000002
45845.0,8,172.0,4.914285714285715,7.415736138148157,8,172.0,0.29140868678869913,8,172.0,-0.11999999999999988
45850.0,8,212.0,6.625,8.14018400163484,8,199.0,0.3693020488859108,8,199.0,-0.27
45855.0,9,254.0,7.257142857142857,7.533521763979436,9,254.0,0.32874318494643917,9,254.0,-0.55
45860.0,7,219.0,6.84375,7.836134924983563,7,219.0,0.37360531068415437,7,219.0,0.3500000000000001
45865.0,9,246.0,7.454545454545454,7.496685686299138,9,209.0,0.3613889273569926,9,209.0,0.10000000000000009
45870.0,7,281.0,8.515151515151516,8.570855565470385,7,281.0,0.4265686209997314,7,281.0,-0.7200000000000002
45875.0,5,116.0,3.7419354838709675,8.593148061311833,5,116.0,0.4277263674463403,5,116.0,1.6500000000000001
45880.0,4,19.0,0.5757575757575758,7.308820405371639,4,-54.0,0.3142685580782588,4,-54.0,1.7
45885.0,4,37.0,1.1935483870967742,8.487147711064859,4,37.0,0.40983016129331074,4,37.0,-0.91
45890.0,5,58.0,1.7058823529411764,7.53862717575524,5,58.0,0.3535710464476206,5,58.0,-0.20999999999999996
45895.0,8,80.0,2.5,7.418031170010996,8,80.0,0.36236415856310356,8,80.0,-0.22000000000000008
45900.0,8,120.0,3.870967741935484,7.854943270926449,8,111.0,0.3778447702069628,8,111.0,-0.31000000000000005
45905.0,11,167.0,4.911764705882353,6.901821288487706,11,167.0,0.28137595275628907,11,167.0,-0.5599999999999998
45910.0,8,126.0,3.8181818181818183,7.623463554912494,8,126.0,0.3379512978454843,8,126.0,0.4099999999999999
45915.0,8,155.0,4.428571428571429,6.846756748585297,8,115.0,0.2927610493320946,8,115.0,0.1100000000000001
45920.0,9,200.0,5.714285714285714,8.00746756632095,9,200.0,0.38701964044849985,9,200.0,-0.8500000000000001
45925.0,10,140.0,3.6842105263157894,7.455247744704838,10,140.0,0.34378773362109427,10,140.0,0.6000000000000001
45930.0,7,157.0,4.243243243243243,8.301582653640976,7,115.0,0.3694308000598123,7,115.0,0.25
45935.0,7,192.0,5.647058823529412,8.810306898995941,7,192.0,0.4124149767050385,7,192.0,-0.77
45940.0,7,93.0,2.735294117647059,7.650692768846229,7,93.0,0.332177203565931,7,93.0,0.9899999999999999
45945.0,5,34.0,1.0625,8.425865055143598,5,-9.0,0.3774417488026066,5,-9.0,1.02
45950.0,5,54.0,1.588235294117647,7.39075008063766,5,54.0,0.29988315024906614,5,54.0,-0.63
45955.0,8,72.0,2.1818181818181817,7.822106112260995,8,72.0,0.32398145747903534,8,72.0,-0.17999999999999994
45960.0,9,117.0,3.65625,7.725483422201312,9,106.0,0.33176899593685827,9,106.0,-0.3400000000000001
45965.0,11,169.0,4.694444444444445,7.09284598785386,11,169.0,0.28700197325441423,11,169.0,-0.6299999999999999
45970.0,8,130.0,3.823529411764706,7.56581451169953,8,130.0,0.3377570274589335,8,130.0,0.3899999999999999
45975.0,8,160.0,4.571428571428571,7.116445123192274,8,123.0,0.3097621433852469,8,123.0,0.07000000000000006
45980.0,9,204.0,6.181818181818182,8.033254993200352,9,204.0,0.3923662011809354,9,204.0,-0.81
45985.0,10,151.0,4.4411764705882355,6.79201785245954,10,151.0,0.31594218202676233,10,151.0,0.53
45990.0,4,69.0,2.090909090909091,7.9531925061465945,4,40.0,0.39711195418002015,4,40.0,1.1099999999999999
45995.0,4,89.0,2.696969696969697,8.891680915247218,4,89.0,0.47629810417891133,4,89.0,-0.49
46000.0,8,60.0,1.6666666666666667,6.924566833135309,8,60.0,0.30169509323242105,8,60.0,0.29000000000000004
46005.0,9,105.0,2.9166666666666665,7.848933029905863,9,52.0,0.38063858652319144,9,52.0,0.07999999999999996
46010.0,11,152.0,4.0,6.638620676513867,11,152.0,0.2680710241890077,11,152.0,-1.0
46015.0,9,129.0,3.5833333333333335,6.868439962272197,9,129.0,0.299003394008479,9,129.0,0.22999999999999998
46020.0,8,164.0,4.685714285714286,7.573643015153485,8,130.0,0.37081080911252257,8,130.0,-0.010000000000000009
46025.0,10,210.0,5.675675675675675,6.9240126740309895,10,210.0,0.3132237593742228,10,210.0,-0.8
46030.0,7,163.0,4.527777777777778,7.4300840610706995,7,163.0,0.35374526264887185,7,163.0,0.4700000000000002
46035.0,7,189.0,5.25,7.025927062647766,7,150.0,0.31213684799719565,7,150.0,0.1299999999999999
46040.0,8,229.0,6.542857142857143,8.131146104759194,8,229.0,0.41325288506208435,8,229.0,-0.79
46045.0,11,269.0,7.078947368421052,7.644345828043485,11,269.0,0.35927578636998264,11,269.0,-0.3999999999999999
46050.0,10,316.0,8.54054054054054,7.8022703754755485,10,316.0,0.32984552999882316,10,316.0,-0.4700000000000002
46055.0,11,370.0,10.571428571428571,8.021902927181982,11,370.0,0.3430062791150437,11,370.0,-0.54
46060.0,9,243.0,6.75,6.806569964220196,9,243.0,0.25539298110373804,9,243.0,1.27
46065.0,6,81.0,2.25,7.825582659108676,6,23.0,0.34649675875618835,6,23.0,2.2
46070.0,6,98.0,2.6486486486486487,7.438590493100762,6,98.0,0.3236012486277183,6,98.0,-0.75
46075.0,7,95.0,2.7142857142857144,7.565504616091744,7,95.0,0.3329287221847748,7,95.0,0.030000000000000027
46080.0,9,139.0,4.212121212121212,7.343773797503156,9,120.0,0.29094436466912676,9,120.0,-0.25
46085.0,11,191.0,5.787878787878788,6.657582503854534,11,191.0,0.2846863062931177,11,191.0,-0.71
46090.0,8,118.0,3.5757575757575757,7.341443914138529,8,118.0,0.33989229872203125,8,118.0,0.73
46095.0,8,123.0,3.4166666666666665,7.090219119062685,8,73.0,0.30486518891650344,8,73.0,0.44999999999999996
46100.0,8,163.0,4.794117647058823,8.45900770656207,8,163.0,0.40866355710173946,8,163.0,-0.8999999999999999
46105.0,9,110.0,3.0555555555555554,7.18192944598796,9,110.0,0.30355625779681156,9,110.0,0.5299999999999998
46110.0,5,33.0,0.9166666666666666,7.97698925798028,5,5.0,0.3427247123463906,5,5.0,1.05
46115.0,4,52.0,1.4857142857142858,8.726158016755274,4,52.0,0.4082151361076482,4,52.0,-0.47000000000000003
46120.0,7,51.0,1.4166666666666667,6.933124036750755,7,51.0,0.2780990555341286,7,51.0,0.010000000000000009
46125.0,10,100.0,2.857142857142857,7.560676498726219,10,87.0,0.34431943314171026,10,87.0,-0.36
46130.0,12,153.0,4.25,6.510998874016132,12,153.0,0.29043930193565454,12,153.0,-0.66
46135.0,9,127.0,3.5277777777777777,7.090037716469578,9,127.0,0.3265565842739918,9,127.0,0.26
46140.0,8,161.0,4.472222222222222,7.757341643568533,8,125.0,0.36070923678459166,8,125.0,0.020000000000000018
46145.0,10,206.0,5.5675675675675675,7.146090049301443,10,206.0,0.3034142397859575,10,206.0,-0.81
46150.0,7,157.0,4.485714285714286,7.5361164740397335,7,157.0,0.34639083176905244,7,157.0,0.49
46155.0,3,51.0,1.3783783783783783,7.9594377849139475,3,22.0,0.37143091235048276,3,22.0,1.35
46160.0,3,63.0,1.8,9.271752624670833,3,63.0,0.47733876699934485,3,63.0,-0.41000000000000003
46165.0,8,61.0,1.6486486486486487,7.457777370032568,8,61.0,0.3278657636936176,8,61.0,0.020000000000000018
46170.0,8,99.0,2.75,8.15361257054978,8,81.0,0.38366953341426013,8,81.0,-0.20000000000000007
46175.0,8,139.0,3.861111111111111,9.083630647170322,8,139.0,0.4437450579851955,8,139.0,-0.5799999999999998
46180.0,8,133.0,3.5,7.4873718796670605,8,133.0,0.27530118320915137,8,133.0,0.05999999999999983
46185.0,5,127.0,3.4324324324324325,8.575146941557255,5,114.0,0.36791323859979363,5,114.0,0.19000000000000017
46190.0,7,154.0,4.4,6.772554963288654,7,154.0,0.2571438368687693,7,154.0,-0.40000000000000013
46195.0,8,112.0,3.393939393939394,7.557201307024271,8,112.0,0.32502908622111415,8,112.0,0.41999999999999993
46200.0,8,142.0,4.303030303030303,7.481026569471376,7,106.0,0.3219346549408402,7,106.0,0.06000000000000005
46205.0,9,183.0,5.228571428571429,6.917194842923351,9,148.0,0.27926475297336284,9,148.0,-0.41999999999999993
46210.0,8,179.0,5.264705882352941,7.506516489847707,8,179.0,0.3533166978132079,8,179.0,-0.31000000000000005
46215.0,7,185.0,5.4411764705882355,6.546017554668406,7,171.0,0.306694465265071,7,171.0,0.08000000000000007
46220.0,8,225.0,6.818181818181818,8.026090591182426,8,225.0,0.4117727723302922,8,225.0,-0.54
46225.0,11,265.0,7.361111111111111,7.207297186012454,11,265.0,0.32854457912182905,11,265.0,-0.3999999999999999
46230.0,7,234.0,6.5,8.077344039236317,7,234.0,0.386862007186658,7,234.0,0.31000000000000005
46235.0,6,259.0,7.4,8.87144452344377,6,225.0,0.4350576733322528,6,225.0,0.08999999999999986
46240.0,8,293.0,7.918918918918919,7.555569365125561,8,293.0,0.3260906462954262,8,293.0,-0.6800000000000002
46245.0,6,231.0,6.794117647058823,8.197670090938521,6,231.0,0.3687091832652428,6,231.0,0.6200000000000001
46250.0,4,223.0,6.027027027027027,7.848996609094707,4,190.0,0.3265447664769485,4,190.0,0.41000000000000014
46255.0,6,251.0,6.783783783783784,8.96566005461587,6,251.0,0.4132806189034459,6,251.0,-0.6099999999999999
46260.0,5,254.0,7.470588235294118,8.512180743062327,5,254.0,0.3800777617355775,5,254.0,-0.03000000000000025
46265.0,7,285.0,7.702702702702703,8.133932683561598,7,270.0,0.34443139610766343,7,270.0,-0.16000000000000014
46270.0,7,320.0,9.142857142857142,9.085984012756665,7,320.0,0.42615534439792435,7,320.0,-0.5
46275.0,5,69.0,1.9166666666666667,8.252196223381556,5,69.0,0.3531439295300596,5,69.0,2.5100000000000002
46280.0,6,98.0,2.9696969696969697,9.181542243327165,6,-52.0,0.4523850461758172,6,-52.0,1.21
46285.0,8,128.0,3.657142857142857,8.465021209737513,8,128.0,0.38211606770618134,8,128.0,-1.8
46290.0,6,96.0,2.742857142857143,8.475271917114094,6,96.0,0.38568821077346854,6,96.0,0.32000000000000006
46295.0,5,117.0,3.65625,9.480026457154043,5,89.0,0.4842888672399247,5,89.0,0.06999999999999995
46300.0,7,145.0,4.67741935483871,7.737443992589169,7,145.0,0.3525150809700057,7,145.0,-0.5599999999999999
46305.0,5,57.0,1.8387096774193548,8.130534264115592,5,57.0,0.39820219139534524,5,57.0,0.88
46310.0,3,45.0,1.40625,7.718908941832439,3,-3.0,0.35510949867279057,3,-3.0,0.6
46315.0,5,67.0,2.09375,8.877990029225852,5,67.0,0.4361163409739578,5,67.0,-0.7000000000000001
46320.0,5,92.0,2.967741935483871,9.021795691176248,5,92.0,0.4178368484122464,5,92.0,-0.25
46325.0,7,123.0,3.84375,7.557916462143222,7,123.0,0.3148952548816413,7,123.0,-0.30999999999999994
46330.0,4,64.0,2.0,8.824463219119355,4,64.0,0.44077473627014063,4,64.0,0.59
46335.0,3,71.0,2.1515151515151514,8.669310982611886,3,32.0,0.4195393090566071,3,32.0,0.32
46340.0,5,93.0,2.90625,9.10694990683453,5,93.0,0.47438861412703015,5,93.0,-0.6100000000000001
46345.0,7,73.0,2.212121212121212,8.086587984545682,7,73.0,0.3971620311693048,7,73.0,0.20000000000000007
46350.0,7,103.0,3.121212121212121,8.555931986891153,7,63.0,0.40369556672393586,7,63.0,0.09999999999999998
46355.0,7,138.0,4.181818181818182,9.093435919583902,7,138.0,0.44400406128981484,7,138.0,-0.7499999999999999
46360.0,7,68.0,2.0606060606060606,7.3868411981982405,7,68.0,0.30073024412239163,7,68.0,0.6999999999999998
46365.0,6,80.0,2.5806451612903225,8.384510756214603,6,37.0,0.4065791356236944,6,37.0,0.31000000000000005
46370.0,6,110.0,3.4375,7.994302080411016,6,110.0,0.384650134801616,6,110.0,-0.7300000000000001
46375.0,6,68.0,2.193548387096774,7.888631795481742,6,68.0,0.3730639668351824,6,68.0,0.42000000000000004
46380.0,5,89.0,3.0689655172413794,8.624023555549714,5,57.0,0.4307028921213944,5,57.0,0.1100000000000001
46385.0,7,119.0,3.71875,7.827567877323061,7,119.0,0.36889203956821043,7,119.0,-0.62
46390.0,4,62.0,2.0,8.755713164426432,4,62.0,0.44743511350524573,4,62.0,0.57
46395.0,4,70.0,2.1875,7.659171667064046,4,32.0,0.3340380763683742,4,32.0,0.3
46400.0,5,95.0,3.064516129032258,9.153291494100571,5,95.0,0.4718779688713603,5,95.0,-0.6299999999999999
46405.0,8,114.0,3.4545454545454546,7.840809858361214,8,114.0,0.37702103080144056,8,114.0,-0.18999999999999995
46410.0,7,148.0,4.484848484848484,8.458788449324892,7,143.0,0.40210096501176645,7,143.0,-0.29000000000000004
46415.0,7,183.0,5.545454545454546,9.11387820554483,7,183.0,0.4550633503086411,7,183.0,-0.40000000000000013
46420.0,5,110.0,3.142857142857143,7.847707674233408,5,110.0,0.33067436888262935,5,110.0,0.73
46425.0,5,120.0,3.870967741935484,8.715795657087675,5,77.0,0.43822508295839296,5,77.0,0.33000000000000007
46430.0,6,146.0,4.424242424242424,7.8285427655579305,6,146.0,0.3696074766276196,6,146.0,-0.69
46435.0,5,101.0,3.15625,8.23434093872119,5,101.0,0.40053186611596675,5,101.0,0.44999999999999996
46440.0,4,115.0,3.7096774193548385,9.254051915086054,4,86.0,0.46949499848301157,4,86.0,0.15000000000000002
46445.0,6,138.0,4.181818181818182,8.340346212401268,6,138.0,0.3761444410196155,6,138.0,-0.5199999999999999
46450.0,4,50.0,1.6129032258064515,9.06618446156749,4,50.0,0.4609817870489299,4,50.0,0.8799999999999999
46455.0,6,73.0,2.212121212121212,8.110540632745911,6,-11.0,0.34426764621242245,6,-11.0,0.61
46460.0,7,108.0,3.4838709677419355,9.008722036706205,7,108.0,0.4299342151436706,7,108.0,-1.1900000000000002
46465.0,9,133.0,4.03030303030303,8.155114624313148,9,133.0,0.3549474268441019,9,133.0,-0.25
46470.0,8,170.0,5.3125,8.51308811154491,8,165.0,0.39514018009981233,8,165.0,-0.31999999999999984
46475.0,8,210.0,6.5625,8.649018723982959,8,210.0,0.4214135297698852,8,210.0,-0.4500000000000002
46480.0,8,145.0,4.264705882352941,7.039723223663636,8,145.0,0.291759269985917,8,145.0,0.6500000000000001
46485.0,7,163.0,5.258064516129032,7.966603004110487,7,119.0,0.39214163530830665,7,119.0,0.26
46490.0,8,200.0,6.0606060606060606,7.239799257601505,8,200.0,0.3560405745526692,8,200.0,-0.81
46495.0,8,240.0,8.275862068965518,7.112039494282646,8,240.0,0.3446359709573314,8,240.0,-0.3999999999999999
46500.0,9,285.0,10.178571428571429,7.5940943186462055,9,285.0,0.3551794834420003,9,285.0,-0.4500000000000002
46505.0,8,151.0,4.870967741935484,7.0705887766619675,8,151.0,0.32055194358012445,8,151.0,1.34
46510.0,4,85.0,2.7419354838709675,8.225378652485817,4,17.0,0.4103913231975679,4,17.0,1.34
46515.0,7,112.0,3.2941176470588234,7.435057845672882,7,112.0,0.36501849152623295,7,112.0,-0.9500000000000001
46520.0,7,70.0,2.121212121212121,7.902633705417086,7,70.0,0.39987374789010377,7,70.0,0.42000000000000015
46525.0,9,93.0,2.735294117647059,7.140935742149092,9,58.0,0.34551284652936726,9,58.0,0.12
46530.0,8,131.0,3.8529411764705883,7.951236309932263,8,131.0,0.4065796692216046,8,131.0,-0.7300000000000001
46535.0,5,120.0,3.5294117647058822,8.413994497498953,5,120.0,0.42709634940932867,5,120.0,0.1100000000000001
46540.0,5,134.0,3.8285714285714287,7.769499936380894,5,121.0,0.3679709237950425,5,121.0,-0.010000000000000009
46545.0,7,163.0,4.794117647058823,8.226870583125693,7,163.0,0.39578848515241327,7,163.0,-0.41999999999999993
46550.0,9,199.0,5.852941176470588,7.1195112540796694,9,199.0,0.33562879347326807,9,199.0,-0.3600000000000001
46555.0,6,129.0,3.7941176470588234,7.478437674466957,6,129.0,0.336318393770139,6,129.0,0.7
46560.0,4,125.0,3.676470588235294,8.106005656553803,4,86.0,0.3922597085508428,4,86.0,0.43000000000000005
46565.0,6,151.0,4.081081081081081,7.991463446395469,6,151.0,0.3723654751693883,6,151.0,-0.65
46570.0,6,181.0,5.027777777777778,8.575078425071979,6,181.0,0.41449286593112894,6,181.0,-0.30000000000000004
46575.0,7,213.0,5.916666666666667,7.495221574232916,7,213.0,0.3319855255295146,7,213.0,-0.31999999999999984
46580.0,5,168.0,4.8,8.109579318637326,5,168.0,0.40278310935607636,5,168.0,0.44999999999999996
46585.0,7,181.0,4.7631578947368425,7.942945609177433,7,150.0,0.38730329402664954,7,150.0,0.17999999999999994
46590.0,6,207.0,5.594594594594595,8.221189091594026,6,207.0,0.4302178357199301,6,207.0,-0.5699999999999998
46595.0,4,67.0,1.9705882352941178,8.68220358595291,4,67.0,0.4790446065513163,4,67.0,1.4
46600.0,7,92.0,2.6285714285714286,7.273333828753626,7,-20.0,0.3317698070761449,7,-20.0,0.8700000000000001
46605.0,7,127.0,3.96875,7.940231520081411,7,127.0,0.40480841151046837,7,127.0,-1.47
46610.0,5,59.0,1.7352941176470589,6.605301842696164,5,59.0,0.28194258887427565,5,59.0,0.68
46615.0,5,71.0,2.088235294117647,7.929863624232595,5,28.0,0.3921559726999057,5,28.0,0.30999999999999994
46620.0,5,96.0,2.823529411764706,7.997449398973551,5,96.0,0.4199427144349822,5,96.0,-0.6799999999999999
46625.0,7,129.0,3.3947368421052633,7.47865858678706,7,129.0,0.35645120723589063,7,129.0,-0.33000000000000007
46630.0,4,103.0,2.710526315789474,8.174017991117728,4,103.0,0.4139466228533446,4,103.0,0.26
46635.0,6,126.0,3.15,7.544553864683661,6,99.0,0.3373865753268472,6,99.0,0.040000000000000036
46640.0,6,156.0,4.216216216216216,8.857464529007544,6,156.0,0.440952628558091,6,156.0,-0.5700000000000001
46645.0,6,47.0,1.3055555555555556,8.453961320681696,6,47.0,0.41188871402544597,6,47.0,1.09
46650.0,3,22.0,0.6875,9.233687683128505,3,-31.0,0.45590517800810837,3,-31.0,0.78
46655.0,3,37.0,1.1935483870967742,9.927588212242627,3,37.0,0.5343745518997584,3,37.0,-0.6799999999999999
46660.0,6,59.0,1.7878787878787878,8.040774386746,6,59.0,0.38310091466078844,6,59.0,-0.21999999999999997
46665.0,4,65.0,2.096774193548387,8.976101141144014,4,65.0,0.4391036874506026,4,65.0,-0.06000000000000005
46670.0,4,85.0,2.5,8.70260030974903,4,73.0,0.39158637859505596,4,73.0,-0.07999999999999996
46675.0,6,110.0,3.4375,8.952352665462929,6,110.0,0.3995429681283296,6,110.0,-0.3700000000000001
46680.0,3,37.0,1.2758620689655173,9.241863001964887,3,37.0,0.4124599701034833,3,37.0,0.7300000000000001
46685.0,4,45.0,1.4516129032258065,8.606589788687934,4,4.0,0.3749865730448159,4,4.0,0.33
46690.0,4,65.0,2.2413793103448274,9.513283167059734,4,65.0,0.4729807043458925,4,65.0,-0.61
46695.0,6,89.0,2.78125,8.0810567510538,6,89.0,0.37004935301712194,6,89.0,-0.24
46700.0,5,77.0,2.40625,9.295944883649952,5,77.0,0.4538235876460612,5,77.0,0.12
46705.0,7,102.0,3.2903225806451615,8.79943345580445,7,65.0,0.3930106438298248,7,65.0,0.12
46710.0,8,137.0,4.566666666666666,8.396760605060505,8,137.0,0.37185728280431657,8,137.0,-0.7200000000000001
46715.0,5,79.0,2.7241379310344827,8.62896432962129,5,79.0,0.4089403384715473,5,79.0,0.5800000000000001
46720.0,7,97.0,3.03125,7.4425932319063035,7,60.0,0.3306592035975672,7,60.0,0.19000000000000006
46725.0,7,132.0,4.4,8.57644456528794,7,132.0,0.44252251857243713,7,132.0,-0.7200000000000001
46730.0,8,168.0,5.419354838709677,7.158721674887061,8,168.0,0.346345411212664,8,168.0,-0.3599999999999999
46735.0,9,212.0,7.310344827586207,7.443710480688988,9,212.0,0.36011937332526894,9,212.0,-0.44000000000000017
46740.0,6,119.0,4.25,8.07101196757982,6,119.0,0.40919058086799776,6,119.0,0.9300000000000002
46745.0,5,108.0,3.4838709677419355,7.1682083492877835,5,56.0,0.33043910841408075,5,56.0,0.6299999999999999
46750.0,6,138.0,4.758620689655173,8.367942526691623,6,138.0,0.4321873764817784,6,138.0,-0.8199999999999998
46755.0,4,61.0,1.967741935483871,7.478087533650206,4,61.0,0.36112336897389397,4,61.0,0.7699999999999999
46760.0,5,75.0,2.4193548387096775,8.369037038229168,5,32.0,0.39152561704228817,5,32.0,0.29
46765.0,8,100.0,2.9411764705882355,7.654875199668963,8,100.0,0.3416837886848055,8,100.0,-0.6799999999999999
46770.0,6,93.0,2.735294117647059,8.056128497958742,6,93.0,0.3648066881400305,6,93.0,0.06999999999999995
46775.0,6,123.0,3.6176470588235294,8.440341186958033,6,101.0,0.39698283948482455,6,101.0,-0.07999999999999996
46780.0,9,160.0,4.571428571428571,7.621229523604703,9,160.0,0.32577640678249054,9,160.0,-0.5900000000000001
46785.0,7,125.0,3.90625,8.47781262351117,7,125.0,0.3860088700143977,7,125.0,0.3500000000000001
46790.0,5,141.0,4.147058823529412,7.504357708217323,5,113.0,0.2900959641608533,5,113.0,0.1200000000000001
46795.0,7,176.0,5.176470588235294,8.574420299378193,7,176.0,0.39812677093252824,7,176.0,-0.6300000000000001
46800.0,5,127.0,4.096774193548387,8.208320708645855,5,127.0,0.38700716796510737,5,127.0,0.49
46805.0,6,144.0,4.363636363636363,7.1063440468707215,6,115.0,0.30842797277412337,6,115.0,0.1200000000000001
46810.0,6,174.0,5.2727272727272725,8.666946383792594,6,174.0,0.41951211776824127,6,174.0,-0.5900000000000001
46815.0,6,75.0,2.2058823529411766,7.436305629167911,6,75.0,0.32594206671323755,6,75.0,0.99
46820.0,8,114.0,3.4545454545454546,7.535994088651904,8,23.0,0.3421960830465464,8,23.0,0.52
46825.0,10,154.0,4.4,7.4485745891725434,10,63.0,0.3362962566618577,10,63.0,-0.4
46830.0,8,169.0,5.28125,7.448363170843076,8,169.0,0.3553580817693746,8,169.0,-1.06
46835.0,8,209.0,6.741935483870968,7.916087870627253,8,196.0,0.3850362419013571,8,196.0,-0.27
46840.0,10,255.0,7.5,6.946692722617631,10,255.0,0.31588685873027855,10,255.0,-0.5899999999999999
46845.0,10,305.0,8.970588235294118,7.158238084198887,10,305.0,0.33686271058188355,10,305.0,-0.5
46850.0,12,358.0,10.228571428571428,5.828068596901082,12,358.0,0.22277471685277314,12,358.0,-0.5300000000000002
46855.0,13,423.0,12.818181818181818,6.553748597311135,13,423.0,0.2843668164022816,13,423.0,-0.6500000000000004
46860.0,10,313.0,9.484848484848484,6.867471928065796,10,313.0,0.30212278010415855,10,313.0,1.1000000000000005
46865.0,9,288.0,7.783783783783784,6.705402427893617,9,223.0,0.2833764769297366,9,223.0,0.8999999999999999
46870.0,9,333.0,9.0,7.563000849468204,9,333.0,0.3538883080579651,9,333.0,-1.1
46875.0,10,176.0,4.512820512820513,6.312092833305077,10,176.0,0.254844972474542,10,176.0,1.57
46880.0,7,75.0,2.2058823529411766,7.291977556862416,7,1.0,0.3068897251917294,7,1.0,1.75
46885.0,9,104.0,2.810810810810811,7.23146020244497,9,104.0,0.28975658973449064,9,104.0,-1.03
46890.0,9,67.0,1.8611111111111112,7.542437736616004,9,67.0,0.30738034345679255,9,67.0,0.37
46895.0,10,112.0,3.393939393939394,6.487903432532608,10,77.0,0.25731222331090886,10,77.0,-0.09999999999999998
46900.0,13,172.0,4.777777777777778,6.185677376894516,13,172.0,0.24120200942132797,13,172.0,-0.95
46905.0,13,237.0,6.771428571428571,6.877107898504568,13,237.0,0.29955138823573396,13,237.0,-0.6500000000000001
46910.0,11,194.0,5.388888888888889,6.111179401581229,11,194.0,0.24993277317174267,11,194.0,0.43000000000000016
46915.0,10,207.0,5.75,6.995768171340291,10,174.0,0.30657769896880205,10,174.0,0.19999999999999996
46920.0,10,257.0,7.3428571428571425,7.176979800051293,10,257.0,0.3202156647116831,10,257.0,-0.8299999999999998
46925.0,11,206.0,5.282051282051282,6.635977738459585,11,206.0,0.261761413502006,11,206.0,0.5099999999999998
46930.0,7,86.0,2.263157894736842,7.346047581485792,7,52.0,0.2945168724833306,7,52.0,1.54
46935.0,7,102.0,2.55,7.068731388892104,7,102.0,0.27569803746198923,7,102.0,-0.5
46940.0,6,86.0,2.263157894736842,8.04033193624837,6,86.0,0.36885952441572883,6,86.0,0.16000000000000003
46945.0,12,130.0,3.3333333333333335,6.928533449106747,12,106.0,0.27656359717405843,12,106.0,-0.20000000000000007
46950.0,12,189.0,4.846153846153846,7.3410872996664915,12,165.0,0.31002489652891935,12,165.0,-0.5899999999999999
46955.0,9,164.0,4.4324324324324325,7.46259705485496,9,140.0,0.33521419182717643,9,140.0,0.25
46960.0,11,202.0,5.315789473684211,6.605126583060826,11,174.0,0.26750691737438165,11,174.0,-0.3400000000000001
46965.0,11,257.0,6.945945945945946,7.611837614742134,11,257.0,0.3280990317973089,11,257.0,-0.8299999999999998
46970.0,10,222.0,5.55,6.9438418745219135,9,221.0,0.2623066549182247,9,221.0,0.3599999999999999
46975.0,8,129.0,3.3947368421052633,7.384388425952632,8,102.0,0.2810386607482848,8,102.0,1.19
46980.0,6,145.0,4.142857142857143,7.642964527820792,6,145.0,0.31091558027241234,6,145.0,-0.42999999999999994
46985.0,9,168.0,4.421052631578948,6.8474342927933876,9,168.0,0.2807204062376868,9,168.0,-0.22999999999999998
46990.0,12,225.0,6.081081081081081,7.330972079116666,12,216.0,0.30926347170284485,12,216.0,-0.4800000000000002
46995.0,14,289.0,7.410256410256411,6.906278537213816,14,289.0,0.25590896785167155,14,289.0,-0.73
47000.0,11,272.0,7.157894736842105,7.445631700238286,11,272.0,0.3124943688763079,11,272.0,0.16999999999999993
47005.0,13,316.0,8.102564102564102,6.622077610701399,13,280.0,0.27153291547242886,13,280.0,-0.07999999999999963
47010.0,12,375.0,9.868421052631579,7.429876967960617,12,375.0,0.34128036182211363,12,375.0,-0.9500000000000002
47015.0,9,336.0,9.333333333333334,7.339056671214386,9,336.0,0.34255113368379,9,336.0,0.3900000000000001
47020.0,7,224.0,6.054054054054054,7.121544882853186,7,195.0,0.3233258179948037,7,195.0,1.41
47025.0,6,232.0,6.27027027027027,8.215770258790213,6,232.0,0.4044595055668064,6,232.0,-0.3699999999999999
47030.0,7,236.0,6.2105263157894735,6.509432057214003,7,236.0,0.2740450160530826,7,236.0,-0.040000000000000036
47035.0,11,288.0,7.578947368421052,7.325776038964536,11,269.0,0.3242114432338954,11,269.0,-0.33000000000000007
47040.0,11,343.0,9.527777777777779,8.028171649982914,11,343.0,0.38475749408106,11,343.0,-0.7400000000000002
47045.0,10,138.0,3.6315789473684212,6.684341450313896,10,138.0,0.2546191786883356,10,138.0,2.0500000000000003
47050.0,11,193.0,5.216216216216216,7.640884943999893,11,50.0,0.33555269848880304,11,50.0,0.8799999999999999
47055.0,12,250.0,6.25,6.9786663739410555,12,250.0,0.2767956653524956,12,250.0,-2.0
47060.0,11,230.0,5.897435897435898,7.487674890855814,11,230.0,0.3095354216249585,11,230.0,0.20000000000000018
47065.0,13,278.0,7.315789473684211,7.109476810285399,13,242.0,0.2828351340494863,13,242.0,-0.1200000000000001
47070.0,12,336.0,9.08108108108108,7.537064320102708,12,336.0,0.33025744749687147,12,336.0,-0.94
47075.0,9,255.0,7.5,7.601023795029751,9,255.0,0.34738594005044054,9,255.0,0.81
47080.0,6,95.0,2.5675675675675675,7.082136609081263,6,52.0,0.2787934133178533,6,52.0,2.03
47085.0,6,106.0,3.0285714285714285,8.242956360616633,6,106.0,0.3822331520398738,6,106.0,-0.54
47090.0,7,40.0,1.0526315789473684,6.746793864286964,7,40.0,0.2529398239533744,7,40.0,0.66
47095.0,9,68.0,1.837837837837838,7.733427960904786,9,28.0,0.32543955538606534,9,28.0,0.12
47100.0,9,113.0,3.323529411764706,7.8980985259581304,9,113.0,0.3556394648317799,9,113.0,-0.8499999999999999
47105.0,9,125.0,3.3783783783783785,7.173745973960024,9,125.0,0.29279822952486084,9,125.0,-0.1200000000000001
47110.0,9,170.0,4.594594594594595,7.933091881419839,9,150.0,0.3444232600915598,9,150.0,-0.25
47115.0,10,219.0,5.7631578947368425,7.360834814110183,10,219.0,0.3087446061002508,10,219.0,-0.69
47120.0,8,178.0,4.684210526315789,7.731361848801112,8,178.0,0.3530771596084414,8,178.0,0.4099999999999999
47125.0,7,78.0,1.95,7.683102099419384,7,50.0,0.34439835498095045,7,50.0,1.28
47130.0,5,99.0,2.675675675675676,8.622655726434932,5,99.0,0.43127062842141445,5,99.0,-0.49
47135.0,7,75.0,2.142857142857143,8.254543299020279,7,75.0,0.40339936272857135,7,75.0,0.24
47140.0,11,122.0,3.2972972972972974,6.943806663650121,11,72.0,0.2838254217611578,11,72.0,0.030000000000000027
47145.0,11,177.0,4.916666666666667,7.5648843747856285,11,177.0,0.3329509672618815,11,177.0,-1.05
47150.0,8,126.0,3.230769230769231,7.192140556119619,8,126.0,0.28918535331127876,8,126.0,0.51
47155.0,9,157.0,4.243243243243243,7.583090752688926,9,115.0,0.32685056361055864,9,115.0,0.1100000000000001
47160.0,9,202.0,6.121212121212121,7.774571650933329,9,202.0,0.3682382520529438,9,202.0,-0.8700000000000001
47165.0,9,158.0,4.388888888888889,6.795566601488882,9,158.0,0.29620573104410597,9,158.0,0.43999999999999995
47170.0,6,109.0,3.2058823529411766,7.645593775145414,6,81.0,0.347437694307414,6,81.0,0.77
47175.0,7,137.0,3.8055555555555554,6.977377285246697,7,137.0,0.29912523523836115,7,137.0,-0.56
47180.0,7,172.0,4.777777777777778,8.3864604599658,7,172.0,0.419771214012721,7,172.0,-0.34999999999999987
47185.0,10,179.0,4.7105263157894735,7.177822268699148,10,179.0,0.33340983425039905,10,179.0,-0.07000000000000006
47190.0,10,223.0,6.371428571428571,7.523173895701712,10,206.0,0.343270654742444,10,206.0,-0.27
47195.0,9,266.0,7.823529411764706,8.55484807063499,9,266.0,0.41391674960226105,9,266.0,-0.6000000000000001
47200.0,12,315.0,8.75,7.172613343888656,12,315.0,0.2710823129208398,12,315.0,-0.48999999999999977
47205.0,12,375.0,10.714285714285714,8.06825697941111,12,375.0,0.3243312140442363,12,375.0,-0.6000000000000001
47210.0,14,437.0,12.13888888888889,6.254715706910965,14,437.0,0.20239477897743888,14,437.0,-0.6200000000000001
47215.0,12,284.0,8.352941176470589,6.870998602885551,12,284.0,0.26832567960923537,12,284.0,1.5300000000000002
47220.0,7,171.0,5.181818181818182,7.181780729612745,7,88.0,0.3074674325968372,7,88.0,1.96
47225.0,9,212.0,5.888888888888889,7.1872426046393105,9,212.0,0.32429779134231596,9,212.0,-1.2400000000000002
47230.0,9,257.0,7.5588235294117645,7.755611698512816,9,257.0,0.3720226012160599,9,257.0,-0.44999999999999973
47235.0,9,157.0,4.243243243243243,6.824779642398868,9,157.0,0.2964168084414286,9,157.0,0.9999999999999998
47240.0,6,109.0,3.1142857142857143,7.968925952447593,6,61.0,0.37995249352637833,6,61.0,0.9600000000000001
47245.0,9,139.0,3.9714285714285715,7.527224502331548,9,139.0,0.3764744052941815,9,139.0,-0.7799999999999999
47250.0,8,62.0,1.8235294117647058,7.495368473688411,8,62.0,0.3520884562214768,8,62.0,0.7699999999999999
47255.0,6,72.0,2.1176470588235294,8.103240320015546,6,26.0,0.3926969270457792,6,26.0,0.36
47260.0,9,110.0,2.972972972972973,7.3017876258782834,9,110.0,0.32817227355236417,9,110.0,-0.8400000000000001
47265.0,7,77.0,2.081081081081081,7.9059009506144875,7,77.0,0.37714626718683397,7,77.0,0.33000000000000007
47270.0,7,100.0,2.5,7.440315200922642,7,72.0,0.3161083614441012,7,72.0,0.050000000000000044
47275.0,8,140.0,3.6842105263157894,8.160035040724244,8,140.0,0.38670428431793125,8,140.0,-0.6799999999999999
47280.0,5,84.0,2.210526315789474,8.107726815675006,5,84.0,0.37968904085116467,5,84.0,0.5599999999999999
47285.0,4,69.0,1.7692307692307692,7.863524560619931,4,41.0,0.35582681581680925,4,41.0,0.43
47290.0,5,94.0,2.5405405405405403,9.043636135168969,5,94.0,0.4731320378673665,5,94.0,-0.53
47295.0,6,120.0,3.076923076923077,7.960411758392408,6,120.0,0.3280585000631389,6,120.0,-0.26
47300.0,7,155.0,4.1891891891891895,8.758730122614248,7,155.0,0.41952856614269163,7,155.0,-0.3500000000000001
47305.0,8,143.0,3.9722222222222223,8.627995932113041,8,143.0,0.4012296083257971,8,143.0,0.1200000000000001
47310.0,9,182.0,5.352941176470588,8.240217832785989,9,140.0,0.3698924488888732,9,140.0,0.030000000000000027
47315.0,9,227.0,6.676470588235294,8.410801301874262,9,227.0,0.38855841546005737,9,227.0,-0.8700000000000001
47320.0,12,277.0,7.914285714285715,6.6303572666295825,12,277.0,0.25864634542708737,12,277.0,-0.5
47325.0,9,248.0,7.515151515151516,7.374945503653388,9,248.0,0.32548122581750694,9,248.0,0.29000000000000004
47330.0,9,281.0,8.028571428571428,7.040310085786502,9,246.0,0.3091422041942647,9,246.0,0.020000000000000018
47335.0,10,328.0,9.647058823529411,7.589554991160711,10,328.0,0.3463593439885617,10,328.0,-0.8199999999999998
47340.0,7,171.0,5.34375,7.51356682913424,7,171.0,0.34441514325678585,7,171.0,1.5699999999999998
47345.0,6,82.0,2.5625,6.963035164133926,6,9.0,0.31325760508104633,6,9.0,1.6199999999999999
47350.0,5,107.0,3.4516129032258065,8.513282620546192,5,107.0,0.4333872466367756,5,107.0,-0.9800000000000001
47355.0,6,32.0,0.9696969696969697,7.12528092450267,6,32.0,0.32198296151536676,6,32.0,0.75
47360.0,7,47.0,1.46875,7.897729332737131,7,5.0,0.3536671232577193,7,5.0,0.27
47365.0,9,76.0,2.235294117647059,7.303434733297878,9,76.0,0.3214027759061383,9,76.0,-0.71
47370.0,8,72.0,2.1176470588235294,7.650699618901486,8,72.0,0.34581806650933977,8,72.0,0.040000000000000036
47375.0,6,84.0,2.4705882352941178,8.076640994657458,6,71.0,0.39317848767585634,6,71.0,0.010000000000000009
47380.0,8,120.0,3.2432432432432434,7.987204029705264,8,120.0,0.38219728454814733,8,120.0,-0.49
47385.0,9,163.0,4.405405405405405,8.239148092207444,9,163.0,0.39090382059040624,9,163.0,-0.42999999999999994
47390.0,10,209.0,5.805555555555555,6.961583745709063,10,209.0,0.27093008287842807,10,209.0,-0.45999999999999996
47395.0,12,268.0,7.6571428571428575,7.303599716804503,12,268.0,0.27635321520065503,12,268.0,-0.5900000000000003
47400.0,9,193.0,6.03125,6.89785991594178,9,193.0,0.27938972436111964,9,193.0,0.7500000000000002
47405.0,9,204.0,5.828571428571428,6.6220798447940386,9,152.0,0.2830227536178859,9,152.0,0.4099999999999999
47410.0,9,249.0,7.323529411764706,7.599542117796036,9,249.0,0.3612995665729573,9,249.0,-0.9700000000000002
47415.0,10,158.0,4.27027027027027,6.467063480012276,10,158.0,0.26942742674340886,10,158.0,0.9100000000000001
47420.0,6,108.0,3.085714285714286,8.050286264426521,6,64.0,0.37840020220220827,6,64.0,0.9400000000000001
47425.0,9,138.0,3.8333333333333335,7.385022890005203,9,138.0,0.3484093074815541,9,138.0,-0.7399999999999999
47430.0,8,65.0,1.8055555555555556,7.472671359333398,8,65.0,0.3477141640294616,8,65.0,0.7299999999999999
47435.0,6,75.0,2.0833333333333335,8.148618664209119,6,32.0,0.38989644152670105,6,32.0,0.33
47440.0,9,112.0,2.9473684210526314,7.534806037049217,9,112.0,0.32385808946409333,9,112.0,-0.8
47445.0,9,153.0,4.5,8.09786060861175,9,153.0,0.3726300862277351,9,153.0,-0.4099999999999999
47450.0,11,200.0,5.405405405405405,6.906902864175466,11,198.0,0.23525815930002186,11,198.0,-0.44999999999999996
47455.0,12,260.0,7.222222222222222,7.5661775117221275,12,260.0,0.2809505981466724,12,260.0,-0.6200000000000001
47460.0,9,191.0,5.305555555555555,7.859747599731206,9,191.0,0.2974619263663115,9,191.0,0.6900000000000002
47465.0,9,197.0,5.324324324324325,7.485722898438894,9,154.0,0.29281773289326285,9,154.0,0.3699999999999999
47470.0,9,242.0,6.722222222222222,8.206523517379402,9,242.0,0.3582532521059099,9,242.0,-0.8799999999999999
47475.0,9,154.0,4.162162162162162,6.971935394309955,9,154.0,0.27561567268726195,9,154.0,0.8799999999999999
47480.0,6,106.0,3.212121212121212,8.060454236179604,6,63.0,0.37849057778093814,6,63.0,0.91
47485.0,9,136.0,4.0,7.610653856939814,9,136.0,0.3647560354534963,9,136.0,-0.7300000000000001
47490.0,8,64.0,1.8823529411764706,7.656114857792866,8,64.0,0.35034320562773946,8,64.0,0.7200000000000001
47495.0,6,72.0,2.25,8.43681909457431,6,29.0,0.4075069650451346,6,29.0,0.35000000000000003
47500.0,9,110.0,3.235294117647059,7.298727453677273,9,110.0,0.3263756563725489,9,110.0,-0.81
47505.0,7,77.0,2.264705882352941,8.009505288958612,7,77.0,0.37439432962455865,7,77.0,0.33000000000000007
47510.0,7,100.0,2.7027027027027026,7.426414567393456,7,72.0,0.2914561362515726,7,72.0,0.050000000000000044
47515.0,8,139.0,3.7567567567567566,8.405403300155447,8,139.0,0.3688560566197269,8,139.0,-0.6699999999999999
47520.0,5,83.0,2.2432432432432434,8.50754488657296,5,83.0,0.3698783450335331,5,83.0,0.5599999999999999
47525.0,5,68.0,1.7894736842105263,8.44229758555104,5,40.0,0.35612032615172395,5,40.0,0.42999999999999994
47530.0,5,93.0,2.5833333333333335,9.357779964851833,5,93.0,0.4412475272076928,5,93.0,-0.53
47535.0,8,88.0,2.4444444444444446,7.746231118859423,8,88.0,0.3111311583141729,8,88.0,0.050000000000000044
47540.0,8,128.0,3.657142857142857,8.748610023650743,8,96.0,0.3872022434733345,8,96.0,-0.07999999999999996
47545.0,10,168.0,4.8,7.986281665819232,10,168.0,0.3376411895954115,10,168.0,-0.72
47550.0,8,103.0,3.0294117647058822,7.922992716388698,8,103.0,0.33496339826241106,8,103.0,0.6499999999999999
47555.0,6,111.0,3.46875,8.399876856200606,6,68.0,0.40093186527309416,6,68.0,0.35
47560.0,9,148.0,4.352941176470588,7.234129717560278,9,148.0,0.32459428075689495,9,148.0,-0.7999999999999999
47565.0,7,107.0,3.242424242424242,7.686877256615332,7,107.0,0.35267979389358234,7,107.0,0.4099999999999999
47570.0,7,130.0,3.823529411764706,6.825021855781575,7,94.0,0.28034582364226346,7,94.0,0.13000000000000012
47575.0,8,170.0,5.151515151515151,8.014183357634083,8,170.0,0.3741315476839171,8,170.0,-0.76
47580.0,5,83.0,2.515151515151515,8.07769522701231,5,83.0,0.3719849425836444,5,83.0,0.87
47585.0,5,70.0,2.0,7.834569882621781,5,27.0,0.34052702888442926,5,27.0,0.5599999999999999
47590.0,5,95.0,3.064516129032258,8.980219276500147,5,95.0,0.45043049693070836,5,95.0,-0.6799999999999999
47595.0,7,88.0,2.588235294117647,7.554179498180823,7,88.0,0.3234088890590753,7,88.0,0.06999999999999995
47600.0,8,127.0,3.735294117647059,8.59165546973776,8,95.0,0.38322137572769804,8,95.0,-0.06999999999999995
47605.0,11,167.0,4.513513513513513,7.620422778132616,11,167.0,0.30133642012425493,11,167.0,-0.72
47610.0,8,174.0,4.833333333333333,8.027249264509088,8,174.0,0.3356929407704313,8,174.0,-0.07000000000000006
47615.0,8,214.0,6.484848484848484,8.361556249863623,8,193.0,0.36898659542246676,8,193.0,-0.18999999999999995
47620.0,11,260.0,7.428571428571429,7.156977101886453,11,260.0,0.2870481838510809,11,260.0,-0.6700000000000002
47625.0,8,153.0,4.5,7.922348622083666,8,153.0,0.3328103045951185,8,153.0,1.07
47630.0,6,120.0,3.4285714285714284,7.219353814930614,6,62.0,0.27464237490268106,6,62.0,0.91
47635.0,7,155.0,4.84375,8.48437679004202,7,155.0,0.3876905600184373,7,155.0,-0.93
47640.0,6,68.0,2.193548387096774,7.484261270894421,6,68.0,0.3189159372925639,6,68.0,0.87
47645.0,7,65.0,2.03125,6.8320661199932005,7,22.0,0.28592891944514826,7,22.0,0.4600000000000001
47650.0,6,94.0,3.032258064516129,8.056590083686224,6,94.0,0.3815096732137757,6,94.0,-0.72
47655.0,8,96.0,2.823529411764706,6.738593657209304,8,96.0,0.2830025330527276,8,96.0,-0.020000000000000018
47660.0,9,141.0,4.147058823529412,7.679435121220392,9,121.0,0.3503182467505562,9,121.0,-0.25
47665.0,11,186.0,5.314285714285714,7.031758916185201,11,186.0,0.3025222132718078,11,186.0,-0.6500000000000001
47670.0,8,146.0,4.171428571428572,7.439505044066756,8,146.0,0.34303930614935285,8,146.0,0.40000000000000013
47675.0,6,155.0,4.696969696969697,7.99708342310765,6,127.0,0.40454307434847886,6,127.0,0.18999999999999995
47680.0,8,189.0,5.25,7.46052710767721,8,189.0,0.33726471830222277,8,189.0,-0.6199999999999999
47685.0,9,231.0,6.416666666666667,7.996541391861992,9,231.0,0.3649780939355062,9,231.0,-0.42000000000000015
47690.0,10,277.0,7.914285714285715,7.269086054535065,10,276.0,0.2618151836499571,10,276.0,-0.44999999999999973
47695.0,11,332.0,9.764705882352942,7.533830081529728,11,332.0,0.314596417879215,11,332.0,-0.56
47700.0,8,243.0,7.147058823529412,8.06277701726047,8,243.0,0.32662246170570974,8,243.0,0.8899999999999997
47705.0,5,151.0,4.081081081081081,7.749716178049057,5,107.0,0.31442536943707333,5,107.0,1.36
47710.0,6,181.0,5.323529411764706,8.656717070219017,6,181.0,0.410188486785885,6,181.0,-0.74
47715.0,9,88.0,2.4444444444444446,6.849092316652349,9,88.0,0.2801295298350402,9,88.0,0.93
47720.0,10,138.0,3.8333333333333335,8.050531411081572,10,47.0,0.35906395708032834,10,47.0,0.41000000000000003
47725.0,12,188.0,5.371428571428571,7.635297316318687,12,188.0,0.33470699080018235,12,188.0,-1.41
47730.0,9,197.0,5.96969696969697,7.3295658121307365,9,197.0,0.3107215215079919,9,197.0,-0.09000000000000008
47735.0,8,217.0,6.78125,7.74402012911034,8,204.0,0.35873431789983545,8,204.0,-0.07000000000000006
47740.0,11,264.0,7.542857142857143,6.733852689099411,11,264.0,0.29183884918514613,11,264.0,-0.6000000000000001
47745.0,9,164.0,4.96969696969697,7.147567283751077,9,164.0,0.32403023601511954,9,164.0,1.0000000000000002
47750.0,6,136.0,3.7777777777777777,6.900683251201751,6,78.0,0.2755779798192809,6,78.0,0.8599999999999999
47755.0,8,175.0,5.0,7.9922608677550455,8,175.0,0.36529464048074645,8,175.0,-0.97
47760.0,7,87.0,2.5588235294117645,7.970493864466617,7,87.0,0.36533529149090177,7,87.0,0.88
47765.0,7,85.0,2.2972972972972974,7.827864352560909,7,33.0,0.3336662520329963,7,33.0,0.54
47770.0,7,120.0,3.4285714285714284,8.577957774229182,7,120.0,0.4016034832013317,7,120.0,-0.8699999999999999
47775.0,8,92.0,2.4864864864864864,7.262049637414017,8,92.0,0.30058194514629255,8,92.0,0.2799999999999999
47780.0,7,125.0,3.4722222222222223,8.685089391700664,7,97.0,0.39937981383424387,7,97.0,-0.04999999999999993
47785.0,10,160.0,4.2105263157894735,8.151086039549005,10,160.0,0.34088197796262126,10,160.0,-0.6300000000000001
47790.0,6,110.0,2.972972972972973,8.479727538520303,6,110.0,0.3806442046606103,6,110.0,0.5
47795.0,4,109.0,3.2058823529411766,9.329615101323604,4,81.0,0.45319187485599255,4,81.0,0.29000000000000004
47800.0,7,136.0,3.8857142857142857,8.136954864638598,7,136.0,0.3634419031257824,7,136.0,-0.55
47805.0,5,92.0,2.6285714285714286,8.637724253520664,5,92.0,0.39899024704475555,5,92.0,0.44000000000000006
47810.0,4,104.0,2.736842105263158,8.243571780896703,4,76.0,0.3461817309284415,4,76.0,0.16000000000000003
47815.0,6,132.0,3.7714285714285714,9.186648966777103,6,132.0,0.41650972435812095,6,132.0,-0.56
47820.0,4,130.0,4.193548387096774,8.639385729206733,4,130.0,0.38794713237354606,4,130.0,0.020000000000000018
47825.0,6,157.0,4.485714285714286,8.217001450146496,6,140.0,0.35026942724269877,6,140.0,-0.09999999999999987
47830.0,6,187.0,5.666666666666667,9.28478586626679,6,187.0,0.43832265535310483,6,187.0,-0.4700000000000002
47835.0,6,205.0,5.857142857142857,7.957224460974258,6,205.0,0.3106109976791095,6,205.0,-0.17999999999999972
47840.0,7,240.0,7.5,9.14280991300121,7,232.0,0.4177943613922559,7,232.0,-0.27
47845.0,10,275.0,7.857142857142857,7.928611076136271,10,275.0,0.35203133077350635,10,275.0,-0.43000000000000016
47850.0,6,203.0,6.151515151515151,8.358698799965682,6,203.0,0.3978422679024376,6,203.0,0.7200000000000002
47855.0,4,202.0,6.733333333333333,9.348081609599975,4,159.0,0.4977688200847196,4,159.0,0.4399999999999997
47860.0,7,225.0,6.818181818181818,7.973664665384845,7,225.0,0.37134654046907045,7,225.0,-0.6599999999999999
47865.0,7,260.0,8.125,8.592910705831425,7,260.0,0.40751718311045865,7,260.0,-0.3500000000000001
47870.0,7,295.0,9.516129032258064,7.8958564449129165,7,295.0,0.33763316826395756,7,295.0,-0.3500000000000001
47875.0,9,338.0,11.655172413793103,7.637677257643393,9,338.0,0.34730783571526724,9,338.0,-0.4299999999999997
47880.0,7,354.0,12.642857142857142,8.11645360866068,7,354.0,0.3714237162978551,7,354.0,-0.16000000000000014
47885.0,9,395.0,12.741935483870968,6.941710492233465,9,379.0,0.3069662965776659,9,379.0,-0.25
47890.0,9,440.0,14.193548387096774,7.98923247309238,9,440.0,0.38503868192554463,9,440.0,-0.6100000000000003
47895.0,8,343.0,10.71875,6.512342379348803,8,343.0,0.28009687163455343,8,343.0,0.9700000000000002
47900.0,5,327.0,10.21875,8.262660057412305,5,272.0,0.412392704968977,5,272.0,0.71
47905.0,8,352.0,10.057142857142857,8.340669508216397,8,352.0,0.4180611900140292,8,352.0,-0.7999999999999998
47910.0,6,51.0,1.457142857142857,7.791388183578878,6,51.0,0.3665818463376941,6,51.0,3.01
47915.0,6,81.0,2.4545454545454546,8.747345481364933,6,-86.0,0.43965367977436354,6,-86.0,1.37
47920.0,9,116.0,3.625,7.469759605335496,9,116.0,0.3460595544143447,9,116.0,-2.02
47925.0,6,121.0,3.78125,8.489594240874585,6,121.0,0.41199505739097275,6,121.0,-0.050000000000000044
47930.0,7,152.0,4.470588235294118,7.365497735443616,7,139.0,0.32089382262762045,7,139.0,-0.17999999999999994
47935.0,8,192.0,5.818181818181818,8.050481793352596,8,192.0,0.3923680355894136,8,192.0,-0.53
47940.0,8,232.0,7.03030303030303,8.298895528419568,8,232.0,0.3814028590207675,8,232.0,-0.3999999999999999
47945.0,7,198.0,5.823529411764706,7.292740133662889,7,198.0,0.30250202965537365,7,198.0,0.33999999999999986
47950.0,7,229.0,6.9393939393939394,8.413190104158952,7,196.0,0.39894717038434996,7,196.0,0.020000000000000018
47955.0,8,265.0,7.361111111111111,7.585579325898475,8,265.0,0.31684818381034074,8,265.0,-0.69
47960.0,9,310.0,9.393939393939394,8.058444267848117,9,310.0,0.3633586512693951,9,310.0,-0.4500000000000002
47965.0,12,356.0,10.787878787878787,7.533543842789949,12,356.0,0.30663210843433175,12,356.0,-0.45999999999999996
47970.0,12,412.0,12.484848484848484,7.505794101158213,12,412.0,0.3112380132687191,12,412.0,-0.56
47975.0,12,472.0,14.75,7.522876335214398,12,472.0,0.32042085929926406,12,472.0,-0.5999999999999996
47980.0,15,538.0,15.823529411764707,5.861280619207303,15,538.0,0.2289395170598492,15,538.0,-0.6600000000000001
47985.0,12,344.0,10.424242424242424,6.517033810359598,12,344.0,0.2731369391689344,12,344.0,1.94
47990.0,8,162.0,4.628571428571429,6.143131464367762,8,65.0,0.2517393995526681,8,65.0,2.79
47995.0,8,189.0,5.7272727272727275,7.4629821067526505,8,189.0,0.35487625307668835,8,189.0,-1.2399999999999998
48000.0,8,229.0,7.15625,7.505442901490474,8,229.0,0.36562082165615256,8,229.0,-0.40000000000000013
48005.0,11,134.0,3.9411764705882355,6.045348473056026,11,134.0,0.26455047497829065,11,134.0,0.95
48010.0,8,122.0,3.8125,6.591293926936142,8,122.0,0.30321301633543524,8,122.0,0.1200000000000001
48015.0,9,159.0,4.542857142857143,6.328680054017927,9,105.0,0.27019763057018115,9,105.0,0.16999999999999993
48020.0,9,159.0,4.542857142857143,7.476095040104263,9,158.0,0.352722453776517,9,158.0,-0.53
48025.0,12,197.0,5.324324324324325,6.534851290535078,12,184.0,0.2909387200692317,12,184.0,-0.26
48030.0,11,251.0,6.783783783783784,7.526363650397322,11,251.0,0.35570489577289327,11,251.0,-0.6699999999999997
48035.0,11,306.0,8.27027027027027,7.7205214621388105,11,306.0,0.34085827834948157,11,306.0,-0.5500000000000003
48040.0,13,368.0,9.435897435897436,6.6687361067292334,13,368.0,0.2536194136180847,13,368.0,-0.6200000000000001
48045.0,14,437.0,11.81081081081081,6.914229275454491,14,437.0,0.27852205476756337,14,437.0,-0.69
48050.0,12,297.0,7.815789473684211,5.531912984840813,12,297.0,0.18975784150504346,12,297.0,1.4
48055.0,9,219.0,5.7631578947368425,6.776168677132806,9,143.0,0.2977448588762783,9,143.0,1.5400000000000003
48060.0,9,264.0,7.135135135135135,7.146682019024577,9,264.0,0.3396401385701558,9,264.0,-1.2100000000000002
48065.0,11,180.0,4.615384615384615,6.05552676811062,11,180.0,0.25977466020740425,11,180.0,0.8400000000000001
48070.0,7,82.0,2.1025641025641026,7.215777756226025,7,39.0,0.3283952237252376,7,39.0,1.4100000000000001
48075.0,9,120.0,2.926829268292683,6.878031887260176,9,120.0,0.3071845240193913,9,120.0,-0.8099999999999999
48080.0,9,165.0,4.342105263157895,7.754956050613035,9,165.0,0.38102482851155545,9,165.0,-0.44999999999999996
48085.0,11,113.0,2.7560975609756095,7.221447634826367,11,113.0,0.3282635848052005,11,113.0,0.52
48090.0,8,140.0,3.58974358974359,7.9547655007581755,8,101.0,0.36216471281850127,8,101.0,0.11999999999999988
48095.0,8,180.0,5.0,8.7439780522389,8,180.0,0.45097482111526127,8,180.0,-0.79
48100.0,8,192.0,4.923076923076923,7.289428172741955,8,192.0,0.32719305523836817,8,192.0,-0.11999999999999988
48105.0,9,236.0,6.051282051282051,7.931775865801356,9,223.0,0.3579390093001728,9,223.0,-0.31000000000000005
48110.0,9,281.0,6.690476190476191,7.256754943756961,9,281.0,0.2887633008892187,9,281.0,-0.5800000000000001
48115.0,9,182.0,4.666666666666667,7.4455873362830545,9,182.0,0.3181805766355321,9,182.0,0.99
48120.0,4,59.0,1.6388888888888888,7.779750964557999,4,11.0,0.3589532749862909,4,11.0,1.71
48125.0,5,81.0,2.189189189189189,7.39632232123476,5,81.0,0.3441371966840738,5,81.0,-0.7000000000000001
48130.0,7,79.0,2.257142857142857,7.614314219839557,7,79.0,0.36733751608359755,7,79.0,0.020000000000000018
48135.0,12,129.0,3.3947368421052633,6.297475780222613,12,102.0,0.24041451467628294,12,102.0,-0.22999999999999998
48140.0,13,194.0,5.243243243243243,7.177910954379482,13,167.0,0.298958468460044,13,167.0,-0.6499999999999999
48145.0,13,159.0,4.297297297297297,6.43729060264714,13,159.0,0.271628957555937,13,159.0,0.07999999999999985
48150.0,11,202.0,5.771428571428571,7.230752679794655,11,163.0,0.3283687297148312,11,163.0,-0.039999999999999813
48155.0,11,257.0,7.5588235294117645,7.524213679502587,11,257.0,0.36670567620454975,11,257.0,-0.94
48160.0,11,227.0,6.135135135135135,6.184170333466349,11,227.0,0.26074391549463,11,227.0,0.2999999999999998
48165.0,7,160.0,4.444444444444445,7.39329996428309,7,133.0,0.335904734877434,7,133.0,0.94
48170.0,8,196.0,5.297297297297297,6.962076457276689,8,196.0,0.3090120381191123,8,196.0,-0.6299999999999999
48175.0,9,241.0,6.513513513513513,7.711555804890043,9,241.0,0.36714738024613214,9,241.0,-0.4500000000000002
48180.0,7,122.0,3.388888888888889,7.517552218306331,7,122.0,0.32662915747316107,7,122.0,1.1900000000000002
48185.0,6,79.0,2.135135135135135,7.253703045676557,6,15.0,0.3135290772509508,6,15.0,1.07
48190.0,6,109.0,3.0277777777777777,8.187996903957414,6,109.0,0.41759351675462814,6,109.0,-0.9400000000000001
48195.0,9,113.0,2.8974358974358974,7.052281945862058,9,113.0,0.28736147284986163,9,113.0,-0.039999999999999813
48200.0,10,163.0,4.17948717948718,7.986327043286961,10,133.0,0.345277698644809,10,133.0,-0.20000000000000018
48205.0,13,213.0,5.071428571428571,7.06648780258182,13,213.0,0.2561109752754747,13,213.0,-0.7999999999999998
48210.0,10,157.0,3.925,7.591796515959518,10,157.0,0.3089846917916084,10,157.0,0.5599999999999998
48215.0,8,175.0,5.0,7.989948488247944,8,129.0,0.3803320534442445,8,129.0,0.28
48220.0,11,221.0,5.972972972972973,6.865413909876672,11,221.0,0.30720641770166274,11,221.0,-0.9199999999999999
48225.0,9,158.0,4.27027027027027,7.265101535994943,9,158.0,0.33871491336959975,9,158.0,0.6299999999999999
48230.0,9,168.0,4.421052631578948,6.5698223355428444,9,125.0,0.2812909657489474,9,125.0,0.33000000000000007
48235.0,9,212.0,5.72972972972973,7.612426544365321,9,212.0,0.36778431855240384,9,212.0,-0.8700000000000001
48240.0,7,120.0,3.5294117647058822,7.664901617258298,7,120.0,0.3671031685311435,7,120.0,0.9200000000000002
48245.0,6,76.0,2.0,7.255977172532679,6,33.0,0.3118444979600988,6,33.0,0.8699999999999999
48250.0,6,106.0,2.864864864864865,8.519057083782277,6,106.0,0.41824026570722483,6,106.0,-0.73
48255.0,9,108.0,2.769230769230769,7.245339301077075,9,108.0,0.2904670087917212,9,108.0,-0.020000000000000018
48260.0,10,158.0,4.388888888888889,8.345904916059844,10,127.0,0.35595449591866346,10,127.0,-0.18999999999999995
48265.0,13,208.0,5.473684210526316,7.053738097709459,13,208.0,0.27011959837254385,13,208.0,-0.81
48270.0,13,272.0,7.771428571428571,7.250138859860864,13,272.0,0.2984086724760958,13,272.0,-0.6400000000000001
48275.0,10,207.0,6.088235294117647,7.14399056503403,10,207.0,0.3095147385652029,10,207.0,0.6500000000000004
48280.0,11,223.0,6.027027027027027,6.3121985805272285,11,175.0,0.25620112341019124,11,175.0,0.31999999999999984
48285.0,11,278.0,7.513513513513513,7.451924149752561,11,278.0,0.34195298216760034,11,278.0,-1.0299999999999998
48290.0,9,200.0,5.2631578947368425,6.581233067557115,9,200.0,0.26248162681572146,9,200.0,0.7799999999999998
48295.0,9,206.0,6.0588235294117645,7.243866872383075,9,158.0,0.3146651662338423,9,158.0,0.41999999999999993
48300.0,9,251.0,7.606060606060606,7.18708960496585,9,251.0,0.3146959756468955,9,251.0,-0.9299999999999997
48305.0,10,155.0,4.428571428571429,6.512995363174056,10,155.0,0.27001523809201944,10,155.0,0.9599999999999997
48310.0,6,99.0,2.911764705882353,7.76368645118114,6,51.0,0.3559490804493409,6,51.0,1.04
48315.0,7,130.0,3.611111111111111,7.770119626127821,7,130.0,0.3602005399500789,7,130.0,-0.79
48320.0,10,132.0,3.6666666666666665,8.03421628886709,10,132.0,0.3576928087827526,10,132.0,-0.020000000000000018
48325.0,13,182.0,4.666666666666667,7.4988218381739395,13,145.0,0.29369972613534523,13,145.0,-0.1299999999999999
48330.0,13,242.0,6.368421052631579,7.4406542890841125,13,242.0,0.2964663051913106,13,242.0,-0.97
48335.0,10,180.0,5.0,7.538105435291835,10,180.0,0.32184055729599503,10,180.0,0.6199999999999999
48340.0,10,201.0,5.583333333333333,6.564922420868312,10,158.0,0.2759112972846997,10,158.0,0.21999999999999997
48345.0,11,255.0,7.083333333333333,7.417695319543128,11,255.0,0.3462870393232958,11,255.0,-0.9699999999999998
48350.0,12,312.0,8.210526315789474,6.725435912441772,12,312.0,0.29087502760347955,12,312.0,-0.5700000000000003
48355.0,10,230.0,6.571428571428571,6.691217823854841,10,230.0,0.2741462655272012,10,230.0,0.8200000000000003
48360.0,7,211.0,6.205882352941177,7.409752011281555,7,163.0,0.3325851960678308,7,163.0,0.6699999999999999
48365.0,9,252.0,6.8108108108108105,7.352858684839143,9,252.0,0.3237249041288467,9,252.0,-0.8900000000000001
48370.0,8,146.0,4.171428571428572,7.534947802366858,8,146.0,0.348200744268583,8,146.0,1.06
48375.0,5,63.0,1.75,7.027883828672115,5,15.0,0.31941272299208745,5,15.0,1.31
48380.0,6,93.0,2.5833333333333335,8.597967444993936,6,93.0,0.4446699198736137,6,93.0,-0.78
48385.0,11,85.0,2.1794871794871793,7.494737914130815,11,85.0,0.33494599364600847,11,85.0,0.08000000000000007
48390.0,11,134.0,3.4358974358974357,7.674853527984594,11,95.0,0.3305466071698421,11,95.0,-0.09999999999999998
48395.0,11,189.0,5.25,7.777152004446724,11,189.0,0.35598453163320704,11,189.0,-0.94
48400.0,13,249.0,6.384615384615385,6.899869213095897,13,249.0,0.2873515746707846,13,249.0,-0.6000000000000003
48405.0,11,211.0,5.410256410256411,7.275540230412528,11,211.0,0.3024602260258024,11,211.0,0.38000000000000034
48410.0,12,232.0,5.948717948717949,6.245607146446349,12,199.0,0.23517902362711593,12,199.0,0.11999999999999988
48415.0,11,287.0,7.972222222222222,7.171941574853343,11,287.0,0.32567236476061373,11,287.0,-0.8800000000000001
48420.0,9,234.0,7.090909090909091,6.7591757998865605,9,234.0,0.3106145554024841,9,234.0,0.5300000000000002
48425.0,8,209.0,5.648648648648648,6.885178238806463,8,176.0,0.30860506365845475,8,176.0,0.5799999999999998
48430.0,8,249.0,6.72972972972973,8.041923279869994,8,249.0,0.3945754605424303,8,249.0,-0.7300000000000002
48435.0,10,119.0,3.1315789473684212,6.703521763799361,10,119.0,0.2760274312931844,10,119.0,1.3000000000000003
48440.0,6,68.0,1.9428571428571428,8.15285967619721,6,0.0,0.3956262007424314,6,0.0,1.19
48445.0,8,98.0,2.7222222222222223,7.924386077567194,8,98.0,0.38695297753804403,8,98.0,-0.98
48450.0,8,64.0,1.7777777777777777,7.461955941485854,8,64.0,0.35534225044851264,8,64.0,0.33999999999999997
48455.0,7,96.0,2.742857142857143,8.543462623905112,7,68.0,0.43920250253817683,7,68.0,-0.040000000000000036
48460.0,9,134.0,3.526315789473684,7.5700225473049505,9,134.0,0.32690198901404827,9,134.0,-0.66
48465.0,9,179.0,4.972222222222222,7.636861971397309,9,179.0,0.3690325561277703,9,179.0,-0.44999999999999996
48470.0,11,227.0,5.973684210526316,6.674508191418137,11,227.0,0.25595056799016475,11,227.0,-0.48
48475.0,12,285.0,7.702702702702703,7.366867227541701,12,285.0,0.2838642276739594,12,285.0,-0.5800000000000001
48480.0,12,345.0,9.324324324324325,7.4868810550223275,12,345.0,0.29062038895886955,12,345.0,-0.6000000000000001
48485.0,11,256.0,6.4,6.810084485154111,11,256.0,0.24711568920658133,11,256.0,0.8900000000000001
48490.0,8,210.0,5.833333333333333,7.496294729610495,8,162.0,0.3337448400168764,8,162.0,0.94
48495.0,10,253.0,6.837837837837838,6.982619840859198,10,253.0,0.31590926030288025,10,253.0,-0.9099999999999997
48500.0,10,153.0,4.371428571428571,7.2411743082344975,10,153.0,0.33604148556853675,10,153.0,0.9999999999999998
48505.0,8,88.0,2.4444444444444446,6.748381533220288,8,40.0,0.2944440659537972,8,40.0,1.13
48510.0,8,128.0,3.657142857142857,7.662716238170479,8,128.0,0.37635924279400834,8,128.0,-0.88
48515.0,8,77.0,2.3333333333333335,7.562302559180029,8,77.0,0.3725190435774312,8,77.0,0.51
48520.0,9,107.0,2.9722222222222223,6.86744515359524,9,69.0,0.2827412017441391,9,69.0,0.08000000000000007
48525.0,10,157.0,4.485714285714286,7.8932296209208515,10,157.0,0.3575303210683231,10,157.0,-0.8800000000000001
48530.0,11,199.0,5.378378378378378,6.508014239763764,11,199.0,0.2602549847075462,11,199.0,-0.41999999999999993
48535.0,12,258.0,6.972972972972973,7.252918512591691,12,253.0,0.28190692384970767,12,253.0,-0.5399999999999998
48540.0,12,318.0,8.594594594594595,7.322080998352628,12,318.0,0.2752850783528487,12,318.0,-0.6500000000000004
48545.0,12,291.0,7.275,6.534322393517646,12,291.0,0.2340689380301738,12,291.0,0.27
48550.0,9,291.0,7.657894736842105,7.498528136481151,9,263.0,0.33287564626391547,9,263.0,0.28000000000000025
48555.0,11,339.0,8.692307692307692,7.014728406541606,11,339.0,0.3101744241308456,11,339.0,-0.7600000000000002
48560.0,11,214.0,5.944444444444445,7.0970419420177295,10,213.0,0.332044117159771,10,213.0,1.2600000000000002
48565.0,11,87.0,2.3513513513513513,5.765349236058173,11,29.0,0.24117916970561076,11,29.0,1.8399999999999999
48570.0,7,116.0,3.135135135135135,7.186812775912619,7,116.0,0.33553949591820675,7,116.0,-0.8699999999999999
48575.0,8,64.0,1.7777777777777777,7.017251126542079,8,64.0,0.34561019764170114,8,64.0,0.5199999999999999
48580.0,11,103.0,2.861111111111111,5.847508336562266,11,64.0,0.2538501691793952,11,64.0,0.0
48585.0,12,161.0,4.472222222222222,6.596512130082173,12,161.0,0.29228457446870754,12,161.0,-0.9700000000000001
48590.0,11,137.0,3.6052631578947367,5.790464367938101,11,137.0,0.23689855941251714,11,137.0,0.24
48595.0,11,178.0,4.8108108108108105,6.904454891244006,11,150.0,0.3059004929997242,11,150.0,-0.1299999999999999
48600.0,11,233.0,6.297297297297297,6.9965315188724375,11,233.0,0.3031874796436335,11,233.0,-0.8300000000000001
48605.0,12,201.0,4.902439024390244,6.5609282249180945,11,200.0,0.264605113011097,11,200.0,0.33000000000000007
48610.0,8,99.0,2.4146341463414633,7.443818035310144,8,70.0,0.3049005588309757,8,70.0,1.3
48615.0,7,114.0,2.7142857142857144,7.28916522048061,7,114.0,0.29897696925306677,7,114.0,-0.43999999999999995
48620.0,9,135.0,3.5526315789473686,7.50019289845346,9,135.0,0.3268712191582442,9,135.0,-0.2100000000000002
48625.0,14,192.0,5.052631578947368,7.30045261868436,14,180.0,0.30113991688296754,14,180.0,-0.44999999999999996
48630.0,14,260.0,6.842105263157895,7.46409963026482,14,260.0,0.3000687709187551,14,260.0,-0.8
48635.0,13,277.0,7.2894736842105265,7.2101616847457635,13,277.0,0.26456472435098843,13,277.0,-0.16999999999999993
48640.0,17,351.0,9.236842105263158,6.0827618581651555,17,303.0,0.21684732596061462,17,303.0,-0.2599999999999998
48645.0,16,431.0,11.64864864864865,6.36320507232354,16,431.0,0.23997964741678232,16,431.0,-1.2799999999999998
48650.0,15,345.0,9.324324324324325,5.278146784180072,15,345.0,0.1919754217666405,15,345.0,0.8599999999999994
48655.0,12,329.0,8.891891891891891,6.387597137827362,12,271.0,0.27286157712925074,12,271.0,0.7400000000000002
48660.0,13,390.0,11.142857142857142,6.557056788348417,13,390.0,0.31243641425782825,13,390.0,-1.19
48665.0,14,319.0,8.394736842105264,5.614471691920746,14,319.0,0.25267316025540015,14,319.0,0.71
48670.0,9,147.0,3.972972972972973,6.665209800179952,9,103.0,0.31838123520911216,9,103.0,2.16
48675.0,7,110.0,2.8205128205128207,6.916659610284242,7,110.0,0.344949138688091,7,110.0,-0.07000000000000006
48680.0,8,103.0,2.710526315789474,7.127174254474229,8,103.0,0.3500316118263394,8,103.0,0.07000000000000006
48685.0,14,146.0,3.65,6.16520652926265,14,133.0,0.26171301733938457,14,133.0,-0.30000000000000004
48690.0,13,209.0,5.225,6.910172244348526,13,209.0,0.3111058903826584,13,209.0,-0.7599999999999998
48695.0,11,145.0,3.625,7.017295617585459,11,145.0,0.3182717847660383,11,145.0,0.6399999999999999
48700.0,12,170.0,4.146341463414634,6.5565287206792116,12,118.0,0.28510327576295086,12,118.0,0.27
48705.0,12,230.0,5.609756097560975,7.480767312068971,12,230.0,0.33611416137834665,12,230.0,-1.1199999999999999
48710.0,11,200.0,4.651162790697675,6.618705180793835,11,200.0,0.2556528524721978,11,200.0,0.2999999999999998
48715.0,9,102.0,2.4878048780487805,7.034212185222413,9,74.0,0.2736760163895884,9,74.0,1.26
48720.0,7,105.0,2.763157894736842,7.212212438294194,7,105.0,0.3050715731968484,7,105.0,-0.31000000000000005
48725.0,9,114.0,2.7142857142857144,6.590392000256147,9,114.0,0.25937441890895757,9,114.0,-0.08999999999999986
48730.0,13,173.0,4.325,7.102146871589414,13,160.0,0.3171138701060077,13,160.0,-0.4600000000000002
48735.0,15,242.0,5.902439024390244,6.565714115038981,15,242.0,0.28536946398878765,15,242.0,-0.8199999999999998
48740.0,12,197.0,5.051282051282051,6.99387122297064,12,197.0,0.3165571415811351,12,197.0,0.44999999999999996
48745.0,12,225.0,5.625,7.091091635538211,12,181.0,0.32200686140017837,12,181.0,0.15999999999999992
48750.0,11,280.0,7.17948717948718,6.936739263659337,11,280.0,0.3366902261733334,11,280.0,-0.9899999999999998
48755.0,12,340.0,8.717948717948717,7.090843808745465,12,340.0,0.3350790858410591,12,340.0,-0.6000000000000001
48760.0,13,404.0,10.35897435897436,6.289696023124274,13,404.0,0.25081083688335903,13,404.0,-0.6400000000000001
48765.0,12,348.0,9.157894736842104,6.448147511886861,12,348.0,0.2707713610255322,12,348.0,0.56
48770.0,8,191.0,4.775,6.318695413684238,8,152.0,0.26356542831163865,8,152.0,1.96
48775.0,6,137.0,3.5128205128205128,7.519862518240423,6,137.0,0.36665471925351,6,137.0,0.1499999999999999
48780.0,6,115.0,2.948717948717949,7.61918200536363,6,115.0,0.3661179833019212,6,115.0,0.2200000000000002
48785.0,11,160.0,3.8095238095238093,6.679018869169828,11,135.0,0.28247227199916675,11,135.0,-0.20000000000000018
48790.0,12,220.0,5.238095238095238,7.6093239354214415,12,220.0,0.339375529883458,12,220.0,-0.8500000000000001
48795.0,11,233.0,5.295454545454546,7.139105742207608,11,233.0,0.27682766389283975,11,233.0,-0.1299999999999999
48800.0,7,201.0,5.2894736842105265,7.811040127285443,7,188.0,0.3475439474371356,7,188.0,0.4500000000000002
48805.0,9,223.0,5.717948717948718,7.416059403805073,9,223.0,0.3445420764629624,9,223.0,-0.3500000000000001
48810.0,8,261.0,6.868421052631579,8.127637318690777,8,261.0,0.39507927132144544,8,261.0,-0.3799999999999999
48815.0,8,135.0,3.6486486486486487,8.442326726425653,8,135.0,0.4178961608472058,8,135.0,1.2599999999999998
48820.0,11,180.0,4.5,7.2101028472814646,11,69.0,0.2755369716233386,11,69.0,0.6600000000000001
48825.0,11,235.0,6.351351351351352,7.845101725201695,11,235.0,0.3426436945291947,11,235.0,-1.6600000000000001
48830.0,9,152.0,3.8974358974358974,6.737776235930988,9,152.0,0.2297296447903251,9,152.0,0.8300000000000001
48835.0,8,155.0,4.078947368421052,7.875634295111675,8,102.0,0.3378931250497481,8,102.0,0.5
48840.0,8,195.0,5.27027027027027,7.730958160514195,8,195.0,0.3388908883813628,8,195.0,-0.9299999999999999
48845.0,9,157.0,3.8292682926829267,7.201304824008255,9,157.0,0.2925812623967392,9,157.0,0.3799999999999999
48850.0,7,173.0,4.552631578947368,8.132029735356616,7,145.0,0.36624896722252925,7,145.0,0.1200000000000001
48855.0,8,210.0,5.526315789473684,7.5871554509981705,8,210.0,0.3376790940175443,8,210.0,-0.6500000000000001
48860.0,7,100.0,2.7027027027027026,8.2184078318221,7,100.0,0.3888341254740576,7,100.0,1.1
48865.0,7,65.0,1.7567567567567568,7.457758508503008,7,7.0,0.32956472163992373,7,7.0,0.9299999999999999
48870.0,6,94.0,2.611111111111111,8.543624763883878,6,94.0,0.4336124421103927,6,94.0,-0.8699999999999999
48875.0,5,42.0,1.2,8.756560851917499,5,42.0,0.4467630805972947,5,42.0,0.52
48880.0,6,56.0,1.5135135135135136,7.6990196897852945,6,28.0,0.32533727456249456,6,28.0,0.13999999999999996
48885.0,7,91.0,2.5277777777777777,8.737853999816553,7,91.0,0.41623349050433095,7,91.0,-0.63
48890.0,8,116.0,3.0526315789473686,7.271403846370517,7,115.0,0.27537778941152297,7,115.0,-0.23999999999999988
48895.0,9,160.0,4.444444444444445,7.985683638981787,9,153.0,0.31256907923378197,9,153.0,-0.3800000000000001
48900.0,9,205.0,5.857142857142857,7.915938693067364,9,205.0,0.289707329882001,9,205.0,-0.5199999999999998
48905.0,9,171.0,4.885714285714286,7.061836017966734,9,171.0,0.27110622702045717,9,171.0,0.33999999999999986
48910.0,7,188.0,5.529411764705882,7.9172223002228534,7,160.0,0.35656729472433357,7,160.0,0.10999999999999988
48915.0,9,227.0,6.305555555555555,7.440611035204711,9,227.0,0.34060706594765877,9,227.0,-0.6699999999999999
48920.0,8,117.0,3.25,8.024038027361534,7,116.0,0.39554276728197113,7,116.0,1.11
48925.0,8,82.0,2.2777777777777777,7.058288214844598,8,24.0,0.2941440334303223,8,24.0,0.9199999999999999
48930.0,6,108.0,3.176470588235294,7.851771755186235,6,108.0,0.3744060802548724,6,108.0,-0.8400000000000001
48935.0,7,47.0,1.5161290322580645,7.802606589434524,7,47.0,0.4046810847505874,7,47.0,0.6100000000000001
48940.0,8,71.0,2.1515151515151514,6.419551696715061,8,31.0,0.2798273499681399,8,31.0,0.15999999999999998
48945.0,9,116.0,3.625,7.446813212562834,9,116.0,0.3441344508914214,9,116.0,-0.8499999999999999
48950.0,8,111.0,3.264705882352941,6.3784422476056,8,111.0,0.2771663337165227,8,111.0,0.04999999999999982
48955.0,7,114.0,3.3529411764705883,7.655818811139361,7,100.0,0.352972183457325,7,100.0,0.1100000000000001
48960.0,7,149.0,4.382352941176471,8.594419287589265,7,149.0,0.4208816178835407,7,149.0,-0.49
48965.0,7,79.0,2.0789473684210527,7.693349232936041,7,79.0,0.32960452736909346,7,79.0,0.7
48970.0,6,90.0,2.5,8.828486048663047,6,47.0,0.4132195076910629,6,47.0,0.32000000000000006
48975.0,9,122.0,3.388888888888889,7.932448473697477,9,122.0,0.34121570200862517,9,122.0,-0.75
48980.0,6,90.0,2.6470588235294117,8.515307546382667,6,90.0,0.416460936432987,6,90.0,0.31999999999999995
48985.0,8,109.0,3.0277777777777777,8.52348210201565,8,81.0,0.3968757338072931,8,81.0,0.08999999999999997
48990.0,7,142.0,4.057142857142857,9.015104383290813,7,142.0,0.43637857500588345,7,142.0,-0.6099999999999999
48995.0,4,91.0,2.757575757575758,9.039252736382323,4,91.0,0.4596784241212415,4,91.0,0.5099999999999999
49000.0,5,101.0,2.8857142857142857,7.858290101832894,5,73.0,0.34936180982332615,5,73.0,0.18000000000000005
49005.0,6,131.0,3.8529411764705883,8.929607051759161,6,131.0,0.44733324595266943,6,131.0,-0.5800000000000001
49010.0,4,79.0,2.257142857142857,8.275139134693001,4,79.0,0.4103866592851323,4,79.0,0.52
49015.0,7,107.0,3.34375,8.224373170880614,7,42.0,0.38714198236550557,7,42.0,0.37000000000000005
49020.0,7,142.0,4.580645161290323,8.309874571278968,7,142.0,0.3969588449002834,7,142.0,-1.0
49025.0,8,168.0,4.9411764705882355,7.204230819966591,8,168.0,0.29894416974479016,8,168.0,-0.26
49030.0,8,208.0,6.117647058823529,8.30233088693836,8,198.0,0.39355739161667647,8,198.0,-0.30000000000000004
49035.0,8,248.0,7.085714285714285,7.3439075276041175,8,248.0,0.33261822015553955,8,248.0,-0.5
49040.0,7,139.0,3.9714285714285715,7.983870771126484,7,139.0,0.36617937460986233,7,139.0,1.09
49045.0,6,110.0,2.972972972972973,8.038328939550935,6,52.0,0.3552983313093667,6,52.0,0.8699999999999999
49050.0,6,137.0,4.029411764705882,8.79417021329336,6,137.0,0.4239406403167255,6,137.0,-0.8500000000000001
49055.0,5,41.0,1.3666666666666667,8.412974667036487,5,41.0,0.42152609817401016,5,41.0,0.9600000000000002
49060.0,5,34.0,1.0625,7.779530752966435,5,-18.0,0.3513425815693921,5,-18.0,0.59
49065.0,6,63.0,2.032258064516129,8.794625653888076,6,63.0,0.44051103265611746,6,63.0,-0.81
49070.0,9,89.0,2.696969696969697,7.273920511420117,9,89.0,0.32833263419441827,9,89.0,-0.26
49075.0,9,132.0,4.125,7.811273703149999,9,128.0,0.3247404338273107,9,128.0,-0.39
49080.0,9,177.0,5.709677419354839,7.781307929297674,9,177.0,0.31790753532062344,9,177.0,-0.49
49085.0,9,195.0,5.909090909090909,6.623455517969242,9,195.0,0.25204909984829627,9,195.0,-0.17999999999999994
49090.0,9,240.0,7.2727272727272725,7.492764844334784,9,227.0,0.32743074451679094,9,227.0,-0.32000000000000006
49095.0,10,288.0,8.228571428571428,7.062909886439987,10,288.0,0.3101650175726544,10,288.0,-0.6099999999999999
49100.0,8,203.0,5.970588235294118,7.543654837970331,8,203.0,0.3352385323151735,8,203.0,0.8500000000000001
49105.0,7,173.0,4.805555555555555,7.221164789613386,7,130.0,0.31687161450699386,7,130.0,0.7299999999999998
49110.0,7,208.0,5.942857142857143,8.267914042258477,7,208.0,0.40698947254273055,7,208.0,-0.78
49115.0,6,76.0,2.303030303030303,8.03322880621933,6,76.0,0.3915268053489912,6,76.0,1.32
49120.0,6,35.0,1.0294117647058822,6.743135660338759,6,-28.0,0.28448277011521644,6,-28.0,1.04
49125.0,6,63.0,1.9090909090909092,7.8193708670053335,6,63.0,0.36667990483051993,6,63.0,-0.91
49130.0,7,56.0,1.6,6.754271132409632,7,56.0,0.28349046280606116,7,56.0,0.06999999999999995
49135.0,9,99.0,2.911764705882353,7.455239786614648,9,86.0,0.3276969933110655,9,86.0,-0.29999999999999993
49140.0,9,144.0,4.235294117647059,7.780990051055172,9,144.0,0.34364154841821765,9,144.0,-0.58
49145.0,8,143.0,3.763157894736842,7.2006745806720485,8,143.0,0.27962131363419074,8,143.0,0.010000000000000009
49150.0,6,138.0,3.942857142857143,8.324896408666186,6,124.0,0.36402125555680076,6,124.0,0.18999999999999995
49155.0,7,170.0,4.594594594594595,8.246709209741063,7,170.0,0.37749975468735686,7,170.0,-0.45999999999999996
49160.0,7,88.0,2.4444444444444446,8.469466184343991,7,88.0,0.3796560958849814,7,88.0,0.82
49165.0,8,88.0,2.5142857142857142,7.21203198191959,8,38.0,0.30096398016270187,8,38.0,0.5
49170.0,7,122.0,3.4857142857142858,7.939285347656547,7,121.0,0.34644272865126974,7,121.0,-0.83
49175.0,9,112.0,3.393939393939394,8.28555936871116,9,112.0,0.40039888627347126,9,112.0,0.08999999999999986
49180.0,12,163.0,4.6571428571428575,6.4241140242154255,12,114.0,0.24536756113951236,12,114.0,-0.019999999999999796
49185.0,12,223.0,6.757575757575758,7.138953186664416,12,223.0,0.3121471951243366,12,223.0,-1.09
49190.0,11,231.0,6.6,5.841379382644852,11,231.0,0.23481580515934988,11,231.0,-0.08000000000000007
49195.0,10,267.0,7.628571428571429,7.107755146778315,10,253.0,0.30879540188333887,10,253.0,-0.21999999999999975
49200.0,10,317.0,9.323529411764707,7.596213896618771,10,317.0,0.34326462088596615,10,317.0,-0.6400000000000001
49205.0,9,239.0,6.45945945945946,6.766050127515573,9,239.0,0.2734323539960829,9,239.0,0.7799999999999998
49210.0,7,227.0,6.305555555555555,7.736740704431288,7,184.0,0.3438983873449437,7,184.0,0.55
49215.0,8,264.0,6.947368421052632,7.9521320578090435,8,264.0,0.34705912748149054,8,264.0,-0.8
49220.0,8,119.0,3.5,8.104963790516685,8,119.0,0.35717339059966535,8,119.0,1.4500000000000002
49225.0,7,42.0,1.135135135135135,7.671004098993257,7,-28.0,0.3252178880689653,7,-28.0,1.47
49230.0,6,71.0,2.0285714285714285,8.831581717329975,6,71.0,0.43368041688771053,6,71.0,-0.99
49235.0,6,101.0,2.8857142857142857,9.368373150337487,6,101.0,0.48019033152898744,6,101.0,-0.30000000000000004
49240.0,7,65.0,1.8055555555555556,7.255283558252434,7,65.0,0.29397560508724724,7,65.0,0.36
49245.0,6,93.0,2.735294117647059,8.217393000350993,6,64.0,0.40166347568767413,6,64.0,0.010000000000000009
49250.0,7,124.0,3.3513513513513513,8.007657503705735,7,124.0,0.3769662384718493,7,124.0,-0.6
49255.0,5,59.0,1.6857142857142857,8.322525411956134,5,59.0,0.38895490107246256,5,59.0,0.65
49260.0,3,52.0,1.4857142857142858,8.944729736062197,3,19.0,0.434309556799393,3,19.0,0.39999999999999997
49265.0,5,73.0,2.0277777777777777,8.299661708648628,5,73.0,0.39828560390063317,5,73.0,-0.54
49270.0,5,69.0,1.9714285714285715,8.877922882662313,5,69.0,0.47161263942690745,5,69.0,0.040000000000000036
49275.0,5,94.0,2.5405405405405403,8.19658545923013,5,67.0,0.35806345072134393,5,67.0,0.019999999999999907
49280.0,8,132.0,3.6666666666666665,8.606018097802524,8,132.0,0.39203838286031095,8,132.0,-0.65
49285.0,7,69.0,1.864864864864865,7.89295725393617,7,69.0,0.33185277568021393,7,69.0,0.6300000000000001
49290.0,6,87.0,2.4857142857142858,8.360974993612833,6,46.0,0.3921689258115444,6,46.0,0.22999999999999993
49295.0,6,117.0,3.65625,9.112153919513947,6,117.0,0.48175456269503675,6,117.0,-0.71
49300.0,6,81.0,2.3823529411764706,7.418838262831379,6,81.0,0.32956706824115845,6,81.0,0.3599999999999999
49305.0,6,109.0,3.303030303030303,8.144155433471875,6,81.0,0.3632477512993272,6,81.0,0.0
49310.0,8,141.0,4.2727272727272725,7.105272447786354,8,141.0,0.28736229371425237,8,141.0,-0.5999999999999999
49315.0,9,174.0,5.8,7.361172933411064,9,174.0,0.32378290571284746,9,174.0,-0.33000000000000007
49320.0,9,219.0,7.551724137931035,7.87875063882859,9,210.0,0.35512356674751666,9,210.0,-0.3600000000000001
49325.0,12,271.0,8.741935483870968,6.532641538897338,12,271.0,0.2631999682226028,12,271.0,-0.6099999999999999
49330.0,9,165.0,5.32258064516129,7.208823546309885,9,165.0,0.309895470788891,9,165.0,1.06
49335.0,7,136.0,4.0,6.818536876155189,7,73.0,0.30116976275853985,7,73.0,0.9199999999999999
49340.0,8,176.0,5.333333333333333,8.066274034544874,8,176.0,0.40889508729999735,8,176.0,-1.03
49345.0,9,133.0,3.911764705882353,7.117970651371145,9,133.0,0.33725515128693084,9,133.0,0.42999999999999994
49350.0,8,158.0,4.9375,7.542843519036953,8,129.0,0.37058527356738113,8,129.0,0.040000000000000036
49355.0,8,198.0,6.1875,8.125504883365474,8,198.0,0.41440137146693984,8,198.0,-0.69
49360.0,8,196.0,5.764705882352941,6.622051522059054,8,196.0,0.28892876021662484,8,196.0,0.020000000000000018
49365.0,9,233.0,6.852941176470588,7.361456399680762,9,220.0,0.33267051976324785,9,220.0,-0.2400000000000002
49370.0,8,272.0,7.771428571428571,6.806844601266491,8,271.0,0.2796351939809437,8,271.0,-0.5099999999999998
49375.0,9,132.0,3.8823529411764706,7.266786872334601,9,132.0,0.3049521883875459,9,132.0,1.39
49380.0,5,67.0,1.9705882352941178,8.031563332193846,5,-5.0,0.3545159666616732,5,-5.0,1.37
49385.0,7,96.0,2.5945945945945947,7.830762610922473,7,96.0,0.34618611353952744,7,96.0,-1.01
49390.0,7,131.0,3.638888888888889,8.44720743309479,7,131.0,0.4028427551909046,7,131.0,-0.3500000000000001
49395.0,9,169.0,4.694444444444445,7.297370327301347,9,169.0,0.29968030308406485,9,169.0,-0.3799999999999999
49400.0,8,173.0,4.805555555555555,8.187926445415531,8,173.0,0.36424630099724375,8,173.0,-0.040000000000000036
49405.0,12,214.0,5.631578947368421,7.326504437321519,12,178.0,0.2847153020667963,12,178.0,-0.050000000000000044
49410.0,11,267.0,7.216216216216216,7.8945404604591545,11,267.0,0.33053674773870706,11,267.0,-0.8899999999999999
49415.0,8,204.0,5.828571428571428,8.235379800244147,8,204.0,0.3630938453893528,8,204.0,0.6299999999999999
49420.0,8,206.0,5.722222222222222,7.141058042101365,8,167.0,0.3007392090972438,8,167.0,0.3700000000000001
49425.0,9,251.0,7.382352941176471,8.062572803735307,9,251.0,0.3972135709412666,9,251.0,-0.8399999999999999
49430.0,9,124.0,3.4444444444444446,6.393450235161345,9,124.0,0.2733252228547364,9,124.0,1.2699999999999998
49435.0,6,78.0,2.3636363636363638,7.3920327006515505,6,14.0,0.3554589973251158,6,14.0,1.1
49440.0,6,108.0,3.272727272727273,8.838136523064641,6,108.0,0.46682216803069476,6,108.0,-0.9400000000000001
49445.0,9,119.0,3.4,6.998946569896828,9,119.0,0.29195129763720573,9,119.0,-0.10999999999999988
49450.0,10,169.0,4.828571428571428,8.019290675195093,10,147.0,0.34782594524769017,10,147.0,-0.28
49455.0,13,223.0,5.868421052631579,6.787921724343168,13,223.0,0.24832698502627637,13,223.0,-0.76
49460.0,10,164.0,4.823529411764706,7.599415951897281,10,164.0,0.3261417339624453,10,164.0,0.5900000000000001
49465.0,10,180.0,5.0,7.152265771816951,10,132.0,0.30082355199423655,10,132.0,0.31999999999999984
49470.0,10,229.0,6.361111111111111,7.777631232458088,10,229.0,0.3621359702455768,10,229.0,-0.97
49475.0,8,159.0,4.542857142857143,7.896513279789819,8,159.0,0.3758668149822718,8,159.0,0.7
49480.0,9,166.0,4.742857142857143,6.785434090482469,9,123.0,0.2811029029377835,9,123.0,0.3600000000000001
49485.0,9,211.0,6.0285714285714285,8.090536054119175,9,211.0,0.3797433949210737,9,211.0,-0.8799999999999999
49490.0,8,120.0,3.3333333333333335,6.686681655533548,8,120.0,0.2659335186948795,8,120.0,0.9099999999999999
49495.0,6,74.0,2.242424242424242,7.844491391991838,6,31.0,0.35259976498050744,6,31.0,0.8899999999999999
49500.0,6,104.0,3.25,8.310879975371424,6,104.0,0.4029611823553759,6,104.0,-0.73
49505.0,8,140.0,3.888888888888889,7.697110145485285,8,140.0,0.3448333604861362,8,140.0,-0.3599999999999999
49510.0,7,131.0,3.638888888888889,8.570655069313432,7,131.0,0.40564995205600285,7,131.0,0.08999999999999986
49515.0,5,153.0,4.135135135135135,7.73936824907359,5,151.0,0.3177091087625349,5,151.0,-0.19999999999999996
49520.0,7,186.0,5.166666666666667,8.187132605811257,7,184.0,0.39465707011548,7,184.0,-0.33000000000000007
49525.0,7,90.0,2.4324324324324325,7.827522507545933,7,90.0,0.3729367607675051,7,90.0,0.9400000000000001
49530.0,5,81.0,2.25,8.024352313703114,5,33.0,0.39548025618223565,5,33.0,0.5700000000000001
49535.0,5,106.0,2.9444444444444446,8.997917829321015,5,106.0,0.487670020305843,5,106.0,-0.73
49540.0,8,136.0,3.675675675675676,7.5452438230780885,8,136.0,0.34678167387505543,8,136.0,-0.30000000000000004
49545.0,5,120.0,3.4285714285714284,8.349997385767331,5,120.0,0.3964695849833354,5,120.0,0.16000000000000014
49550.0,5,145.0,4.027777777777778,8.095344673533699,5,121.0,0.3764181433643505,5,121.0,-0.010000000000000009
49555.0,6,174.0,4.833333333333333,8.409937297228856,6,174.0,0.3916671617530598,6,174.0,-0.53
49560.0,4,117.0,3.4411764705882355,9.234454296121088,4,117.0,0.45886575333548624,4,117.0,0.5700000000000001
49565.0,5,131.0,3.742857142857143,8.439483186484761,5,98.0,0.3583282186725595,5,98.0,0.18999999999999995
49570.0,5,156.0,4.588235294117647,9.384684599588942,5,156.0,0.46299127889022107,5,156.0,-0.5800000000000001
49575.0,7,53.0,1.4722222222222223,7.928587667237341,6,52.0,0.3437122202841362,6,52.0,1.04
49580.0,6,82.0,2.5625,8.884101323417287,6,-10.0,0.4154910120802181,6,-10.0,0.62
49585.0,9,112.0,3.2,7.860471347863367,9,112.0,0.33289716057784746,9,112.0,-1.2200000000000002
49590.0,6,73.0,2.28125,8.087426728819409,6,73.0,0.3879052177718546,6,73.0,0.3900000000000001
49595.0,5,93.0,3.0,9.085203388688031,5,59.0,0.4669684444036706,5,59.0,0.14
49600.0,8,124.0,3.757575757575758,7.710050537035664,8,124.0,0.33859821306804905,8,124.0,-0.65
49605.0,6,72.0,2.25,8.38465810230865,5,71.0,0.40094980733371355,5,71.0,0.53
49610.0,4,84.0,2.625,7.458701071283418,4,47.0,0.2961345256942831,4,47.0,0.24
49615.0,6,114.0,3.6774193548387095,8.458656420662692,6,114.0,0.3840157711210271,6,114.0,-0.6699999999999999
49620.0,5,49.0,1.5806451612903225,7.821845812995118,5,49.0,0.3547189862336073,5,49.0,0.6499999999999999
49625.0,6,67.0,2.0303030303030303,7.310906335153039,6,26.0,0.3158209616655999,6,26.0,0.22999999999999998
49630.0,6,97.0,3.03125,8.653220239751423,6,97.0,0.42304352339101786,6,97.0,-0.71
49635.0,6,81.0,2.4545454545454546,7.134872428237344,6,81.0,0.31595207559237054,6,81.0,0.15999999999999992
49640.0,6,110.0,3.4375,8.666105297593408,6,96.0,0.4332547803568888,6,96.0,-0.1499999999999999
49645.0,9,140.0,4.0,8.313425512067013,9,140.0,0.402990562885436,9,140.0,-0.43999999999999995
49650.0,5,93.0,2.8181818181818183,8.505502905443434,5,93.0,0.4070020367244043,5,93.0,0.46999999999999986
49655.0,4,110.0,3.5483870967741935,9.518796814488706,4,75.0,0.4954936178690474,4,75.0,0.18000000000000005
49660.0,7,135.0,4.090909090909091,8.143341880781898,7,135.0,0.36338463424838274,7,135.0,-0.6000000000000001
49665.0,4,87.0,2.6363636363636362,8.892904330611765,4,87.0,0.4579252311962714,4,87.0,0.4800000000000001
49670.0,3,95.0,2.878787878787879,8.358652835331515,3,67.0,0.3942300973558395,3,67.0,0.19999999999999996
49675.0,5,117.0,3.65625,8.981804668714695,5,117.0,0.47263486434270613,5,117.0,-0.4999999999999999
49680.0,3,39.0,1.2580645161290323,9.319369310385143,3,39.0,0.5252800865204607,3,39.0,0.7799999999999999
49685.0,6,60.0,1.7647058823529411,7.796428216319065,6,-17.0,0.35205274333632597,6,-17.0,0.56
49690.0,6,90.0,2.727272727272727,8.89566575026455,6,90.0,0.44993915174936766,6,90.0,-1.07
49695.0,4,87.0,2.4857142857142858,7.750778304967118,4,87.0,0.3493652838624895,4,87.0,0.030000000000000027
49700.0,6,117.0,3.342857142857143,8.838894765157217,6,100.0,0.45182971785661924,6,100.0,-0.13
49705.0,9,147.0,4.323529411764706,8.3653313866494,9,147.0,0.41501038192950884,9,147.0,-0.47
49710.0,8,184.0,5.935483870967742,8.202103995036625,8,184.0,0.38330468585326993,8,184.0,-0.3700000000000001
49715.0,5,89.0,2.870967741935484,8.859245665961641,5,89.0,0.4416381628510926,5,89.0,0.9500000000000001
49720.0,4,75.0,2.34375,7.658374692897233,4,23.0,0.32842970304773544,4,23.0,0.66
49725.0,6,105.0,3.5,8.759364888730058,6,105.0,0.4320963426093776,6,105.0,-0.8200000000000001
49730.0,6,127.0,4.233333333333333,7.1081549058831115,6,127.0,0.30784757442773547,6,127.0,-0.21999999999999997
49735.0,9,172.0,5.733333333333333,7.926455249318282,9,166.0,0.34085615740554576,9,166.0,-0.3899999999999999
49740.0,9,217.0,7.482758620689655,7.432807019015314,9,217.0,0.3048452298545791,9,217.0,-0.51
49745.0,9,124.0,3.875,6.79882073582638,9,124.0,0.27247763366980715,9,124.0,0.9299999999999999
49750.0,6,109.0,3.40625,8.003436143127349,6,52.0,0.3811348223142069,6,52.0,0.72
49755.0,7,141.0,4.0285714285714285,7.74548914306567,7,141.0,0.36943380965346684,7,141.0,-0.8899999999999999
49760.0,8,180.0,5.625,8.320963018878956,8,180.0,0.4084050062617833,8,180.0,-0.3900000000000001
49765.0,8,117.0,3.5454545454545454,7.535666512887808,8,117.0,0.3486153089615571,8,117.0,0.6300000000000001
49770.0,6,137.0,4.28125,8.173961001301304,6,97.0,0.3933580459429268,6,97.0,0.19999999999999996
49775.0,6,167.0,5.387096774193548,8.841426689768726,6,167.0,0.45715585055301294,6,167.0,-0.7
49780.0,5,61.0,1.7941176470588236,7.6640036810960925,5,61.0,0.3572465048189478,5,61.0,1.06
49785.0,5,34.0,1.0625,8.245292161510328,5,-14.0,0.37268173937756477,5,-14.0,0.75
49790.0,5,54.0,1.588235294117647,7.124316601893455,5,54.0,0.2902520888903588,5,54.0,-0.68
49795.0,8,73.0,2.1470588235294117,7.678797299002972,8,73.0,0.3352420635939103,8,73.0,-0.18999999999999995
49800.0,8,113.0,3.323529411764706,7.88438234232846,8,102.0,0.3430379747249545,8,102.0,-0.29000000000000004
49805.0,10,160.0,4.444444444444445,7.153378926873111,10,160.0,0.2907494549620763,10,160.0,-0.5800000000000001
49810.0,7,117.0,3.25,7.998268064046453,7,117.0,0.3483254306499431,7,117.0,0.43000000000000016
49815.0,7,141.0,4.0285714285714285,7.749989344422129,7,102.0,0.3256737868439798,7,102.0,0.1499999999999999
49820.0,8,181.0,5.323529411764706,8.6364955599337,8,181.0,0.414642250294479,8,181.0,-0.79
49825.0,12,222.0,6.529411764705882,7.159706327581518,12,222.0,0.3267333213120581,12,222.0,-0.41000000000000014
49830.0,10,224.0,6.588235294117647,7.838173935984489,10,224.0,0.345460279577466,10,224.0,-0.020000000000000018
49835.0,9,267.0,7.852941176470588,8.471858396179115,9,265.0,0.3903537984607331,9,265.0,-0.4099999999999997
49840.0,11,316.0,9.575757575757576,6.7691705257372785,11,316.0,0.26877613902335595,11,316.0,-0.5100000000000002
49845.0,11,369.0,11.53125,7.122601563561633,11,369.0,0.3242346188515083,11,369.0,-0.5299999999999998
49850.0,12,426.0,12.909090909090908,6.866774956370679,12,425.0,0.298464485209231,12,425.0,-0.56
49855.0,13,488.0,15.25,6.282703995003677,13,488.0,0.2697464536621626,13,488.0,-0.6299999999999999
49860.0,11,350.0,11.290322580645162,6.178248027630499,11,350.0,0.26530191880161186,11,350.0,1.38
49865.0,8,154.0,4.4,6.26169813509773,8,90.0,0.27664366644381383,8,90.0,2.6
49870.0,6,161.0,4.6,7.485350694710248,6,161.0,0.37469537619267945,6,161.0,-0.7100000000000001
49875.0,7,54.0,1.4210526315789473,6.4837704998511745,7,54.0,0.2850310867153759,7,54.0,1.07
49880.0,8,53.0,1.4722222222222223,7.587047930635914,8,-2.0,0.3572633240783914,8,-2.0,0.56
49885.0,11,93.0,2.5833333333333335,7.748615930067435,11,93.0,0.3536844938696031,11,93.0,-0.9500000000000001
49890.0,9,93.0,2.5833333333333335,7.62599581996255,9,93.0,0.33183197492418914,9,93.0,0.0
49895.0,6,72.0,2.1176470588235294,7.982223987937837,6,59.0,0.3354908419802304,6,59.0,0.3400000000000001
49900.0,8,102.0,2.7567567567567566,7.277091410918527,8,102.0,0.2761320569744648,8,102.0,-0.43000000000000005
49905.0,9,66.0,1.8333333333333333,7.488297434545566,9,66.0,0.2909025271521383,9,66.0,0.36
49910.0,12,107.0,2.8157894736842106,6.235857019564508,12,71.0,0.20098349989772987,12,71.0,-0.04999999999999993
49915.0,11,162.0,4.378378378378378,7.4436482334103315,11,162.0,0.28751171601741005,11,162.0,-0.9100000000000001
49920.0,9,165.0,4.714285714285714,6.994263603347963,9,165.0,0.2719302443769206,9,165.0,-0.029999999999999805
49925.0,8,161.0,4.351351351351352,6.980237328307024,8,147.0,0.29314471513596607,8,147.0,0.17999999999999994
49930.0,8,201.0,5.4324324324324325,8.017436009198972,8,201.0,0.3580250622682611,8,201.0,-0.5399999999999998
49935.0,9,118.0,3.2777777777777777,6.893159020941564,9,118.0,0.2843681425151923,9,118.0,0.8299999999999998
49940.0,7,108.0,3.085714285714286,7.99293976561844,7,65.0,0.3712568967688243,7,65.0,0.5299999999999999
49945.0,10,143.0,3.763157894736842,7.6436210865627565,10,143.0,0.33080971004176624,10,143.0,-0.7799999999999999
49950.0,9,187.0,5.054054054054054,8.15600637593972,9,187.0,0.368353936472553,9,187.0,-0.44000000000000017
49955.0,9,232.0,6.444444444444445,8.373699049460756,9,232.0,0.3767117921408335,9,232.0,-0.44999999999999973
49960.0,7,201.0,5.2894736842105265,7.209327113986641,7,201.0,0.28576293345231635,7,201.0,0.31000000000000005
49965.0,7,218.0,5.7368421052631575,8.285393484194335,7,195.0,0.35811752634965305,7,195.0,0.05999999999999983
49970.0,7,253.0,6.657894736842105,8.374510979861395,7,253.0,0.3875148653330702,7,253.0,-0.5799999999999998
49975.0,7,143.0,3.864864864864865,8.053997545478806,7,143.0,0.33398916408133683,7,143.0,1.0999999999999999
49980.0,5,119.0,3.5,8.10718117038247,5,67.0,0.33731228867969637,5,67.0,0.7599999999999999
49985.0,5,142.0,3.736842105263158,7.740914007306546,5,141.0,0.2912240426544372,5,141.0,-0.7399999999999999
49990.0,8,61.0,1.6944444444444444,8.177920814300858,8,61.0,0.3384374491766152,8,61.0,0.7999999999999999
49995.0,12,106.0,2.864864864864865,6.82598082596772,12,20.0,0.2509222541263155,12,20.0,0.41
50000.0,11,161.0,4.735294117647059,7.933663358895725,11,161.0,0.3362693919038672,11,161.0,-1.4100000000000001
50005.0,11,162.0,4.764705882352941,6.658476834376503,11,162.0,0.28074079997064083,11,162.0,-0.010000000000000009
